0.0312259197235 8 599.945495605 -106.344039917 1514.4708252 606.475585938 267.345581055 1568.22033691 643.228210449 44.930519104 1677.32287598 647.970031738 68.9123458862 1379.35217285 589.879760742 -85.4712600708 1700.65014648 642.991027832 -53.5051193237 1272.74438477 471.31539917 -280.126251221 1709.81970215 588.648681641 -362.1355896 1179.04931641
0.0371160507202 8 599.106079102 -108.496459961 1514.77331543 607.053649902 267.484802246 1566.88671875 643.148742676 41.7406311035 1679.73144531 648.011535645 67.0620117188 1378.72314453 550.065307617 -187.947891235 1718.91491699 642.207519531 -52.9219512939 1272.89880371 423.591064453 -402.879669189 1746.57885742 590.629394531 -356.316040039 1180.61035156
0.0318639278412 8 598.025146484 -109.808387756 1515.00854492 606.914550781 267.085449219 1565.80322266 642.022094727 41.1523590088 1680.76708984 648.267578125 64.9067077637 1376.62084961 541.86114502 -185.319351196 1721.26330566 640.839782715 -58.7655410767 1271.51403809 421.540649414 -403.837890625 1748.35986328 590.251342773 -360.682373047 1179.2611084
0.0320150852203 8 601.672058105 -112.71257019 1516.29064941 607.443603516 265.262634277 1562.19909668 638.924072266 43.1504058838 1680.53771973 651.740600586 60.5548858643 1374.41174316 580.426330566 -84.6416931152 1703.51953125 640.069213867 -71.4864654541 1267.49206543 475.336608887 -281.737945557 1730.76757812 592.541137695 -369.297851562 1180.92419434
0.035973072052 8 603.942687988 -119.78717804 1516.14111328 606.753417969 264.749847412 1562.50097656 639.579406738 37.7251434326 1678.30712891 653.468444824 54.1390686035 1375.87426758 572.491882324 -79.4267730713 1702.03100586 644.663513184 -82.7829742432 1263.5291748 465.970611572 -279.593383789 1732.8717041 596.330749512 -373.991027832 1180.57910156
0.0319180488586 8 600.939880371 -117.327270508 1515.15576172 606.170227051 264.891845703 1562.36669922 640.407043457 37.0281066895 1679.06652832 649.697692871 56.8011169434 1375.32727051 571.889831543 -74.2905044556 1706.19995117 642.769714355 -79.2297210693 1264.19458008 464.631561279 -285.570983887 1734.29724121 594.392822266 -374.61340332 1181.65539551
0.0321168899536 8 599.013061523 -113.216445923 1516.71179199 605.530029297 265.600463867 1562.61791992 641.59979248 41.2471084595 1679.68103027 645.084655762 65.3900680542 1381.77185059 573.789855957 -73.4970397949 1712.36608887 643.165588379 -78.4142684937 1266.7130127 468.136260986 -283.105926514 1742.91333008 593.906066895 -373.364929199 1180.73266602
0.0360090732574 8 598.166015625 -113.383895874 1515.59387207 605.48614502 266.207458496 1562.79321289 641.957458496 39.3864822388 1679.9888916 644.597229004 63.986869812 1378.97033691 573.596801758 -73.9415817261 1711.9206543 642.779418945 -75.3427047729 1266.5748291 471.522735596 -280.614501953 1753.63293457 592.963195801 -371.386260986 1181.79650879
0.0321328639984 8 597.855102539 -114.066864014 1514.71191406 606.077636719 266.34173584 1563.08862305 641.142333984 38.6066741943 1681.05993652 645.622070312 64.4823760986 1377.9888916 571.552001953 -73.908706665 1710.05871582 640.820251465 -77.9212799072 1264.98852539 470.456817627 -281.195709229 1748.30529785 590.917297363 -377.236328125 1179.56286621
0.0320100784302 8 593.606872559 -106.675010681 1506.15710449 606.802062988 266.013702393 1562.74060059 636.867004395 31.6287994385 1681.1126709 646.238220215 76.3311462402 1382.27185059 562.335510254 -75.9807815552 1703.12805176 644.609130859 -70.292098999 1266.06933594 468.116149902 -282.767211914 1753.91381836 594.348266602 -367.922851562 1182.63916016
0.0358300209045 8 594.541625977 -108.533599854 1507.52246094 607.555847168 265.754882812 1561.60534668 638.098754883 32.7761688232 1681.42712402 647.399536133 73.6513214111 1380.54504395 560.023254395 -82.2514724731 1697.0871582 641.830749512 -75.1305084229 1265.00024414 467.865570068 -287.027069092 1760.41833496 595.536193848 -365.563415527 1180.97412109
0.031956911087 8 593.589538574 -108.112365723 1507.44689941 607.752441406 265.887908936 1560.48583984 640.291137695 33.7789306641 1681.15014648 646.423339844 74.5544128418 1379.6640625 559.41192627 -87.9391937256 1691.25048828 639.014526367 -78.2554321289 1264.21728516 467.022705078 -290.049621582 1766.06652832 593.25970459 -366.459350586 1182.52478027
0.0322980880737 8 592.528991699 -106.451278687 1503.8347168 607.79888916 265.461914062 1559.24060059 639.671203613 31.6109924316 1678.84179688 648.714904785 76.0065917969 1379.48291016 546.789978027 -123.936660767 1669.35998535 641.808898926 -74.3774871826 1264.08227539 460.312164307 -285.493530273 1767.73852539 595.285888672 -365.513000488 1182.59338379
0.0359878540039 8 592.19708252 -107.112533569 1501.97558594 607.842956543 265.547851562 1559.14172363 637.565734863 31.6998748779 1677.49987793 650.30682373 75.7320404053 1378.17272949 543.031555176 -134.282073975 1662.36767578 644.265441895 -75.2831115723 1263.64562988 456.845062256 -288.263885498 1765.01708984 595.887084961 -365.105072021 1182.31872559
0.0315871238708 8 591.970458984 -106.964859009 1501.58496094 607.477600098 265.884765625 1559.10778809 638.268310547 33.1451416016 1676.39526367 648.766479492 75.1953125 1375.39111328 582.805297852 -181.559875488 1686.85534668 643.448608398 -77.9359436035 1262.109375 458.016235352 -284.120941162 1759.45483398 590.008422852 -367.191040039 1178.76574707
0.0320398807526 8 592.336547852 -107.161880493 1501.02319336 606.84777832 266.551147461 1559.18701172 638.287231445 33.0241165161 1675.55834961 649.217163086 74.0767440796 1373.96704102 581.75189209 -177.673492432 1685.78686523 643.549865723 -78.4756088257 1260.67749023 465.488250732 -290.346893311 1760.63391113 591.2109375 -372.678070068 1179.48376465
0.0361142158508 8 594.097595215 -110.791809082 1501.390625 606.675537109 266.980224609 1559.19421387 643.632995605 40.2115402222 1666.36791992 641.327575684 69.8258743286 1368.65063477 588.882263184 -158.427886963 1674.10290527 635.688903809 -87.1216201782 1259.10205078 472.33782959 -298.275360107 1767.37902832 582.912536621 -370.023071289 1179.90136719
0.032036781311 8 593.479248047 -112.238250732 1498.73779297 606.105224609 267.589508057 1558.93115234 639.70324707 44.0631484985 1657.36572266 640.041625977 66.4546432495 1365.95825195 587.984191895 -124.315208435 1702.53747559 633.877563477 -95.7078933716 1258.5324707 470.539337158 -301.207214355 1770.05603027 584.734680176 -370.719909668 1184.01586914
0.035795211792 8 591.017333984 -111.416229248 1496.28503418 605.330566406 267.959289551 1558.91210938 632.366455078 49.2485122681 1647.52355957 638.451904297 63.9852218628 1364.45056152 592.539245605 -135.52230835 1698.86975098 628.670349121 -105.014350891 1255.76513672 470.5753479 -300.646789551 1770.85559082 575.83392334 -396.40927124 1179.06237793
0.0322589874268 8 588.284362793 -110.360221863 1492.9831543 604.513549805 268.869171143 1558.53051758 626.823364258 51.330116272 1642.2010498 638.998168945 62.7463760376 1361.23620605 591.696228027 -137.16192627 1699.46398926 625.00378418 -115.394187927 1252.83093262 465.713684082 -301.048522949 1770.96203613 577.616760254 -394.174194336 1183.60693359
0.0318899154663 8 585.62677002 -113.548080444 1487.84191895 603.580200195 268.827667236 1558.88354492 623.787414551 50.3686828613 1637.7434082 635.493713379 58.9110412598 1351.58276367 621.614746094 -192.986541748 1685.59997559 626.516662598 -117.697860718 1250.95153809 457.590820312 -291.286560059 1775.51647949 575.651550293 -399.912414551 1182.02990723
0.0356569290161 8 584.702453613 -113.445167542 1462.48327637 602.690673828 268.361541748 1559.45471191 629.521972656 27.7483978271 1632.84790039 630.067993164 76.875213623 1349.83911133 618.689147949 -187.781265259 1686.05419922 621.941223145 -91.6691436768 1254.87145996 463.317474365 -318.129669189 1772.7520752 572.300964355 -373.900817871 1182.74926758
0.0324690341949 8 581.831481934 -109.546783447 1469.36987305 601.730895996 268.297943115 1559.99414062 627.784545898 33.7533416748 1632.40612793 630.091430664 72.4658584595 1352.02478027 614.974243164 -157.145599365 1692.43188477 618.676757812 -105.762611389 1254.6217041 464.148406982 -305.850952148 1771.55493164 574.692382812 -375.843780518 1183.43261719
0.0316741466522 8 582.040649414 -112.004051208 1471.12744141 601.360412598 267.526245117 1560.81237793 623.010742188 35.9845352173 1632.07824707 634.107055664 66.7144241333 1349.33581543 611.367126465 -139.629547119 1699.48828125 625.001220703 -107.309257507 1255.06347656 460.614440918 -295.372375488 1768.15466309 579.071044922 -380.475463867 1182.00878906
0.0361068248749 8 590.503234863 -118.22366333 1477.91162109 601.073974609 266.954101562 1561.29711914 619.145141602 33.2382659912 1640.3326416 644.286621094 60.1143875122 1353.63537598 601.3671875 -130.879882812 1703.01904297 635.806762695 -117.307197571 1256.7878418 453.575317383 -287.930175781 1756.11474609 587.332214355 -391.441650391 1184.81896973
0.0322380065918 8 595.57635498 -115.199874878 1480.48034668 600.684509277 267.26763916 1561.25317383 624.431030273 16.0496826172 1659.1192627 651.500488281 70.7751464844 1369.7701416 577.747741699 -47.3541145325 1720.7890625 641.207885742 -97.854598999 1259.99353027 458.462554932 -314.828186035 1730.74462891 590.433898926 -376.321228027 1187.62512207
0.0319681167603 8 593.499267578 -115.901725769 1489.59240723 600.611633301 267.224151611 1561.8236084 628.421203613 11.5132904053 1678.05114746 652.84588623 75.9696121216 1377.19030762 575.723815918 -97.9586791992 1708.59924316 641.810913086 -97.6200180054 1261.3092041 452.494140625 -312.045227051 1741.19396973 590.604736328 -375.583435059 1189.09350586
0.0356969833374 8 586.555236816 -117.271720886 1503.6706543 599.609741211 267.148864746 1562.79980469 621.102905273 26.0413513184 1680.4119873 657.295898438 63.5520172119 1380.10583496 562.499633789 -162.828811646 1697.2442627 648.534851074 -115.765899658 1260.04675293 445.021575928 -295.519165039 1745.15576172 595.354675293 -393.056884766 1186.65637207
0.0317568778992 8 584.42980957 -118.939369202 1500.46032715 598.85168457 266.736572266 1562.86132812 617.388916016 25.7596588135 1682.30883789 655.918212891 64.201210022 1372.23413086 548.701599121 -199.753585815 1693.23718262 648.506347656 -119.652168274 1258.75537109 445.941619873 -309.300994873 1743.14050293 593.986755371 -395.421630859 1187.21557617
0.0320820808411 8 584.696228027 -119.701248169 1500.5925293 598.879333496 266.459014893 1562.91271973 614.70135498 27.6021118164 1682.08557129 656.321960449 61.9135513306 1368.59191895 546.008239746 -200.694137573 1692.98596191 649.822937012 -123.737236023 1258.53588867 391.208251953 -495.307556152 1683.18896484 593.335327148 -397.849731445 1185.81396484
0.0357608795166 8 584.409973145 -122.410018921 1503.00415039 599.70111084 266.45211792 1562.99841309 614.856018066 31.4267120361 1680.91186523 655.605529785 57.5076446533 1365.8737793 540.846191406 -209.738052368 1686.63562012 649.945495605 -131.762207031 1258.49060059 399.932220459 -540.43182373 1579.95727539 589.192993164 -404.544158936 1186.92614746
0.0324320793152 8 584.282348633 -124.194702148 1504.58947754 602.316040039 265.05456543 1561.84191895 614.734313965 32.0489959717 1681.25500488 655.257507324 55.0153579712 1365.3182373 538.750183105 -214.069244385 1685.30102539 650.222290039 -133.533233643 1257.73693848 371.293945312 -560.226623535 1570.73693848 590.966186523 -397.398010254 1185.50537109
0.0319690704346 8 585.38470459 -127.976173401 1505.84936523 603.40423584 264.814483643 1560.73608398 612.469116211 30.1192474365 1681.89794922 656.891113281 55.8684692383 1372.39941406 537.399291992 -218.39680481 1684.60876465 653.091186523 -132.610549927 1257.1973877 347.738800049 -536.229675293 1577.75695801 592.557983398 -396.06652832 1184.4732666
0.0362279415131 8 588.38861084 -131.236328125 1505.64819336 604.776733398 263.967163086 1559.8482666 608.483642578 31.3535766602 1682.36633301 660.470703125 55.2467346191 1371.12365723 533.165405273 -220.115234375 1685.95153809 657.363464355 -134.443527222 1258.17773438 308.260620117 -514.68347168 1576.03564453 592.28729248 -400.213256836 1178.8894043
0.0317170619965 8 588.318786621 -137.462463379 1503.01794434 607.15234375 261.838989258 1559.01550293 599.204833984 19.686126709 1677.81774902 659.333007812 47.1387329102 1375.54797363 521.545776367 -232.025436401 1668.9765625 654.882507324 -141.456054688 1260.36413574 276.432739258 -488.430603027 1567.06762695 591.428771973 -405.132293701 1182.71252441
0.0319950580597 8 587.239074707 -139.535018921 1503.70678711 615.35546875 258.351806641 1553.0769043 598.634460449 14.3484802246 1678.15905762 657.877502441 42.5250854492 1376.78967285 516.090087891 -237.420669556 1660.45043945 651.95513916 -144.853302002 1260.9119873 246.628387451 -461.900848389 1563.72570801 584.899475098 -409.199493408 1179.79943848
0.0357279777527 8 588.88684082 -136.757003784 1500.76953125 618.406799316 256.503326416 1551.18029785 602.824157715 14.4436035156 1680.84191895 664.230773926 46.8609390259 1373.92419434 505.622741699 -248.738983154 1659.24536133 653.559753418 -137.62878418 1260.04052734 211.529083252 -443.951049805 1555.2454834 587.345031738 -400.843994141 1177.93481445
0.0324718952179 8 586.403869629 -137.473510742 1500.58154297 615.018432617 257.525482178 1553.06530762 600.974182129 14.0782928467 1677.84082031 661.058776855 42.5012283325 1371.59765625 490.544769287 -246.976669312 1662.15808105 650.379577637 -142.516540527 1259.17749023 191.590820312 -416.574645996 1552.94274902 583.317321777 -403.340393066 1176.08337402
0.0319709777832 8 584.612487793 -137.399276733 1500.72692871 615.252319336 256.625091553 1551.86828613 598.547729492 13.3681793213 1675.23425293 660.062255859 39.8181915283 1373.13708496 479.96496582 -247.011032104 1664.0793457 649.561584473 -142.708862305 1258.73156738 168.646148682 -393.543762207 1547.16601562 583.660949707 -401.158477783 1174.22607422
0.0356330871582 8 583.246459961 -123.703277588 1504.56738281 619.472595215 253.658859253 1547.4720459 601.731994629 17.6522979736 1678.72497559 662.973815918 41.8636550903 1374.62438965 468.886962891 -244.384475708 1664.15661621 651.357727051 -138.165740967 1256.31103516 147.413574219 -374.141357422 1542.23474121 586.876953125 -394.219726562 1170.86303711
0.032096862793 8 582.394592285 -121.115386963 1503.78186035 621.065063477 251.725189209 1544.73522949 603.057617188 16.7922058105 1680.39233398 665.889526367 45.771812439 1378.02807617 462.174743652 -244.104827881 1663.1907959 651.323120117 -122.890419006 1253.03088379 130.490661621 -361.145080566 1539.90979004 583.949645996 -391.83682251 1172.83276367
0.0320861339569 8 584.955078125 -114.152076721 1509.18273926 618.827514648 252.529449463 1546.28601074 603.067932129 17.1541290283 1682.21337891 671.790100098 53.2495117188 1399.88745117 457.837677002 -236.581771851 1664.25805664 648.704650879 -118.080490112 1251.57678223 121.149627686 -340.983093262 1537.41796875 586.798522949 -384.741088867 1177.14575195
0.0359718799591 8 588.088439941 -120.265487671 1507.43225098 617.6171875 252.884780884 1547.38513184 609.232971191 12.37940979 1682.64685059 660.310119629 51.9643173218 1389.69152832 458.432495117 -231.90284729 1666.69726562 640.494628906 -121.636024475 1253.12487793 122.825622559 -328.275939941 1532.13500977 578.774902344 -386.35824585 1174.87414551
0.032026052475 8 586.25378418 -120.666351318 1506.72790527 619.553283691 250.685913086 1545.07629395 604.755371094 13.5622711182 1680.81091309 661.08203125 47.5458526611 1385.19616699 444.919250488 -221.178619385 1670.32006836 642.617248535 -127.681182861 1254.84155273 130.33895874 -300.361816406 1543.10888672 581.351806641 -392.718414307 1175.34155273
0.0320301055908 8 587.463623047 -123.274917603 1505.07922363 618.606445312 251.450286865 1545.30297852 605.903198242 18.5641784668 1678.75927734 655.11706543 47.7696456909 1375.50317383 440.073150635 -207.280014038 1668.53039551 637.647766113 -134.225860596 1254.72619629 132.53427124 -289.024200439 1529.32116699 576.554992676 -401.839477539 1172.35302734
0.0362429618835 8 590.077697754 -120.360900879 1509.47424316 617.608520508 252.118423462 1545.02734375 600.974365234 27.5983657837 1676.51196289 654.727172852 41.5992660522 1369.82592773 423.485626221 -189.434539795 1658.11157227 640.844055176 -140.78616333 1255.8972168 126.715118408 -273.05456543 1520.14428711 579.99786377 -410.67477417 1177.50927734
0.0316519737244 8 583.402893066 -115.248283386 1500.80212402 616.581176758 252.584228516 1544.48620605 593.566467285 42.48046875 1669.07495117 647.958557129 54.4432220459 1358.2019043 421.658569336 -189.126464844 1659.18969727 642.149230957 -139.017364502 1256.28552246 121.559509277 -279.45892334 1511.02661133 582.955932617 -407.092041016 1173.30541992
0.0321428775787 8 582.123535156 -118.20816803 1499.04467773 615.024230957 253.172790527 1544.45178223 591.973083496 42.4849090576 1665.19873047 640.58026123 50.397644043 1351.79882812 424.778961182 -175.743789673 1658.58166504 640.5390625 -147.758865356 1257.9564209 124.335388184 -267.935699463 1509.32434082 587.822753906 -404.514831543 1175.92248535
0.0392141342163 8 581.011230469 -119.636703491 1499.34912109 612.064147949 253.708404541 1543.04272461 588.372070312 42.9946746826 1664.18798828 637.15246582 47.8219146729 1349.41308594 424.187896729 -166.29296875 1653.49829102 641.039611816 -159.674880981 1260.97521973 126.210723877 -261.491394043 1511.5748291 589.025939941 -409.061431885 1183.6796875
0.0329020023346 8 577.201721191 -117.854217529 1496.94006348 610.930419922 254.344039917 1543.63256836 579.362182617 44.9515457153 1659.70690918 635.979614258 49.3555221558 1350.00646973 427.125732422 -157.971954346 1650.10681152 638.980529785 -157.354858398 1258.95849609 131.992614746 -261.644287109 1512.74377441 591.275817871 -404.656616211 1186.21386719
0.0317978858948 8 576.055541992 -114.374298096 1493.10498047 605.244628906 256.483642578 1544.66003418 578.729919434 44.4992446899 1657.69445801 632.609680176 54.9226303101 1350.00402832 422.132354736 -156.489807129 1645.45117188 636.907653809 -154.88885498 1259.3001709 137.145355225 -272.142608643 1507.89489746 599.94140625 -388.682769775 1183.5604248
0.0352900028229 8 574.720458984 -110.58568573 1494.59545898 598.064086914 259.264343262 1546.67895508 579.139282227 45.363861084 1659.10302734 632.253173828 57.1207122803 1353.29052734 422.970367432 -160.865447998 1645.20324707 635.42376709 -149.418563843 1259.36535645 138.892150879 -277.91897583 1498.28845215 605.546020508 -388.522705078 1182.0736084
0.031464099884 8 572.469665527 -115.193450928 1488.93652344 593.738769531 260.366577148 1547.14758301 575.440307617 38.8960723877 1658.39453125 636.692504883 59.171585083 1354.99365234 416.331329346 -165.978988647 1644.56091309 640.110717773 -151.333908081 1261.42956543 132.000305176 -280.413757324 1487.97900391 612.060180664 -384.250976562 1184.86572266
0.0362360477448 8 573.129394531 -114.678970337 1490.59509277 590.682739258 259.689086914 1547.77429199 578.054870605 40.4320678711 1658.13586426 632.355651855 57.5902404785 1352.86633301 417.594573975 -163.441940308 1643.50402832 636.623779297 -152.890716553 1259.5925293 136.841278076 -278.140411377 1481.12268066 611.914123535 -391.341033936 1188.07873535
0.0315978527069 8 570.048522949 -112.339179993 1487.57421875 585.977233887 259.449462891 1549.09765625 576.198425293 41.7630844116 1653.92297363 625.168029785 59.4522628784 1350.07214355 419.151489258 -162.653564453 1637.6784668 631.797668457 -152.486480713 1257.9720459 140.301330566 -278.991088867 1477.82666016 598.585571289 -399.738098145 1195.08874512
0.0314841270447 8 565.406005859 -116.333633423 1482.9708252 584.659179688 258.923919678 1548.85131836 566.440795898 35.46875 1645.20629883 617.894165039 51.8191223145 1347.5637207 417.838134766 -166.942962646 1620.51403809 625.0859375 -160.962814331 1256.13098145 142.800842285 -268.376403809 1470.7376709 596.630065918 -417.873046875 1188.46789551
0.0352869033813 8 566.286315918 -112.094596863 1489.92175293 583.797119141 259.375701904 1548.38256836 564.676940918 39.5265350342 1666.2286377 620.29083252 65.2736206055 1349.56604004 417.095245361 -175.10848999 1619.72583008 626.619628906 -148.609024048 1258.25830078 136.62677002 -280.431854248 1466.6730957 605.012573242 -398.513580322 1189.45678711
0.0317931175232 8 566.342224121 -109.325042725 1492.47436523 582.969848633 259.828552246 1548.09729004 560.661743164 37.2679519653 1678.34375 619.443359375 73.2806930542 1351.390625 417.705322266 -179.326171875 1618.28540039 627.466918945 -140.448364258 1259.19909668 142.293701172 -283.808319092 1467.89135742 601.495605469 -394.069763184 1190.51879883
0.0313489437103 8 564.934753418 -110.004142761 1493.96264648 582.379882812 259.402191162 1546.53112793 557.683166504 35.5981445312 1681.42736816 618.84588623 73.7754058838 1353.55480957 419.373016357 -177.472747803 1623.01867676 627.117614746 -139.206298828 1258.7467041 136.624267578 -280.531433105 1465.80908203 595.431030273 -400.213775635 1188.35498047
0.036297082901 8 560.297912598 -105.401893616 1491.41113281 584.165893555 258.733917236 1545.18701172 548.153137207 27.5934143066 1679.60925293 631.086486816 74.1692733765 1364.93200684 409.317321777 -185.091598511 1622.23498535 637.590393066 -130.087310791 1261.36096191 126.390563965 -282.280212402 1464.40014648 605.567321777 -389.087097168 1190.37744141
0.0318019390106 8 561.74017334 -107.783103943 1483.56445312 581.323303223 259.091400146 1544.8659668 554.815490723 34.9767456055 1651.97705078 625.275085449 63.0059051514 1358.72216797 412.534240723 -173.650466919 1621.3717041 631.796508789 -145.018768311 1258.16186523 131.870452881 -262.625366211 1467.9128418 633.050354004 -355.260681152 1260.46032715
0.0323839187622 8 563.726074219 -109.537002563 1482.73547363 579.359375 259.317169189 1545.4329834 561.05682373 35.9634857178 1652.3182373 625.316345215 64.3789215088 1356.65710449 411.624847412 -175.398757935 1622.03308105 632.555786133 -153.012619019 1252.40246582 128.802520752 -255.61491394 1463.41113281 593.076904297 -398.71875 1180.76147461
0.0355291366577 8 564.741027832 -110.253982544 1483.94189453 579.554016113 259.429656982 1545.22375488 562.136901855 33.696723938 1660.35290527 626.484313965 67.7233200073 1356.03063965 409.963317871 -180.709991455 1621.73974609 633.391906738 -156.562072754 1244.6973877 116.502502441 -250.466583252 1455.2565918 591.513916016 -392.370544434 1176.92749023
0.032087802887 8 565.861938477 -112.307601929 1484.75708008 579.764160156 259.305053711 1545.74768066 565.10534668 33.8733062744 1660.24182129 625.807128906 65.886428833 1355.0736084 410.682678223 -178.941604614 1623.2310791 632.373840332 -151.644790649 1249.34729004 121.696838379 -226.450088501 1458.83239746 591.970214844 -388.516113281 1177.6907959
0.0320780277252 8 566.873535156 -117.185264587 1485.61193848 580.420227051 259.69354248 1546.81286621 568.821289062 35.1578521729 1659.75952148 623.542236328 64.109954834 1353.47436523 411.678100586 -177.581039429 1623.47717285 629.553039551 -150.390274048 1250.83190918 134.457550049 -203.786773682 1467.09924316 584.541259766 -392.542205811 1173.99499512
0.0357971191406 8 566.988891602 -122.163917542 1487.34350586 581.60534668 260.083068848 1547.31103516 567.967102051 36.7401428223 1659.71948242 623.674499512 60.4888153076 1351.73486328 409.911071777 -174.765670776 1624.28186035 629.637268066 -153.854171753 1251.01464844 135.933044434 -177.496810913 1474.38378906 589.611022949 -377.469970703 1171.53356934
0.0319850444794 8 563.194824219 -112.893104553 1481.39172363 583.038330078 260.515991211 1547.15234375 573.058288574 28.7910003662 1662.5246582 619.612487793 68.9777832031 1352.08251953 414.550354004 -183.079193115 1625.71533203 623.193786621 -139.743331909 1248.84765625 135.618499756 -155.269668579 1478.35766602 582.025695801 -372.91204834 1168.73352051
0.0321090221405 8 565.531799316 -112.510276794 1481.05114746 584.789672852 260.778717041 1547.12109375 575.951843262 28.916519165 1660.32653809 622.478210449 67.8727416992 1352.71984863 412.377563477 -182.084060669 1626.09057617 623.791015625 -135.709594727 1247.7722168 129.62701416 -122.272895813 1482.33361816 581.926269531 -370.050628662 1170.88781738
0.0360929965973 8 570.325317383 -109.596961975 1488.27453613 588.006408691 261.814239502 1546.44335938 581.623352051 34.1554489136 1662.18566895 622.700744629 63.478843689 1352.85266113 412.53894043 -176.339935303 1631.92077637 622.304748535 -142.330413818 1244.38745117 130.649383545 -91.1751403809 1489.76391602 572.936279297 -393.208007812 1166.22009277
0.0318298339844 8 576.803588867 -110.65410614 1501.72070312 590.695495605 262.525848389 1545.78710938 598.277770996 49.3156433105 1671.11413574 619.775085449 65.0549468994 1353.31115723 402.251983643 -146.548614502 1646.16113281 616.254455566 -137.969818115 1244.25317383 128.739074707 -62.9609298706 1498.34521484 571.780700684 -388.444641113 1165.43493652
0.0320081710815 8 576.829406738 -116.797042847 1500.26062012 598.690795898 264.719421387 1546.69311523 596.335021973 45.2507781982 1668.2701416 613.901184082 62.725479126 1354.43688965 397.266723633 -130.07623291 1652.9597168 611.094848633 -141.688964844 1245.25048828 130.199462891 -34.0551071167 1502.35058594 571.922729492 -373.172119141 1171.79577637
0.036022901535 8 574.658569336 -111.390647888 1498.64685059 603.336364746 265.525695801 1547.10217285 598.813842773 43.1116943359 1664.21838379 609.539794922 61.9786224365 1355.13781738 394.494842529 -122.372467041 1657.453125 606.712341309 -142.397369385 1245.99975586 145.111312866 -16.9732894897 1522.18676758 560.514038086 -389.986450195 1163.52246094
0.0320329666138 8 572.409851074 -118.044174194 1495.4543457 602.374328613 264.700744629 1547.33105469 592.973144531 40.0587387085 1650.59790039 606.218139648 50.7420425415 1354.5390625 372.227783203 -91.7891464233 1656.8807373 601.626342773 -150.230743408 1247.23950195 139.80847168 21.8384552002 1520.11999512 558.595031738 -398.323364258 1162.03552246
0.0319490432739 8 569.140441895 -116.816749573 1494.07568359 606.489868164 264.424194336 1547.63354492 589.105041504 37.8263626099 1645.54797363 601.99798584 46.0307998657 1353.86853027 359.583312988 -75.6371994019 1652.34204102 596.660827637 -152.764831543 1247.41015625 150.403121948 43.0467681885 1529.22631836 554.629516602 -405.11126709 1162.97265625
0.0358738899231 8 567.058532715 -117.540588379 1494.52124023 612.659790039 263.630615234 1546.75939941 584.544311523 34.3564071655 1646.125 600.132202148 41.3161087036 1352.98364258 355.688079834 -62.1855316162 1654.09545898 595.909179688 -159.214202881 1247.24841309 143.980270386 62.1775512695 1529.94555664 559.607177734 -394.851776123 1165.53369141
0.0320680141449 8 568.84942627 -114.951911926 1497.19482422 616.887207031 263.713623047 1545.09094238 589.917114258 38.7770462036 1650.77148438 602.7421875 46.3267593384 1354.00708008 354.320098877 -60.1932983398 1655.64477539 598.72467041 -154.577941895 1248.70666504 151.307785034 65.4793548584 1540.0390625 565.694274902 -380.274108887 1168.74499512
0.0322840213776 8 569.467895508 -115.198440552 1497.68835449 618.773620605 262.891815186 1543.07409668 591.589111328 40.0286560059 1652.31433105 605.321899414 47.9093017578 1354.14611816 353.58026123 -59.4585189819 1658.31335449 599.687438965 -152.312805176 1249.36169434 152.088500977 68.2478637695 1544.53662109 560.61529541 -386.883575439 1167.83459473
0.0360481739044 8 568.95715332 -115.015739441 1496.10583496 620.398681641 262.671966553 1541.05541992 590.816162109 39.5870056152 1649.21325684 605.266357422 46.4839630127 1353.20300293 355.194519043 -57.0964508057 1660.47973633 594.167358398 -185.110137939 1249.35925293 153.298202515 71.7158050537 1548.1126709 574.615844727 -363.166931152 1173.1015625
0.0318639278412 8 568.643432617 -116.365158081 1494.47766113 620.711791992 262.641204834 1540.26013184 589.118774414 39.9347381592 1646.9934082 605.020996094 44.4508209229 1349.82324219 355.835998535 -47.8452453613 1663.28710938 589.748291016 -188.981109619 1246.26538086 149.328567505 79.9317550659 1541.2364502 573.024719238 -377.94732666 1174.1262207
0.0320038795471 8 567.064880371 -118.413093567 1490.77404785 621.246887207 263.066955566 1539.58837891 584.563903809 43.7329101562 1645.15332031 597.272277832 42.2931976318 1336.85351562 350.173095703 -38.4129714966 1661.51257324 593.965637207 -181.982955933 1248.6270752 145.421554565 77.6746902466 1543.49462891 591.748291016 -339.821228027 1204.30065918
0.0358831882477 8 567.475402832 -124.941047668 1490.11218262 622.111755371 263.617126465 1538.0345459 580.554016113 41.8383255005 1643.47216797 599.870666504 41.1619033813 1338.89697266 347.895721436 -38.9206619263 1660.74169922 595.309997559 -177.626953125 1251.08068848 149.951461792 66.251159668 1543.25976562 566.768920898 -411.854614258 1171.64135742
0.0320038795471 8 566.453674316 -128.769683838 1489.1315918 622.090087891 264.013183594 1536.87451172 577.790222168 38.9868011475 1642.20446777 600.32244873 40.0288848877 1340.59875488 339.386474609 -43.35206604 1655.87756348 594.358154297 -174.712585449 1250.85913086 150.140335083 51.1384353638 1540.23278809 568.507507324 -410.454345703 1172.22814941
0.0319380760193 8 566.944091797 -129.721099854 1486.18676758 622.358642578 264.663330078 1535.37817383 577.58996582 38.3351745605 1638.16699219 602.176147461 38.5358886719 1338.19165039 340.034545898 -52.259513855 1650.78369141 591.966430664 -179.284225464 1247.50842285 149.501266479 34.9291687012 1537.86889648 572.43347168 -400.189575195 1172.92126465
0.0359599590302 8 567.535522461 -128.577148438 1485.54602051 622.19329834 265.148284912 1533.94177246 578.950134277 39.1532897949 1635.51220703 602.445495605 39.5082397461 1339.66162109 365.923278809 -66.4165496826 1652.50012207 593.199951172 -177.962768555 1247.77783203 144.476486206 16.3314285278 1520.47143555 573.479370117 -400.120391846 1173.7376709
0.0323250293732 8 570.592529297 -122.8179245 1483.49365234 621.100280762 265.94821167 1532.97436523 588.571594238 52.3166656494 1629.99401855 604.017272949 48.1466674805 1334.79382324 394.733520508 -80.2896728516 1657.66259766 598.075622559 -168.407562256 1249.97692871 145.778076172 -21.9374198914 1523.0793457 577.896972656 -400.323425293 1176.81066895
0.0354449748993 8 572.047546387 -112.0727005 1484.9140625 619.959106445 266.743682861 1532.9083252 594.498046875 60.7141952515 1631.39978027 609.349121094 57.5555953979 1337.76696777 407.995391846 -92.6374740601 1656.61230469 603.046264648 -158.297058105 1250.71777344 153.44581604 -54.4622802734 1530.51147461 585.231689453 -388.446533203 1177.80566406
0.0367648601532 8 566.637878418 -113.073768616 1487.93981934 618.886901855 266.953521729 1531.88427734 575.367126465 56.6580581665 1640.7130127 604.513977051 55.5493545532 1338.41931152 412.82800293 -110.729911804 1655.54321289 597.93536377 -159.353118896 1249.05224609 154.089782715 -74.0526504517 1517.83129883 577.102355957 -395.636230469 1174.40930176
0.0299520492554 8 567.572631836 -113.587753296 1486.74633789 617.635009766 266.777954102 1531.00244141 580.743469238 55.474395752 1636.49609375 604.490661621 54.8843688965 1340.34033203 412.742431641 -122.399856567 1653.77697754 598.059753418 -158.294189453 1250.18286133 149.343261719 -99.3935546875 1511.56762695 581.354553223 -392.695800781 1176.15246582
0.0313351154327 8 567.026428223 -114.636428833 1484.9822998 616.25592041 266.610809326 1530.3638916 580.358886719 53.9227676392 1633.52612305 602.486083984 53.7983016968 1339.97338867 413.066467285 -124.068687439 1652.47607422 597.808288574 -161.124938965 1250.93859863 151.2472229 -118.595413208 1506.22900391 578.191467285 -401.024291992 1175.93383789
0.0353488922119 8 567.127563477 -113.425559998 1481.38378906 613.688964844 267.450592041 1527.4609375 581.632995605 52.5395278931 1631.73815918 603.406555176 57.7604141235 1340.88293457 412.129638672 -130.026977539 1651.75549316 600.379577637 -148.691589355 1250.52050781 149.504516602 -149.328155518 1502.06604004 576.010253906 -405.010192871 1173.5949707
0.0317611694336 8 569.205688477 -113.563011169 1480.78149414 612.978393555 266.981506348 1527.01501465 584.562805176 50.7609329224 1633.12414551 605.40826416 59.4421768188 1342.19909668 413.486328125 -136.308258057 1652.58105469 600.58984375 -140.757049561 1246.27807617 154.169250488 -176.857208252 1497.55773926 573.997192383 -405.122131348 1171.97851562
0.0354278087616 8 572.340759277 -109.604949951 1476.46447754 609.222473145 267.66116333 1524.67871094 589.306396484 41.1131439209 1644.95568848 610.022705078 70.696762085 1344.31140137 413.203765869 -153.5987854 1650.23364258 605.454162598 -126.25189209 1243.50488281 158.636978149 -213.794128418 1502.79724121 581.485290527 -385.167480469 1173.12634277
0.0322079658508 8 572.728027344 -106.704475403 1472.11962891 608.881958008 267.331817627 1525.30505371 586.716491699 39.2339553833 1641.69885254 611.692077637 73.5381546021 1344.66271973 422.676330566 -163.30871582 1647.1739502 607.194274902 -120.880470276 1241.47338867 154.646728516 -237.78755188 1487.08032227 583.571411133 -382.567230225 1174.36657715
0.0318610668182 8 574.040527344 -101.621818542 1475.11169434 601.827453613 267.34475708 1524.98779297 579.73223877 40.6652832031 1651.67675781 623.449035645 78.4882659912 1346.37768555 419.267486572 -170.858215332 1637.6628418 620.185180664 -115.175765991 1241.22680664 139.911621094 -261.525024414 1474.14709473 588.223266602 -375.939025879 1173.95153809
0.0356299877167 8 571.028076172 -99.9066467285 1470.57214355 598.027160645 267.844726562 1526.13903809 577.372314453 35.8483734131 1649.18286133 624.064208984 79.8456878662 1347.09033203 419.834472656 -176.312698364 1632.16235352 622.29864502 -113.855545044 1240.33361816 143.956695557 -279.845458984 1472.4510498 590.177612305 -378.869628906 1168.0958252
0.0321049690247 8 570.20916748 -97.460067749 1474.22937012 592.336547852 268.911224365 1528.15478516 576.753417969 33.6777114868 1658.61132812 625.689208984 84.0960617065 1350.95727539 417.143188477 -179.363922119 1627.80078125 626.776000977 -109.131980896 1236.83544922 140.329925537 -290.812164307 1466.5480957 593.84185791 -368.215179443 1168.02624512
0.0319521427155 8 571.144042969 -97.4553375244 1478.13464355 589.059570312 268.852539062 1529.46875 576.083557129 36.2358779907 1661.4395752 627.511047363 81.4495162964 1350.40710449 415.45526123 -177.441558838 1621.80810547 629.04888916 -115.642372131 1238.4465332 146.32421875 -295.571777344 1472.26623535 594.239196777 -369.333587646 1165.86242676
0.0382809638977 8 572.093322754 -101.654220581 1479.99694824 586.366333008 269.05645752 1530.29724121 574.679504395 37.0774536133 1659.10852051 627.024353027 76.5647888184 1351.33190918 412.523284912 -174.817550659 1610.15917969 629.687194824 -120.26020813 1233.37243652 139.494293213 -295.781555176 1469.78710938 582.251281738 -398.144958496 1163.81188965
0.0320529937744 8 571.040771484 -110.500724792 1484.67285156 586.276855469 268.869842529 1529.78210449 571.575805664 44.4626922607 1655.57434082 627.986816406 67.1644897461 1348.97644043 411.772338867 -168.118148804 1599.12792969 632.60357666 -130.288772583 1231.36706543 145.931793213 -286.84185791 1475.20031738 584.066894531 -395.372131348 1169.15649414
0.0300250053406 8 570.138427734 -107.411964417 1484.64538574 585.661865234 268.743499756 1530.09265137 571.143188477 45.7733612061 1653.45544434 627.871704102 65.0721130371 1347.24182129 413.477966309 -166.770324707 1592.37207031 632.950012207 -134.804122925 1231.20031738 143.822143555 -284.577087402 1475.69873047 583.958496094 -395.513305664 1164.48388672
0.0358109474182 8 570.648376465 -106.959518433 1485.6854248 584.459106445 269.453216553 1530.56506348 572.698974609 45.2893676758 1656.02148438 628.63659668 64.2126159668 1345.91503906 413.699798584 -166.633636475 1595.68798828 634.509399414 -137.575027466 1231.50598145 143.16809082 -285.30291748 1476.94824219 578.660217285 -402.102416992 1160.58032227
0.0317420959473 8 571.192260742 -108.768714905 1487.36193848 584.03894043 269.625335693 1529.76318359 571.839111328 46.4694824219 1657.63916016 630.701293945 62.790145874 1345.51733398 412.569274902 -165.83656311 1596.4987793 636.686523438 -150.103775024 1230.14501953 141.936065674 -279.965301514 1477.82666016 580.253662109 -402.978942871 1159.91931152
0.031928062439 8 571.742675781 -106.464164734 1490.69995117 583.115478516 269.273864746 1530.11108398 572.985717773 45.1018676758 1670.32275391 632.387939453 69.3290252686 1346.97412109 410.970825195 -172.26121521 1596.48754883 636.501708984 -139.27482605 1232.68554688 141.847320557 -278.797668457 1478.87072754 584.304504395 -389.207519531 1160.14416504
0.0361878871918 8 570.870117188 -109.062408447 1489.61999512 582.399536133 269.672546387 1530.83105469 572.07043457 45.7188262939 1665.58154297 631.178222656 66.9682159424 1347.15136719 412.46862793 -170.561019897 1598.50598145 634.838806152 -140.199493408 1230.70800781 140.372772217 -266.859069824 1480.52453613 582.100402832 -392.569702148 1162.71520996
0.0319058895111 8 569.402954102 -113.4635849 1485.73999023 581.736450195 269.853546143 1531.30310059 570.338134766 45.7674942017 1660.30944824 631.165161133 66.4475479126 1345.57092285 412.01751709 -172.550842285 1601.85083008 633.458374023 -146.107574463 1228.65869141 138.774932861 -253.762924194 1477.32092285 578.070739746 -396.666595459 1160.83032227
0.0322031974792 8 569.069824219 -114.706581116 1485.36535645 581.27532959 270.234130859 1531.27185059 570.394775391 44.635559082 1660.3684082 630.574829102 66.2984771729 1345.82299805 409.620178223 -176.989730835 1607.49658203 631.524353027 -142.920211792 1229.76525879 136.540008545 -233.010284424 1475.69470215 574.241516113 -342.841064453 1162.57092285
0.0357809066772 8 569.293151855 -113.362358093 1485.3137207 580.031311035 271.246337891 1531.84973145 571.169677734 44.8718414307 1660.59741211 630.128051758 66.9287109375 1345.45581055 410.117431641 -175.57598877 1607.18261719 630.803039551 -141.315261841 1228.41821289 137.803955078 -208.458328247 1477.87072754 574.310302734 -399.233154297 1158.66149902
0.0323450565338 8 569.415039062 -112.855773926 1485.20849609 580.238769531 271.353027344 1530.64318848 572.03918457 45.0637435913 1660.54406738 630.213867188 66.777961731 1344.7689209 408.64440918 -179.55368042 1611.48156738 630.513916016 -140.654418945 1226.0098877 131.413879395 -181.497589111 1477.2010498 573.697875977 -407.121368408 1159.23339844
0.0316948890686 8 568.633178711 -114.112335205 1484.83349609 580.208740234 270.784484863 1529.76025391 571.159484863 44.0268173218 1658.64257812 628.877868652 64.3965530396 1344.37304688 404.828063965 -182.570281982 1618.94445801 628.52532959 -141.835296631 1224.62939453 129.687561035 -148.639633179 1478.16918945 572.852783203 -398.796234131 1159.6652832
0.0358819961548 8 563.09375 -115.167633057 1477.94006348 580.114868164 270.374694824 1529.26184082 576.713256836 37.2554931641 1655.92663574 622.359375 67.4792785645 1342.93908691 408.292816162 -187.976196289 1626.3572998 619.731262207 -140.939651489 1222.04162598 136.516784668 -120.236686707 1481.29431152 568.299560547 -391.585083008 1158.1583252
0.0322930812836 8 564.065246582 -119.998214722 1476.83850098 579.747070312 269.63885498 1528.45239258 572.806945801 35.453918457 1647.21008301 622.499328613 54.3471984863 1337.34875488 406.38772583 -178.038452148 1631.06030273 618.14642334 -152.960372925 1221.0012207 136.010894775 -83.3971939087 1485.67724609 564.238830566 -409.08782959 1161.95532227
0.0318238735199 8 564.12310791 -123.258880615 1476.30285645 578.884094238 269.970214844 1528.8046875 569.454956055 34.5976409912 1642.68347168 622.065673828 48.2088165283 1335.33776855 398.742523193 -170.40737915 1640.31201172 615.730957031 -159.614746094 1220.42785645 138.131103516 -52.2165985107 1495.5456543 555.915283203 -410.227233887 1161.67285156
0.035994052887 8 564.100769043 -127.236312866 1470.09899902 578.363586426 270.457550049 1528.60693359 568.002746582 35.0464859009 1631.57299805 621.015563965 34.0266952515 1317.85009766 386.856781006 -148.701965332 1642.22741699 611.717468262 -170.225280762 1218.84399414 136.588409424 -21.8232879639 1497.75439453 559.902404785 -417.285522461 1158.74865723
0.0321900844574 8 562.471374512 -129.799438477 1470.70996094 578.580871582 270.006835938 1528.17614746 563.224731445 32.2149963379 1628.32348633 617.955566406 31.0639038086 1321.92895508 378.828643799 -135.552276611 1646.63439941 610.272583008 -177.381652832 1219.32946777 145.089508057 1.8609161377 1511.21655273 556.019958496 -428.360931396 1158.56408691
0.0320990085602 8 557.214782715 -131.919509888 1463.86877441 579.282775879 269.812164307 1528.0123291 557.649291992 25.8084106445 1627.76879883 621.137573242 36.1929016113 1324.60791016 362.022827148 -126.134094238 1655.41186523 612.936950684 -173.529907227 1218.8782959 139.125228882 32.1419830322 1509.60803223 557.942199707 -421.868041992 1158.28625488
0.0358159542084 8 555.257446289 -137.188156128 1466.07556152 580.221801758 269.7265625 1527.99890137 554.127380371 22.4380493164 1629.3572998 613.815246582 31.0828552246 1323.25183105 355.473510742 -108.832824707 1664.09338379 604.279663086 -179.368118286 1215.07067871 147.59147644 51.9054260254 1515.54467773 552.106018066 -421.003204346 1156.03491211
0.0318939685822 8 553.535827637 -137.881820679 1467.18444824 581.532409668 270.051422119 1527.19189453 550.061462402 20.0028533936 1632.0222168 611.977600098 29.3736419678 1323.23535156 338.549133301 -99.5613937378 1663.17944336 600.720214844 -181.736343384 1212.18481445 151.88621521 69.8662490845 1528.41870117 548.77557373 -424.129699707 1154.06542969
0.0319719314575 8 552.565612793 -134.690063477 1468.60864258 582.906738281 269.897155762 1525.73205566 556.950683594 21.3645629883 1631.98730469 607.513061523 29.5004577637 1323.39453125 325.28125 -73.9491348267 1657.08984375 593.979797363 -185.616668701 1210.50390625 156.194168091 86.0401077271 1530.09863281 570.285949707 -342.799377441 1162.2454834
0.0360460281372 8 552.922058105 -136.168945312 1469.7052002 584.454284668 269.90447998 1524.26635742 553.608764648 21.1227722168 1632.97912598 608.012207031 27.5284423828 1322.84533691 316.561279297 -56.6777648926 1656.2076416 593.627563477 -191.214599609 1208.28588867 158.141113281 90.2918548584 1538.3795166 568.038085938 -360.915466309 1162.26647949
0.0321621894836 8 552.190368652 -134.428329468 1470.70324707 587.058227539 270.063842773 1522.01098633 554.919616699 21.1682281494 1635.89489746 606.363952637 28.7992095947 1322.62219238 314.877044678 -51.1119384766 1657.98583984 591.868225098 -193.657562256 1205.0925293 156.059020996 101.323989868 1532.98010254 561.40222168 -383.257476807 1160.47949219
0.032105922699 8 553.923950195 -135.398696899 1472.11120605 588.104248047 270.621459961 1521.24768066 554.043273926 22.664932251 1637.91931152 608.518249512 30.1675872803 1323.50524902 311.238372803 -50.5068130493 1660.95410156 593.70098877 -190.381454468 1206.17321777 154.873474121 99.7851333618 1538.3873291 562.377868652 -390.361022949 1160.52832031
0.0358350276947 8 556.193603516 -131.516418457 1474.33935547 589.109863281 271.199890137 1520.87280273 556.709350586 29.5005187988 1643.23132324 610.57434082 39.6015319824 1325.30041504 311.080657959 -59.7130355835 1661.57080078 596.307739258 -180.714370728 1206.60510254 152.951980591 90.7687454224 1538.20031738 564.343994141 -379.532592773 1160.93103027
0.0319428443909 8 556.87310791 -131.711120605 1474.56921387 590.126342773 272.155426025 1519.8717041 562.25 29.2848205566 1640.16552734 606.577026367 37.5382995605 1325.38842773 317.104156494 -57.4045562744 1662.87695312 602.375549316 -174.289093018 1201.90686035 155.607269287 86.2644500732 1535.75708008 555.911132812 -394.022644043 1154.16247559
0.0329661369324 8 558.421508789 -132.654220581 1475.71240234 591.165588379 272.332824707 1518.74328613 566.874084473 29.5464935303 1638.70849609 602.537780762 35.2579193115 1324.69067383 323.509796143 -55.1437606812 1663.00268555 594.597290039 -179.428451538 1203.06628418 161.073287964 74.5677108765 1535.81115723 558.829345703 -388.531463623 1159.54040527
0.0357139110565 8 558.602905273 -133.534011841 1475.50976562 591.73059082 272.144805908 1517.45617676 568.579345703 28.8668823242 1637.50488281 601.693969727 33.6844482422 1324.19165039 326.035430908 -56.8606643677 1662.3494873 591.968322754 -182.859481812 1203.54333496 161.55696106 62.4106521606 1527.74914551 560.272460938 -388.732635498 1164.13049316
0.0316541194916 8 553.860961914 -135.700759888 1475.66638184 592.520935059 271.860748291 1516.1619873 563.243225098 16.7786865234 1637.18029785 595.123840332 18.2768554688 1320.70495605 331.751037598 -43.6246681213 1665.2043457 584.416625977 -199.994567871 1199.69250488 162.577056885 66.1547698975 1517.2265625 551.359863281 -415.93762207 1155.04699707
0.0316309928894 8 551.30291748 -136.936691284 1477.7277832 593.096435547 270.757781982 1515.10131836 559.016967773 11.7599639893 1641.46411133 591.176391602 10.8146820068 1317.85449219 329.173583984 -45.7313766479 1667.01782227 581.183776855 -209.547531128 1198.34326172 164.206268311 53.3451156616 1511.01037598 550.63482666 -417.909423828 1154.02502441
0.0359120368958 8 552.14642334 -135.806503296 1477.55981445 592.916320801 270.041870117 1514.13085938 561.053039551 12.1439361572 1641.74206543 590.425964355 12.0977935791 1317.6114502 325.476776123 -57.6574935913 1666.29736328 580.597045898 -209.045074463 1199.41052246 154.673400879 37.6549758911 1496.42663574 555.311218262 -403.741821289 1157.08459473
0.0320649147034 8 554.278381348 -138.221557617 1478.94580078 593.022705078 269.213562012 1512.96801758 562.772399902 15.9804992676 1640.22241211 592.428161621 12.8942871094 1319.04223633 327.252593994 -69.4487991333 1664.20349121 583.31439209 -209.484970093 1200.85900879 156.55178833 6.98611450195 1493.74707031 560.907287598 -394.595153809 1160.16992188
0.0359370708466 8 555.457092285 -136.142440796 1481.51220703 593.293518066 268.829223633 1511.98901367 563.792297363 18.2313537598 1640.64050293 592.107727051 11.4311218262 1319.95300293 331.524169922 -77.5149230957 1657.25939941 582.832580566 -212.315673828 1201.02453613 152.302368164 -9.41729736328 1492.90539551 563.676513672 -385.188415527 1164.2980957
0.031986951828 8 558.981933594 -136.592559814 1485.16748047 593.186462402 268.673034668 1511.53601074 563.294921875 21.6473083496 1641.0982666 595.281738281 9.14849853516 1321.41540527 331.447479248 -89.3015518188 1648.7388916 586.245483398 -216.607498169 1201.4954834 158.028762817 -33.8698501587 1486.66760254 592.907531738 -291.594604492 1177.51403809
0.0320529937744 8 559.77331543 -137.232818604 1485.44152832 593.235229492 267.817810059 1510.86132812 567.326171875 21.7107849121 1641.18188477 594.333618164 10.3518981934 1322.34790039 338.54574585 -95.8928909302 1643.87243652 586.032653809 -216.804214478 1202.29846191 162.02520752 -58.7934494019 1490.57263184 567.364257812 -388.526489258 1164.55151367
0.0398139953613 8 562.387268066 -139.161376953 1486.9173584 593.497741699 267.18939209 1510.67980957 566.022338867 21.9320831299 1641.41381836 596.857788086 8.79893493652 1323.35400391 351.572998047 -103.047576904 1645.39428711 589.008483887 -219.166824341 1203.10925293 161.857452393 -79.6920318604 1486.37548828 599.037536621 -281.512634277 1185.04174805
0.0342669487 8 569.272216797 -144.361083984 1487.40551758 592.952392578 266.846435547 1510.34667969 580.27935791 25.4648742676 1652.15368652 604.91986084 27.9790039062 1328.87438965 382.888793945 -135.09765625 1653.8770752 599.781738281 -215.167526245 1221.35461426 159.746047974 -124.843933105 1481.77331543 572.151306152 -375.252075195 1160.31420898
0.0405180454254 8 573.194396973 -142.012145996 1492.48156738 593.396057129 266.922424316 1511.06652832 579.637939453 35.5495758057 1655.02612305 612.3359375 33.9029083252 1332.75585938 393.76751709 -145.130783081 1653.72766113 607.222167969 -202.392929077 1217.70153809 161.190322876 -153.350601196 1486.921875 584.485961914 -369.449157715 1167.6048584
0.0323939323425 8 575.41607666 -139.405273438 1496.57226562 593.827331543 267.173828125 1512.11767578 579.199035645 42.5668029785 1657.27050781 616.539489746 40.3645019531 1338.63623047 398.663024902 -149.96206665 1650.89318848 612.825134277 -194.989562988 1218.56738281 157.684234619 -174.176696777 1480.95703125 620.748657227 -283.99420166 1192.515625
0.0343141555786 8 576.774169922 -137.872940063 1497.16491699 594.180541992 267.135437012 1512.0279541 579.141052246 44.2278594971 1658.0045166 619.69342041 41.2657318115 1338.72570801 401.504180908 -153.656478882 1648.78942871 615.69720459 -190.067138672 1218.13378906 153.094680786 -198.733551025 1474.61499023 590.102539062 -379.806274414 1164.75146484
0.0316958427429 8 577.718688965 -135.777420044 1496.33520508 594.797668457 266.974456787 1512.27526855 578.473754883 44.7172241211 1657.23937988 621.321899414 42.234588623 1338.60266113 402.620605469 -154.782318115 1647.02563477 617.266723633 -187.894485474 1218.70556641 152.927444458 -216.976577759 1470.32397461 588.460571289 -386.347473145 1161.63183594
0.038311958313 8 577.767883301 -133.727828979 1495.21105957 594.534423828 266.622131348 1513.60400391 577.892883301 44.0386657715 1658.01831055 621.833068848 44.2130126953 1338.6784668 405.774353027 -155.98097229 1642.22387695 619.434509277 -183.868652344 1220.25500488 156.286209106 -231.926712036 1466.4864502 579.709533691 -412.201843262 1157.6081543
0.0305671691895 8 576.993286133 -132.28086853 1494.74914551 594.21875 267.277099609 1515.73681641 578.125549316 42.0472259521 1663.02502441 620.476989746 51.0709991455 1342.43493652 406.196472168 -161.349746704 1637.18945312 620.177856445 -177.265853882 1220.35205078 148.744476318 -248.093566895 1460.14868164 568.831726074 -431.666564941 1167.53601074
0.0275549888611 8 576.802856445 -131.170639038 1496.45678711 593.734436035 267.625976562 1518.16503906 577.973022461 41.5400390625 1667.86889648 620.514282227 53.4797058105 1344.12158203 402.486755371 -161.440444946 1616.18920898 621.742431641 -170.984893799 1224.18811035 149.021621704 -255.443115234 1458.86535645 574.729492188 -418.053894043 1162.55175781
0.0344889163971 8 576.745239258 -129.910751343 1497.43664551 593.475463867 269.943908691 1525.22937012 578.091308594 41.8278045654 1670.79724121 621.496459961 55.484992981 1345.20129395 406.279724121 -161.090942383 1615.43518066 625.556091309 -152.069732666 1238.58789062 152.916992188 -257.487030029 1459.50646973 575.907043457 -413.833587646 1161.34619141
0.0254299640656 8 576.287109375 -128.910690308 1497.23132324 593.113464355 271.472473145 1529.49951172 577.687744141 42.2650909424 1669.30847168 621.381347656 55.1600265503 1345.57995605 407.417663574 -160.508270264 1617.57666016 626.488220215 -154.726531982 1236.92419434 150.431304932 -257.68536377 1456.49450684 581.43762207 -404.542175293 1162.41296387
0.0315210819244 8 575.283203125 -123.913803101 1494.6619873 593.451049805 270.697631836 1527.4831543 575.976928711 42.2953186035 1669.21618652 623.627319336 60.0969161987 1346.68200684 407.650299072 -157.922058105 1609.0736084 630.422424316 -150.925689697 1238.82678223 150.224395752 -259.305358887 1458.0748291 590.409179688 -394.35333252 1165.76098633
0.0355348587036 8 572.710266113 -107.699897766 1489.24438477 593.984619141 269.837036133 1526.62097168 571.975830078 41.2896194458 1670.52416992 632.05480957 73.5044631958 1352.48168945 407.33001709 -163.835174561 1608.06713867 642.02331543 -131.012451172 1250.82043457 139.264312744 -269.553039551 1457.6036377 600.457275391 -373.850891113 1170.57214355
0.0318892002106 8 572.531494141 -104.50353241 1487.65588379 594.471008301 269.565704346 1526.23022461 573.089904785 37.6087799072 1671.10705566 631.502624512 75.6535949707 1353.80358887 405.734985352 -168.217605591 1611.26208496 641.838928223 -125.305847168 1255.76147461 137.277160645 -264.687561035 1454.73815918 601.68963623 -376.315490723 1168.64672852
0.0323429107666 8 573.616821289 -102.877487183 1485.21240234 595.161437988 269.438781738 1526.75866699 575.061523438 34.0865325928 1670.73693848 631.231445312 78.0578765869 1354.35534668 405.94418335 -172.187194824 1612.72558594 641.316589355 -119.001144409 1256.49194336 142.169067383 -258.693725586 1454.76306152 602.577392578 -375.484924316 1170.77868652
0.0356578826904 8 573.863220215 -102.807655334 1484.30895996 595.765136719 269.758392334 1527.34643555 579.58392334 33.5452728271 1672.16809082 630.871765137 81.138885498 1354.57971191 406.879150391 -178.190567017 1614.58581543 639.87286377 -115.309844971 1257.72949219 141.210479736 -246.068664551 1457.88549805 604.315856934 -371.019775391 1171.68200684
0.0321440696716 8 574.837463379 -108.346244812 1486.88171387 596.922973633 269.637451172 1528.87634277 581.08605957 36.2212524414 1670.49133301 629.598510742 76.0001449585 1353.95715332 412.633666992 -172.856079102 1616.60803223 633.502502441 -135.145294189 1258.18798828 137.235687256 -224.660202026 1454.44372559 598.217712402 -382.463928223 1183.43603516
0.0456230640411 8 576.923217773 -109.889648438 1485.83959961 597.737487793 268.877746582 1529.33728027 588.119995117 34.29737854 1667.13623047 631.710083008 73.5061721802 1354.88867188 409.188232422 -174.690841675 1619.87329102 630.625549316 -155.057098389 1252.11303711 134.232666016 -202.806427002 1459.62341309 603.76373291 -380.434020996 1180.18737793
0.0337488651276 8 577.48425293 -109.327316284 1484.09191895 598.974365234 268.440155029 1530.25769043 589.731445312 34.0523681641 1665.5378418 632.406860352 74.509223938 1354.40771484 407.363952637 -178.141647339 1621.8972168 629.3046875 -159.408111572 1247.90441895 153.392837524 -186.585968018 1495.87487793 604.868103027 -384.726348877 1179.25390625
0.0311431884766 8 577.766052246 -109.386955261 1481.52929688 600.174255371 268.171539307 1530.39855957 591.669006348 32.5456542969 1663.52636719 631.005432129 75.4775772095 1353.26464844 409.512359619 -182.787872314 1629.34179688 631.581420898 -147.406616211 1249.96569824 130.873931885 -148.030548096 1468.08776855 604.739196777 -386.57244873 1179.89331055
0.037398815155 8 578.138244629 -108.493370056 1479.48291016 601.509460449 267.864013672 1530.41369629 592.933654785 31.2360229492 1663.05505371 630.153381348 77.3964996338 1352.2767334 412.710083008 -182.447906494 1629.26196289 628.817138672 -149.684494019 1249.82531738 132.70690918 -121.972816467 1471.90881348 603.81628418 -376.944335938 1183.64550781
0.0324490070343 8 577.88861084 -105.404541016 1479.89440918 602.818786621 267.903564453 1530.6907959 593.917907715 31.8556137085 1661.6661377 628.422912598 76.323890686 1351.21130371 412.54586792 -180.16973877 1640.46801758 628.503356934 -152.422668457 1251.6784668 133.710540771 -93.1393432617 1483.22570801 604.682861328 -379.629760742 1174.75048828
0.0297820568085 8 570.42401123 -116.769493103 1470.87768555 604.19934082 267.505554199 1530.26916504 577.403564453 37.7738571167 1636.51733398 596.651489258 47.3019638062 1316.72998047 381.599182129 -127.212486267 1652.88256836 619.128601074 -191.247161865 1249.67724609 138.810043335 -14.3950805664 1488.17150879 592.98260498 -427.398010254 1174.45471191
0.0347459316254 8 564.661865234 -119.202507019 1466.13146973 605.189575195 267.651977539 1529.6439209 567.055419922 37.5756988525 1629.71655273 586.371337891 36.3935852051 1302.84106445 366.660827637 -105.16217041 1652.88635254 617.200012207 -202.451324463 1249.68884277 139.084091187 28.0569152832 1496.61804199 579.047119141 -446.860046387 1183.56860352
0.0384922027588 8 562.293212891 -119.573295593 1464.55212402 605.658203125 267.672363281 1529.14685059 563.136291504 37.7461547852 1629.87414551 582.038146973 35.3877716064 1298.1829834 359.756652832 -95.0853118896 1653.19006348 617.35760498 -203.369812012 1252.14855957 139.979766846 52.7841491699 1505.0090332 584.486633301 -441.534698486 1180.64221191
0.030996799469 8 559.765380859 -120.634529114 1464.07922363 606.290527344 267.655792236 1529.72814941 559.894958496 38.525062561 1629.05627441 578.073181152 34.6503372192 1296.44665527 351.802307129 -77.9321060181 1656.52819824 616.546936035 -198.550506592 1255.78503418 149.259796143 71.0140914917 1516.61608887 580.60357666 -453.301422119 1174.44494629
0.0294442176819 8 560.657897949 -121.032218933 1468.81518555 606.918823242 268.075195312 1529.96960449 562.095275879 38.5740966797 1630.41625977 580.479187012 34.5149993896 1304.48828125 338.389892578 -64.4163742065 1658.83483887 612.990905762 -194.492477417 1252.3215332 138.72756958 98.5624923706 1503.81213379 576.889953613 -457.919372559 1173.46984863
0.0367548465729 8 561.254882812 -119.868690491 1473.01379395 607.461547852 268.708374023 1529.47363281 563.760131836 40.6675643921 1632.76916504 581.207763672 34.0043869019 1308.01403809 334.038299561 -55.3418197632 1659.81872559 611.526184082 -192.884918213 1254.11816406 146.104202271 112.366706848 1513.38769531 572.856689453 -448.446289062 1173.29614258
0.0337860584259 8 561.379394531 -119.680595398 1474.34985352 608.588256836 268.622314453 1528.79321289 564.371154785 44.3121109009 1634.47888184 579.084777832 33.7573623657 1304.97692871 325.481872559 -40.7803039551 1657.30065918 610.184814453 -194.163391113 1252.70349121 141.28414917 130.801239014 1508.64196777 577.923034668 -440.042785645 1171.40551758
0.0286090373993 8 562.562072754 -120.953552246 1483.79040527 609.182983398 269.20425415 1528.25854492 570.11151123 49.5261383057 1639.00756836 581.66204834 33.4416351318 1313.46704102 323.737884521 -36.4153900146 1654.5769043 603.989929199 -181.919082642 1252.01818848 149.441970825 128.642608643 1509.32678223 574.529663086 -436.363525391 1173.40515137
0.0419819355011 8 565.097717285 -118.626159668 1491.08837891 610.51953125 269.304443359 1526.80334473 574.731323242 54.2306060791 1643.84875488 584.96496582 36.4314727783 1321.17541504 321.989440918 -37.1517028809 1654.24108887 601.226989746 -173.4972229 1255.29614258 150.481384277 126.238998413 1512.86096191 572.246582031 -433.220428467 1177.27319336
0.0308749675751 8 566.331604004 -117.865509033 1491.86499023 611.773376465 269.358276367 1524.98144531 574.066772461 53.3871765137 1641.40551758 586.053344727 34.9086608887 1324.47094727 318.305908203 -27.0745391846 1653.51733398 601.269714355 -177.530136108 1255.53808594 149.701385498 132.452346802 1514.12548828 574.624755859 -432.941436768 1176.19519043
0.027321100235 8 565.934753418 -117.621528625 1490.33728027 612.766357422 269.58291626 1523.51599121 574.429321289 53.5601730347 1640.55395508 584.278564453 36.0122909546 1323.00366211 320.133453369 -27.1965789795 1655.0958252 597.770141602 -178.0362854 1255.98901367 142.710403442 135.225128174 1512.76428223 569.042480469 -438.72366333 1179.08227539
0.0406088829041 8 564.953186035 -118.247665405 1489.63220215 613.569946289 270.014892578 1522.36560059 573.707458496 54.357673645 1639.44091797 583.615539551 35.9497909546 1321.74316406 319.498840332 -22.2610473633 1655.71337891 597.013244629 -181.442749023 1255.09057617 148.344558716 130.410110474 1517.1607666 570.304626465 -443.884552002 1182.99584961
0.0313811302185 8 565.31842041 -118.345687866 1487.8359375 613.985107422 269.869995117 1521.61889648 574.209472656 54.7519378662 1637.98632812 583.761474609 38.4224395752 1321.49121094 320.457092285 -22.3002548218 1655.86340332 607.885192871 -195.116470337 1270.99304199 150.550598145 120.792457581 1516.95068359 572.650024414 -442.577392578 1181.21789551
0.0363359451294 8 565.532287598 -122.774848938 1485.1907959 613.892700195 270.128723145 1520.69616699 575.596923828 53.4925765991 1636.12243652 584.304199219 41.4631195068 1322.01794434 321.6640625 -24.5475769043 1654.11523438 604.718566895 -194.359985352 1265.84594727 151.739364624 107.757583618 1514.66625977 568.348449707 -445.426208496 1185.02734375
0.0306689739227 8 565.680297852 -124.888923645 1483.85498047 614.431945801 270.026245117 1519.87023926 576.66217041 51.9790344238 1635.34924316 585.797668457 43.7855987549 1324.17541504 350.967468262 -34.7011489868 1655.515625 602.39654541 -194.752990723 1261.35900879 152.575592041 89.0311126709 1524.55737305 570.877319336 -442.397460938 1189.12182617
0.0282459259033 8 564.924560547 -123.779708862 1481.18359375 614.506225586 270.330749512 1519.29052734 575.912963867 53.5344924927 1634.2578125 588.506103516 47.8347091675 1323.11645508 355.662658691 -43.7747192383 1655.44799805 605.635070801 -183.601470947 1258.21813965 147.182052612 71.8142166138 1517.02941895 576.443603516 -441.847290039 1187.71411133
0.0411760807037 8 564.485961914 -124.243995667 1479.24060059 614.126464844 270.879211426 1518.5333252 574.537719727 54.7171859741 1634.70617676 588.544433594 50.4530563354 1320.49597168 357.27355957 -53.0808410645 1654.08337402 615.240112305 -172.154815674 1253.03674316 144.144210815 49.6853408813 1515.20947266 579.67980957 -441.801849365 1191.12219238
0.0297110080719 8 565.920776367 -126.128105164 1480.77587891 613.527770996 271.13180542 1517.92993164 571.144775391 54.7749099731 1635.51220703 591.633789062 48.0376434326 1320.45849609 354.228485107 -62.2543716431 1652.98718262 615.731018066 -176.172607422 1255.77514648 140.7368927 33.6903686523 1506.41162109 582.862121582 -445.433258057 1190.69348145
0.027587890625 8 566.672729492 -126.701019287 1481.5222168 612.492675781 271.478485107 1517.08337402 569.308837891 56.2186889648 1635.90551758 593.11328125 46.9739685059 1318.92236328 353.15435791 -75.3506011963 1654.17858887 618.700805664 -181.031066895 1258.23974609 134.489212036 16.3023071289 1500.56799316 575.0234375 -451.410644531 1198.71850586
0.0437731742859 8 568.042480469 -127.000930786 1483.22265625 611.605895996 272.075378418 1516.62609863 569.990661621 59.3591842651 1635.35058594 595.039489746 45.8923797607 1318.12915039 355.872497559 -81.6036453247 1652.11535645 622.204040527 -184.151596069 1260.8293457 138.71546936 -9.45406341553 1499.20141602 585.674682617 -448.863342285 1194.80529785
0.0311470031738 8 568.394104004 -127.208473206 1482.92980957 610.937255859 271.543182373 1516.51013184 571.176025391 57.6978530884 1635.6887207 595.120483398 45.8001861572 1318.95703125 373.106262207 -95.6510696411 1647.20581055 621.935180664 -185.061309814 1262.38623047 140.53717041 -30.6110534668 1493.70947266 582.168212891 -450.490356445 1192.65454102
0.0277729034424 8 569.926818848 -127.294029236 1483.45117188 610.752380371 270.642852783 1516.60498047 573.669921875 56.564414978 1635.48608398 593.740722656 44.819732666 1319.92041016 383.50213623 -102.327171326 1646.8449707 618.322998047 -182.65145874 1262.52697754 144.811355591 -53.1370887756 1489.90441895 582.774353027 -447.903991699 1189.37719727
0.0313200950623 8 567.381103516 -133.697097778 1485.36486816 610.182495117 269.870605469 1516.16784668 561.109619141 43.2056732178 1641.50061035 592.870727539 31.9270782471 1319.1385498 365.889251709 -101.256408691 1643.9329834 618.289123535 -192.886077881 1262.31164551 141.435241699 -61.9777603149 1479.55334473 579.838317871 -456.328613281 1186.57458496
0.0403699874878 8 566.574035645 -137.267593384 1484.05493164 609.173095703 268.934448242 1515.61914062 559.040222168 38.7624359131 1635.39489746 590.549743652 22.9370574951 1317.60144043 361.996124268 -102.179168701 1641.44140625 613.419616699 -201.233215332 1260.0324707 153.821960449 -81.8862380981 1482.57446289 578.020385742 -465.599212646 1183.92590332
0.0297410488129 8 566.87109375 -137.492553711 1482.01196289 608.574829102 268.372436523 1515.15185547 561.031799316 38.473236084 1630.27893066 590.285583496 20.1954956055 1315.97766113 362.185119629 -106.097122192 1637.43640137 613.467895508 -204.539611816 1260.12597656 140.17539978 -99.9935455322 1463.29724121 568.173034668 -475.331726074 1194.94335938
0.0328049659729 8 565.661437988 -131.459030151 1478.96520996 607.630310059 268.128234863 1514.71252441 560.903747559 52.5325546265 1629.77941895 582.94329834 29.0625457764 1304.16638184 364.295593262 -115.554512024 1624.30285645 622.948608398 -204.811691284 1264.296875 132.386749268 -119.084403992 1452.08557129 574.383422852 -472.115600586 1199.82043457
0.0306708812714 8 566.532470703 -123.866622925 1473.55761719 606.780639648 268.133850098 1515.26098633 563.058776855 49.0531921387 1631.15283203 589.304260254 40.0471801758 1308.13916016 370.011230469 -133.519561768 1618.0098877 624.726379395 -191.894714355 1263.70288086 128.392532349 -156.078567505 1444.30187988 590.434448242 -449.116882324 1185.30236816
0.0324020385742 8 567.735046387 -110.31539917 1477.18237305 605.153564453 268.956542969 1516.12561035 583.358703613 56.0117492676 1649.27502441 589.840026855 58.3174438477 1308.06970215 370.566772461 -148.152679443 1619.17297363 629.258361816 -176.209701538 1264.92114258 128.729324341 -186.307891846 1435.30664062 580.741882324 -442.29107666 1190.44262695
0.0336880683899 8 571.845703125 -112.612045288 1478.50866699 603.822143555 269.621032715 1516.96240234 585.575622559 45.7529754639 1647.78894043 603.721374512 58.0475616455 1324.2911377 374.2265625 -163.173843384 1619.88867188 629.144775391 -156.543746948 1261.92297363 126.630020142 -212.658493042 1432.94335938 595.325500488 -418.604492188 1181.76928711
0.038076877594 8 576.143676758 -103.095664978 1483.84277344 602.910705566 269.956665039 1517.46337891 598.428833008 31.7482070923 1673.45581055 616.902954102 74.4565811157 1337.39648438 384.252838135 -180.638763428 1617.92687988 634.745544434 -131.578521729 1262.36804199 118.586212158 -243.563461304 1425.13659668 605.659545898 -395.118774414 1181.91479492
0.0341060161591 8 577.65838623 -92.3723297119 1482.56933594 601.76184082 270.859924316 1518.36584473 602.292358398 44.9064025879 1668.49169922 622.815185547 88.3237915039 1343.53979492 398.973815918 -189.230148315 1614.83190918 637.041870117 -115.81262207 1262.47973633 117.155548096 -261.690979004 1424.64355469 607.429443359 -380.34664917 1182.87731934
0.0340449810028 8 577.294921875 -86.1062393188 1482.26074219 601.375366211 271.376251221 1519.06420898 600.366882324 53.0322036743 1665.50012207 624.011413574 95.063117981 1346.37927246 407.668823242 -188.952301025 1614.80554199 634.689697266 -101.328208923 1262.1418457 117.433288574 -273.27633667 1425.39477539 605.336791992 -380.277557373 1179.76989746
0.033539056778 8 578.044799805 -82.5669708252 1483.32543945 600.758239746 272.153656006 1519.23547363 599.108703613 57.4550933838 1664.64221191 623.937316895 97.7989959717 1348.09338379 419.452178955 -185.362167358 1615.00378418 633.766113281 -95.3036804199 1264.17346191 132.943206787 -273.81338501 1434.25622559 597.200378418 -380.105987549 1185.00866699
0.0305609703064 8 576.966796875 -81.9329452515 1482.27587891 600.678222656 272.913726807 1520.40820312 597.58782959 56.3408355713 1663.73620605 619.262023926 95.3605957031 1343.52844238 422.943511963 -176.522964478 1612.66027832 634.009155273 -105.10484314 1265.81689453 124.34552002 -267.907104492 1427.38293457 604.629089355 -377.90625 1174.07617188
0.0326819419861 8 578.141418457 -82.3896255493 1481.96789551 601.16583252 273.174377441 1521.94702148 597.818908691 53.8115615845 1662.34265137 620.238586426 92.7848587036 1344.07385254 425.565551758 -174.741790771 1610.76220703 631.11920166 -102.946983337 1264.21264648 133.136077881 -261.913208008 1432.14550781 603.065490723 -377.550994873 1177.71838379
0.0365211963654 8 577.88104248 -81.1435317993 1478.3104248 601.593078613 273.407623291 1522.97021484 597.828674316 56.6976470947 1658.0279541 617.437805176 93.3642883301 1338.0291748 427.084716797 -175.708908081 1611.91064453 631.786682129 -104.219665527 1263.91064453 136.387115479 -254.896255493 1438.43737793 602.061828613 -378.272521973 1177.24182129
0.0341148376465 8 579.354248047 -83.0479354858 1474.31188965 602.293640137 273.404510498 1524.09643555 597.095581055 48.5404510498 1657.19848633 620.24206543 95.1868286133 1341.50219727 427.349365234 -179.963989258 1613.07299805 633.297668457 -102.121459961 1263.58276367 136.557861328 -246.893768311 1439.40930176 604.452819824 -366.269714355 1178.71740723
0.0364401340485 8 579.505493164 -84.6947021484 1472.66552734 602.931213379 274.767211914 1528.52819824 596.376647949 44.7038879395 1657.49536133 622.711486816 95.4062194824 1342.71313477 426.198303223 -183.883468628 1613.34594727 634.854614258 -103.026504517 1264.09387207 136.160186768 -235.342773438 1440.92138672 600.462158203 -362.015319824 1177.25354004
0.0309498310089 8 579.896179199 -85.0449676514 1474.80700684 603.489440918 274.375610352 1527.8861084 597.648681641 48.5413818359 1656.28369141 622.230102539 92.8760375977 1341.96777344 426.323120117 -184.469146729 1613.48071289 637.947143555 -108.214981079 1264.78881836 132.149230957 -216.856735229 1439.24621582 598.28326416 -372.158447266 1173.98706055
0.0279490947723 8 579.626464844 -84.763633728 1474.23925781 604.230407715 274.090484619 1527.22387695 597.762817383 51.408782959 1655.46728516 619.294433594 93.0806427002 1338.17529297 425.355957031 -184.749328613 1613.88952637 638.48059082 -104.83505249 1266.57739258 129.721252441 -191.009902954 1441.25048828 606.424987793 -354.983032227 1177.80236816
0.0407938957214 8 579.621154785 -86.9479293823 1472.91931152 604.578613281 273.568206787 1526.21936035 597.32409668 47.964012146 1655.97644043 619.126098633 93.1970443726 1338.71130371 417.914916992 -190.138641357 1615.08837891 640.60748291 -110.575172424 1268.25671387 132.790649414 -172.354019165 1450.58996582 604.009399414 -357.510772705 1176.20800781
0.0301342010498 8 577.611450195 -94.3667221069 1471.67749023 605.337280273 273.292297363 1526.36999512 594.477661133 44.5937423706 1656.45397949 621.623779297 89.1005172729 1336.9942627 413.984741211 -191.08605957 1618.92346191 641.010803223 -117.004905701 1269.16162109 128.108337402 -146.405502319 1451.94006348 606.236694336 -352.142547607 1176.15332031
0.0270538330078 8 575.79473877 -99.2558059692 1469.79296875 606.466369629 273.098846436 1527.25244141 591.55847168 42.4664077759 1654.02990723 623.906860352 84.7057876587 1335.18103027 414.187683105 -189.100952148 1619.4675293 635.422424316 -101.533103943 1291.29956055 129.927276611 -122.59072113 1464.56176758 606.430541992 -351.881835938 1176.38122559
0.0330591201782 8 577.611328125 -105.783592224 1476.61877441 607.745178223 272.965118408 1528.27490234 599.144958496 47.784072876 1653.05151367 616.582580566 77.3163452148 1334.73510742 423.15536499 -180.220535278 1621.6796875 626.294189453 -113.029541016 1284.94494629 137.770935059 -86.7499771118 1474.63354492 598.088378906 -356.996551514 1173.52233887
0.0303299427032 8 576.858154297 -113.64099884 1471.7701416 609.145568848 272.885650635 1529.15234375 597.194335938 40.3394012451 1637.70556641 614.92590332 61.405090332 1331.88500977 423.132781982 -165.532455444 1623.95544434 625.67791748 -130.203552246 1281.55664062 138.854919434 -49.1876068115 1482.66748047 596.709838867 -370.3800354 1172.80297852
0.0313820838928 8 577.065856934 -112.296714783 1473.31762695 611.930664062 271.570404053 1528.90527344 597.729431152 42.1314849854 1643.39282227 614.299255371 66.6041564941 1332.57373047 399.449310303 -151.650650024 1635.98632812 622.985351562 -131.314880371 1276.94226074 137.909423828 -31.0007400513 1485.33447266 595.09564209 -365.478271484 1171.64758301
0.0354609489441 8 575.09765625 -110.522918701 1468.79650879 612.721130371 270.732269287 1528.14831543 599.870605469 34.4537506104 1639.63256836 610.824951172 64.6939239502 1331.5390625 392.683502197 -138.690322876 1639.58544922 616.907897949 -134.977539062 1272.14953613 144.057983398 -7.64768981934 1490.05334473 580.894104004 -368.315124512 1169.9342041
0.0416638851166 8 572.612060547 -117.845535278 1468.92712402 614.056396484 270.076873779 1527.43054199 592.814086914 29.152557373 1636.16906738 608.645751953 55.1837463379 1332.00036621 361.07434082 -116.901489258 1642.86889648 612.299926758 -148.835403442 1267.46130371 143.2421875 27.6496124268 1490.54785156 588.153686523 -365.98626709 1174.96069336
0.0336802005768 8 573.093994141 -117.660255432 1467.43518066 616.541687012 269.761566162 1526.67041016 594.430664062 28.1974029541 1631.81774902 607.474121094 53.9294509888 1332.80090332 362.09954834 -107.998580933 1643.83544922 606.907958984 -151.988830566 1266.49047852 148.727920532 43.6630706787 1495.94995117 584.08807373 -368.229248047 1169.63220215
0.0289888381958 8 571.641174316 -121.075386047 1463.16589355 618.826904297 269.700958252 1525.9987793 591.369567871 25.8614196777 1616.12060547 604.905822754 43.2400131226 1331.75537109 349.972167969 -72.3935470581 1639.82836914 603.308349609 -163.17565918 1266.39648438 147.496063232 75.7468185425 1494.71765137 584.268066406 -385.602325439 1169.08984375
0.0303001403809 8 577.302062988 -120.523239136 1469.45544434 620.132446289 269.415161133 1525.31201172 596.856140137 24.3128662109 1623.33190918 621.562316895 46.4812011719 1346.2142334 346.246063232 -67.352142334 1638.95935059 601.49005127 -149.913879395 1262.53686523 143.779800415 82.5307006836 1491.59875488 580.342773438 -373.670898438 1172.09106445
0.0351319313049 8 575.456176758 -123.982185364 1467.63378906 621.555847168 269.049041748 1524.80725098 591.865234375 20.7265472412 1624.16223145 616.06640625 42.7355041504 1340.09118652 337.508666992 -61.2473373413 1637.82568359 600.84765625 -146.942825317 1258.21398926 147.006393433 93.5506057739 1487.46911621 579.963745117 -393.500335693 1167.29760742
0.0305800437927 8 574.950744629 -125.365577698 1465.11450195 624.545166016 267.618835449 1522.97802734 589.894958496 18.8623199463 1626.20507812 611.992004395 45.6048583984 1337.16040039 331.017486572 -58.5399856567 1637.37036133 602.295593262 -143.840286255 1256.82519531 139.64982605 100.123573303 1479.76647949 580.541992188 -399.558624268 1168.49060059
0.0310430526733 8 573.909240723 -130.732040405 1460.33789062 625.534973145 267.086151123 1523.07507324 587.071716309 19.0222930908 1622.79650879 612.266662598 48.3798599243 1336.07971191 327.667633057 -52.2103652954 1637.19812012 602.117919922 -151.450195312 1256.70495605 142.969329834 99.0102767944 1479.32470703 579.156066895 -407.606994629 1168.85351562
0.0332329273224 8 571.065734863 -132.533340454 1457.33288574 626.544494629 267.14364624 1522.64111328 584.753417969 18.2515106201 1620.79443359 609.297851562 49.1752090454 1334.19287109 326.975585938 -50.4884338379 1637.75317383 602.089477539 -152.492431641 1255.0793457 137.996170044 92.6655883789 1483.35571289 577.216491699 -418.604187012 1172.0625
0.0318858623505 8 566.838134766 -130.445281982 1453.54150391 631.244628906 266.751098633 1519.41442871 580.351745605 23.6907196045 1621.18225098 600.396057129 54.4340591431 1324.16809082 325.339477539 -43.5100784302 1638.25402832 604.879577637 -156.070556641 1253.92797852 140.807937622 89.5932388306 1480.28149414 575.626647949 -434.380401611 1173.41833496
0.0313601493835 8 563.75592041 -122.877288818 1458.27062988 634.417236328 266.410705566 1516.3918457 574.770751953 35.4897460938 1615.78479004 593.173217773 47.1216964722 1315.97814941 327.899688721 -32.7131729126 1640.91503906 607.131713867 -168.556793213 1253.39367676 143.201568604 85.2620925903 1481.21557617 577.30670166 -446.495849609 1175.05371094
0.0358300209045 8 564.4921875 -115.797065735 1464.81323242 636.599975586 265.446075439 1513.65808105 569.386474609 50.4934310913 1617.71960449 590.917236328 42.9470748901 1306.19763184 324.344543457 -19.7533416748 1641.90185547 614.642944336 -180.962646484 1254.42321777 131.036865234 86.7461242676 1476.625 584.69140625 -462.279022217 1175.38232422
0.0318558216095 8 566.25592041 -116.604499817 1465.56030273 637.351013184 265.007843018 1512.48962402 564.874816895 58.5255889893 1617.8996582 584.141784668 42.6661071777 1297.65356445 319.533447266 -11.1231384277 1641.24621582 620.741333008 -189.486587524 1256.08044434 124.438323975 80.2796630859 1467.98278809 587.100036621 -477.281921387 1173.74291992
0.0319890975952 8 563.824462891 -115.435523987 1463.0703125 636.148193359 265.355651855 1512.59606934 567.199890137 63.5090484619 1619.91662598 577.217590332 47.1280212402 1289.78723145 321.7109375 -17.8220977783 1640.89611816 628.418273926 -192.061096191 1265.05334473 122.259155273 67.468132019 1464.97644043 589.604370117 -477.814941406 1174.30578613
0.0361139774323 8 564.108337402 -116.848937988 1463.81494141 635.659484863 265.626647949 1512.24462891 568.256774902 62.4473800659 1622.29711914 577.373962402 46.3738479614 1289.27734375 321.171813965 -38.5908050537 1638.21850586 632.605712891 -191.498474121 1269.38500977 123.34375 43.285446167 1461.38342285 589.784790039 -476.567138672 1174.80200195
0.0318789482117 8 564.429016113 -117.915313721 1464.28869629 636.504882812 265.870880127 1510.32080078 569.272033691 63.1378936768 1623.13317871 575.827575684 44.6934356689 1286.9083252 322.725616455 -48.1565093994 1634.56799316 636.489501953 -192.5050354 1272.56774902 122.162734985 22.9472885132 1455.22900391 591.781982422 -476.198272705 1177.11865234
0.0319211483002 8 573.35534668 -119.011634827 1474.49853516 636.715698242 265.632904053 1508.97265625 578.919311523 69.686050415 1627.66918945 582.488647461 39.8073120117 1290.67211914 327.486022949 -70.6143035889 1619.05493164 644.482971191 -183.594573975 1275.9329834 110.705963135 -9.47819137573 1441.76049805 595.163085938 -470.392944336 1183.12316895
0.0362529754639 8 575.462341309 -116.354660034 1473.37060547 636.075012207 266.425262451 1509.36364746 586.451049805 67.6107711792 1628.09484863 584.89831543 42.1696929932 1292.58166504 342.138916016 -91.8576431274 1608.79882812 644.446899414 -175.49949646 1274.94946289 109.72203064 -39.0472869873 1436.18896484 596.865112305 -459.478820801 1184.03308105
0.0356850624084 8 577.696166992 -116.486175537 1477.265625 635.48626709 266.959899902 1509.29455566 587.388977051 68.0692672729 1629.7277832 590.850036621 43.3890686035 1299.31542969 351.196929932 -101.888313293 1606.76220703 649.061523438 -170.954528809 1278.23486328 116.523117065 -72.3111724854 1441.16870117 600.30255127 -452.051330566 1189.91430664
0.0333697795868 8 576.910644531 -112.014068604 1479.65856934 634.689819336 267.554870605 1509.43432617 584.563049316 52.0835800171 1635.5802002 614.24029541 50.6229019165 1326.51184082 353.891967773 -124.236320496 1605.97851562 653.79284668 -152.543548584 1280.39355469 109.298477173 -115.321029663 1437.32592773 589.745605469 -437.292266846 1195.34533691
0.0349061489105 8 577.911682129 -108.309906006 1478.34338379 633.982910156 267.386413574 1509.8828125 585.590454102 44.8584136963 1637.7779541 621.708129883 54.8726348877 1335.54187012 359.497314453 -136.943771362 1607.5189209 656.584228516 -146.035980225 1282.84277344 108.292480469 -147.41003418 1431.89624023 596.03717041 -426.464630127 1194.16003418
0.0314009189606 8 578.987731934 -109.052719116 1472.97094727 633.384887695 267.281799316 1510.2409668 583.481445312 33.98802948 1638.46728516 624.758544922 58.5703201294 1340.0144043 357.738586426 -164.346710205 1594.77783203 655.057373047 -140.343383789 1280.81689453 104.861343384 -171.178314209 1425.19384766 599.028320312 -418.170074463 1193.02856445
0.0326409339905 8 579.322875977 -106.314353943 1473.74914551 632.478637695 268.054260254 1510.19946289 585.680236816 37.1554870605 1642.96374512 616.949890137 60.0561065674 1331.75378418 364.813171387 -160.952590942 1597.49572754 656.243530273 -143.514831543 1281.51782227 107.789367676 -181.4868927 1425.80615234 590.68371582 -450.498260498 1205.72436523
0.0326211452484 8 581.840148926 -104.215278625 1477.31677246 630.997009277 268.869049072 1510.49914551 592.240539551 40.0205841064 1648.87585449 610.024108887 60.7030334473 1327.80993652 375.301513672 -162.694976807 1600.69934082 651.938842773 -144.989212036 1279.51953125 112.07409668 -193.867218018 1425.96203613 596.053833008 -423.455627441 1194.88452148
0.0317709445953 8 582.036437988 -103.703781128 1477.69384766 627.975646973 269.742858887 1512.08251953 592.545410156 42.3209762573 1651.01086426 610.419189453 62.7754592896 1326.19616699 392.776397705 -165.899658203 1603.38378906 654.352355957 -143.831848145 1280.1262207 113.024688721 -202.100784302 1428.91967773 596.32043457 -427.116607666 1198.57556152
0.0317869186401 8 582.408081055 -102.862220764 1476.4810791 625.311523438 270.40802002 1514.13098145 592.090270996 43.7153625488 1651.44274902 611.489685059 66.428024292 1325.86413574 385.567077637 -166.703186035 1602.41674805 655.266723633 -141.014694214 1280.80432129 107.394073486 -211.393341064 1428.20568848 600.220581055 -418.970336914 1197.11816406
0.0358090400696 8 583.740600586 -103.479385376 1477.30834961 623.567565918 271.200042725 1516.08374023 591.684020996 48.2287063599 1650.65661621 612.684143066 67.0604171753 1324.97131348 384.104766846 -169.824676514 1598.46350098 656.867004395 -140.628082275 1280.63891602 110.244567871 -212.588653564 1429.4329834 602.416931152 -419.351287842 1197.91540527
0.0320270061493 8 582.782592773 -102.690803528 1477.07714844 620.53515625 272.692474365 1520.09375 592.542297363 51.8315582275 1650.77514648 611.408630371 68.5767822266 1322.18554688 387.00958252 -169.473510742 1596.90673828 658.761474609 -141.161117554 1282.14746094 108.953552246 -214.823410034 1429.21374512 601.921020508 -423.562133789 1196.93725586
0.0318331718445 8 583.527099609 -98.7617645264 1478.19665527 619.622070312 273.011352539 1520.64746094 596.376037598 56.4276580811 1653.99328613 609.557067871 73.0347747803 1320.20373535 390.244567871 -171.939941406 1596.47729492 659.478881836 -138.532318115 1283.14172363 109.243469238 -217.19303894 1429.4342041 603.328979492 -415.445739746 1198.08850098
0.0360968112946 8 583.656799316 -93.9905395508 1477.38183594 619.306396484 273.353851318 1522.05895996 596.829406738 56.2720184326 1656.2331543 606.683776855 75.4784393311 1317.7253418 390.587768555 -172.89994812 1594.9185791 659.282653809 -139.361541748 1284.12194824 107.83493042 -217.420944214 1428.28845215 602.161987305 -415.790863037 1197.22692871
0.0319211483002 8 581.952026367 -90.0483169556 1474.60192871 617.95098877 274.493865967 1525.12194824 595.785339355 66.0080947876 1658.18762207 600.653869629 82.3977432251 1306.78869629 392.524902344 -172.314056396 1596.01916504 661.679260254 -141.205963135 1284.67883301 107.750305176 -214.450622559 1428.89855957 603.17175293 -418.003540039 1195.76403809
0.032222032547 8 580.815795898 -90.2150344849 1473.15869141 616.673095703 275.670776367 1528.33984375 594.39251709 66.1001663208 1658.05041504 599.239440918 82.6521987915 1304.09875488 390.698150635 -170.934082031 1598.03015137 662.853210449 -140.969207764 1284.77062988 107.263824463 -212.392654419 1427.02392578 603.054382324 -419.081329346 1194.69262695
0.0359427928925 8 579.090942383 -86.2760543823 1474.00061035 617.844665527 275.015228271 1528.34570312 591.50402832 66.7981185913 1658.53894043 603.758056641 84.0932235718 1306.6505127 390.52166748 -177.614562988 1598.93334961 665.321899414 -135.811950684 1283.79943848 104.574462891 -218.14666748 1422.63354492 604.367553711 -414.125183105 1192.91162109
0.0324530601501 8 577.572753906 -83.6944580078 1474.88842773 617.080688477 275.278198242 1530.06530762 589.748291016 68.587272644 1658.15112305 604.183105469 83.0151748657 1306.29711914 392.403747559 -174.162536621 1599.9465332 665.153991699 -129.320068359 1274.63513184 104.883148193 -216.977706909 1417.33374023 603.680725098 -415.665313721 1189.7980957
0.0318491458893 8 577.920532227 -77.5549468994 1478.92651367 617.472839355 274.949584961 1529.76098633 590.436462402 75.0222473145 1658.8807373 604.227478027 81.5884399414 1306.29577637 394.222076416 -167.102371216 1601.69567871 664.875854492 -136.787078857 1276.29663086 105.550109863 -217.685745239 1410.60949707 600.789916992 -424.268127441 1188.02856445
0.0357468128204 8 577.93572998 -71.0074310303 1482.3215332 617.479248047 274.932617188 1530.56347656 592.841064453 81.3212814331 1660.07116699 604.80871582 88.5942764282 1312.53845215 402.18371582 -165.279754639 1607.19262695 663.734985352 -142.385192871 1278.44750977 104.966430664 -215.031524658 1413.16943359 608.857788086 -428.374938965 1179.6541748
0.0322370529175 8 577.665771484 -71.7173080444 1479.56335449 617.226135254 274.886077881 1530.8737793 594.471252441 78.3554458618 1659.5871582 604.414733887 88.2045974731 1309.49755859 412.566467285 -168.866912842 1612.81994629 664.032043457 -139.628051758 1280.77404785 101.005859375 -231.402679443 1408.28271484 609.989013672 -422.267181396 1175.51037598
0.032026052475 8 579.354370117 -72.1264648438 1479.18920898 616.401062012 275.10736084 1531.02087402 597.005432129 77.5289306641 1659.3302002 605.247619629 91.659942627 1312.86828613 439.053771973 -162.1381073 1640.7512207 661.690734863 -136.200836182 1281.33728027 111.956451416 -245.926635742 1422.83520508 607.500732422 -416.68460083 1173.31652832
0.0357639789581 8 584.577087402 -76.0517044067 1485.70471191 615.853820801 275.086730957 1531.18664551 598.461303711 60.6804046631 1657.34338379 628.388549805 85.9410400391 1343.6229248 452.48223877 -178.637924194 1651.71618652 659.661682129 -114.725814819 1283.21740723 135.971893311 -275.873657227 1455.01513672 592.122070312 -405.858215332 1178.39282227
0.032299041748 8 587.253295898 -80.6373825073 1490.22460938 615.407409668 274.776672363 1531.2598877 604.156494141 48.1944198608 1658.84069824 635.419067383 82.8647689819 1362.70251465 459.897888184 -173.707550049 1653.02746582 656.556030273 -127.137962341 1280.96032715 165.616760254 -278.548461914 1468.83850098 589.842224121 -419.804138184 1170.75109863
0.0355520248413 8 587.944335938 -82.9428634644 1501.74645996 615.180664062 274.101745605 1530.03137207 607.888366699 61.3560409546 1658.95031738 637.639099121 72.7638473511 1363.11437988 467.440246582 -181.335479736 1645.45166016 656.141784668 -135.425598145 1280.6171875 195.186248779 -297.809814453 1480.62768555 591.202453613 -423.732452393 1164.38708496
0.0322768688202 8 590.615722656 -81.9138641357 1500.06164551 615.464782715 273.925415039 1529.24389648 608.715881348 65.3455505371 1658.39770508 638.672912598 76.7463378906 1360.05908203 471.977874756 -185.769622803 1642.88098145 656.142089844 -137.562088013 1276.08056641 223.393508911 -323.470336914 1494.19592285 590.051940918 -427.898498535 1163.9473877
0.0320861339569 8 589.483154297 -85.6035842896 1498.87475586 615.578125 273.804534912 1528.88122559 605.49206543 64.4385147095 1656.51025391 640.312133789 76.6292190552 1362.07250977 476.470367432 -198.016082764 1638.4185791 653.470703125 -155.53036499 1264.91381836 239.861068726 -362.427490234 1500.45825195 590.737609863 -423.885955811 1165.89538574
0.0357568264008 8 593.904785156 -95.1874694824 1489.2911377 615.962036133 272.954223633 1527.68933105 604.046264648 55.5688171387 1653.43774414 642.532226562 79.7784423828 1359.68896484 474.863952637 -207.382446289 1635.96691895 653.835510254 -159.141113281 1256.4909668 260.981079102 -405.55569458 1503.90393066 592.755187988 -410.924194336 1163.70617676
0.0319170951843 8 593.89630127 -98.8047332764 1488.52453613 616.671569824 271.960357666 1526.28674316 599.100341797 56.1110534668 1652.67431641 647.071411133 77.313079834 1357.65771484 474.938446045 -206.537536621 1634.47717285 656.429199219 -159.18057251 1251.52990723 293.6534729 -432.975219727 1514.61877441 592.170288086 -410.713500977 1166.20825195
0.0320370197296 8 599.598022461 -108.507881165 1487.49328613 616.992492676 271.832641602 1525.41894531 592.315124512 56.2025527954 1656.71606445 662.883239746 76.0394973755 1354.2409668 481.771728516 -201.552368164 1630.98999023 661.602966309 -143.588348389 1251.76147461 312.043060303 -472.201141357 1516.49890137 595.371459961 -403.680206299 1168.60754395
0.0357129573822 8 609.598571777 -96.1084823608 1502.9095459 616.681274414 271.851135254 1524.86083984 596.939575195 63.9575119019 1670.04541016 664.399414062 77.5367660522 1359.52197266 500.315124512 -202.365570068 1634.08166504 660.75958252 -131.503692627 1252.46142578 337.743743896 -468.875396729 1546.62756348 594.687438965 -397.941314697 1167.73876953
0.0322301387787 8 615.33203125 -88.1871032715 1505.47839355 615.920959473 272.196075439 1524.2434082 609.893798828 65.234336853 1672.2746582 649.412231445 81.0846633911 1358.59619141 520.047912598 -182.030517578 1652.80200195 644.991699219 -131.27142334 1250.28051758 410.528442383 -524.334472656 1549.16125488 584.862609863 -391.614074707 1165.07580566
0.0317988395691 8 613.687316895 -85.5057296753 1505.71960449 615.146484375 272.830810547 1523.53442383 609.688964844 72.6028366089 1668.87243652 647.99230957 82.9431686401 1357.1217041 543.445373535 -165.099884033 1680.47045898 647.782592773 -128.66104126 1251.09875488 407.102355957 -504.291473389 1566.11352539 582.967834473 -394.06930542 1163.13903809
0.0360579490662 8 603.257324219 -96.8346176147 1490.53833008 613.785827637 273.634796143 1523.31201172 592.393676758 83.7827529907 1618.98950195 659.349487305 52.4532241821 1336.24267578 543.391662598 -124.811500549 1676.39050293 652.066467285 -154.522705078 1254.34204102 406.912231445 -470.497131348 1568.28479004 590.797058105 -415.774719238 1167.22753906
0.0319700241089 8 598.505310059 -106.719841003 1498.73071289 612.421264648 273.83215332 1522.42919922 592.06652832 82.6645278931 1636.74658203 665.448120117 54.879524231 1342.65185547 538.931152344 -129.418426514 1678.46862793 656.703125 -156.475036621 1256.21191406 400.344604492 -472.095123291 1587.37780762 579.661071777 -336.701751709 1171.66870117
0.031877040863 8 599.723754883 -108.802078247 1499.17834473 610.949035645 274.030273438 1522.1237793 594.609436035 77.6058425903 1643.14575195 664.13470459 55.439781189 1343.04858398 542.176513672 -130.401031494 1688.36157227 655.54864502 -155.433135986 1253.9630127 401.115783691 -453.89553833 1603.9083252 581.462524414 -337.26965332 1171.92272949
0.0361731052399 8 601.010498047 -110.031143188 1501.71630859 609.937744141 274.128082275 1521.62927246 598.349243164 76.898651123 1645.78894043 663.315429688 53.3712463379 1343.20910645 543.065734863 -114.034927368 1688.60949707 649.966125488 -156.074234009 1251.15844727 408.540924072 -430.224243164 1626.42333984 576.625854492 -334.624816895 1170.03198242
0.0315778255463 8 601.914428711 -107.822242737 1502.49365234 609.364013672 274.826507568 1521.11486816 601.017822266 79.9440155029 1646.38928223 662.127807617 57.245513916 1344.09558105 545.455078125 -111.873962402 1691.25402832 642.119384766 -136.724578857 1236.08044434 413.648956299 -414.085693359 1639.90026855 593.61151123 -403.416381836 1156.06762695
0.0319550037384 8 597.82611084 -101.065086365 1493.02648926 608.308044434 275.871307373 1521.20019531 611.195007324 75.3838272095 1647.36291504 653.710266113 64.7859573364 1336.49182129 552.514648438 -109.707649231 1693.3659668 632.038208008 -124.243019104 1226.55432129 427.213684082 -402.768127441 1657.48120117 578.79699707 -418.321411133 1161.96801758
0.0362961292267 8 588.822753906 -84.0772857666 1483.49023438 607.112426758 277.28503418 1520.95214844 608.075439453 83.2928466797 1645.57006836 652.151733398 77.8578796387 1327.22192383 548.570861816 -82.5994415283 1694.15063477 635.719055176 -124.996032715 1225.07080078 420.30078125 -375.260070801 1672.4987793 616.440368652 -370.032836914 1141.79418945
0.030956029892 8 575.695800781 -67.6730117798 1474.47424316 605.890075684 278.668945312 1520.796875 608.764709473 98.973487854 1642.36828613 625.951599121 99.3652114868 1311.30065918 536.86932373 -39.0851974487 1693.79455566 639.290588379 -133.290710449 1223.83422852 429.939147949 -333.928253174 1695.02075195 634.003234863 -373.966003418 1174.84362793
0.032693862915 8 568.858215332 -59.4713363647 1469.84191895 605.024047852 280.43838501 1520.95275879 610.957458496 101.312469482 1640.70593262 611.00982666 106.568191528 1304.09387207 621.750305176 -102.037200928 1687.2199707 638.716064453 -123.470993042 1224.59326172 423.414794922 -303.723937988 1724.72790527 587.853820801 -425.452392578 1148.13952637
0.0361440181732 8 563.819946289 -51.2758636475 1464.41845703 604.217285156 281.453063965 1521.07006836 609.71282959 101.98210144 1639.42944336 608.566955566 105.473587036 1292.22558594 617.211975098 -102.67767334 1688.2980957 641.077941895 -116.176849365 1225.42028809 422.448699951 -288.211791992 1737.99902344 591.574401855 -417.891265869 1146.23205566
0.0318021774292 8 566.188659668 -46.6013183594 1460.62304688 603.48449707 281.704650879 1520.57702637 613.78503418 100.578491211 1637.91369629 604.223510742 106.027160645 1285.6451416 613.990234375 -104.818572998 1689.04699707 640.144042969 -115.801651001 1224.16455078 423.916259766 -275.298522949 1752.36425781 591.447692871 -416.371704102 1132.59082031
0.0313649177551 8 571.195251465 -44.1047706604 1462.203125 602.518371582 282.187530518 1520.80566406 617.921264648 90.8264007568 1635.48620605 621.661743164 109.403999329 1306.30236816 609.778503418 -110.889816284 1688.05871582 636.717102051 -101.014457703 1225.51696777 420.190429688 -276.078857422 1759.39526367 585.261779785 -418.25869751 1134.2331543
0.0382540225983 8 577.470214844 -50.1795654297 1453.65332031 602.075439453 282.616149902 1520.89001465 633.971557617 62.5296707153 1631.79248047 623.04296875 112.850791931 1315.90844727 616.636474609 -136.238708496 1679.27624512 622.660888672 -74.4605636597 1228.43554688 429.4765625 -281.084533691 1768.42858887 574.939453125 -368.252990723 1136.96948242
0.0325729846954 8 578.290344238 -49.4800071716 1447.22375488 601.960021973 283.473388672 1521.06311035 640.106750488 57.472869873 1630.31164551 618.495788574 125.819038391 1319.02380371 617.954040527 -138.928573608 1675.20751953 615.323669434 -68.9912185669 1229.98852539 568.392578125 -266.995941162 1242.25183105 563.185302734 -367.802124023 1133.06665039
0.0311689376831 8 578.798461914 -48.0395393372 1436.04406738 601.124572754 284.334289551 1521.36694336 639.410827637 43.7965927124 1627.34533691 623.043273926 134.757659912 1320.5814209 613.43951416 -151.720092773 1672.02783203 616.795837402 -53.9528808594 1231.54077148 534.633666992 -272.617034912 1294.34277344 568.65814209 -342.728790283 1135.90527344
0.0360069274902 8 582.437133789 -50.5532493591 1436.8795166 600.431518555 284.637573242 1521.57751465 644.066040039 46.5946426392 1627.38842773 619.916503906 135.345733643 1320.40429688 613.407592773 -149.290740967 1671.53344727 613.31463623 -57.2914581299 1230.85571289 502.792419434 -252.96295166 1347.51464844 562.933959961 -347.630432129 1133.42004395
0.0314362049103 8 590.617492676 -52.360294342 1436.99487305 600.260559082 284.707061768 1521.41491699 659.476867676 45.1916503906 1622.61621094 585.469787598 142.638809204 1333.73657227 622.33996582 -152.36239624 1665.62207031 598.455078125 -57.1683349609 1236.15319824 487.242614746 -245.564605713 1382.81201172 545.537231445 -345.439788818 1138.32299805
0.0320429801941 8 595.501708984 -52.6620635986 1442.1072998 600.374938965 284.973205566 1522.34655762 661.07019043 46.3635482788 1623.17993164 602.233520508 145.255371094 1354.49414062 613.291625977 -146.698272705 1660.88989258 597.063537598 -55.8839416504 1235.76818848 457.49420166 -239.353942871 1413.95690918 545.091430664 -342.921417236 1142.64147949
0.0355730056763 8 592.534606934 -50.5027236938 1441.57946777 600.267272949 285.133239746 1523.57678223 659.565368652 41.8370666504 1623.48681641 606.72845459 148.589157104 1362.38891602 600.344665527 -138.313201904 1659.74707031 599.737915039 -50.2274475098 1237.30273438 428.639923096 -244.018722534 1440.04467773 546.650085449 -341.500396729 1143.56530762
0.0320019721985 8 590.199584961 -51.1807937622 1436.45373535 600.267578125 285.271179199 1524.68811035 657.81427002 38.270690918 1622.55041504 602.612854004 152.576889038 1362.06188965 589.723022461 -125.030563354 1661.24707031 602.082580566 -47.314453125 1238.90124512 415.296813965 -246.02645874 1457.1895752 551.38104248 -335.751190186 1149.33422852
0.0322699546814 8 591.477661133 -54.6936340332 1430.48193359 599.873779297 284.943115234 1525.04760742 653.712341309 36.1966552734 1623.46826172 608.315979004 152.221954346 1351.23266602 576.986938477 -103.165679932 1665.9786377 606.350219727 -46.5553894043 1238.10461426 408.581115723 -247.799972534 1478.94018555 554.75177002 -334.392242432 1146.8894043
0.0355398654938 8 579.153442383 -53.7901115417 1417.28320312 599.797180176 284.394226074 1525.44445801 642.383544922 46.6196899414 1592.88110352 602.202514648 141.041656494 1337.13183594 584.224365234 -84.006729126 1678.74389648 597.653076172 -51.5456848145 1234.41479492 431.764831543 -240.474578857 1495.44152832 545.161560059 -340.623657227 1143.83178711
0.0323300361633 8 572.524719238 -52.8087310791 1417.4855957 599.954528809 284.253173828 1525.95910645 639.108825684 49.2761611938 1588.65466309 596.976867676 140.136688232 1337.93762207 583.048522949 -81.1014785767 1673.02563477 592.593994141 -55.1930847168 1234.09985352 455.54699707 -247.123321533 1528.19189453 543.923217773 -335.598571777 1144.62426758
0.0317549705505 8 581.410583496 -61.1887702942 1426.04467773 599.754943848 284.038909912 1526.9375 640.416381836 40.2143478394 1600.73779297 618.848266602 128.06729126 1342.00537109 573.763122559 -76.1148986816 1669.8638916 594.878173828 -51.7599487305 1231.78027344 463.268280029 -257.758666992 1559.87341309 544.35534668 -337.914306641 1143.98400879
0.0360250473022 8 584.727416992 -65.1535797119 1431.8848877 599.846374512 283.499267578 1527.50488281 641.630249023 32.1940765381 1610.97583008 627.7109375 122.592910767 1344.18164062 586.245361328 -101.1769104 1430.17150879 598.869689941 -48.5848083496 1231.88256836 468.484619141 -259.992431641 1633.34228516 549.712463379 -332.611541748 1145.72155762
0.0319051742554 8 585.936767578 -70.7510910034 1441.83325195 600.286376953 283.623260498 1528.53198242 643.257385254 20.0617523193 1632.91601562 635.671447754 120.7421875 1347.48193359 578.102783203 -105.769989014 1460.79064941 600.78125 -44.2610168457 1232.53857422 473.625701904 -283.487335205 1649.65209961 551.705688477 -330.554901123 1144.29760742
0.032084941864 8 586.710693359 -80.676651001 1445.93884277 600.510559082 282.765899658 1530.29980469 636.139770508 29.2075500488 1630.8482666 643.241577148 105.627960205 1341.9954834 570.172119141 -106.01953125 1475.61486816 605.222229004 -74.4797515869 1227.27001953 464.097167969 -287.466186523 1671.63513184 557.21875 -357.844848633 1141.89367676
0.036013841629 8 586.132629395 -71.8774490356 1457.46923828 600.883850098 282.105957031 1532.1217041 643.805114746 29.4826965332 1642.46704102 634.70489502 105.694900513 1339.4309082 570.170349121 -106.838790894 1493.09216309 600.036987305 -90.9397735596 1227.39221191 470.733734131 -295.35559082 1684.74841309 554.472961426 -367.123352051 1143.1541748
0.0321321487427 8 584.415344238 -68.5641708374 1459.625 601.499938965 281.458343506 1534.47167969 645.971740723 36.813369751 1637.12927246 627.210021973 102.881011963 1336.43151855 575.15612793 -109.569473267 1510.70898438 594.729675293 -98.4055328369 1227.72387695 483.323364258 -304.88482666 1701.0670166 551.60357666 -364.283935547 1145.27661133
0.0357139110565 8 586.572937012 -73.5016555786 1464.35058594 601.696166992 280.645874023 1538.8470459 634.182189941 42.9580535889 1644.80847168 627.046813965 96.4982910156 1330.72229004 567.171630859 -114.722961426 1532.57983398 603.99017334 -112.631729126 1228.95666504 474.733886719 -316.904724121 1712.71630859 564.532531738 -368.508422852 1144.41906738
