0.031397819519 8 626.712036133 -145.226730347 1540.54846191 627.096923828 254.828140259 1619.95532227 635.719604492 50.0386810303 1683.35046387 669.658081055 22.9481658936 1371.80285645 631.516296387 -181.68170166 1750.35266113 679.489318848 -195.019821167 1319.36767578 510.018493652 -406.080047607 1839.35266113 606.613037109 -439.544128418 1225.36315918
0.0324881076813 8 628.276611328 -143.571578979 1544.00280762 627.308288574 253.741409302 1619.13049316 636.812988281 50.711517334 1685.73217773 671.614257812 21.0160827637 1373.88867188 628.102478027 -178.243743896 1751.32568359 680.719482422 -196.378372192 1320.39282227 508.682312012 -405.195709229 1838.40820312 611.901916504 -433.513183594 1217.97424316
0.0372779369354 8 635.29864502 -138.809249878 1545.90539551 627.634399414 253.355300903 1618.19970703 655.955627441 52.1047363281 1695.14306641 678.533630371 28.1285400391 1374.41381836 617.366760254 -179.325393677 1750.7746582 675.687011719 -187.805206299 1318.87109375 502.875671387 -413.064819336 1839.32299805 624.829711914 -429.720733643 1213.32275391
0.0306179523468 8 634.225280762 -139.252441406 1543.29162598 627.92767334 253.089508057 1617.58300781 660.692260742 50.4549102783 1695.1595459 677.055786133 29.1667938232 1371.37927246 613.984008789 -178.770507812 1749.47460938 679.424133301 -185.682449341 1318.28613281 504.514923096 -416.991943359 1839.84619141 620.176757812 -418.993835449 1219.41235352
0.0319311618805 8 633.00592041 -139.300643921 1541.77124023 627.913391113 252.263565063 1616.6361084 657.000854492 49.1194152832 1692.08764648 677.240478516 28.0370483398 1372.31787109 615.443786621 -175.78956604 1749.17163086 680.096923828 -188.578887939 1317.23754883 511.391479492 -410.568115234 1838.52978516 622.294128418 -421.933776855 1223.18115234
0.0360388755798 8 633.25567627 -136.019302368 1540.06896973 627.822387695 252.068389893 1615.36291504 662.588806152 46.6407623291 1693.63708496 679.617004395 30.0316925049 1372.4798584 648.531555176 -194.016494751 1778.10253906 675.640380859 -187.866363525 1317.00976562 509.804962158 -402.507415771 1831.10473633 618.317504883 -428.07611084 1221.79394531
0.0320241451263 8 629.255310059 -135.873641968 1538.76196289 628.0390625 251.831680298 1614.41247559 659.916870117 45.2046356201 1692.66894531 673.084960938 30.3729400635 1371.85473633 646.333862305 -189.922149658 1774.6550293 674.328369141 -189.409164429 1318.86169434 503.566101074 -398.590515137 1832.28210449 612.853149414 -439.723937988 1224.46130371
0.0320339202881 8 628.327636719 -135.922363281 1538.97241211 628.494506836 251.881469727 1614.24829102 659.818359375 42.1391296387 1696.43554688 671.898071289 32.1908569336 1373.64868164 643.869567871 -188.642959595 1772.63098145 676.056396484 -185.972137451 1321.05187988 502.393371582 -397.726989746 1831.65075684 617.940002441 -426.088012695 1222.75585938
0.0359010696411 8 628.179626465 -135.901046753 1539.58374023 629.292114258 251.934326172 1613.29943848 660.356445312 39.8367919922 1700.45471191 671.464355469 33.6427001953 1374.71984863 640.402526855 -188.074050903 1770.60083008 677.343688965 -184.788848877 1320.82653809 495.999389648 -396.287109375 1832.54882812 622.634521484 -419.1796875 1220.73852539
0.0319879055023 8 628.002258301 -138.201583862 1541.99145508 629.234558105 252.230270386 1612.74841309 658.252685547 31.4024505615 1705.73730469 671.960693359 33.7590484619 1383.90698242 634.7265625 -194.868606567 1767.29858398 678.958557129 -176.280700684 1319.5723877 495.407806396 -391.87890625 1831.83728027 625.515441895 -407.774047852 1211.83703613
0.0320460796356 8 628.47479248 -142.195495605 1538.6739502 628.855407715 251.628540039 1612.9519043 658.50402832 31.6079559326 1704.91894531 674.267089844 35.5275115967 1380.35595703 631.402038574 -194.708526611 1765.2434082 679.529541016 -177.348846436 1318.68359375 491.704528809 -387.748596191 1831.45935059 624.839294434 -422.631103516 1218.13134766
0.035740852356 8 628.248779297 -148.596923828 1538.28308105 628.539367676 251.352493286 1612.96118164 657.32043457 30.6206359863 1702.73083496 675.340820312 31.1224975586 1378.62536621 633.794799805 -192.525283813 1754.01953125 679.041564941 -178.953186035 1316.3190918 487.533081055 -383.856384277 1832.85754395 633.349914551 -406.524780273 1215.65734863
0.032121181488 8 629.762451172 -146.93270874 1538.09448242 627.481933594 251.414901733 1613.31018066 657.745605469 31.4848937988 1702.39794922 677.362915039 29.599395752 1376.28491211 636.125610352 -187.921127319 1752.35168457 680.519775391 -182.657104492 1316.24108887 491.972045898 -382.280639648 1832.08081055 613.533813477 -432.67175293 1235.24438477
0.031938791275 8 633.547546387 -145.225570679 1540.66271973 626.671325684 251.657180786 1613.24975586 654.870361328 35.8374023438 1703.01293945 680.987915039 27.4395141602 1374.73388672 634.148803711 -180.619140625 1751.51293945 685.054992676 -189.016342163 1317.43457031 492.086853027 -377.321685791 1832.50354004 622.65625 -438.357910156 1226.9732666
0.0361211299896 8 635.821716309 -145.859985352 1541.69299316 626.299438477 251.804153442 1613.49584961 652.555419922 37.1757354736 1703.62841797 682.760375977 26.6335296631 1374.21728516 633.540649414 -177.709335327 1750.63452148 686.327819824 -191.998413086 1316.77709961 491.592437744 -380.970092773 1831.86035156 630.813659668 -429.133117676 1222.27429199
0.0321359634399 8 638.67578125 -147.52293396 1544.05053711 626.316650391 252.04598999 1613.5480957 650.474182129 38.1493835449 1704.1373291 686.014343262 24.5964355469 1375.60070801 626.095031738 -174.387390137 1751.22912598 686.764709473 -196.622817993 1316.61169434 490.511657715 -385.735168457 1831.1105957 635.043701172 -425.322631836 1222.66137695
0.0358130931854 8 639.960632324 -147.415496826 1553.28686523 625.842285156 252.681304932 1613.72509766 650.546508789 45.1516876221 1704.01745605 685.73840332 15.8353118896 1376.74353027 623.126586914 -169.451370239 1749.65246582 685.906494141 -184.258377075 1338.76586914 491.858520508 -390.9871521 1831.2935791 636.244812012 -430.041290283 1225.25866699
0.0321319103241 8 640.594299316 -148.326080322 1555.62646484 625.890808105 253.511154175 1613.25036621 652.264038086 44.1307525635 1707.64978027 685.054321289 15.3365325928 1378.07409668 623.329650879 -172.175811768 1752.55725098 685.275512695 -170.719467163 1340.2121582 485.607116699 -390.395751953 1827.41955566 635.789794922 -428.291015625 1224.49829102
0.0320069789886 8 639.056335449 -144.770233154 1564.64916992 625.633300781 254.249389648 1613.4876709 656.681030273 51.8691482544 1706.80456543 680.523681641 7.6763458252 1379.64538574 626.41192627 -166.982727051 1751.83947754 680.193847656 -163.378372192 1332.68322754 490.523925781 -388.748687744 1826.71472168 631.983032227 -435.581481934 1222.98632812
0.0357789993286 8 642.572998047 -145.253326416 1572.92700195 625.414123535 254.746383667 1613.18469238 651.984069824 58.1540603638 1705.97619629 685.664733887 1.38165283203 1383.70080566 620.00579834 -163.446807861 1749.07373047 685.21685791 -169.220123291 1337.25061035 492.537994385 -372.932159424 1827.43664551 634.063049316 -443.177215576 1233.72351074
0.0325751304626 8 643.080322266 -145.865829468 1575.22631836 625.050537109 255.422668457 1613.14111328 653.449462891 56.7572631836 1711.7520752 686.19519043 1.44827270508 1384.85144043 616.791931152 -179.905166626 1750.33642578 686.298156738 -167.459732056 1338.74279785 503.865844727 -361.05355835 1835.71984863 630.786865234 -434.390197754 1223.01171875
0.0317838191986 8 643.097717285 -146.56111145 1575.06835938 624.992797852 255.757949829 1612.43273926 653.121520996 56.6893081665 1710.32922363 687.229675293 1.60975646973 1385.84753418 617.95916748 -181.164642334 1751.00720215 695.320251465 -187.411346436 1334.53833008 502.201965332 -362.949981689 1839.16845703 637.081054688 -411.267578125 1219.23425293
0.0359151363373 8 639.991271973 -145.775344849 1576.19116211 624.758666992 256.067199707 1612.82421875 652.643676758 55.5021896362 1714.77954102 684.491699219 3.28079223633 1387.2956543 622.95300293 -174.194396973 1751.7911377 688.776550293 -199.480697632 1330.70361328 499.092987061 -365.79119873 1833.48474121 627.452941895 -427.448547363 1213.22131348
0.0322489738464 8 637.453063965 -139.770599365 1586.87353516 624.938049316 256.446258545 1613.05444336 649.014892578 44.2074432373 1749.33129883 693.52331543 33.4900360107 1421.91552734 617.885131836 -177.437225342 1749.16894531 682.649414062 -206.9737854 1324.65393066 495.081237793 -376.496398926 1818.75830078 632.970397949 -431.994384766 1209.14587402
0.0319619178772 8 638.735229492 -138.466781616 1588.43151855 625.245727539 256.213287354 1612.69189453 660.157653809 41.74609375 1743.65356445 697.336364746 32.8319702148 1432.70019531 614.235961914 -180.507507324 1756.39794922 679.320739746 -218.91267395 1322.4564209 396.503051758 -513.53515625 1591.09118652 626.346008301 -449.213897705 1202.68518066
0.0359361171722 8 631.655944824 -146.530517578 1589.26391602 625.722106934 255.906265259 1613.22473145 651.656555176 37.2669067383 1731.7644043 696.210632324 8.76174926758 1427.38427734 614.185424805 -174.946411133 1757.26867676 679.005126953 -208.56640625 1335.08056641 364.139892578 -477.136108398 1588.96081543 635.79864502 -411.931091309 1211.2355957
0.0323128700256 8 622.294189453 -152.863769531 1587.81347656 626.488891602 254.762908936 1613.78894043 634.958740234 24.6734619141 1733.69311523 692.579467773 -6.71395874023 1424.53149414 606.925720215 -176.106369019 1747.32263184 676.609436035 -221.19593811 1330.70727539 318.767028809 -434.429199219 1572.95361328 605.360046387 -416.483734131 1211.44750977
0.0318291187286 8 620.621948242 -155.165267944 1579.56164551 628.973754883 253.189575195 1612.74353027 642.230285645 10.8948669434 1732.3182373 698.008361816 -8.35336303711 1425.1751709 528.008483887 -248.182678223 1673.21704102 662.591430664 -62.7232437134 1412.13452148 279.359313965 -416.477905273 1563.68933105 671.320922852 -335.305389404 1235.18103027
0.0358679294586 8 622.084716797 -159.952972412 1573.31591797 631.141845703 251.121643066 1611.38049316 646.272949219 -0.192489624023 1731.15270996 702.508178711 -14.0871124268 1420.75036621 522.160522461 -251.259353638 1668.76782227 675.405639648 -34.1816482544 1423.44396973 247.350158691 -387.02935791 1553.72021484 627.453735352 -388.831115723 1204.75439453
0.0323910713196 8 629.002563477 -146.24559021 1580.49389648 631.89465332 251.21043396 1610.80322266 655.891113281 18.8417816162 1733.66699219 708.810668945 0.75358581543 1427.32446289 526.236877441 -236.00088501 1667.69213867 670.831970215 -47.960018158 1419.50585938 266.112518311 -346.748352051 1577.34680176 632.64642334 -370.001586914 1223.70727539
0.0318179130554 8 639.351135254 -146.818206787 1576.84289551 632.865539551 251.258590698 1609.87817383 664.366882324 18.9183349609 1731.56689453 698.528869629 14.5316162109 1426.84863281 532.665222168 -233.89100647 1671.16027832 664.21270752 -68.1383132935 1393.73522949 210.45892334 -301.957946777 1511.47753906 653.444091797 -331.893341064 1233.15576172
0.0357980728149 8 635.570739746 -141.288314819 1579.01318359 635.922607422 250.607269287 1607.42993164 658.756835938 26.8107910156 1733.17602539 700.24987793 23.1752319336 1432.96679688 503.102661133 -228.118331909 1675.92175293 670.127319336 -134.617019653 1319.57763672 203.66607666 -280.887176514 1501.53027344 609.122436523 -419.620056152 1200.67712402
0.0325179100037 8 626.306640625 -135.24822998 1579.51660156 637.530578613 249.822189331 1605.11486816 654.911437988 22.071182251 1746.68286133 694.602111816 35.5817108154 1439.28393555 490.762878418 -231.069885254 1669.13256836 669.459838867 -124.048950195 1322.02258301 190.923095703 -290.739624023 1493.85302734 605.148864746 -423.970062256 1209.38830566
0.0317060947418 8 622.689331055 -133.811599731 1577.10510254 637.663391113 249.936691284 1604.7479248 656.646484375 18.8369903564 1740.80712891 690.985839844 35.672958374 1443.44970703 483.344665527 -223.183227539 1667.65710449 670.511901855 -126.727554321 1324.44726562 192.164611816 -271.985290527 1504.20727539 602.80682373 -443.249572754 1208.12011719
0.0358879566193 8 623.322509766 -133.809616089 1576.36425781 638.164306641 250.289245605 1604.33630371 650.856628418 23.9117279053 1735.73059082 691.038635254 37.0735931396 1445.0423584 450.812561035 -222.547210693 1657.18310547 674.427429199 -131.918609619 1326.68322754 195.973587036 -264.078521729 1496.93725586 623.834228516 -409.174224854 1305.79187012
0.0320930480957 8 622.919250488 -137.456207275 1569.14355469 639.549072266 250.509979248 1603.23937988 643.975280762 21.1315155029 1731.60229492 684.37286377 30.409286499 1427.61230469 451.100524902 -220.756134033 1654.77416992 673.069885254 -165.00189209 1324.11315918 193.150512695 -272.401031494 1490.31860352 611.641845703 -438.314453125 1213.50195312
0.0320198535919 8 622.090637207 -137.889907837 1564.81311035 640.131774902 250.525604248 1602.92431641 638.733337402 22.8468475342 1728.17004395 676.059631348 29.4315338135 1416.86096191 451.938751221 -215.072463989 1654.75915527 672.295898438 -178.010742188 1324.04760742 195.266693115 -273.65133667 1491.80969238 617.608581543 -444.980255127 1215.51464844
0.0356471538544 8 626.108215332 -135.642486572 1562.87780762 640.911376953 249.97996521 1602.96276855 639.474914551 26.4418029785 1729.13195801 665.00201416 31.2148132324 1405.5994873 457.201049805 -206.320480347 1659.19580078 676.030517578 -170.614852905 1326.05151367 207.950317383 -265.396728516 1504.50158691 621.070922852 -445.973083496 1221.01806641
0.0325319766998 8 624.772094727 -134.828109741 1563.31567383 641.21875 250.052108765 1602.69287109 638.368408203 30.5593414307 1731.94592285 660.12512207 33.9929351807 1401.37805176 461.932556152 -201.771408081 1661.37390137 677.211975098 -177.00793457 1329.51940918 199.723724365 -265.316101074 1504.73046875 620.411621094 -450.222442627 1225.36682129
0.032054901123 8 624.965942383 -135.340377808 1563.48046875 640.912963867 250.422668457 1602.07458496 640.701782227 33.7959442139 1733.12438965 658.60168457 36.1248016357 1398.85290527 472.213317871 -191.963119507 1661.75964355 692.947875977 -160.340881348 1341.41088867 204.917602539 -263.940917969 1510.4329834 630.257873535 -429.294921875 1212.77770996
0.0359530448914 8 627.631225586 -135.335830688 1561.84484863 641.146911621 250.344390869 1600.70263672 639.83404541 35.9119567871 1733.15844727 659.632629395 37.7044067383 1394.94311523 470.187408447 -189.919723511 1661.2043457 697.032897949 -168.376724243 1342.96728516 205.559875488 -265.804779053 1517.45410156 619.655883789 -460.535766602 1242.08911133
0.031867980957 8 623.158630371 -134.69303894 1551.38586426 643.198547363 249.73374939 1597.67529297 634.151916504 42.2866516113 1730.72998047 642.57220459 43.6606445312 1374.12841797 465.040435791 -187.337341309 1662.97021484 704.665588379 -170.220108032 1339.3104248 198.420623779 -261.411132812 1521.45275879 628.237121582 -461.002868652 1244.984375
0.0322811603546 8 621.862304688 -125.415222168 1548.16711426 643.028503418 249.32409668 1597.03515625 634.190856934 43.0141448975 1730.82189941 635.836730957 44.7176971436 1367.21716309 470.46585083 -179.209777832 1667.82861328 701.112670898 -171.034622192 1335.68408203 200.223602295 -253.353179932 1530.55187988 634.120544434 -463.895629883 1246.93273926
0.035591840744 8 621.253540039 -122.547286987 1546.42456055 643.062988281 249.982788086 1596.07922363 636.998901367 46.4116439819 1731.50854492 631.101074219 49.7513198853 1364.03076172 473.417205811 -173.527801514 1670.87011719 699.922424316 -171.154205322 1333.67468262 196.419433594 -244.75491333 1534.59082031 639.039794922 -467.699859619 1253.79821777
0.0320031642914 8 621.046386719 -113.540298462 1543.59680176 643.793518066 249.824630737 1593.43383789 638.19934082 51.010055542 1736.25769043 628.483886719 62.4925384521 1360.71276855 474.063659668 -168.637741089 1674.60852051 702.13848877 -172.472473145 1334.87731934 191.609771729 -229.253295898 1538.56652832 642.546875 -474.143371582 1259.5201416
0.0320529937744 8 622.27130127 -122.975540161 1542.87194824 644.121032715 249.223144531 1591.45800781 643.064453125 48.5657348633 1738.03894043 624.988037109 62.8292236328 1360.06506348 472.017456055 -171.207748413 1673.87121582 698.824401855 -173.552810669 1333.8494873 182.385070801 -214.23475647 1538.42456055 641.264099121 -473.225585938 1256.44506836
0.0359637737274 8 620.674987793 -120.748504639 1542.57519531 643.927978516 249.360702515 1590.74072266 648.25579834 53.7018051147 1739.88586426 616.582458496 65.6752090454 1354.54650879 473.304504395 -161.079833984 1677.26123047 697.398071289 -180.252685547 1331.83081055 178.409790039 -182.052886963 1540.33300781 636.520324707 -475.944061279 1243.89953613
0.0322442054749 8 616.315307617 -115.091827393 1549.96887207 643.856872559 249.776748657 1590.20556641 648.926330566 65.2771148682 1737.58862305 609.16583252 57.1349029541 1352.27050781 471.231201172 -151.549621582 1685.34033203 691.000915527 -185.301757812 1328.70910645 182.601959229 -140.610687256 1545.78442383 633.34185791 -460.851379395 1218.99694824
0.0318570137024 8 624.285339355 -110.618179321 1565.85107422 644.101074219 250.196304321 1589.78442383 646.608398438 68.7333145142 1737.46313477 630.560791016 68.3932113647 1392.55444336 462.351043701 -143.767272949 1702.96936035 686.265075684 -181.715454102 1325.20349121 184.96307373 -110.885437012 1555.26550293 631.63671875 -458.483978271 1212.9005127
0.0358757972717 8 627.212768555 -107.670829773 1569.11669922 643.694335938 250.097045898 1589.69641113 648.399108887 64.0995025635 1737.20825195 639.180847168 79.5504760742 1417.41357422 461.250305176 -135.073104858 1712.78222656 678.091308594 -168.160095215 1316.86767578 190.466308594 -80.7945709229 1566.42041016 630.130981445 -458.187683105 1204.26477051
0.0319590568542 8 626.897277832 -112.738624573 1575.5567627 643.526062012 250.698547363 1590.32641602 642.412536621 48.5707855225 1736.25915527 647.15814209 73.961517334 1445.86682129 463.619934082 -145.043563843 1711.87475586 671.139587402 -153.069152832 1313.91992188 206.881347656 -64.4275817871 1584.51123047 626.059936523 -439.042541504 1204.44482422
0.0361289978027 8 623.297058105 -108.628318787 1576.53320312 643.979553223 252.200592041 1590.65563965 643.456420898 55.126663208 1738.88049316 650.782226562 77.4190063477 1441.5892334 462.75088501 -127.782669067 1713.53625488 671.585266113 -159.594726562 1314.78540039 201.411590576 -24.2239303589 1590.33105469 623.256225586 -445.592071533 1199.97045898
0.0321531295776 8 621.12298584 -107.135734558 1579.75549316 645.098999023 252.850067139 1589.86572266 641.220092773 59.9277801514 1742.19604492 652.757202148 77.2431640625 1439.38110352 438.555480957 -98.4603271484 1725.23901367 670.950500488 -159.870117188 1314.56347656 186.73576355 19.9800415039 1589.57702637 616.553771973 -458.938049316 1190.80993652
0.0316019058228 8 620.528076172 -94.1442871094 1586.46325684 648.005493164 255.034637451 1588.57373047 633.762451172 84.5633010864 1750.70080566 649.5 95.3855209351 1437.04846191 416.854431152 -57.3224716187 1737.90527344 678.513977051 -165.949035645 1315.80090332 170.613723755 77.3856735229 1595.26306152 619.325439453 -485.475097656 1176.62927246
0.0365209579468 8 620.961242676 -89.6388397217 1590.33764648 649.492797852 255.481185913 1589.22851562 637.175476074 83.3386306763 1748.96044922 647.484313965 85.051902771 1435.01489258 407.682861328 -19.8803939819 1730.22900391 675.092773438 -164.987518311 1318.0447998 181.492553711 99.9749145508 1601.68640137 611.929992676 -481.408569336 1180.58190918
0.0315940380096 8 618.694458008 -85.9472122192 1589.18859863 652.042602539 257.538726807 1589.08447266 634.155517578 91.8605880737 1752.73217773 645.086303711 94.9785690308 1430.53588867 404.777160645 -14.6006546021 1727.19567871 677.422851562 -157.8019104 1323.35461426 182.011016846 111.757537842 1602.8815918 611.46697998 -465.422363281 1188.62817383
0.0322270393372 8 616.869384766 -94.9096603394 1575.22399902 652.864074707 257.299072266 1589.40869141 634.900695801 88.1548843384 1724.54516602 637.047180176 67.2741165161 1403.68994141 404.535430908 8.11237335205 1730.0723877 673.855285645 -168.501037598 1324.15808105 173.601364136 148.698486328 1595.42700195 603.945556641 -474.038421631 1191.63439941
0.0390949249268 8 613.792480469 -96.7677688599 1564.25878906 653.682067871 257.95223999 1589.73974609 637.555725098 88.2201080322 1712.4510498 623.25958252 55.3981018066 1381.22277832 404.047058105 18.1429824829 1730.14599609 670.110961914 -175.864944458 1326.81628418 177.478179932 166.672027588 1593.93200684 588.724914551 -487.497070312 1192.23937988
0.0320191383362 8 611.335205078 -100.723197937 1553.76586914 654.539672852 257.348236084 1590.89343262 635.276245117 86.7047195435 1706.06530762 613.823608398 51.9761123657 1365.1541748 398.604064941 26.8836517334 1730.39135742 671.291442871 -178.624694824 1327.33776855 176.695907593 183.889816284 1599.55224609 603.251403809 -477.138000488 1198.00463867
0.0313248634338 8 612.485412598 -101.574890137 1551.21118164 655.379638672 257.798278809 1591.33850098 640.465393066 85.6616744995 1703.1003418 606.551208496 50.7067947388 1362.30419922 403.126922607 31.2884979248 1729.765625 664.493652344 -182.775146484 1327.42749023 179.338546753 188.691421509 1594.6418457 597.751220703 -475.959533691 1195.38671875
0.034970998764 8 613.350524902 -103.152114868 1551.69335938 659.177429199 259.301696777 1591.50390625 642.627807617 82.8969497681 1702.09204102 606.94543457 50.2700119019 1365.91967773 403.71282959 35.2792243958 1729.7767334 663.604248047 -178.668518066 1331.30175781 185.381256104 191.592285156 1600.43847656 598.492492676 -476.985229492 1196.53283691
0.030385017395 8 616.677368164 -97.4893417358 1558.90869141 659.362854004 259.106414795 1590.67224121 647.406433105 85.1333236694 1709.50720215 614.880554199 69.1086349487 1387.97814941 407.00994873 42.1081848145 1737.36193848 661.491882324 -178.257965088 1327.44604492 187.422775269 191.875534058 1607.54821777 601.21295166 -469.812438965 1194.48217773
0.0321300029755 8 616.819396973 -100.165031433 1557.13317871 659.846557617 259.579376221 1590.40905762 646.218322754 84.0259246826 1705.83154297 612.769348145 59.5478515625 1379.99682617 405.178100586 41.8013381958 1735.62207031 663.29876709 -178.162384033 1330.6628418 181.692825317 181.601074219 1596.01867676 602.906860352 -477.506713867 1192.09106445
0.0361659526825 8 618.192199707 -98.4799346924 1560.0032959 660.465942383 259.439208984 1588.95446777 648.40435791 84.3046951294 1705.54870605 615.314025879 60.9375534058 1386.55480957 408.062469482 39.8682785034 1736.85217285 660.491149902 -175.874755859 1331.18164062 183.332397461 167.136322021 1593.04211426 603.569519043 -470.43069458 1198.11157227
0.0320250988007 8 624.297485352 -98.0597915649 1556.85314941 661.104858398 259.179779053 1588.11669922 670.059875488 88.6754074097 1683.50366211 615.39263916 58.6934432983 1388.46728516 420.305358887 35.4361000061 1743.14208984 658.182128906 -179.74307251 1329.58325195 175.314193726 145.740783691 1587.77734375 601.782043457 -481.630432129 1199.00549316
0.0317440032959 8 623.814880371 -97.4305267334 1561.23449707 661.640380859 259.506774902 1587.06616211 664.479431152 86.9468688965 1692.51586914 619.567932129 61.3284301758 1394.91821289 425.739471436 29.3928947449 1746.62927246 654.038085938 -179.840286255 1325.86999512 179.308410645 122.229736328 1583.58544922 587.608764648 -503.742858887 1185.70288086
0.036159992218 8 621.542785645 -103.899421692 1559.72058105 662.002807617 259.42388916 1585.2097168 664.211425781 82.0358810425 1693.79406738 614.823730469 57.6541976929 1391.72180176 429.411407471 20.5706939697 1743.9230957 646.980163574 -182.164855957 1322.80834961 195.331817627 93.3972167969 1584.32800293 590.918945312 -493.517059326 1192.90490723
0.0318729877472 8 621.941345215 -104.270133972 1559.92272949 662.048095703 259.46762085 1583.69360352 661.086547852 84.3972854614 1694.70568848 612.220458984 52.3345108032 1384.78063965 423.167999268 25.9665412903 1739.47766113 649.042541504 -188.3125 1323.11938477 182.086303711 69.6334075928 1573.64453125 593.635864258 -501.680908203 1190.82043457
0.0321040153503 8 624.124633789 -113.56199646 1556.17541504 662.220214844 258.339202881 1582.32177734 654.835327148 81.058013916 1697.20068359 615.956420898 52.2210083008 1379.66015625 413.587463379 4.27821350098 1731.94104004 656.532531738 -188.233383179 1322.49157715 183.169464111 31.433467865 1567.05883789 597.655029297 -497.111633301 1213.67651367
0.0357279777527 8 623.063903809 -119.963035583 1555.31872559 663.484375 255.514343262 1577.8560791 650.659973145 77.7397155762 1707.70324707 610.579284668 45.5921478271 1366.89196777 416.293151855 -29.6674957275 1716.0880127 663.325805664 -193.359649658 1325.31237793 176.844299316 -11.030916214 1549.86169434 607.014709473 -493.521942139 1210.64379883
0.0321369171143 8 622.522644043 -123.45236969 1555.41027832 663.644714355 254.913818359 1577.69018555 648.344421387 73.9385681152 1715.34716797 609.29473877 42.0910186768 1361.42504883 421.588500977 -60.0887756348 1709.06225586 665.95489502 -196.252151489 1325.34484863 176.731231689 -47.9407196045 1545.3503418 605.484741211 -488.97076416 1219.69189453
0.0323901176453 8 623.354187012 -124.147872925 1557.31848145 663.868469238 254.527755737 1577.44238281 649.157043457 71.8581390381 1722.90014648 610.583679199 43.0984344482 1361.44311523 423.045593262 -78.5009613037 1705.58068848 664.753417969 -193.933746338 1325.26196289 170.897598267 -89.2287597656 1526.77905273 667.309020996 -417.618896484 1293.84521484
0.035325050354 8 624.058105469 -131.294815063 1551.04711914 663.578613281 253.831695557 1576.98303223 646.043701172 60.6455764771 1719.39404297 615.197265625 42.0023040771 1362.48706055 426.197631836 -105.45160675 1700.90515137 666.716125488 -189.626403809 1325.93237305 172.627731323 -132.896011353 1521.33203125 615.808166504 -473.081237793 1219.09204102
0.0320098400116 8 622.00177002 -131.15977478 1549.49829102 662.020629883 253.741882324 1576.94750977 646.543945312 61.5728759766 1713.07299805 613.836425781 39.136505127 1361.24975586 441.984191895 -117.752792358 1692.50891113 669.538757324 -192.173980713 1326.1048584 177.461547852 -152.050125122 1517.20056152 620.373474121 -471.922271729 1215.99255371
0.0323810577393 8 612.669494629 -117.634002686 1539.87463379 659.997619629 253.809814453 1577.19750977 638.670593262 69.0386276245 1717.96105957 606.891418457 62.3402786255 1353.29064941 443.176574707 -130.597930908 1685.7902832 679.804260254 -194.487976074 1322.12438965 161.850891113 -169.256347656 1510.04980469 627.91003418 -481.680847168 1208.53686523
0.0401511192322 8 612.916137695 -117.187660217 1541.1541748 649.984863281 257.339874268 1577.43286133 637.468261719 64.3453063965 1718.81726074 614.857055664 62.810256958 1360.27209473 445.376861572 -149.586914062 1677.19641113 691.160461426 -176.099731445 1326.01318359 166.540924072 -197.584457397 1505.36743164 623.856567383 -465.287353516 1222.85180664
0.0314929485321 8 616.820800781 -119.011886597 1543.53686523 649.849243164 255.9090271 1574.14343262 640.578430176 50.1699066162 1717.10119629 627.866149902 64.4941864014 1383.80212402 449.933135986 -175.082687378 1672.82128906 695.021057129 -145.009567261 1332.42199707 173.442016602 -230.510025024 1501.18493652 627.477416992 -450.319213867 1216.08251953
0.0297858715057 8 623.024536133 -124.691543579 1549.1998291 648.307312012 255.261367798 1572.00390625 644.07421875 35.3801727295 1718.50280762 649.042114258 59.6599807739 1407.54064941 456.610839844 -193.648956299 1669.21984863 687.721679688 -134.112609863 1332.80554199 184.72052002 -255.918548584 1495.88122559 622.672851562 -426.617980957 1218.08215332
0.0352370738983 8 629.511657715 -128.963226318 1548.3482666 647.595031738 255.276626587 1570.58349609 641.352478027 27.451171875 1717.6496582 665.814880371 54.6145095825 1413.25537109 457.790435791 -204.813369751 1665.15246582 693.501831055 -120.812217712 1332.8145752 184.126678467 -271.998413086 1494.85852051 623.894287109 -424.845672607 1223.11462402
0.031858921051 8 632.567138672 -133.329437256 1549.11779785 645.208068848 254.94909668 1569.02233887 640.267211914 25.3437957764 1714.65148926 673.005859375 48.5041656494 1415.18005371 460.238220215 -206.681472778 1662.02990723 692.116027832 -125.36958313 1333.42834473 185.02935791 -274.043457031 1496.22045898 624.220214844 -425.136169434 1233.56933594
0.0319771766663 8 631.201660156 -133.993286133 1549.63476562 637.204223633 256.509765625 1568.44812012 635.667175293 25.9444122314 1710.01037598 672.81463623 43.6740570068 1415.38415527 466.063110352 -204.786468506 1659.46679688 685.668273926 -131.86491394 1333.56567383 188.337219238 -275.198455811 1497.63378906 618.255493164 -426.973632812 1225.58947754
0.0353918075562 8 628.843933105 -127.473258972 1552.24462891 632.460083008 257.644165039 1569.38830566 632.126953125 27.6188354492 1706.09338379 668.245239258 38.2385025024 1415.41955566 465.93548584 -209.389465332 1644.94836426 674.887512207 -165.679962158 1343.41967773 191.532653809 -269.847442627 1502.2878418 609.498535156 -433.329711914 1231.75708008
0.032016992569 8 631.425415039 -128.249465942 1553.06726074 631.026672363 257.770874023 1570.2076416 642.696228027 22.5140686035 1704.73034668 664.44732666 29.8240356445 1412.42297363 465.850921631 -194.604721069 1650.13928223 674.248596191 -174.610229492 1342.93603516 191.39239502 -253.288253784 1507.75219727 606.390258789 -449.978057861 1233.72424316
0.0322132110596 8 632.110351562 -132.565063477 1550.16491699 630.001464844 257.435424805 1570.98388672 648.181640625 16.7635955811 1705.29931641 662.853027344 29.5395050049 1410.87695312 466.119445801 -191.029418945 1652.31420898 659.195068359 -157.531738281 1333.81958008 195.011657715 -243.061477661 1514.92126465 628.962585449 -488.726837158 1175.84460449
0.0360269546509 8 629.073303223 -129.694030762 1551.8347168 629.44909668 257.399108887 1570.64379883 643.483459473 23.1382446289 1705.08886719 661.443054199 33.5288619995 1412.68432617 470.231140137 -193.438781738 1651.64868164 664.456359863 -153.896514893 1333.10974121 201.050750732 -232.493896484 1518.1427002 590.489990234 -478.76348877 1245.90002441
0.0316379070282 8 627.108032227 -132.455352783 1551.11999512 629.028259277 256.75213623 1570.68334961 637.766357422 28.6557922363 1708.65795898 663.038085938 43.6081848145 1414.74023438 471.955108643 -204.885192871 1647.22509766 663.459899902 -147.279388428 1336.85266113 194.924499512 -239.76020813 1511.5760498 596.227478027 -453.752044678 1230.55944824
0.0324411392212 8 626.542358398 -127.461853027 1554.04699707 628.465942383 256.475982666 1571.27453613 637.459228516 37.1384277344 1708.34436035 662.810791016 46.2268066406 1414.27185059 471.996520996 -206.38079834 1649.28259277 663.100097656 -147.045013428 1339.05603027 203.054748535 -227.12310791 1519.46618652 602.396850586 -441.322662354 1224.85119629
0.035502910614 8 627.056762695 -133.107116699 1554.6361084 627.350341797 256.717407227 1572.52026367 637.809082031 37.1791687012 1707.17663574 676.368530273 33.1624450684 1405.28894043 471.571594238 -212.545166016 1649.93835449 660.485778809 -140.287963867 1341.375 193.115905762 -215.411621094 1516.97277832 607.475158691 -431.680786133 1213.33520508
0.0321080684662 8 625.086975098 -140.418930054 1553.51086426 628.953186035 255.946640015 1572.90124512 633.553771973 33.4263000488 1707.52819824 678.507873535 26.306640625 1400.65759277 464.51739502 -213.534957886 1657.61328125 663.45715332 -139.107223511 1344.17797852 194.039001465 -188.771148682 1524.06884766 607.623413086 -440.791442871 1211.25732422
0.0362010002136 8 621.555603027 -144.405563354 1550.39819336 627.462036133 255.755737305 1573.2857666 630.854248047 28.4072265625 1706.44470215 675.327148438 24.5983886719 1399.24377441 449.018432617 -203.513595581 1661.65246582 664.100158691 -154.078353882 1347.68518066 205.226333618 -154.571762085 1537.23950195 607.82635498 -439.891845703 1213.97741699
0.0320420265198 8 619.51171875 -143.834701538 1556.44848633 626.932800293 255.252365112 1573.96972656 628.145263672 21.8992004395 1724.24316406 676.31262207 28.513092041 1405.55981445 438.051849365 -188.732467651 1662.80078125 668.583129883 -155.758575439 1347.64501953 194.153564453 -111.441146851 1540.93115234 610.913208008 -439.476165771 1209.63354492
0.0316648483276 8 616.719055176 -139.769378662 1554.88183594 626.727661133 254.795639038 1574.71240234 625.230773926 28.2402954102 1717.53320312 678.120666504 32.2420043945 1408.60375977 411.420349121 -167.428588867 1676.1953125 669.276855469 -159.840103149 1348.61328125 194.017974854 -75.6375808716 1547.3963623 611.033569336 -437.907348633 1207.02087402
0.0362560749054 8 615.481079102 -140.815383911 1553.59875488 627.493774414 254.122070312 1575.14245605 627.237915039 28.1045227051 1713.81274414 676.269897461 31.3427429199 1408.66040039 403.998260498 -149.474945068 1682.23571777 671.519958496 -165.859283447 1341.0411377 182.183822632 -39.1326675415 1553.56005859 605.937011719 -440.140838623 1206.24145508
0.0320720672607 8 614.471740723 -139.674316406 1553.5760498 628.186645508 253.004928589 1576.08508301 626.077087402 28.4398803711 1714.05834961 675.537902832 32.765838623 1409.74584961 406.374511719 -133.634506226 1690.18395996 670.788024902 -172.001739502 1335.06445312 180.494979858 -5.32264709473 1560.51159668 606.014282227 -434.493804932 1200.37695312
0.0318439006805 8 614.523498535 -140.940292358 1552.63781738 628.441162109 252.505432129 1576.48742676 624.10168457 24.0116424561 1713.00268555 677.19543457 27.7467803955 1408.98950195 408.039733887 -122.059463501 1694.3996582 669.780578613 -175.167022705 1322.56433105 187.709533691 17.5748291016 1575.24658203 601.989196777 -435.493927002 1200.85510254
0.0360159873962 8 619.727661133 -129.253036499 1550.34594727 629.413391113 252.601730347 1576.61010742 634.796020508 40.434387207 1700.47436523 679.640258789 37.3366088867 1408.15625 401.820678711 -108.572219849 1711.31030273 668.349121094 -24.4298629761 1386.02526855 185.971191406 34.2386474609 1578.95507812 607.007995605 -408.725952148 1194.43371582
0.0318748950958 8 619.577453613 -127.801574707 1548.88623047 630.607299805 252.394561768 1578.01953125 634.425842285 48.3414993286 1694.65917969 682.25994873 41.1125640869 1407.33886719 394.684020996 -96.6684951782 1720.96166992 673.98260498 -40.0327606201 1367.47094727 172.994842529 52.1477279663 1583.02380371 609.055480957 -396.024902344 1196.41967773
0.031720161438 8 619.493652344 -119.580596924 1548.84619141 631.242919922 252.447601318 1579.22949219 636.370910645 47.9440383911 1680.66235352 678.941589355 30.3831787109 1408.48339844 394.747497559 -73.0406341553 1720.99755859 664.889160156 -67.1858139038 1332.71203613 179.488296509 89.4019470215 1587.06542969 598.141967773 -417.130187988 1204.78991699
0.0362169742584 8 619.144042969 -129.855361938 1550.46923828 632.048339844 252.632125854 1579.89807129 638.851074219 45.8278656006 1682.54516602 674.37109375 29.1210174561 1407.7331543 392.203765869 -55.3981781006 1712.60949707 657.67175293 -81.5640182495 1325.97058105 184.044723511 105.493835449 1587.68701172 598.550842285 -409.681732178 1192.13464355
0.0319020748138 8 619.261047363 -134.346969604 1550.07995605 632.91583252 252.431976318 1580.5994873 638.091674805 40.4498825073 1688.03344727 674.259155273 26.372543335 1404.87573242 392.058105469 -37.2744445801 1705.59338379 656.354919434 -93.0611495972 1329.89733887 184.351837158 124.269943237 1593.49475098 590.729980469 -430.451446533 1210.02258301
0.0320158004761 8 619.149536133 -135.115722656 1550.44018555 634.12713623 252.832611084 1580.29162598 638.508178711 40.2355804443 1689.18481445 673.620239258 26.640335083 1404.69750977 392.700408936 -26.7999649048 1708.6204834 651.065063477 -109.036834717 1322.14160156 187.898422241 131.977844238 1595.61010742 590.361206055 -434.84274292 1206.85217285
0.0362610816956 8 616.182434082 -122.907745361 1544.04736328 634.688903809 254.096435547 1580.19311523 640.23248291 63.8108596802 1684.4576416 657.47467041 44.1373443604 1384.20910645 397.571350098 8.41497039795 1722.5411377 651.442016602 -133.817214966 1317.10559082 191.719528198 164.282287598 1594.07592773 608.486816406 -431.608825684 1197.75561523
0.0316429138184 8 615.386962891 -117.148147583 1544.22680664 635.852416992 255.143798828 1580.01306152 640.138366699 73.8755645752 1687.09692383 651.051574707 51.7609100342 1377.75634766 399.221008301 20.4797859192 1723.82751465 651.603393555 -146.860748291 1310.39123535 192.498962402 164.542373657 1597.50048828 606.050109863 -442.067840576 1192.6472168
0.0318470001221 8 614.169189453 -113.342208862 1541.27233887 636.382141113 255.537887573 1579.39111328 641.937194824 71.8949432373 1683.22973633 650.429748535 52.928024292 1379.17578125 402.686523438 14.4296073914 1727.19909668 652.959106445 -147.150360107 1311.36291504 182.774215698 154.271896362 1589.18615723 602.36151123 -452.231506348 1192.62719727
0.0367820262909 8 616.023681641 -113.420715332 1541.32080078 637.16583252 256.59979248 1578.60229492 642.656616211 68.2294616699 1680.77722168 654.560668945 47.7369995117 1381.01672363 401.6434021 3.68060302734 1723.51477051 652.897033691 -168.0103302 1320.34545898 187.990570068 134.627151489 1585.64160156 602.698303223 -442.448181152 1195.26025391
0.0336260795593 8 621.370300293 -124.271736145 1544.51123047 637.936157227 256.549621582 1577.57067871 645.748291016 50.4769973755 1679.58129883 671.360595703 28.3004608154 1390.89453125 403.231170654 -15.6306915283 1723.70300293 652.780090332 -163.305953979 1324.68664551 199.574066162 99.035369873 1589.39306641 600.145263672 -431.347229004 1191.69445801
0.0312221050262 8 624.132385254 -128.228393555 1546.23510742 638.204711914 256.71105957 1576.83642578 646.502075195 45.4220809937 1680.4161377 677.451538086 21.1236572266 1392.90368652 403.50213623 -25.2774047852 1724.20739746 652.249816895 -151.578842163 1321.84875488 196.831237793 69.9889984131 1586.2911377 604.202331543 -419.580505371 1208.17736816
0.0354988574982 8 624.591674805 -130.397293091 1546.88989258 639.006652832 257.171813965 1576.49206543 646.336120605 43.5381622314 1680.12683105 678.734069824 17.995223999 1393.50549316 401.968566895 -35.4805984497 1723.39501953 654.362731934 -160.799728394 1325.37463379 192.222869873 48.9942245483 1577.92016602 607.309265137 -421.029785156 1202.46630859
0.0340371131897 8 623.911010742 -132.220443726 1544.47912598 639.596069336 257.126525879 1576.69311523 645.887756348 42.0832214355 1675.93981934 678.781066895 13.7747802734 1390.1373291 401.185882568 -54.8132629395 1711.1619873 662.083862305 -144.984481812 1331.50390625 189.635192871 22.1662445068 1564.9498291 598.06817627 -433.118652344 1218.96520996
0.0303189754486 8 624.077392578 -133.586761475 1544.53210449 640.285217285 255.970001221 1576.09521484 645.67388916 40.7146682739 1677.36157227 677.675109863 14.0355072021 1390.17504883 403.523925781 -74.8651123047 1705.52978516 647.288085938 -145.054367065 1315.17053223 197.265045166 -9.66452789307 1571.8416748 595.338806152 -436.829528809 1212.24157715
0.035591840744 8 624.882324219 -134.75630188 1543.9786377 641.340942383 255.516052246 1575.88024902 645.179321289 39.4888381958 1679.13305664 680.383178711 16.0750579834 1391.63134766 411.421142578 -91.690864563 1705.91809082 650.87322998 -150.884674072 1317.01220703 206.556732178 -41.8737182617 1575.09838867 595.845275879 -438.027038574 1211.28771973
0.031200170517 8 621.48059082 -130.692138672 1543.04614258 641.861938477 255.901870728 1576.08166504 637.845214844 38.1564025879 1695.48864746 685.115478516 29.0088500977 1393.17053223 430.277954102 -125.321914673 1693.59777832 656.695678711 -143.587875366 1317.1418457 195.171447754 -84.5203857422 1558.27050781 614.074462891 -410.396606445 1195.19689941
0.0321569442749 8 619.759521484 -130.994949341 1534.30651855 642.124938965 256.099487305 1576.26733398 640.000244141 31.0110321045 1690.64453125 686.180053711 33.9602508545 1394.75219727 441.19152832 -141.901428223 1689.42944336 655.557250977 -136.159301758 1312.50854492 208.851089478 -115.509857178 1559.98815918 612.963195801 -406.749359131 1195.08007812
0.0359170436859 8 621.639160156 -132.521881104 1535.68249512 642.53125 256.245788574 1576.45825195 641.545288086 28.6261444092 1692.87316895 686.421020508 34.4745635986 1397.88024902 440.378448486 -158.423522949 1685.00927734 662.362976074 -38.2885742188 1352.14038086 196.659683228 -142.311584473 1545.75024414 610.698608398 -402.47756958 1200.40319824
0.031769990921 8 620.508789062 -130.61567688 1537.20043945 642.796081543 256.502624512 1576.07678223 639.12902832 25.47215271 1702.65808105 690.246337891 42.8400115967 1406.29455566 459.218139648 -184.026565552 1701.95300293 669.896789551 -33.9450073242 1352.82763672 204.613983154 -181.77104187 1538.80615234 623.071044922 -364.988952637 1202.80114746
0.0321218967438 8 619.745666504 -131.21572876 1537.69677734 643.50592041 256.30670166 1575.29077148 637.936279297 25.3225860596 1700.39318848 690.376953125 39.8208999634 1407.07092285 468.008056641 -189.80847168 1702.05932617 669.488891602 -67.2754440308 1345.64794922 209.95715332 -201.77532959 1539.94433594 618.992248535 -396.163452148 1204.97473145
0.036376953125 8 619.851013184 -131.066299438 1538.25305176 644.119628906 255.641769409 1574.37524414 638.500854492 24.7047424316 1699.87280273 689.939331055 38.0689620972 1407.04931641 468.066345215 -193.454574585 1698.85864258 669.14276123 -92.5349197388 1334.96057129 208.060394287 -226.790405273 1526.52404785 617.28918457 -401.581512451 1205.63708496
0.0319430828094 8 616.612304688 -131.257278442 1537.80249023 644.176025391 254.952377319 1573.28649902 636.119140625 22.2773742676 1699.70837402 677.894042969 37.3087387085 1403.64904785 456.577331543 -198.496078491 1666.82019043 677.835144043 -118.344047546 1322.38598633 205.959960938 -242.645507812 1524.57739258 622.887329102 -398.56048584 1200.70617676
0.0322179794312 8 623.565795898 -131.880218506 1543.84863281 644.078918457 254.895126343 1572.93603516 632.952270508 28.1850891113 1699.84179688 684.94909668 32.8834838867 1405.54443359 455.189147949 -194.180419922 1667.78295898 683.414978027 -150.297744751 1316.86914062 204.288406372 -250.711791992 1519.21520996 624.583862305 -407.628173828 1202.1854248
0.0357060432434 8 623.528686523 -131.45123291 1543.35498047 643.545227051 254.511642456 1572.56408691 635.434814453 27.4781494141 1700.1640625 684.954223633 33.7920837402 1405.83740234 455.392883301 -194.251861572 1658.57873535 679.075134277 -136.712814331 1320.08605957 210.632095337 -253.832733154 1519.64123535 622.433044434 -407.430541992 1202.11328125
0.0319390296936 8 621.464233398 -131.195556641 1540.82104492 643.283874512 254.303771973 1571.91833496 636.750915527 27.7233123779 1698.89099121 676.899963379 35.5845108032 1400.86950684 457.253082275 -190.756408691 1652.12634277 680.807312012 -149.660552979 1319.0690918 208.672164917 -260.708007812 1517.21838379 677.639282227 -354.752532959 1308.43164062
0.0318810939789 8 620.309387207 -130.155197144 1539.2232666 643.190795898 254.044677734 1571.84484863 636.14050293 28.6893157959 1698.35766602 672.565795898 37.0815887451 1397.42333984 457.405639648 -191.123443604 1650.14343262 681.873779297 -153.997192383 1319.9041748 209.179824829 -264.726379395 1518.58837891 617.476623535 -413.529876709 1211.37805176
0.0372848510742 8 621.285339355 -129.618301392 1541.43969727 643.082092285 254.30708313 1572.83459473 634.874389648 29.8148345947 1699.72875977 671.978515625 38.7608261108 1400.94824219 455.846862793 -192.539199829 1649.2923584 681.828979492 -152.722808838 1319.76025391 203.589385986 -264.457122803 1517.30419922 614.752685547 -418.161834717 1213.98596191
0.0314280986786 8 630.878662109 -127.109924316 1552.84277344 642.733764648 254.757583618 1574.01635742 654.71685791 23.7126312256 1737.26184082 683.431335449 53.2609329224 1404.41467285 449.548706055 -206.125 1654.03088379 689.947265625 -135.535827637 1319.85351562 201.370117188 -270.978637695 1524.82531738 619.72253418 -402.433776855 1214.64440918
0.0315818786621 8 628.46282959 -127.527412415 1550.65307617 642.002990723 254.613433838 1574.78027344 645.973144531 27.8898620605 1723.41674805 677.924072266 48.2188796997 1405.82421875 456.955108643 -199.38117981 1658.08276367 685.362792969 -141.737701416 1319.26855469 201.112533569 -263.364044189 1529.72192383 619.560852051 -409.944366455 1213.01757812
0.0358700752258 8 628.408935547 -127.640563965 1550.14025879 642.440734863 253.537124634 1575.13305664 641.419616699 29.3760223389 1716.66369629 679.562194824 43.8838043213 1406.90466309 467.095916748 -195.280288696 1668.0480957 683.941101074 -139.731719971 1319.75158691 207.299468994 -249.657867432 1535.19177246 619.475219727 -422.827453613 1207.59008789
0.0318729877472 8 628.997802734 -129.258666992 1550.85498047 642.906555176 252.63104248 1575.94958496 637.597229004 30.6623840332 1712.13818359 683.104553223 39.7183761597 1408.79736328 465.117279053 -193.60144043 1665.87670898 682.873779297 -144.569122314 1319.20715332 197.574951172 -227.317077637 1533.16271973 620.598876953 -418.5184021 1211.08886719
0.0355710983276 8 628.286193848 -129.331466675 1551.39440918 643.409423828 252.045059204 1576.28320312 637.728881836 29.7292938232 1712.90478516 684.142700195 38.3988876343 1409.19091797 466.009399414 -195.187911987 1665.04968262 681.012451172 -147.128265381 1318.49853516 207.758850098 -214.563674927 1542.29333496 620.17980957 -419.48236084 1211.05395508
0.0320999622345 8 623.548339844 -141.625457764 1553.46350098 643.794799805 250.925964355 1576.41455078 622.342285156 3.44706726074 1719.58703613 683.796508789 15.5297393799 1410.92541504 479.521240234 -189.123031616 1669.10375977 673.436340332 -153.955413818 1318.47937012 220.380401611 -181.440795898 1557.13171387 610.161987305 -432.517791748 1211.93212891
0.0319378376007 8 623.874145508 -138.233703613 1553.48925781 643.96887207 249.73097229 1576.76464844 622.943725586 8.61485290527 1718.73168945 689.164428711 16.176651001 1409.38793945 472.481536865 -195.925933838 1665.67822266 675.095458984 -141.028137207 1319.85205078 209.185668945 -154.58883667 1553.56750488 614.921203613 -419.693450928 1213.13415527
0.0365550518036 8 623.776062012 -136.449737549 1551.44775391 644.280944824 248.796691895 1577.07507324 627.397033691 14.2373809814 1714.96032715 686.06427002 20.8459320068 1407.10632324 453.458435059 -190.777481079 1667.00805664 681.835571289 -143.162612915 1305.58422852 209.694229126 -121.637947083 1562.12939453 607.495666504 -429.973266602 1217.1661377
0.0321869850159 8 624.257507324 -138.741455078 1553.96911621 644.674316406 247.685348511 1577.36083984 625.567443848 13.058303833 1714.76965332 685.498352051 16.7772369385 1409.1751709 440.063781738 -177.668899536 1673.33947754 675.250671387 -146.172271729 1311.80334473 195.199371338 -79.9930953979 1554.27819824 609.601135254 -421.344543457 1210.42980957
0.0317420959473 8 623.20098877 -138.188674927 1556.17687988 645.509521484 246.541900635 1578.12768555 623.761901855 14.394821167 1716.37109375 687.064025879 17.8305206299 1412.9152832 428.479034424 -170.372833252 1678.62402344 671.430480957 -144.757965088 1314.65795898 191.333816528 -48.827583313 1565.6628418 616.948669434 -413.791656494 1200.6661377
0.0357718467712 8 627.288635254 -138.631271362 1567.69726562 646.644592285 246.160202026 1579.41442871 628.806518555 8.7653503418 1733.62536621 693.346923828 22.1180419922 1429.65270996 412.753417969 -152.83203125 1686.01391602 674.318481445 -142.439117432 1316.29870605 182.371246338 -15.9108581543 1570.95874023 620.004272461 -413.106719971 1202.85668945
0.0323181152344 8 625.779907227 -136.47203064 1567.79846191 647.501342773 246.779342651 1580.89050293 626.672119141 12.243057251 1727.48474121 692.391357422 27.1797637939 1439.74450684 412.404998779 -145.86756897 1691.26989746 667.665771484 -135.912689209 1314.22546387 182.111404419 7.56971740723 1575.50366211 611.784240723 -419.194915771 1203.23937988
0.032035112381 8 617.717041016 -135.111877441 1563.03417969 648.235412598 247.079345703 1582.08300781 634.662902832 8.06535339355 1726.17944336 684.782531738 31.6582183838 1440.17895508 411.794433594 -126.658798218 1710.32849121 648.505493164 -125.241928101 1310.1072998 194.669769287 32.1039886475 1584.73547363 600.343811035 -418.940429688 1194.84875488
0.0354609489441 8 619.403381348 -129.458969116 1560.3972168 649.533691406 246.951126099 1583.30932617 634.247436523 7.36172485352 1724.00842285 684.944091797 33.7720108032 1438.86901855 408.635375977 -109.977119446 1717.4152832 642.503601074 -120.18321991 1307.38354492 198.311553955 52.3596420288 1591.63134766 597.728088379 -419.710968018 1187.60229492
0.0325000286102 8 624.660766602 -137.338165283 1562.0090332 651.13482666 247.204589844 1583.59606934 630.132324219 5.57130432129 1712.43518066 682.985229492 16.7060394287 1435.71618652 415.382751465 -81.4848327637 1723.09362793 631.781860352 -103.751686096 1315.4342041 209.692214966 86.0527038574 1602.48522949 591.216064453 -426.320220947 1184.19592285
0.031986951828 8 628.714294434 -137.495483398 1556.31604004 652.939758301 247.176864624 1583.88891602 637.807678223 16.1116790771 1691.36376953 689.259338379 10.3622894287 1428.29956055 410.057434082 -52.2593383789 1725.7800293 631.665527344 -111.372673035 1309.62866211 203.41027832 114.558547974 1601.03540039 590.14855957 -436.782684326 1183.93029785
0.0355188846588 8 627.771728516 -129.850357056 1560.3001709 656.539489746 247.171600342 1584.12133789 636.878417969 27.9704437256 1693.54077148 688.498291016 10.7321929932 1421.40332031 406.727783203 -14.6343955994 1731.53955078 627.039672852 -135.077468872 1303.9831543 211.180130005 137.216186523 1602.01525879 584.303894043 -454.799377441 1182.03198242
0.0323331356049 8 627.774414062 -130.881942749 1559.45568848 657.880737305 248.02104187 1583.44189453 633.369384766 28.251449585 1696.57214355 690.275024414 12.6933746338 1419.32873535 400.363189697 -9.87753295898 1730.89196777 631.346496582 -144.381729126 1303.91308594 195.624832153 135.946563721 1594.8470459 588.01171875 -454.427124023 1191.65014648
0.0317668914795 8 629.820861816 -130.012496948 1556.71972656 659.323120117 248.670440674 1583.88134766 636.051574707 33.9365234375 1691.41223145 694.122741699 13.9578552246 1414.59973145 398.659423828 -4.33138275146 1728.06713867 638.594726562 -153.431716919 1307.8828125 196.639343262 135.589233398 1592.96118164 588.855834961 -460.375793457 1190.22924805
0.0361070632935 8 630.087402344 -129.78163147 1557.85302734 663.567565918 249.359695435 1585.85803223 635.726745605 32.3474731445 1693.5604248 696.090393066 13.6364746094 1417.10827637 394.138427734 -7.59686660767 1721.68383789 641.510009766 -150.009719849 1308.90258789 197.713577271 112.951828003 1583.42919922 588.286865234 -467.415466309 1205.88464355
0.0323100090027 8 627.039611816 -123.050956726 1551.42749023 664.387512207 249.157012939 1586.57263184 648.73815918 23.6901245117 1694.70141602 687.519775391 19.6391448975 1415.36499023 403.959594727 -23.2995033264 1719.26013184 636.333007812 -145.544189453 1314.29052734 192.117889404 87.9887695312 1578.37609863 584.266174316 -456.066467285 1201.18701172
0.0317058563232 8 626.024353027 -120.912208557 1550.49987793 665.473449707 248.766021729 1586.85424805 650.82598877 21.5775299072 1694.75366211 683.076599121 19.829864502 1413.88208008 404.939605713 -29.0286140442 1716.05212402 636.142578125 -146.800582886 1316.77514648 194.07119751 65.1943817139 1570.82495117 577.878356934 -458.737915039 1209.97277832
0.0359442234039 8 628.839538574 -124.641563416 1556.35449219 671.684997559 248.425018311 1584.85241699 642.034912109 26.7492141724 1689.96508789 683.835327148 5.44766235352 1411.44970703 388.303039551 -27.1292190552 1709.46057129 641.943725586 -167.463195801 1316.50939941 186.027908325 52.302734375 1561.49475098 589.910461426 -481.199554443 1207.51574707
0.0321209430695 8 630.87878418 -129.869354248 1553.6105957 674.600402832 248.061248779 1583.01257324 643.941040039 24.485824585 1692.18969727 681.651489258 11.2913360596 1409.7487793 383.749206543 -54.1313858032 1703.8425293 642.087524414 -159.83581543 1321.94726562 189.223144531 16.7042999268 1552.29638672 594.868652344 -464.15222168 1207.69250488
0.0319240093231 8 628.571838379 -133.317687988 1550.93237305 676.601318359 247.655059814 1581.30224609 645.043823242 18.1523666382 1689.75097656 677.268798828 5.54614257812 1406.60400391 389.881774902 -70.1705169678 1698.11474609 639.196838379 -160.0912323 1324.8762207 195.768096924 -8.04092025757 1551.36230469 595.002807617 -461.993469238 1204.04797363
0.03630900383 8 627.523376465 -140.6847229 1549.15576172 674.94329834 247.282714844 1580.5177002 644.700317383 15.046585083 1690.53210449 677.513671875 10.3426055908 1410.49645996 414.635162354 -99.2549133301 1691.44848633 641.112304688 -150.157623291 1327.40661621 192.973205566 -49.3132324219 1546.546875 602.584594727 -441.006195068 1208.09155273
0.0318858623505 8 628.907775879 -149.520645142 1548.08825684 674.401000977 247.292572021 1579.8314209 642.386962891 14.3666381836 1690.0526123 683.377563477 12.1168823242 1413.54797363 404.203857422 -105.168334961 1690.83093262 644.383972168 -146.693023682 1328.51428223 204.743896484 -67.597869873 1544.47570801 600.804504395 -458.373687744 1213.52233887
0.0320131778717 8 627.307556152 -147.970092773 1546.61193848 674.643127441 247.012481689 1579.5723877 635.308654785 15.7552490234 1688.24816895 691.163513184 12.0330810547 1415.26379395 402.994750977 -115.556915283 1689.12561035 653.26776123 -148.546051025 1332.15283203 193.076919556 -97.9005432129 1539.2487793 599.733215332 -458.561798096 1229.26879883
0.0380508899689 8 632.682678223 -150.482971191 1544.50830078 674.633789062 246.469543457 1579.6796875 635.583496094 17.5026092529 1684.90856934 694.16027832 15.399307251 1415.49865723 403.749572754 -124.579040527 1684.06298828 659.801391602 -147.171035767 1335.68725586 180.470733643 -134.089172363 1526.51745605 607.172363281 -457.463989258 1230.54589844
0.030611038208 8 634.21887207 -151.334228516 1544.4329834 674.164672852 245.76008606 1579.38256836 634.62310791 17.0285491943 1687.10253906 694.56439209 16.2859649658 1414.19165039 430.022674561 -145.128417969 1684.35107422 661.364929199 -147.440307617 1337.20446777 185.127593994 -147.925109863 1525.67297363 604.122741699 -457.951812744 1227.98046875
0.0312550067902 8 637.081604004 -149.422073364 1542.14501953 673.637268066 245.903121948 1579.33886719 634.520690918 16.4693603516 1687.84936523 696.668151855 21.0039367676 1415.01977539 459.989318848 -163.831375122 1679.09655762 664.70880127 -141.112823486 1338.01428223 188.861297607 -161.768600464 1528.60791016 607.194091797 -455.260803223 1237.92980957
0.0357220172882 8 638.440368652 -147.411392212 1552.81164551 672.995849609 246.605728149 1579.37402344 633.810668945 23.6620330811 1689.79882812 696.050537109 15.6225128174 1418.07421875 468.871765137 -160.975784302 1682.57580566 670.066589355 -146.73550415 1341.81835938 197.829986572 -162.31652832 1528.82287598 603.181030273 -472.595245361 1252.11096191
0.031998872757 8 639.846557617 -143.828170776 1556.61315918 672.896179199 246.575927734 1579.35241699 639.06854248 27.3056488037 1694.66027832 695.257995605 18.3802947998 1418.90881348 476.127746582 -167.609375 1682.58032227 672.210998535 -144.858123779 1343.88317871 203.624603271 -167.014541626 1531.43713379 622.50970459 -435.777374268 1216.69055176
0.0321869850159 8 640.51953125 -144.712356567 1554.24291992 672.684509277 247.109069824 1579.32531738 643.783935547 24.3727111816 1697.86608887 693.278686523 23.2968444824 1419.27062988 480.933288574 -177.161575317 1679.64526367 689.81854248 -165.98223877 1351.69604492 197.482208252 -177.888458252 1531.44714355 610.85723877 -450.241241455 1233.20812988
0.035933971405 8 642.938842773 -144.786849976 1545.14868164 672.491394043 246.999420166 1578.11999512 638.17388916 34.3511657715 1694.24523926 699.070861816 44.732635498 1421.5579834 479.921508789 -200.043792725 1672.8425293 691.028137207 -137.994903564 1352.82470703 189.055938721 -211.666473389 1527.31445312 617.939880371 -429.563018799 1226.61462402
0.0324141979218 8 641.666870117 -139.933197021 1548.79064941 672.638671875 246.261566162 1576.73046875 636.147949219 38.0280761719 1698.77075195 698.595458984 48.0417175293 1423.81298828 481.118408203 -204.803588867 1670.83679199 686.94909668 -125.563308716 1350.72167969 187.914916992 -223.617630005 1523.98266602 612.4140625 -419.264038086 1229.69042969
0.0318338871002 8 645.964172363 -144.861083984 1547.54785156 672.282104492 245.52331543 1576.02160645 636.012634277 30.3953399658 1698.94836426 703.991882324 42.7757110596 1424.41638184 478.031402588 -199.916229248 1667.66418457 689.676452637 -129.593551636 1352.44592285 182.965301514 -227.731826782 1520.49926758 618.994384766 -419.411193848 1220.22253418
0.0360360145569 8 649.087646484 -143.898071289 1552.82788086 671.782836914 245.127944946 1576.26342773 636.158935547 33.167175293 1701.50854492 709.17565918 39.730255127 1425.17431641 473.876251221 -198.389938354 1667.0435791 693.73059082 -134.574676514 1353.3190918 178.723449707 -228.661651611 1521.4564209 620.559082031 -423.689086914 1220.5715332
0.0318100452423 8 642.698364258 -142.390838623 1553.56835938 671.117492676 245.501464844 1576.19152832 643.129882812 32.2179260254 1704.90478516 702.075195312 39.2864074707 1423.72607422 482.453369141 -197.095687866 1669.93164062 686.161193848 -141.374862671 1351.88317871 184.940032959 -226.428421021 1522.07189941 621.809753418 -420.419189453 1198.75549316
0.0323650836945 8 642.801025391 -143.660736084 1554.23840332 669.846801758 245.885070801 1576.16992188 639.465148926 30.5095672607 1702.51098633 702.04486084 36.2718048096 1425.99731445 480.852539062 -194.271011353 1670.17285156 687.405456543 -149.984466553 1352.34960938 189.441040039 -229.734375 1523.1126709 613.956542969 -428.177612305 1219.93713379
0.0354859828949 8 643.832092285 -143.61088562 1554.19921875 668.670349121 245.848205566 1576.30786133 638.19720459 29.0786132812 1705.4284668 703.522521973 38.2001953125 1427.29125977 473.546142578 -200.852218628 1673.125 688.626586914 -147.407348633 1352.51794434 185.185272217 -232.521759033 1523.86730957 606.210876465 -452.977935791 1211.4552002
0.0323038101196 8 645.152160645 -144.906860352 1553.59350586 665.894775391 245.857543945 1577.51696777 639.358947754 27.4773101807 1704.92138672 708.27545166 36.6464385986 1428.27783203 474.355773926 -201.956130981 1670.85510254 687.857788086 -146.51121521 1352.21728516 186.059661865 -241.845291138 1520.48913574 619.433654785 -414.60144043 1206.41711426
0.0356500148773 8 645.719299316 -145.522399902 1553.77050781 664.807312012 246.664077759 1578.11303711 640.198974609 27.4027099609 1705.74560547 711.294799805 35.0153503418 1426.74243164 474.995513916 -204.020172119 1669.1920166 687.687988281 -154.817108154 1357.39489746 182.897705078 -247.46546936 1516.3157959 615.85949707 -419.645080566 1204.46081543
0.0318989753723 8 640.017700195 -136.320877075 1551.6652832 662.934936523 246.583053589 1579.73168945 634.317810059 27.8217315674 1705.71166992 715.952331543 35.3615875244 1427.30786133 469.404418945 -205.130340576 1665.97546387 692.691467285 -154.519592285 1360.30432129 177.986633301 -255.523330688 1510.25671387 625.86529541 -409.849029541 1204.31469727
0.0322442054749 8 630.818664551 -126.560768127 1551.28881836 660.999572754 246.824951172 1581.86279297 633.500671387 29.0361938477 1709.26489258 714.546569824 37.5983047485 1427.93725586 470.083526611 -207.223449707 1664.96875 691.86505127 -151.361022949 1359.07116699 179.584838867 -260.280212402 1508.19287109 627.979980469 -406.592437744 1198.6505127
0.0363368988037 8 625.519775391 -120.430244446 1551.31774902 656.33392334 247.771087646 1586.63720703 633.453369141 32.2504959106 1709.46936035 702.292114258 44.2236404419 1427.29528809 470.33581543 -206.865814209 1665.48950195 687.013183594 -172.74810791 1351.01599121 183.172973633 -277.493530273 1508.05651855 622.27947998 -415.455718994 1206.24450684
0.0318620204926 8 619.437805176 -114.043113708 1557.12158203 654.120361328 249.175476074 1590.2800293 632.547302246 41.306137085 1711.59619141 685.297302246 41.1903076172 1416.64770508 471.188537598 -203.881439209 1666.83996582 687.311584473 -176.407165527 1355.74951172 134.598632812 -307.701782227 1482.5949707 624.129821777 -419.023193359 1215.79052734
0.0364899635315 8 613.257446289 -105.594261169 1570.93237305 655.363098145 249.306732178 1588.79553223 637.195800781 57.0632476807 1710.22998047 673.061279297 29.3607788086 1413.94506836 480.342773438 -195.050537109 1667.94836426 681.787841797 -200.543380737 1351.7277832 207.657836914 -280.502258301 1547.66259766 620.979003906 -434.048553467 1203.33581543
0.0463469028473 8 614.917297363 -106.132369995 1580.59680176 655.212158203 249.801681519 1588.66772461 642.333557129 58.1810913086 1717.80822754 664.68145752 44.1819763184 1433.94494629 490.060760498 -200.783752441 1669.03308105 678.275268555 -191.365829468 1352.25463867 224.682922363 -317.675720215 1550.5814209 655.350769043 -361.048034668 1243.55004883
0.0266540050507 8 620.99420166 -112.492622375 1587.07995605 654.529785156 250.802856445 1589.45397949 652.239624023 43.5898284912 1757.86022949 672.200927734 54.5747680664 1432.25598145 499.999023438 -220.815322876 1667.78759766 683.423156738 -176.627792358 1352.91162109 235.379760742 -363.187866211 1552.99084473 612.904602051 -430.979888916 1219.66308594
0.0372231006622 8 624.70715332 -110.448989868 1589.76855469 654.202697754 251.58770752 1590.55163574 655.567199707 45.145980835 1766.46276855 676.104675293 78.8698577881 1455.97814941 501.371582031 -214.704360962 1668.69885254 680.916503906 -178.491653442 1351.53967285 280.821624756 -382.557525635 1567.14379883 617.94329834 -369.161315918 1232.72265625
0.0334150791168 8 627.81036377 -108.909561157 1588.1685791 653.600952148 251.88885498 1591.48986816 650.420959473 38.8856811523 1768.50805664 684.109313965 79.0743103027 1460.22436523 504.978637695 -222.768981934 1665.27246094 687.654602051 -169.546813965 1354.24023438 294.354370117 -437.266601562 1575.1998291 622.960510254 -425.088500977 1199.91918945
0.0286078453064 8 627.853149414 -122.60735321 1573.58374023 652.252807617 252.54385376 1592.45605469 664.009643555 26.6600952148 1733.63012695 675.190185547 47.4462127686 1439.25561523 508.711364746 -222.804656982 1665.44836426 689.545166016 -173.86946106 1357.0168457 326.849731445 -466.315551758 1584.92565918 630.52911377 -428.413879395 1197.15783691
0.0392279624939 8 632.122131348 -130.507385254 1573.65441895 651.11907959 252.20690918 1593.03503418 649.670776367 24.6049804688 1741.8425293 684.140258789 44.9291305542 1435.19384766 516.51550293 -237.359863281 1660.71875 698.440185547 -160.555999756 1360.43334961 368.600311279 -508.079681396 1599.82421875 651.08972168 -370.443695068 1220.24072266
0.0330212116241 8 647.636169434 -142.389312744 1568.51879883 647.56854248 252.504776001 1594.24536133 652.140686035 30.1858520508 1728.38977051 708.156677246 39.8068847656 1432.49230957 567.098266602 -227.559051514 1680.99743652 710.048706055 -152.056625366 1361.72729492 383.427856445 -559.140136719 1604.10949707 664.666259766 -359.006072998 1227.49743652
0.028568983078 8 644.915771484 -139.872085571 1569.27026367 635.966186523 253.362091064 1597.34118652 646.017822266 33.533416748 1728.00183105 706.582885742 40.3887329102 1431.53942871 576.440002441 -233.030273438 1683.42724609 708.878662109 -150.931137085 1361.97668457 416.960968018 -579.507446289 1616.66711426 657.277587891 -344.99105835 1239.46826172
0.029688835144 8 645.112609863 -126.36289978 1574.84924316 636.092468262 254.535476685 1598.88012695 644.100708008 38.9680023193 1733.13671875 701.014648438 47.0513839722 1436.31103516 582.720092773 -228.110610962 1685.07128906 705.804748535 -153.584289551 1361.44165039 488.16394043 -525.195007324 1670.66223145 662.565856934 -342.743591309 1254.09460449
0.0353360176086 8 643.342773438 -120.531593323 1577.17810059 628.686523438 255.713226318 1601.97937012 641.34197998 47.8836135864 1730.81237793 703.664978027 52.4616470337 1441.5098877 581.887268066 -205.181488037 1690.48278809 708.038330078 -148.777709961 1363.45654297 496.893554688 -499.004760742 1704.78991699 673.477844238 -313.531066895 1268.91625977
0.0312750339508 8 652.836181641 -113.638870239 1548.27612305 624.006103516 256.210388184 1603.06860352 639.296203613 23.5563201904 1726.22351074 704.014831543 77.050743103 1440.15783691 582.077575684 -222.688705444 1712.39233398 705.363464355 -121.905830383 1369.54516602 555.161010742 -581.398010254 1669.56188965 683.541748047 -209.406097412 1293.39294434
0.0310080051422 8 650.807800293 -121.405761719 1559.24108887 617.112243652 256.727996826 1604.58312988 643.124572754 33.1482543945 1728.05773926 701.788513184 64.5760421753 1435.7220459 581.409423828 -209.064987183 1731.96557617 707.40612793 -169.814910889 1355.7130127 508.655944824 -520.337097168 1720.13562012 622.830993652 -49.6636276245 1445.10461426
0.035012960434 8 647.563354492 -121.35168457 1566.65686035 616.949951172 256.264343262 1604.23937988 640.308166504 41.7534790039 1725.89868164 702.175842285 54.844909668 1432.54394531 583.372375488 -199.036575317 1739.98168945 707.266967773 -167.684295654 1360.36767578 505.868225098 -488.628173828 1721.00866699 713.049316406 47.6228485107 1409.6151123
0.0311679840088 8 648.658996582 -123.773048401 1575.69018555 613.274963379 255.911407471 1605.54772949 648.533325195 54.0285949707 1717.10668945 693.306030273 42.4968719482 1427.45678711 593.711364746 -180.42930603 1747.25292969 700.698242188 -181.468017578 1352.74597168 518.800048828 -460.41027832 1731.79455566 674.374084473 -56.5119781494 1331.54785156
0.0316851139069 8 642.046386719 -118.386962891 1565.98925781 609.109191895 255.396392822 1607.58276367 652.565734863 53.9508895874 1713.61853027 683.365539551 44.8724136353 1413.52746582 601.448791504 -164.730438232 1743.21838379 696.963928223 -176.912689209 1348.28405762 523.145385742 -441.876312256 1742.35961914 666.381591797 -66.7615890503 1327.73022461
0.0355548858643 8 637.671081543 -116.573455811 1557.70227051 606.075805664 254.557922363 1609.21325684 652.913574219 50.426322937 1703.65368652 675.290527344 43.7756729126 1408.38342285 600.10345459 -130.085144043 1740.45776367 692.626159668 -170.523742676 1351.33947754 527.03704834 -420.890045166 1752.6427002 631.946350098 -422.700622559 1217.76391602
0.0317661762238 8 633.128173828 -115.974334717 1548.28491211 605.092285156 254.438751221 1609.27770996 648.961181641 48.2571868896 1688.26403809 671.927490234 37.7858428955 1401.07971191 595.868164062 -94.2622070312 1732.86364746 694.45501709 -181.390670776 1351.29077148 532.552246094 -388.658752441 1763.01843262 638.025756836 -367.36529541 1240.36816406
0.031368970871 8 631.400390625 -111.303718567 1543.94018555 603.702941895 255.053192139 1610.38830566 645.940856934 46.5573272705 1692.15185547 677.198059082 44.9136657715 1400.42333984 585.380493164 -67.2472763062 1728.72717285 698.007629395 -165.438415527 1350.12451172 532.820373535 -367.069641113 1770.29833984 643.535461426 -347.930053711 1245.10266113
0.0352058410645 8 632.977966309 -112.174835205 1545.82348633 602.435668945 255.069580078 1611.24230957 644.743774414 41.2063903809 1699.66845703 682.313598633 49.1506347656 1408.4453125 539.98626709 203.491027832 1685.40686035 698.847167969 -158.184066772 1345.7869873 541.337585449 -396.12286377 1784.27783203 638.863586426 -399.845214844 1224.71203613
0.0320081710815 8 632.708984375 -113.396774292 1542.31237793 602.276245117 255.094665527 1612.29504395 640.805480957 38.2828140259 1693.70080566 681.916320801 48.3777084351 1410.40905762 556.542053223 215.093505859 1698.80053711 696.852966309 -157.679626465 1341.19421387 548.08215332 -343.526306152 1806.5838623 666.686950684 -157.834686279 1284.24743652
0.031466960907 8 632.818359375 -113.999298096 1544.64294434 603.184082031 254.917373657 1612.89611816 642.787963867 39.7737045288 1698.74609375 680.686767578 47.5558853149 1406.43310547 546.198669434 237.129058838 1699.34130859 696.797485352 -153.733886719 1338.53674316 559.561035156 -325.604095459 1809.18933105 646.989868164 -312.39465332 1240.2121582
0.0357539653778 8 631.366882324 -113.812095642 1541.44250488 602.540649414 255.188018799 1613.82519531 640.432739258 38.4170608521 1695.62573242 680.104736328 46.619178772 1403.91088867 545.354797363 231.760467529 1694.87780762 697.633300781 -152.957489014 1335.64685059 569.280090332 -291.030853271 1793.46936035 628.230285645 -230.305725098 1269.80871582
0.031909942627 8 630.936035156 -116.143035889 1549.6920166 602.037414551 255.024414062 1614.80761719 638.253417969 40.3563461304 1701.61669922 680.626708984 40.3596878052 1405.94018555 545.301940918 238.12286377 1692.39831543 696.67578125 -153.318511963 1329.18969727 570.813476562 -258.088897705 1778.59802246 648.064147949 -365.694335938 1221.66674805
0.0325829982758 8 624.676879883 -122.197723389 1551.51867676 601.616760254 254.425216675 1616.10717773 638.358459473 29.7197570801 1706.46838379 671.752990723 45.8683242798 1421.85241699 543.051818848 223.827270508 1689.16247559 697.025817871 -137.167694092 1321.96020508 574.360168457 -243.229431152 1758.19445801 646.70916748 -366.346893311 1219.70471191
0.0360851287842 8 626.552734375 -120.006523132 1554.84973145 601.227478027 253.451751709 1616.98254395 638.89630127 25.2574920654 1713.61584473 674.945617676 49.6974182129 1431.07751465 542.70489502 213.776107788 1686.73205566 699.001586914 -134.526733398 1319.12646484 571.064575195 -230.262008667 1746.58837891 628.726318359 -399.663085938 1204.61206055
0.032045841217 8 628.155822754 -120.073875427 1557.49523926 601.821533203 253.042175293 1617.95556641 639.568725586 21.6672668457 1718.12854004 679.381225586 49.5213165283 1436.5098877 543.942565918 206.869125366 1677.82080078 698.441650391 -136.011779785 1316.7109375 572.176879883 -214.292953491 1736.57849121 625.066650391 -403.939697266 1202.39916992
0.0359301567078 8 628.36529541 -120.193199158 1559.19665527 602.307861328 253.149261475 1619.10058594 641.875671387 22.4760131836 1723.21948242 680.519958496 48.9065093994 1432.20898438 565.637268066 32.503780365 1679.97619629 692.888305664 -152.246124268 1313.77941895 563.773681641 -190.440811157 1738.81872559 622.862426758 -408.381072998 1202.55163574
0.0364480018616 8 628.131225586 -124.989601135 1566.64343262 603.303344727 252.900604248 1620.11828613 648.133300781 28.0301971436 1726.40234375 677.019897461 43.1202392578 1429.94238281 571.422485352 26.7774124146 1684.1270752 687.647399902 -153.9087677 1315.52832031 560.592468262 -199.565032959 1745.71008301 618.754272461 -382.30267334 1226.04345703
0.0310928821564 8 628.689941406 -125.759368896 1570.9296875 604.770751953 252.695114136 1620.65686035 650.850463867 30.0640869141 1730.60522461 677.212402344 42.2070388794 1430.56835938 567.752380371 23.5933456421 1686.36120605 689.425415039 -155.683776855 1320.45288086 561.648620605 -210.9140625 1758.12207031 616.156433105 -417.296875 1206.2767334
0.0353701114655 8 629.621643066 -126.824165344 1575.96520996 606.110656738 252.47366333 1620.82983398 653.117431641 30.5187530518 1733.58422852 679.560546875 41.3308410645 1436.74316406 567.071594238 27.2742500305 1696.99926758 687.275268555 -164.908233643 1327.26831055 558.979858398 -222.839645386 1771.32739258 615.481872559 -419.084716797 1208.12780762
0.0313398838043 8 636.019104004 -130.699630737 1585.88427734 607.808227539 252.142532349 1621.10314941 670.313476562 32.7722320557 1749.53503418 688.555297852 39.1306304932 1433.96813965 569.17590332 16.3896083832 1701.2434082 696.04901123 -173.904922485 1335.87487793 552.102111816 -235.889511108 1783.19067383 621.098449707 -392.777282715 1227.3951416
0.0314359664917 8 639.952880859 -128.935348511 1585.40466309 609.449951172 252.050949097 1621.56774902 675.090820312 42.5890350342 1733.61425781 679.85546875 35.8397369385 1430.87817383 570.490966797 11.8938884735 1709.36279297 687.680175781 -172.857055664 1334.97119141 559.322937012 -247.008758545 1793.91552734 612.381225586 -422.231933594 1207.9552002
0.0352871417999 8 643.262756348 -130.024505615 1587.69506836 611.858276367 251.944412231 1622.97387695 671.82043457 42.4735336304 1740.53625488 687.632446289 37.6756439209 1433.29406738 571.788513184 -7.83560180664 1721.44799805 693.254638672 -166.547714233 1336.48193359 555.367492676 -258.197692871 1802.78527832 615.82635498 -425.919311523 1213.84472656
