0.0310950279236 8 594.055297852 -44.6947631836 1480.17663574 626.682373047 269.85256958 1603.68945312 667.822875977 114.806915283 1713.63244629 567.845947266 135.650787354 1251.76281738 513.795776367 -78.2325744629 1729.3182373 660.753967285 -74.8438415527 1333.39172363 462.967071533 -317.760803223 1765.05737305 620.528747559 -405.349609375 1209.66760254
0.0363919734955 8 594.797363281 -44.583896637 1481.8046875 625.979919434 269.52142334 1604.18371582 667.748840332 117.445144653 1713.86413574 568.177062988 133.634735107 1251.68151855 529.464050293 -86.3437652588 1737.98925781 661.429382324 -76.7639923096 1332.90917969 467.112518311 -322.487365723 1777.77746582 624.068847656 -394.428527832 1212.63513184
0.0312888622284 8 594.876037598 -43.5366706848 1481.85791016 625.946044922 268.832214355 1605.36401367 667.316955566 120.608726501 1711.31884766 568.668395996 133.179931641 1251.79614258 539.076660156 -89.4248428345 1737.63916016 661.719787598 -78.1345977783 1332.97998047 463.596801758 -322.439483643 1773.12731934 654.497314453 -323.507019043 1232.02368164
0.0320930480957 8 595.814453125 -41.4874572754 1478.38720703 625.798828125 267.954223633 1606.06958008 667.288635254 125.035957336 1702.81420898 571.67376709 135.16897583 1251.63598633 546.733276367 -88.4119338989 1736.85583496 664.414367676 -77.2271118164 1332.06408691 461.637237549 -319.390441895 1762.54675293 660.777954102 -318.233703613 1238.45288086
0.0358591079712 8 595.880004883 -42.6552734375 1477.19628906 626.056396484 267.202209473 1607.00158691 670.006469727 122.622642517 1700.83679199 570.327880859 133.776947021 1251.2635498 550.018737793 -92.1247024536 1728.02050781 662.698730469 -79.2961120605 1330.8861084 467.242614746 -322.873413086 1762.01452637 657.770996094 -323.224914551 1235.43286133
0.0313549041748 8 594.870422363 -44.1084365845 1477.05883789 626.259033203 266.502746582 1607.77075195 669.56427002 122.146957397 1700.21520996 569.913391113 132.626495361 1250.87097168 603.988647461 -32.7741241455 1713.29101562 660.184631348 -88.3868255615 1324.80505371 531.758361816 -214.423858643 1752.81396484 657.505187988 -338.210327148 1244.5435791
0.0359189510345 8 594.91229248 -45.5591583252 1474.83959961 625.817749023 266.108093262 1607.50231934 668.671264648 121.516433716 1694.51318359 569.095703125 129.003036499 1250.17773438 607.77545166 -65.6279449463 1729.79284668 660.030944824 -88.7910614014 1326.32409668 536.246582031 -220.02746582 1757.29614258 657.725280762 -329.258575439 1237.85546875
0.0369391441345 8 594.440063477 -47.3176422119 1475.3527832 625.248901367 266.008331299 1607.66235352 666.899230957 122.110046387 1693.94262695 568.28717041 126.450775146 1249.8347168 606.858642578 -49.3475646973 1729.42028809 659.611755371 -90.4954986572 1326.97802734 543.649963379 -221.418655396 1764.12243652 652.303710938 -319.707305908 1229.04589844
0.0312209129333 8 595.193786621 -47.6573104858 1476.52404785 625.411071777 266.087524414 1607.61791992 668.919311523 121.110473633 1696.0065918 568.541015625 125.011123657 1249.44238281 605.668640137 -23.2080688477 1723.37390137 660.109985352 -91.8025360107 1326.31298828 545.782836914 -217.739700317 1764.9296875 638.324890137 -373.299804688 1236.74487305
0.0308609008789 8 594.909606934 -45.2567863464 1477.31591797 625.073791504 266.388977051 1607.44396973 671.127929688 121.3253479 1696.45751953 566.332519531 125.280097961 1249.9777832 608.769104004 -19.4644775391 1722.71984863 658.131835938 -91.1621627808 1327.03588867 614.865234375 -237.838043213 1725.53833008 615.852661133 -413.5362854 1206.95629883
0.0357410907745 8 594.971069336 -43.4736061096 1477.12426758 624.716308594 266.582763672 1607.71765137 671.905761719 120.782089233 1695.83886719 565.479003906 124.50995636 1249.86450195 659.22845459 -64.4563903809 1713.95556641 657.485778809 -91.7727890015 1327.02416992 602.90447998 -231.009597778 1732.54992676 594.456359863 -465.997467041 1184.55969238
0.0314970016479 8 595.695983887 -45.7241668701 1479.45153809 624.235229492 266.780334473 1608.18347168 671.097900391 123.730392456 1698.22473145 566.614990234 123.583145142 1249.77429199 657.746826172 -63.6325073242 1711.92150879 658.962768555 -93.2161102295 1326.21716309 599.362915039 -234.263717651 1738.3605957 614.270141602 -417.569030762 1206.01196289
0.0315940380096 8 596.086242676 -46.194606781 1480.27453613 624.128601074 266.875305176 1609.03503418 671.275085449 125.088134766 1699.05236816 567.42376709 123.567581177 1249.59191895 655.484558105 -61.9301300049 1711.92578125 660.01171875 -93.4876708984 1326.4564209 596.960205078 -237.895904541 1742.61999512 614.771972656 -417.199768066 1205.71069336
0.0395848751068 8 596.231201172 -46.9563369751 1481.11889648 623.70513916 267.421875 1609.40649414 672.454589844 122.598510742 1702.65319824 568.065185547 123.596084595 1249.26745605 650.651855469 -58.2668762207 1712.44470215 660.294006348 -96.0590515137 1323.75085449 595.611694336 -241.681488037 1747.65222168 614.098327637 -421.382537842 1205.08032227
0.0278270244598 8 595.942077637 -47.405506134 1481.6237793 623.249023438 267.602966309 1609.9786377 671.930114746 123.212387085 1702.9251709 568.819641113 123.061553955 1249.10583496 643.945678711 -55.3784942627 1711.7767334 661.352294922 -96.382598877 1323.43493652 595.121826172 -244.421173096 1751.54101562 616.423156738 -412.432128906 1206.14990234
0.0318720340729 8 597.267150879 -40.0083999634 1474.45861816 622.534057617 267.596588135 1610.27746582 666.340820312 113.459777832 1705.00769043 574.697265625 132.326828003 1248.03430176 612.076843262 -69.0927581787 1709.76513672 667.090393066 -89.7065734863 1320.38818359 593.998901367 -255.705810547 1756.50866699 622.507141113 -397.035858154 1206.34289551
0.0357189178467 8 593.87097168 -50.230304718 1476.77563477 622.134155273 267.27154541 1609.7989502 669.435852051 114.066482544 1706.04943848 571.891784668 130.981918335 1248.85168457 610.327270508 -79.3619995117 1715.93579102 664.217224121 -94.2713317871 1318.52990723 597.205078125 -255.256469727 1758.33056641 613.248901367 -425.880462646 1200.67932129
0.0312030315399 8 594.90802002 -49.310459137 1480.32043457 621.012939453 267.999572754 1609.49853516 669.48614502 117.501686096 1707.44641113 571.995300293 126.719192505 1249.09924316 610.552307129 -76.4861068726 1717.37719727 664.113464355 -101.041381836 1315.73742676 587.661010742 -241.586669922 1764.17468262 639.250732422 -379.802429199 1222.09020996
0.0321760177612 8 595.638366699 -50.1217536926 1473.62976074 619.162658691 268.236053467 1609.26135254 669.504699707 107.30657959 1708.37243652 572.394714355 135.792434692 1249.48693848 652.626281738 -85.8698425293 1741.99719238 663.536437988 -91.9476623535 1315.04736328 571.404541016 -249.955307007 1743.26989746 611.261474609 -416.850585938 1201.69641113
0.0359930992126 8 601.944152832 -45.3015518188 1449.41540527 617.980712891 268.665405273 1608.91687012 686.418640137 73.7089996338 1700.8157959 555.823669434 168.924560547 1258.41296387 667.391906738 -119.357345581 1731.58911133 646.422912598 -58.0439300537 1323.66088867 587.710510254 -358.336486816 1686.87023926 623.514099121 -331.1875 1237.21154785
0.0320880413055 8 597.849243164 -42.7842597961 1450.19104004 616.8828125 268.616760254 1608.79943848 683.99407959 76.701499939 1699.08227539 548.117858887 168.750396729 1259.33837891 664.691040039 -119.564323425 1721.68408203 638.658203125 -60.8680419922 1323.8638916 596.441772461 -349.020599365 1693.53710938 588.769592285 -388.269622803 1212.64526367
0.0319468975067 8 595.009765625 -34.7839927673 1446.46264648 616.242553711 268.974853516 1608.81103516 678.828613281 79.1113739014 1688.23547363 548.379516602 167.669830322 1258.60583496 663.062011719 -123.790618896 1707.10571289 638.595214844 -60.5369110107 1323.48425293 594.15057373 -344.110992432 1703.01269531 617.858093262 -327.817138672 1247.51916504
0.0359499454498 8 598.945678711 -32.4079399109 1443.08789062 615.503601074 269.314239502 1608.46948242 684.447387695 80.0380401611 1680.20446777 539.285522461 165.825912476 1260.54138184 667.133544922 -120.872467041 1705.3112793 628.933776855 -61.9734191895 1325.15820312 600.430664062 -339.539489746 1708.74511719 601.398803711 -330.651794434 1239.39611816
0.0319199562073 8 597.319580078 -33.1298751831 1439.60974121 615.173522949 269.688781738 1607.72546387 676.046508789 80.7123565674 1677.77539062 542.075927734 167.510986328 1259.13110352 659.442382812 -119.263778687 1704.6418457 630.749572754 -60.0313720703 1322.74841309 589.780029297 -333.115905762 1715.11804199 580.796142578 -385.264556885 1213.17053223
0.0354201793671 8 600.24786377 -42.5977363586 1415.71069336 614.094787598 269.4375 1606.94824219 658.06427002 53.0966491699 1678.50048828 559.567565918 193.795547485 1260.71972656 638.795288086 -147.033569336 1693.75732422 647.954772949 -35.3237609863 1322.31018066 563.83203125 -365.724456787 1714.24719238 598.474487305 -360.613464355 1213.61877441
0.0369138717651 8 603.295654297 -44.2981300354 1422.45568848 612.241882324 269.529174805 1605.94763184 669.501953125 55.4019165039 1686.17297363 554.234863281 190.82194519 1260.64709473 644.880432129 -148.524627686 1696.0982666 639.942504883 -50.6606292725 1312.45678711 528.216552734 -496.302124023 1614.89404297 601.55847168 -328.368103027 1238.29272461
0.031280040741 8 595.972473145 -51.7984542847 1449.87145996 610.504272461 269.483795166 1605.0402832 655.164245605 86.1129455566 1701.46447754 570.718933105 159.826522827 1248.87463379 627.997131348 -117.653167725 1707.00085449 657.03894043 -78.5585174561 1304.03759766 462.91027832 -439.122772217 1610.36486816 605.98425293 -403.39855957 1199.62060547
0.04611992836 8 593.446166992 -51.5886535645 1451.66918945 609.145507812 268.87411499 1604.4708252 653.176513672 88.6969604492 1702.4708252 572.392211914 157.535430908 1246.79504395 605.197875977 -98.1528778076 1686.47106934 658.811828613 -80.3015594482 1304.10559082 360.741333008 -523.035522461 1561.1697998 608.963134766 -403.459899902 1201.28601074
0.0312922000885 8 589.356567383 -52.323223114 1451.83410645 608.366333008 267.830322266 1603.41064453 650.245178223 88.0320739746 1703.67565918 574.98614502 156.724685669 1244.65319824 584.331604004 -126.093078613 1677.78869629 658.929443359 -84.3163146973 1299.46337891 323.711791992 -504.413909912 1554.94775391 606.39251709 -414.090423584 1194.7701416
0.029639005661 8 585.74005127 -54.8605995178 1448.90222168 607.630249023 266.75213623 1602.12817383 647.721801758 80.0930938721 1707.00854492 577.720458984 160.643875122 1243.55639648 575.531188965 -145.878753662 1673.47131348 660.4765625 -83.6185150146 1296.24707031 326.285705566 -458.052856445 1567.03405762 603.693359375 -419.807678223 1192.1295166
0.0336740016937 8 585.841064453 -63.2921142578 1453.57592773 606.690124512 265.700866699 1600.80334473 642.855529785 83.7537612915 1711.3260498 581.198059082 151.702453613 1241.2923584 564.607849121 -150.147918701 1672.12512207 661.687988281 -94.6411437988 1291.54980469 285.476928711 -434.051391602 1558.60351562 602.73638916 -426.9480896 1189.62402344
0.0309009552002 8 583.32421875 -63.6558570862 1457.85913086 606.227905273 264.912536621 1599.16064453 639.317443848 89.7224121094 1710.93481445 581.294616699 144.480102539 1240.18261719 547.239074707 -155.293228149 1677.3248291 662.460632324 -97.301940918 1294.36682129 254.718017578 -405.50402832 1554.28918457 605.523498535 -427.028045654 1193.60717773
0.0304539203644 8 584.069152832 -58.7746734619 1463.60290527 605.846923828 264.045654297 1597.04321289 638.844482422 94.4899749756 1711.56530762 578.581787109 135.088638306 1239.18591309 532.534362793 -154.120956421 1687.02587891 657.557922363 -109.046203613 1292.59863281 232.90826416 -373.079376221 1553.21264648 603.186157227 -432.798248291 1190.6784668
0.0355370044708 8 580.299560547 -63.3455619812 1461.8848877 605.758850098 262.933868408 1595.58935547 629.933166504 102.192176819 1697.7677002 576.253845215 124.437713623 1237.76818848 522.644836426 -148.927062988 1688.81726074 654.712280273 -119.952667236 1290.47802734 214.565734863 -339.784057617 1551.91699219 600.154785156 -447.195892334 1188.640625
0.0314769744873 8 586.77331543 -82.3127822876 1472.64001465 604.904907227 261.588165283 1594.31494141 626.76940918 67.5086135864 1680.140625 606.165283203 100.544044495 1290.18383789 512.363708496 -184.355804443 1684.14868164 651.295471191 -89.6338119507 1293.11010742 203.915344238 -346.6171875 1549.10644531 596.316345215 -415.312835693 1190.2935791
0.0309319496155 8 576.978088379 -92.7072067261 1468.12194824 603.970092773 258.31463623 1590.78295898 614.568786621 84.5194015503 1661.85559082 583.257995605 73.4910812378 1261.4967041 496.647766113 -148.01071167 1685.75512695 644.940551758 -136.604187012 1286.2208252 185.904418945 -286.727905273 1547.03649902 590.617980957 -462.342773438 1188.65136719
0.0354771614075 8 575.653625488 -96.9467849731 1472.14880371 603.503540039 255.781890869 1588.17993164 612.719665527 90.6196670532 1662.56958008 580.83416748 68.7973098755 1259.26977539 485.879516602 -142.1222229 1684.92687988 643.634887695 -143.55645752 1286.02526855 169.586975098 -259.599182129 1539.62927246 591.317749023 -466.044616699 1188.6751709
0.0316619873047 8 575.940795898 -93.9662475586 1476.12243652 604.098815918 255.722183228 1588.47631836 613.551513672 95.473526001 1669.90222168 580.110107422 71.56300354 1258.32531738 472.876251221 -142.216186523 1680.39685059 644.19720459 -142.316848755 1286.04077148 148.573516846 -247.617401123 1531.55944824 591.667602539 -467.417785645 1189.06164551
0.0314509868622 8 573.605712891 -92.9700164795 1476.28161621 604.284790039 255.381256104 1588.26098633 607.318481445 88.1583709717 1687.99707031 580.327026367 80.3383331299 1255.63085938 453.436096191 -142.865219116 1676.98510742 645.397705078 -135.376205444 1284.77758789 117.690460205 -251.023101807 1521.05969238 587.174438477 -468.078735352 1195.59191895
0.0357239246368 8 568.852355957 -89.4518280029 1468.67749023 603.563598633 255.040328979 1587.95373535 600.54296875 74.4580841064 1699.14990234 583.190551758 96.7256317139 1253.91967773 442.67565918 -151.813644409 1676.37353516 650.717895508 -122.308990479 1284.50891113 112.680511475 -243.477935791 1518.35046387 591.222351074 -464.863586426 1192.56494141
0.0313539505005 8 568.128356934 -85.2733230591 1460.28686523 601.676757812 253.707672119 1586.52563477 596.239379883 61.5891799927 1701.37133789 579.352905273 109.253486633 1254.09716797 433.541351318 -155.856323242 1675.21374512 648.928833008 -111.842781067 1284.16296387 110.351593018 -238.47744751 1517.24328613 598.717468262 -439.388031006 1193.1081543
0.0317389965057 8 566.182739258 -83.7941055298 1459.70690918 600.321899414 253.621917725 1586.09313965 591.453857422 60.0135879517 1703.54760742 577.465820312 112.448158264 1254.42773438 427.587036133 -152.662261963 1674.36645508 648.896789551 -111.272544861 1282.9152832 96.7130737305 -251.537948608 1492.97509766 598.038085938 -445.042572021 1190.30822754
0.0400261878967 8 564.120910645 -83.7305831909 1457.41625977 599.498840332 253.761566162 1585.4342041 580.595581055 58.5929718018 1699.3918457 573.285766602 110.710021973 1254.46630859 400.205780029 -150.724655151 1658.13415527 647.532897949 -113.477828979 1281.68884277 88.6998596191 -245.617874146 1480.67016602 603.256713867 -442.412109375 1185.70275879
0.0325489044189 8 565.599487305 -75.8922271729 1458.5032959 597.787536621 253.467803955 1585.34130859 572.440612793 69.6996765137 1684.86047363 567.777282715 97.4150085449 1252.48986816 396.288696289 -134.989471436 1653.19812012 643.118041992 -125.696350098 1278.18017578 90.5193786621 -228.383056641 1476.73461914 600.87310791 -459.66027832 1182.60668945
0.0309989452362 8 557.124694824 -82.249420166 1458.3963623 595.618591309 253.459747314 1585.78942871 551.919311523 73.9236679077 1670.25854492 569.153686523 75.8827896118 1248.27148438 386.118408203 -112.227226257 1652.29785156 646.572631836 -152.135803223 1273.9041748 94.8420410156 -202.607940674 1485.50463867 603.160339355 -484.689208984 1175.65002441
0.0351591110229 8 555.287536621 -83.9813537598 1470.06774902 588.186950684 255.396514893 1586.10522461 546.469421387 90.2931518555 1671.47277832 570.293884277 65.033203125 1249.65222168 377.106384277 -99.3184204102 1647.42590332 648.501586914 -161.756393433 1276.49511719 86.4379882812 -197.059814453 1484.49255371 611.235351562 -494.833129883 1182.47961426
0.0424749851227 8 552.788818359 -84.5557785034 1470.28381348 583.787353516 257.087310791 1586.85681152 538.836975098 93.1543273926 1668.53479004 570.30267334 64.7267608643 1250.08581543 370.380279541 -96.9674835205 1643.88916016 649.378173828 -161.294143677 1278.46411133 83.1693725586 -208.591186523 1482.58422852 612.797912598 -499.270202637 1185.18078613
0.0314929485321 8 550.17578125 -88.145362854 1469.2076416 580.818359375 258.603302002 1586.89074707 534.253417969 92.4771499634 1666.0 568.721679688 63.4140090942 1249.45483398 366.325195312 -94.2573471069 1643.18688965 648.38458252 -163.730285645 1278.90246582 80.7647705078 -222.899780273 1490.89782715 617.006103516 -501.227722168 1185.33093262
0.0356810092926 8 548.584594727 -90.2361526489 1468.49243164 578.162414551 258.501342773 1586.20300293 528.418701172 93.6238327026 1661.63012695 568.664794922 60.5238876343 1248.53393555 363.859558105 -92.8276138306 1643.25048828 648.879760742 -171.044830322 1278.52270508 80.9304504395 -215.045791626 1496.86901855 618.592407227 -505.919769287 1185.05407715
0.034775018692 8 547.598937988 -92.1067428589 1467.35290527 576.063598633 258.906097412 1585.94470215 524.069335938 94.2542877197 1659.15991211 568.865234375 61.4807739258 1248.18896484 363.900085449 -93.0938415527 1643.08447266 649.380126953 -173.225509644 1279.26037598 89.2741394043 -212.896286011 1503.82727051 619.854248047 -508.806091309 1187.00158691
0.029373884201 8 546.897460938 -92.9256210327 1467.39379883 574.28704834 259.993469238 1585.53186035 521.60925293 94.7972335815 1660.51403809 568.785888672 64.0051498413 1248.14807129 364.500671387 -94.0346755981 1643.26696777 649.76940918 -170.428955078 1280.99841309 93.4218139648 -213.242431641 1508.75244141 621.016784668 -509.724975586 1187.44433594
0.0320999622345 8 545.609375 -92.8820953369 1467.63879395 572.377441406 260.364746094 1585.5489502 518.035827637 96.3157653809 1661.45324707 568.530944824 67.0420532227 1248.5057373 370.903137207 -93.7739715576 1648.11157227 650.746582031 -166.511260986 1282.26647949 78.8357849121 -217.552902222 1516.27453613 618.561584473 -513.262329102 1186.51989746
0.0310251712799 8 545.717651367 -91.9364624023 1467.70983887 571.1953125 260.009643555 1585.2779541 519.481140137 97.5726547241 1661.95849609 568.53314209 68.512550354 1248.46020508 369.253051758 -94.8474502563 1648.54968262 652.107788086 -162.471679688 1284.10461426 76.7213745117 -217.914855957 1525.77612305 619.968200684 -506.726867676 1190.12255859
0.0326528549194 8 545.087402344 -90.877281189 1467.02966309 570.257507324 260.280273438 1584.81860352 522.250976562 97.4526672363 1664.20751953 567.564208984 72.3853607178 1248.60546875 376.546356201 -97.041809082 1661.12329102 651.919799805 -157.0990448 1285.09484863 84.6370544434 -211.289855957 1534.09057617 617.204528809 -505.610778809 1186.75109863
0.0326271057129 8 545.701965332 -96.8268356323 1469.34399414 569.140991211 260.687225342 1584.82373047 532.399719238 80.5548706055 1662.19641113 568.809265137 71.7022857666 1269.60046387 392.053924561 -110.855728149 1662.34472656 640.819396973 -138.339477539 1286.85742188 91.5212402344 -228.719085693 1535.58972168 608.77154541 -481.064147949 1186.51525879
0.0309829711914 8 549.108093262 -94.9814224243 1479.27648926 567.574035645 261.31262207 1584.66467285 550.415161133 73.1617126465 1692.32653809 571.327880859 93.0773162842 1284.84240723 394.18270874 -138.682418823 1653.75842285 632.250854492 -123.429153442 1284.5982666 94.582611084 -244.909759521 1524.36437988 604.464660645 -448.840393066 1188.12011719
0.0346050262451 8 549.540710449 -95.9823303223 1479.73571777 567.142150879 261.894073486 1584.7923584 554.797973633 70.3284378052 1696.22546387 572.304931641 96.3254623413 1287.24035645 394.790435791 -146.162994385 1655.45690918 629.437011719 -120.533943176 1279.84619141 91.3768615723 -237.322433472 1517.02990723 604.480407715 -431.590362549 1191.21655273
0.0429739952087 8 553.700256348 -118.60635376 1479.18920898 568.327514648 261.575622559 1584.37890625 547.179138184 55.4108276367 1686.00512695 586.69354248 74.7797851562 1293.14941406 390.783081055 -157.925537109 1657.34619141 636.498840332 -124.214370728 1272.47521973 88.571105957 -230.901885986 1510.62805176 603.121276855 -423.70135498 1190.77636719
0.0283041000366 8 558.291870117 -135.804580688 1480.01806641 569.396057129 260.623474121 1583.1282959 546.332885742 35.4466400146 1680.14941406 607.826171875 47.8976898193 1297.47314453 389.40512085 -176.056488037 1659.20556641 640.621520996 -125.868392944 1273.28686523 84.4104919434 -221.248886108 1504.56970215 598.496398926 -411.308959961 1192.64294434
0.0301208496094 8 561.106506348 -144.478546143 1484.01391602 570.341308594 258.853851318 1582.8326416 548.987854004 30.1265716553 1674.2331543 617.077941895 27.9398040771 1299.7409668 390.687408447 -175.732040405 1665.48327637 643.104187012 -167.775909424 1264.95703125 89.733795166 -195.031158447 1503.44104004 594.940612793 -402.731506348 1194.0625
0.0342869758606 8 561.730834961 -148.928192139 1484.95507812 572.537780762 256.198974609 1581.72473145 552.880432129 26.704498291 1672.41259766 621.10760498 20.9237670898 1301.40551758 390.437957764 -176.5440979 1677.84118652 628.871948242 -203.050979614 1250.41235352 86.7680664062 -164.693603516 1504.7713623 590.022949219 -395.464416504 1195.60900879
0.0313630104065 8 562.390014648 -148.924819946 1486.08374023 573.393859863 255.826507568 1581.7421875 556.20703125 25.7167205811 1674.12438965 624.47277832 21.1070404053 1304.06091309 386.558258057 -176.502593994 1683.09716797 627.555480957 -215.614089966 1248.33508301 84.3139038086 -130.598144531 1506.34460449 587.839599609 -390.548522949 1195.12145996
0.0345060825348 8 562.072875977 -148.812820435 1486.80603027 580.841247559 250.854888916 1580.41308594 557.616638184 23.9908905029 1677.32958984 625.537414551 22.0959014893 1305.30419922 374.590332031 -164.137023926 1682.26745605 625.732727051 -216.878158569 1246.04260254 87.4372558594 -95.5362930298 1516.09973145 582.473266602 -388.144897461 1198.51086426
0.0425200462341 8 562.313293457 -149.273849487 1487.18005371 585.433532715 248.61555481 1577.76245117 559.217346191 22.2679290771 1678.23913574 625.931213379 21.7701263428 1306.52380371 360.701507568 -153.086486816 1677.58886719 627.494934082 -215.402206421 1246.76074219 87.9923095703 -62.7972869873 1518.66271973 579.576416016 -389.344238281 1198.76086426
0.0291030406952 8 561.780151367 -141.940475464 1489.39001465 589.057434082 248.3462677 1575.95446777 567.463134766 22.652053833 1679.26281738 620.002441406 21.0384979248 1307.11853027 356.367431641 -118.590637207 1676.73486328 619.609008789 -216.730224609 1247.3302002 99.0203857422 -33.6243515015 1532.41577148 569.869506836 -390.528167725 1197.87756348
0.0320789813995 8 567.729675293 -132.955322266 1504.18566895 600.404968262 249.522125244 1565.91320801 567.22064209 36.1196136475 1675.89562988 622.260803223 13.8783111572 1321.05358887 343.204711914 -84.4343109131 1676.63024902 621.540344238 -233.117797852 1250.09631348 87.2456207275 17.7551651001 1531.14489746 576.336669922 -392.39654541 1203.04492188
0.0300228595734 8 566.610412598 -132.789779663 1507.27709961 599.029724121 249.793548584 1567.84899902 561.280578613 39.0355834961 1663.1003418 617.799133301 3.9821472168 1326.98120117 328.442993164 -53.7467041016 1680.76806641 622.862182617 -236.764419556 1254.11425781 90.4144592285 61.1247024536 1537.04150391 570.482116699 -419.019897461 1200.67138672
0.0309979915619 8 565.867248535 -130.827087402 1502.25354004 598.733032227 251.010772705 1568.71911621 558.509460449 36.2344436646 1657.57556152 614.36138916 -2.49624633789 1319.85754395 318.628509521 -38.4954910278 1683.94042969 616.551147461 -244.869476318 1251.40454102 88.0851135254 83.8303985596 1541.85742188 568.048156738 -418.948120117 1203.60009766
0.0353519916534 8 569.816772461 -130.691146851 1507.14074707 600.242492676 251.924713135 1567.84411621 564.537414551 41.6469497681 1661.47009277 614.017272949 -4.45881652832 1318.30822754 320.348175049 -24.5012359619 1683.87597656 613.809020996 -248.022003174 1251.1998291 94.3860015869 96.0954818726 1546.39538574 564.118408203 -430.297851562 1205.44958496
0.031054019928 8 572.097717285 -131.231826782 1501.37634277 605.055175781 253.455169678 1563.08508301 567.858520508 33.9774856567 1665.27819824 612.985351562 5.42135620117 1317.44641113 323.371459961 -28.2172203064 1686.8236084 612.214172363 -238.872299194 1248.9206543 94.3059844971 92.9056854248 1549.96069336 571.131347656 -416.304992676 1203.92822266
0.0315101146698 8 568.824157715 -137.113021851 1496.91015625 603.87097168 252.810028076 1563.57897949 577.716003418 27.1070251465 1668.04064941 605.850036621 12.3553466797 1316.29626465 333.518798828 -32.4662971497 1690.6842041 604.406799316 -232.216964722 1247.3651123 104.110961914 80.1690063477 1551.91259766 565.662353516 -422.108825684 1198.7208252
0.035404920578 8 567.098327637 -134.476501465 1499.60424805 602.804992676 252.661636353 1563.30432129 580.234436035 31.7067565918 1669.65698242 599.494445801 26.3815917969 1327.02758789 334.892852783 -29.7662124634 1690.93884277 607.758117676 -212.069671631 1247.36206055 106.13293457 71.9818649292 1546.04797363 576.46081543 -387.054748535 1207.77453613
0.0316650867462 8 568.599731445 -137.652145386 1499.51086426 601.80291748 253.126968384 1562.92736816 581.109619141 29.976852417 1669.82019043 601.272827148 19.9616241455 1322.44641113 335.538970947 -35.6587371826 1690.66259766 609.779663086 -202.659637451 1253.23999023 112.500823975 49.787940979 1543.8626709 574.422058105 -389.012207031 1206.44750977
0.0315239429474 8 569.608886719 -138.904281616 1500.44909668 600.640197754 252.952148438 1562.1875 582.058227539 29.5219573975 1670.38208008 602.603149414 18.7050628662 1323.04980469 336.812530518 -40.4011077881 1691.34484863 608.287719727 -196.344268799 1257.90356445 105.087921143 27.0314941406 1532.1854248 568.138671875 -405.777557373 1201.04626465
0.0355150699615 8 570.726013184 -140.729202271 1502.70410156 599.53137207 252.72114563 1560.47509766 581.048400879 29.5692138672 1671.51989746 603.738464355 15.0424499512 1323.11437988 338.675018311 -43.1349716187 1690.96350098 606.011535645 -212.699783325 1256.43457031 111.40083313 -5.08061218262 1526.89282227 573.24987793 -399.377258301 1201.92773438
0.0316069126129 8 571.309814453 -142.543945312 1505.58911133 598.354675293 252.387329102 1559.41210938 580.01171875 31.6658630371 1672.56469727 604.364746094 11.0709533691 1322.2434082 351.97845459 -74.6982116699 1677.39672852 605.44708252 -222.760818481 1255.62365723 107.284118652 -30.5947189331 1515.88793945 575.866760254 -396.41418457 1203.01550293
0.0322530269623 8 571.884399414 -145.60748291 1510.84667969 596.587524414 251.998443604 1559.82507324 576.01763916 34.8580932617 1677.00463867 606.33795166 6.85928344727 1321.74243164 356.738616943 -90.9788742065 1671.27307129 605.923706055 -229.542175293 1254.71728516 107.459136963 -59.0420074463 1503.09423828 562.118835449 -222.93359375 1215.96594238
0.0352468490601 8 572.649719238 -148.899780273 1512.15197754 595.040222168 251.846481323 1559.67041016 574.25390625 34.918762207 1675.64331055 608.165649414 2.96438598633 1321.89599609 359.078765869 -99.6761627197 1666.29663086 606.270507812 -233.973022461 1252.69616699 104.968719482 -87.3360748291 1489.50439453 603.733520508 -111.332519531 1283.49523926
0.0321171283722 8 569.444335938 -156.108261108 1507.03588867 592.207824707 252.252838135 1559.05993652 558.93951416 32.057800293 1671.71533203 623.945617676 4.55560302734 1323.04394531 348.855651855 -113.907272339 1657.80566406 621.013549805 -233.268722534 1253.17285156 91.5643005371 -119.457824707 1472.16064453 618.352661133 -140.18687439 1288.55969238
0.0317029953003 8 568.071411133 -145.723098755 1505.7244873 591.172607422 252.061218262 1560.44519043 559.889038086 41.5462493896 1671.75561523 632.454833984 15.76121521 1325.5 368.282897949 -138.66166687 1665.54956055 627.95715332 -222.190582275 1252.9786377 91.0748901367 -163.562744141 1463.45507812 592.109985352 -163.187316895 1244.20812988
0.0358119010925 8 568.02923584 -143.168792725 1502.32922363 588.16998291 252.482757568 1560.64599609 560.219360352 41.1176605225 1666.71350098 635.432617188 16.810043335 1326.5213623 375.340942383 -158.436477661 1646.8848877 630.456787109 -217.385513306 1253.63317871 85.7410888672 -195.397979736 1446.67260742 596.421325684 -158.04776001 1244.2355957
0.0319931507111 8 569.39855957 -146.378799438 1500.04516602 585.659179688 252.616134644 1561.16625977 557.593139648 32.4432983398 1668.09899902 632.735351562 15.9805908203 1326.87805176 378.337219238 -170.993225098 1642.38098145 625.959228516 -215.382110596 1250.49938965 91.7721862793 -222.122970581 1443.0526123 592.366821289 -173.065856934 1239.18383789
0.0321209430695 8 570.176208496 -147.824310303 1499.7467041 581.492919922 253.055709839 1560.96606445 558.388122559 29.3969421387 1669.58251953 629.752502441 15.675201416 1326.22631836 383.827941895 -177.630981445 1641.82995605 623.044250488 -215.774124146 1251.29003906 93.6470336914 -240.674636841 1445.03833008 605.702758789 -377.8934021 1202.45788574
0.0356340408325 8 574.469970703 -151.810455322 1501.91040039 581.122314453 253.882049561 1560.62939453 557.245300293 30.5679473877 1673.31262207 636.083435059 19.3422698975 1329.14465332 382.098449707 -183.741073608 1635.8145752 622.790710449 -204.333511353 1250.49206543 86.9685668945 -259.949981689 1447.73950195 611.691467285 -379.105407715 1205.03088379
0.0320980548859 8 576.879821777 -153.526855469 1506.12316895 581.47479248 254.167877197 1560.65649414 552.164428711 30.7576599121 1673.92236328 642.018432617 18.8904418945 1336.54248047 381.363677979 -182.003372192 1633.68286133 626.083129883 -199.428100586 1253.96240234 83.442779541 -261.262664795 1453.99536133 619.653930664 -374.944366455 1210.39599609
0.0320339202881 8 576.373962402 -149.637908936 1506.19702148 578.323974609 254.557922363 1562.04675293 556.484008789 31.9721832275 1677.34338379 641.930908203 23.0673370361 1337.24645996 383.401855469 -186.788391113 1631.06811523 626.512268066 -192.165176392 1256.56054688 80.1058959961 -263.899658203 1458.99963379 620.321655273 -370.977722168 1210.2130127
0.0359308719635 8 576.011047363 -144.661819458 1507.72570801 578.520690918 255.143737793 1562.27697754 558.764282227 30.7482299805 1688.91271973 645.361572266 33.8189086914 1342.70983887 382.221191406 -195.635177612 1629.6427002 630.421264648 -181.388870239 1259.8013916 77.0086669922 -264.358734131 1464.52258301 624.463989258 -364.060302734 1212.87011719
0.031937122345 8 575.65802002 -144.045791626 1506.16125488 578.381469727 255.390594482 1562.63171387 559.226806641 29.8342437744 1688.1138916 644.06640625 33.5421295166 1340.64978027 382.532775879 -197.448608398 1631.33630371 630.075500488 -179.757797241 1261.69824219 76.8317565918 -250.689712524 1468.69958496 613.69909668 -398.594329834 1205.91955566
0.0321750640869 8 574.297912598 -142.667907715 1501.10192871 577.465515137 255.929168701 1563.39819336 554.644714355 25.7946014404 1687.4284668 647.238342285 37.5746002197 1340.86474609 370.421447754 -206.000854492 1645.15100098 634.65447998 -181.367370605 1261.8605957 69.478302002 -237.589355469 1468.00219727 612.298950195 -403.353790283 1207.70251465
0.0360100269318 8 574.103210449 -142.587158203 1503.29602051 576.165710449 256.472351074 1564.44592285 554.62310791 26.0559082031 1690.0090332 645.698913574 38.605682373 1342.90551758 375.47644043 -206.701858521 1642.98168945 631.621459961 -181.162567139 1260.87402344 75.2787780762 -216.181243896 1476.98266602 604.154174805 -411.482299805 1207.17370605
0.0321397781372 8 569.015380859 -143.735061646 1500.38134766 575.973449707 256.513214111 1565.59399414 556.874511719 22.4951629639 1687.20654297 640.726318359 36.6301422119 1342.23681641 372.950073242 -206.247467041 1650.43505859 625.605712891 -183.021224976 1259.42419434 79.3690490723 -191.027511597 1488.22888184 597.352905273 -416.962280273 1207.0657959
0.0355401039124 8 562.957397461 -151.073562622 1499.06530762 575.949768066 256.598083496 1566.83996582 549.975708008 15.2526092529 1685.23327637 641.979980469 27.3027801514 1342.7677002 365.995483398 -196.154953003 1654.34277344 627.275268555 -192.62461853 1259.6940918 77.3228759766 -150.161834717 1491.81506348 597.658752441 -426.130004883 1206.03063965
0.0450088977814 8 554.705810547 -146.518127441 1491.82678223 575.799438477 256.796875 1568.3380127 541.391479492 5.65643310547 1682.41577148 645.627563477 28.2034301758 1347.38183594 345.02432251 -187.254928589 1660.33728027 630.123291016 -188.486022949 1262.15771484 78.2994689941 -122.246574402 1504.79626465 598.8046875 -429.807739258 1205.97155762
0.0291881561279 8 552.082214355 -143.834777832 1487.29211426 575.842224121 256.746765137 1568.99658203 538.339599609 1.3699798584 1679.23205566 647.19921875 28.7950897217 1348.48986816 330.511047363 -171.024169922 1666.88671875 631.868041992 -188.937805176 1262.27294922 76.6220092773 -90.1438064575 1515.63000488 597.439819336 -431.073059082 1207.15356445
0.0308458805084 8 552.4609375 -143.919448853 1487.3067627 576.146911621 256.425048828 1569.02478027 542.265136719 0.0340728759766 1678.70800781 641.392333984 29.3369293213 1347.54052734 332.046783447 -150.769271851 1678.08117676 625.285888672 -188.742126465 1259.97338867 80.5521240234 -60.4571228027 1526.08691406 594.910644531 -421.895599365 1202.38464355
0.0352981090546 8 554.367614746 -136.001754761 1492.32165527 576.684814453 255.939819336 1570.26025391 536.458068848 7.04037475586 1678.55407715 645.132629395 28.8592147827 1350.73400879 330.460083008 -127.732620239 1686.67834473 628.268554688 -187.948822021 1261.67224121 77.0972900391 -33.0758285522 1536.31567383 598.202575684 -417.014709473 1202.64672852
0.0304729938507 8 551.737792969 -135.587799072 1491.82568359 577.429870605 256.300048828 1571.51342773 535.27166748 3.58253479004 1677.69836426 644.481384277 32.281539917 1359.89074707 331.318054199 -115.987922668 1693.6385498 626.272705078 -181.828033447 1261.94897461 84.7947540283 -7.91857147217 1544.9954834 595.895202637 -419.748413086 1203.15588379
0.030485868454 8 556.245300293 -132.296340942 1489.58911133 577.756896973 256.571044922 1572.03149414 539.42199707 -3.79968261719 1678.28723145 637.677246094 34.9755249023 1356.20788574 313.138793945 -99.9322662354 1701.81359863 617.826293945 -176.830337524 1259.93371582 93.1972808838 16.4426727295 1552.30651855 586.213500977 -415.965881348 1200.18457031
0.0356380939484 8 556.483093262 -143.599594116 1502.84057617 577.967468262 256.732543945 1571.23779297 545.692199707 6.31088256836 1682.03735352 628.795959473 21.7754821777 1354.10180664 310.51739502 -74.4315414429 1712.99682617 616.838378906 -160.910919189 1275.05249023 103.801101685 52.0957794189 1560.04418945 575.342224121 -431.683685303 1197.7956543
0.0313858985901 8 557.131164551 -144.232955933 1505.8079834 579.183227539 256.57824707 1570.72741699 549.95513916 9.99952697754 1684.26940918 625.74017334 23.8302154541 1355.02526855 309.045410156 -61.4290084839 1718.46972656 616.286682129 -146.154174805 1284.30737305 105.571243286 63.8030929565 1564.515625 575.218688965 -424.844848633 1197.17724609
0.0317242145538 8 558.43170166 -143.917556763 1508.53869629 580.091186523 256.817199707 1570.59179688 551.584533691 14.2172241211 1683.74121094 623.523254395 22.4859008789 1354.19311523 309.993713379 -54.7397003174 1718.29956055 618.956542969 -138.532531738 1287.60791016 102.885070801 78.4313354492 1565.43151855 573.272949219 -428.0597229 1201.00817871
0.0353078842163 8 559.555480957 -144.217193604 1509.21386719 580.492919922 256.610717773 1570.27539062 554.481994629 16.6932373047 1683.94311523 621.443786621 24.1323852539 1353.40405273 312.140258789 -47.7580871582 1719.30786133 616.395629883 -141.183074951 1281.49621582 96.7958831787 80.659362793 1566.66418457 571.286621094 -431.236602783 1197.97851562
0.0317459106445 8 560.297363281 -145.350250244 1509.42175293 581.16394043 257.014038086 1569.54968262 556.838928223 16.360458374 1683.30932617 619.002990723 24.4035186768 1354.06176758 316.107727051 -43.2914848328 1720.20239258 614.530822754 -147.193878174 1276.72070312 101.274017334 80.5642852783 1563.90368652 570.528442383 -430.9012146 1197.72338867
0.0352940559387 8 563.514587402 -143.864868164 1509.32775879 581.815307617 257.316772461 1568.64160156 565.757995605 21.8396759033 1681.9744873 619.83380127 29.3990631104 1354.15734863 321.669158936 -45.1613616943 1720.49243164 615.214111328 -155.383987427 1265.98095703 102.461502075 63.1647491455 1564.94274902 575.567932129 -422.833740234 1198.59887695
0.0311839580536 8 565.259277344 -146.221832275 1503.58032227 582.416809082 257.298583984 1567.45715332 571.988769531 19.8612365723 1682.83911133 622.573608398 27.7746887207 1341.70678711 336.37109375 -48.8345565796 1727.21557617 606.617431641 -168.443664551 1253.72814941 102.727462769 43.3723068237 1565.61682129 568.042297363 -426.833709717 1198.58605957
0.0317780971527 8 567.158203125 -147.106658936 1503.20483398 582.334411621 257.401855469 1566.21643066 574.164001465 22.1090545654 1681.70629883 622.844421387 23.7706451416 1335.1394043 349.608581543 -52.0811462402 1731.37915039 601.963378906 -184.928955078 1243.03723145 105.920852661 18.7153625488 1563.05981445 569.813781738 -423.712097168 1197.88757324
0.0354640483856 8 569.653991699 -146.157592773 1502.6661377 582.534606934 257.463195801 1564.95629883 579.924804688 26.7075500488 1681.11450195 622.672729492 24.958190918 1330.21240234 369.668701172 -66.1481018066 1732.79125977 604.018798828 -186.894226074 1245.97973633 106.625244141 -5.23904418945 1561.2557373 591.453857422 -364.830078125 1204.2779541
0.031623840332 8 569.979431152 -140.733276367 1504.51330566 582.394775391 257.384399414 1564.10339355 583.365905762 29.6107177734 1680.16101074 618.294372559 25.3752746582 1330.95568848 385.566375732 -78.0828781128 1728.68786621 601.878723145 -196.433059692 1249.96386719 104.682800293 -24.2933769226 1558.81225586 588.988891602 -375.039123535 1202.41052246
0.0318241119385 8 570.152832031 -142.712783813 1511.31188965 582.375061035 257.198425293 1563.58288574 576.861877441 35.543258667 1680.74914551 616.143127441 11.5966644287 1325.29333496 384.310241699 -81.5617141724 1722.23828125 601.325073242 -215.126480103 1250.56567383 108.981445312 -33.0525360107 1549.14624023 586.239624023 -392.991333008 1200.33154297
0.0359919071198 8 571.881896973 -141.793563843 1510.50842285 582.24798584 256.824584961 1563.05322266 575.918762207 35.4017486572 1680.35009766 617.508239746 9.13948059082 1322.36401367 375.444824219 -97.0803375244 1715.45812988 603.705444336 -233.683227539 1245.36853027 97.7203979492 -58.2690238953 1531.86401367 585.494445801 -400.642272949 1198.3026123
0.0359179973602 8 569.812927246 -138.093841553 1509.61486816 581.681945801 256.627471924 1562.73791504 572.865966797 34.08934021 1678.21008301 610.283935547 18.7558135986 1331.1739502 364.033691406 -92.8692779541 1704.35913086 606.679382324 -248.362991333 1251.41723633 98.8214416504 -60.576789856 1523.08276367 587.615966797 -415.043151855 1199.4239502
0.0423781871796 8 574.866638184 -146.568237305 1513.11022949 580.581115723 255.73727417 1563.58422852 560.191955566 27.5825958252 1677.46472168 620.211364746 3.28144836426 1331.32629395 345.453369141 -100.962524414 1690.99536133 614.015808105 -251.963104248 1257.51733398 86.6177368164 -86.3210296631 1507.13305664 597.524047852 -408.579406738 1199.00805664
0.0328919887543 8 578.302978516 -151.764358521 1516.15332031 579.615478516 255.474395752 1563.98059082 556.378234863 33.0539703369 1676.42932129 626.694519043 2.9471282959 1331.62780762 342.175109863 -118.69694519 1678.88049316 619.412841797 -247.870513916 1262.2800293 81.8890686035 -112.795562744 1499.03015137 605.278869629 -396.502929688 1201.12133789
0.030473947525 8 578.403137207 -155.865447998 1518.91052246 578.405883789 255.248413086 1564.31750488 549.147460938 32.7655334473 1676.04956055 629.322021484 -2.78399658203 1331.55053711 348.917175293 -128.136535645 1672.46374512 622.209838867 -256.036437988 1263.32128906 83.1619567871 -139.317245483 1489.26794434 617.665466309 -240.958312988 1221.81628418
0.0306520462036 8 577.875366211 -158.14982605 1519.37695312 577.015686035 255.209869385 1564.4498291 543.645629883 30.9540863037 1675.62915039 631.20703125 -3.80628967285 1333.14941406 356.175720215 -143.830749512 1664.32763672 626.148193359 -260.461120605 1263.54467773 84.1485290527 -162.802261353 1483.1739502 602.92980957 -230.987106323 1229.79321289
0.0342218875885 8 574.268005371 -156.995834351 1516.40979004 575.539978027 254.869262695 1564.75134277 533.68951416 25.0237579346 1681.51477051 635.630432129 3.36845397949 1335.97839355 356.863983154 -167.054412842 1648.85791016 629.809753418 -251.272201538 1263.08190918 79.2561950684 -192.89175415 1476.39624023 639.606018066 -168.796203613 1250.41674805
0.0306789875031 8 578.254516602 -161.748382568 1519.92443848 574.077148438 255.215133667 1565.0300293 540.329345703 23.232925415 1694.73400879 634.899414062 5.53413391113 1332.78039551 359.034332275 -179.347869873 1644.84667969 629.018432617 -247.163803101 1261.59326172 69.6041870117 -210.238098145 1469.97290039 631.789245605 -201.572860718 1235.82043457
0.0312340259552 8 580.711975098 -163.471878052 1513.86437988 572.860412598 255.145141602 1565.22131348 543.057800293 21.7752532959 1687.03356934 634.788513184 8.68794250488 1331.76867676 360.62197876 -186.083602905 1640.96691895 630.214355469 -243.756546021 1262.92468262 69.8012390137 -220.311218262 1471.3939209 628.119934082 -249.813400269 1231.39001465
0.0381009578705 8 580.25 -166.440536499 1502.99047852 572.024841309 254.916091919 1565.91833496 548.532104492 14.2379150391 1683.93615723 631.58972168 18.098815918 1330.64855957 366.160614014 -198.230453491 1642.09521484 627.269958496 -233.272872925 1261.45214844 70.9584350586 -228.587310791 1470.05993652 627.357727051 -226.100860596 1231.2322998
0.0381729602814 8 583.710632324 -155.277435303 1505.49633789 571.299072266 255.193847656 1566.94067383 565.179077148 27.7543182373 1677.82861328 638.961303711 20.2175750732 1333.18408203 359.720794678 -198.019546509 1643.00537109 636.250488281 -230.823760986 1263.98339844 69.5641174316 -225.00769043 1472.66223145 641.882141113 -166.260681152 1246.16772461
0.029571056366 8 580.091369629 -153.273086548 1508.95373535 570.339233398 254.913742065 1568.2857666 557.380615234 27.6771392822 1679.18945312 636.579101562 13.6461334229 1332.35742188 362.671264648 -188.929367065 1644.76831055 635.076049805 -236.733413696 1265.10290527 72.2247314453 -205.912277222 1472.76672363 640.393005371 -169.319168091 1247.28955078
0.0344879627228 8 577.973022461 -152.362792969 1510.37963867 570.104370117 254.498153687 1569.78295898 556.388549805 27.580291748 1679.21081543 631.762329102 8.88818359375 1330.2286377 367.684082031 -182.654296875 1646.68334961 631.925964355 -240.602630615 1266.29467773 76.3187866211 -184.599319458 1471.82092285 619.637634277 -319.864440918 1217.28442383
0.0309221744537 8 577.90612793 -147.419342041 1507.4407959 568.429016113 254.357376099 1574.47265625 555.424682617 24.9229888916 1679.87915039 631.312255859 11.0429534912 1328.61132812 369.578369141 -181.173934937 1647.38330078 633.018066406 -232.815704346 1268.95080566 79.4932861328 -167.373962402 1479.17675781 626.139221191 -358.675170898 1215.40087891
0.0300118923187 8 578.498046875 -149.025222778 1507.83459473 569.211791992 255.370651245 1574.5657959 553.827331543 25.470993042 1679.26733398 634.282043457 10.0374298096 1328.85375977 366.765350342 -176.648605347 1648.8762207 636.665283203 -229.613021851 1270.66601562 77.7987060547 -147.132171631 1482.06408691 629.490966797 -356.348632812 1217.4876709
0.0351090431213 8 576.462097168 -154.594314575 1503.90649414 569.147277832 255.595062256 1577.52099609 554.40234375 23.3470306396 1675.22998047 636.012695312 11.1859893799 1329.34326172 355.885467529 -163.937728882 1657.12792969 636.634521484 -230.755661011 1270.38574219 70.7138671875 -121.293624878 1482.76818848 655.598999023 -283.309173584 1243.03308105
0.0314259529114 8 569.488769531 -152.083023071 1499.87280273 570.594604492 255.383239746 1577.43823242 558.183288574 18.0392913818 1673.99377441 626.239440918 10.5342254639 1327.47009277 361.846252441 -158.065216064 1659.09301758 626.556762695 -232.127075195 1267.94677734 79.659362793 -97.9244842529 1490.71044922 620.209228516 -354.170959473 1217.09777832
0.0312829017639 8 565.465576172 -155.039550781 1494.97949219 571.995117188 254.974655151 1577.3972168 554.535095215 11.1434783936 1667.42822266 622.28314209 6.06956481934 1326.78125 355.621520996 -143.294799805 1662.47692871 619.314086914 -237.021942139 1265.70202637 86.1485290527 -63.2497329712 1501.56213379 611.91204834 -374.352233887 1212.3458252
0.0389251708984 8 564.469604492 -158.176574707 1496.95153809 573.170349121 254.744354248 1576.75390625 551.974731445 6.3302154541 1665.76135254 619.809082031 -0.149826049805 1330.57653809 330.170593262 -110.345611572 1664.46289062 609.742675781 -231.171157837 1263.42431641 95.3935546875 -32.7303237915 1514.3861084 599.647094727 -403.921386719 1204.09619141
0.0396389961243 8 572.363647461 -155.138046265 1505.06408691 574.623535156 254.604476929 1575.63903809 551.350585938 5.70379638672 1667.58068848 628.295166016 -1.41079711914 1343.93347168 331.387329102 -83.4523696899 1678.45214844 622.051940918 -51.999370575 1336.39599609 91.8848724365 -7.92722320557 1522.63208008 606.514526367 -376.822723389 1210.08740234
0.0279989242554 8 574.534790039 -157.616760254 1510.2520752 576.149902344 254.695114136 1574.40087891 556.738037109 7.20579528809 1670.43652344 630.29296875 -0.164566040039 1351.37402344 357.655029297 -83.965133667 1688.2767334 618.164367676 -50.8580169678 1330.35864258 101.839187622 14.9478759766 1533.54638672 605.680664062 -367.567504883 1209.47814941
0.0335350036621 8 576.71862793 -153.267349243 1515.62158203 582.845092773 254.373855591 1568.17358398 566.969238281 13.2623901367 1678.98242188 632.272705078 11.392364502 1359.6887207 360.376281738 -88.8789672852 1691.69274902 613.646057129 -45.7438583374 1317.18273926 103.95892334 22.2355117798 1540.29650879 604.227355957 -351.947967529 1209.76708984
0.0305409431458 8 576.460205078 -155.751083374 1518.74145508 581.187133789 254.382568359 1569.25854492 564.208374023 12.1292114258 1676.38977051 629.801025391 8.24502563477 1365.61706543 362.035461426 -75.5419616699 1695.68237305 618.326660156 -89.7038421631 1299.92980957 110.94128418 47.2840652466 1545.63793945 600.241821289 -375.70324707 1208.63220215
0.0309419631958 8 577.844970703 -155.715270996 1521.20910645 580.927612305 254.834457397 1569.25061035 566.12487793 14.3644256592 1676.23693848 629.321899414 8.81190490723 1368.30651855 355.050292969 -57.0819244385 1702.56079102 618.445983887 -116.4868927 1290.51916504 110.750427246 63.2058944702 1549.36352539 597.900756836 -385.912658691 1206.08569336
0.0357789993286 8 579.866333008 -152.00630188 1522.45788574 581.532714844 255.487609863 1568.54931641 568.87109375 20.3288726807 1677.40148926 629.330932617 12.4350128174 1366.44396973 343.192993164 -45.2246398926 1702.83239746 617.883422852 -95.5172042847 1300.45800781 108.948623657 67.9606933594 1547.73266602 599.110717773 -385.205657959 1206.54089355
0.0307340621948 8 580.885742188 -140.112380981 1529.30749512 584.809753418 256.918212891 1565.88867188 571.344787598 33.0883636475 1677.29663086 627.305358887 14.9634857178 1368.72363281 338.481689453 -31.991104126 1699.77868652 620.490661621 -105.002029419 1301.65026855 106.518875122 74.3777008057 1545.35424805 597.002075195 -396.13659668 1207.13317871
0.031051158905 8 582.466247559 -136.155944824 1529.68408203 584.191833496 257.509429932 1566.33728027 570.505981445 37.6253967285 1677.90380859 627.681274414 22.5133056641 1371.27978516 342.099609375 -39.8296890259 1698.8236084 623.093994141 -108.554290771 1300.83776855 104.42678833 61.772644043 1541.41015625 602.25390625 -392.415374756 1210.41186523
0.0348818302155 8 581.679992676 -138.464324951 1527.29797363 584.615356445 258.653564453 1566.27380371 571.618896484 38.2854766846 1677.66699219 626.737060547 29.8634796143 1373.71289062 344.378112793 -44.6885528564 1698.00671387 623.188659668 -111.395004272 1297.98901367 104.218261719 40.723197937 1531.32592773 600.632873535 -401.321105957 1207.8638916
0.0315411090851 8 583.578674316 -138.923370361 1526.54760742 587.322875977 259.651519775 1561.90979004 572.018554688 38.6573028564 1677.3104248 626.627807617 33.944229126 1376.00964355 343.825866699 -48.8850021362 1696.30822754 629.903747559 -141.299194336 1282.1887207 103.898727417 19.1232070923 1524.99060059 595.403076172 -415.883453369 1206.5793457
0.0354969501495 8 579.885925293 -145.717102051 1525.09509277 587.961120605 260.699829102 1558.21643066 576.406921387 40.4459075928 1675.89453125 621.407653809 35.5963592529 1374.06274414 346.456481934 -58.263168335 1688.54541016 611.530639648 -173.079330444 1288.42797852 105.436477661 -11.810710907 1514.1484375 586.163330078 -421.575653076 1209.65405273
0.0310609340668 8 575.981445312 -150.759521484 1520.35510254 588.948913574 260.540405273 1555.12768555 572.829467773 40.880859375 1671.6114502 610.946166992 28.3381347656 1358.13269043 351.590057373 -75.0161514282 1679.16833496 611.335876465 -191.270858765 1291.82189941 105.86050415 -43.2578659058 1499.81335449 578.545715332 -447.870239258 1212.18151855
0.0319700241089 8 568.896911621 -146.90713501 1511.69274902 589.452209473 259.68963623 1554.34082031 563.480041504 35.5282897949 1669.93371582 613.680236816 30.048248291 1353.47253418 351.287658691 -98.3224029541 1671.82543945 618.589782715 -191.43145752 1291.81408691 92.2053833008 -80.2243652344 1488.64587402 586.314331055 -446.692230225 1214.484375
0.0405650138855 8 565.687072754 -146.649093628 1505.68603516 588.983947754 257.977905273 1555.53564453 557.078369141 31.9228057861 1666.88684082 616.16418457 29.2617340088 1349.30383301 352.053161621 -117.312805176 1665.06445312 623.104125977 -191.078796387 1291.06872559 86.6049194336 -115.789230347 1469.18237305 592.587463379 -441.461853027 1215.0859375
0.0419471263885 8 567.100402832 -148.086334229 1504.53479004 588.358642578 256.205627441 1555.78356934 555.433654785 18.2030334473 1667.48376465 618.952209473 24.1460571289 1356.25061035 350.696929932 -125.990829468 1660.20471191 623.662414551 -196.71673584 1286.50061035 93.5151977539 -143.167633057 1461.88220215 594.781311035 -450.499450684 1212.22851562
0.0280718803406 8 567.966674805 -146.427978516 1503.73754883 587.717529297 256.432739258 1556.97131348 557.89074707 16.4103393555 1670.08618164 616.853637695 26.6365661621 1355.58691406 355.000274658 -139.927658081 1655.64074707 627.690002441 -188.885055542 1284.67785645 92.4267883301 -175.997924805 1451.6192627 597.606140137 -447.440551758 1213.93127441
0.0416440963745 8 568.525085449 -142.822921753 1503.12573242 586.58795166 256.606994629 1557.6184082 559.544250488 19.8394927979 1669.38220215 616.602111816 31.8178253174 1356.93981934 360.17578125 -153.538894653 1654.43835449 626.358276367 -179.656890869 1284.21569824 90.4722290039 -209.504455566 1450.90869141 597.283752441 -438.879669189 1216.55969238
0.0301988124847 8 571.470397949 -141.7628479 1505.26867676 585.428222656 256.291992188 1557.19946289 563.433227539 21.9579925537 1670.27600098 618.999755859 35.2324676514 1362.05456543 374.677490234 -164.165802002 1659.10839844 624.129272461 -174.062103271 1283.6204834 93.3568115234 -225.375213623 1455.1809082 597.92565918 -436.219299316 1213.69506836
0.0273151397705 8 575.835571289 -142.076553345 1507.01623535 583.893798828 256.872070312 1556.61401367 575.678222656 23.2496795654 1673.30847168 621.524658203 39.1858673096 1365.44470215 383.387878418 -176.776596069 1661.0826416 625.000061035 -167.993362427 1284.6583252 93.029876709 -236.675674438 1454.73132324 599.95715332 -432.59387207 1214.5123291
0.0342729091644 8 574.768432617 -143.593673706 1506.57275391 582.293640137 257.689117432 1556.22216797 574.296020508 19.8561096191 1675.12988281 618.025024414 38.4844360352 1364.78369141 388.6875 -190.19631958 1650.7611084 625.312988281 -160.266586304 1283.24658203 92.3751220703 -242.90586853 1452.36035156 601.691101074 -432.029724121 1214.62426758
0.0304169654846 8 574.703369141 -142.304626465 1506.39025879 581.017089844 257.731933594 1555.74328613 572.41809082 21.2421264648 1674.48327637 618.658081055 40.424407959 1366.08239746 390.388244629 -197.766540527 1646.40087891 624.452148438 -162.205200195 1284.11791992 93.1846008301 -242.573760986 1452.3807373 599.010131836 -435.977294922 1216.39074707
0.0310070514679 8 576.518798828 -132.842346191 1509.61669922 579.786621094 258.213439941 1555.9576416 583.518493652 34.5567169189 1687.61291504 631.073669434 59.5174713135 1368.99035645 379.677520752 -210.44178772 1646.29077148 636.20513916 -143.830245972 1285.10449219 81.6578369141 -254.079528809 1451.46911621 609.551879883 -415.859130859 1217.93249512
0.035304069519 8 574.897949219 -126.527572632 1509.86486816 578.120422363 258.803283691 1556.35864258 583.246154785 41.2275695801 1691.71911621 633.961242676 67.4388504028 1367.83947754 380.212158203 -216.818267822 1643.46203613 641.591003418 -135.602783203 1284.8347168 72.0062255859 -254.374664307 1449.68884277 614.376464844 -406.660461426 1216.6114502
0.0314939022064 8 572.411010742 -121.675712585 1512.26452637 575.394348145 259.356567383 1557.6496582 575.803161621 40.7567901611 1695.63781738 632.841491699 67.4797973633 1368.77185059 379.703460693 -214.004898071 1644.80383301 642.042419434 -134.899520874 1284.27978516 73.9235534668 -243.318389893 1449.1829834 613.621948242 -405.5 1214.98242188
0.0316691398621 8 571.770751953 -122.387207031 1513.01062012 571.924316406 260.572265625 1560.54272461 574.45690918 35.5805511475 1690.01245117 630.277709961 60.2988433838 1373.39111328 381.279266357 -204.194335938 1645.13452148 639.597106934 -141.972946167 1284.3963623 82.2752685547 -217.360702515 1453.3972168 609.701721191 -414.188842773 1213.78625488
0.035425901413 8 571.811340332 -124.174003601 1516.2611084 573.173278809 260.625 1561.18286133 574.207519531 30.2337036133 1692.20727539 631.403808594 61.4134063721 1386.60473633 385.301116943 -201.605209351 1643.74377441 638.540588379 -137.20930481 1283.49047852 86.1231689453 -206.043029785 1458.19287109 607.329467773 -409.80456543 1213.49597168
0.0314400196075 8 570.646240234 -124.492004395 1513.45556641 573.801391602 260.305419922 1562.34838867 572.99230957 28.6842193604 1690.21582031 631.178222656 59.0794219971 1381.73535156 384.276428223 -193.291366577 1643.58532715 638.317871094 -140.572967529 1283.50354004 82.3041381836 -180.76612854 1461.7713623 605.994995117 -413.542297363 1212.20080566
0.0317380428314 8 570.379638672 -124.230606079 1512.69018555 574.81652832 260.403320312 1562.6036377 573.478942871 27.9752960205 1689.77172852 632.059265137 58.314201355 1380.75341797 382.098754883 -187.750534058 1643.50683594 638.854858398 -142.752319336 1284.59655762 85.0132141113 -155.855743408 1469.5715332 604.20916748 -413.958435059 1211.33447266
0.035728931427 8 570.214294434 -124.226020813 1512.03479004 575.772827148 260.689056396 1563.17004395 574.490783691 28.874710083 1690.2434082 632.574523926 59.8210678101 1379.91943359 375.977996826 -181.915328979 1644.57019043 640.472229004 -142.550262451 1284.72888184 73.9188537598 -135.980560303 1470.17468262 603.714538574 -414.113922119 1212.12805176
0.031298160553 8 558.760498047 -134.751937866 1494.81994629 576.499450684 259.851989746 1562.97351074 560.283996582 19.9434967041 1666.44665527 628.934143066 37.1145401001 1357.24645996 344.848327637 -149.836120605 1639.40625 644.786315918 -165.386627197 1286.03601074 65.8708190918 -89.390838623 1473.01477051 607.496337891 -435.082427979 1214.51147461
0.0318939685822 8 560.990234375 -135.277542114 1493.73205566 578.240478516 259.422973633 1562.39587402 566.508666992 19.3767089844 1668.97900391 631.92199707 40.2674560547 1356.57250977 336.897613525 -139.02482605 1635.87329102 646.25982666 -163.186523438 1286.27160645 65.5615234375 -69.880569458 1475.99023438 607.306640625 -432.787017822 1213.11889648
0.0352478027344 8 561.966003418 -140.389694214 1491.56713867 580.123840332 259.039123535 1562.46984863 565.846801758 14.4150238037 1665.86328125 626.486450195 36.6140899658 1354.21484375 336.71774292 -128.114929199 1634.92932129 640.15612793 -168.182418823 1283.6184082 72.1413269043 -44.7668457031 1483.83520508 602.68359375 -436.800476074 1210.98986816
0.0394060611725 8 564.348510742 -148.192367554 1497.85498047 582.525939941 259.194061279 1565.08886719 567.738098145 13.1818847656 1666.04797363 618.777893066 33.404510498 1362.20031738 318.432647705 -109.675888062 1641.15087891 630.172058105 -171.813232422 1280.89526367 85.7919158936 -22.3988265991 1489.35644531 593.3671875 -439.588928223 1209.35449219
0.028892993927 8 567.298461914 -150.343185425 1500.79321289 583.589416504 259.1875 1565.06091309 569.861816406 14.8035888672 1665.18603516 612.881469727 33.5561828613 1365.11547852 323.928344727 -106.15120697 1644.45397949 625.083068848 -170.728988647 1280.44018555 81.6416931152 0.0225982666016 1490.88586426 577.110595703 -443.64276123 1214.87634277
0.0371799468994 8 562.674316406 -151.684036255 1496.8416748 585.066772461 260.295959473 1564.79016113 554.356750488 18.0915374756 1647.06054688 608.169372559 26.8195343018 1364.45776367 319.482299805 -87.0894622803 1647.95288086 621.289489746 -176.265472412 1281.35974121 91.1787109375 24.3762741089 1499.47814941 582.642150879 -449.43762207 1205.56213379
0.0316650867462 8 559.535522461 -153.639755249 1496.06140137 591.442443848 260.072753906 1562.93493652 544.861816406 18.7949066162 1640.71411133 605.583251953 22.4524383545 1362.85205078 304.230224609 -67.3369827271 1643.48144531 617.386901855 -180.830734253 1280.10388184 91.4267272949 41.6663970947 1503.25610352 579.932250977 -454.379272461 1205.90551758
0.0311141014099 8 558.94128418 -155.104492188 1498.07568359 591.340759277 260.294799805 1562.74841309 540.719604492 16.7784576416 1640.82104492 605.142211914 20.7459869385 1366.94897461 294.754089355 -52.9415435791 1643.29907227 615.842224121 -184.818389893 1279.71374512 91.5093536377 51.9538345337 1507.29931641 579.900512695 -460.466339111 1205.17443848
0.0351839065552 8 559.269836426 -154.593597412 1500.67749023 591.862487793 260.625610352 1562.4074707 540.306152344 16.4528656006 1642.80114746 606.988769531 22.9194488525 1374.07653809 295.226226807 -47.670715332 1643.87487793 614.277160645 -176.288574219 1285.09313965 91.5404815674 53.5977859497 1512.67700195 579.478759766 -460.719726562 1204.89025879
0.0312190055847 8 560.790039062 -151.071289062 1501.7010498 592.21685791 261.25579834 1562.4161377 546.268005371 14.2574768066 1649.11242676 607.363464355 27.0389404297 1377.6751709 295.724060059 -49.9742889404 1644.17492676 619.96673584 -145.052902222 1282.83422852 96.0909423828 45.3231506348 1511.0423584 581.015014648 -451.352600098 1206.22314453
0.0315189361572 8 566.399658203 -148.510803223 1503.48364258 595.948852539 262.775146484 1561.9005127 552.178833008 12.9400024414 1656.53552246 613.648071289 33.8288879395 1384.2635498 299.051635742 -60.1549224854 1644.74365234 629.608581543 -133.056472778 1280.1907959 93.0511779785 31.0927124023 1507.45471191 585.100585938 -444.244140625 1209.03112793
0.0416071414948 8 566.734375 -143.621795654 1504.91381836 598.144348145 262.980895996 1560.46240234 549.251464844 12.5344543457 1654.85693359 619.324951172 31.8239135742 1388.18115234 300.916992188 -55.3890533447 1646.52978516 630.675598145 -130.883865356 1273.74755859 94.7080535889 21.3295440674 1505.44958496 583.766418457 -448.558105469 1207.51708984
0.0292639732361 8 567.371398926 -150.396682739 1512.4362793 596.639587402 262.090454102 1560.94335938 554.083251953 19.5190734863 1655.97631836 613.573974609 24.7687072754 1382.68945312 307.892150879 -49.8642196655 1645.74121094 622.010742188 -150.752151489 1291.25805664 95.0030059814 9.53162384033 1499.89916992 585.88659668 -451.541259766 1205.6385498
0.0310699939728 8 570.822021484 -149.140914917 1514.39538574 597.538391113 261.444702148 1560.70617676 556.080749512 19.4557647705 1660.30078125 615.427307129 26.2426605225 1383.31665039 310.621459961 -52.4835586548 1643.91247559 624.807434082 -141.695037842 1283.98742676 93.0642242432 -15.4511184692 1493.67773438 584.815063477 -449.613220215 1210.21789551
0.0353450775146 8 570.498474121 -150.434829712 1517.22790527 597.103027344 261.602539062 1560.66894531 557.956420898 21.4723510742 1662.36682129 612.033447266 23.4790039062 1380.10144043 323.426086426 -61.2300186157 1638.34716797 622.709960938 -147.536727905 1284.17175293 89.8852233887 -34.0824356079 1482.60229492 584.208557129 -452.78717041 1210.78210449
0.0313608646393 8 572.78338623 -150.191390991 1519.42565918 597.688659668 261.062194824 1560.21252441 554.524658203 22.5472717285 1662.3515625 617.399414062 21.2632446289 1380.81567383 322.919433594 -76.3477172852 1635.16699219 623.740844727 -156.811004639 1281.98999023 88.9699554443 -52.1956176758 1477.89208984 586.45526123 -457.319244385 1211.26745605
0.0354030132294 8 574.66595459 -149.212036133 1518.23876953 598.441833496 260.934875488 1559.45654297 552.656799316 24.799987793 1659.99853516 621.711364746 19.1104125977 1375.70849609 320.787231445 -86.4287948608 1633.05236816 629.295410156 -178.127441406 1281.77185059 87.4614868164 -71.8906326294 1470.82495117 588.1953125 -467.568939209 1211.83312988
0.0345098972321 8 574.976196289 -152.172439575 1513.03295898 597.966369629 260.452636719 1558.87023926 558.767883301 19.82081604 1648.77709961 620.580627441 12.0818328857 1374.42651367 316.966125488 -95.1803665161 1632.27478027 630.86340332 -188.983840942 1282.81713867 85.4678192139 -85.9775009155 1461.12097168 575.242126465 -476.325927734 1218.47241211
0.0304260253906 8 572.926513672 -154.002990723 1510.41442871 597.432739258 259.25769043 1558.33813477 552.782409668 20.9730529785 1649.73718262 619.427062988 9.47848510742 1363.63269043 318.430908203 -107.910888672 1631.31433105 632.999694824 -197.959564209 1283.05371094 90.2608947754 -102.652420044 1455.43725586 577.07244873 -476.647460938 1221.73474121
0.035001039505 8 573.236694336 -156.809494019 1510.0826416 596.987182617 258.011291504 1558.5090332 554.115905762 18.461151123 1649.00817871 621.804016113 6.35192871094 1363.7767334 333.219116211 -115.486846924 1632.06213379 632.426208496 -209.621383667 1283.28833008 86.603729248 -120.852722168 1451.68359375 577.375 -480.665344238 1222.5423584
0.0320630073547 8 572.184448242 -157.335952759 1511.00280762 597.281738281 257.747467041 1558.7388916 551.395996094 19.2392425537 1650.65161133 623.388183594 10.1858978271 1368.07788086 343.586120605 -128.879501343 1633.9362793 633.103759766 -210.794204712 1283.39758301 90.5448608398 -136.939483643 1451.79321289 571.352600098 -486.891296387 1225.89196777
0.0310771465302 8 572.378112793 -160.395324707 1509.47961426 597.264038086 258.255126953 1558.56188965 551.163024902 19.2888946533 1651.75183105 625.868591309 11.748916626 1366.36022949 349.971008301 -134.971099854 1631.70776367 632.99609375 -207.884155273 1283.54797363 84.576751709 -147.975540161 1455.65856934 573.984741211 -482.595977783 1226.94287109
0.0357618331909 8 579.56640625 -153.323425293 1511.62158203 596.969177246 258.298950195 1558.66845703 563.406311035 25.3186035156 1656.14233398 629.12310791 18.4997558594 1366.42700195 355.173583984 -145.517333984 1630.03723145 635.940185547 -193.177780151 1286.74169922 77.629699707 -159.676818848 1453.44262695 580.353759766 -468.092529297 1225.74572754
0.0317261219025 8 584.993835449 -139.864089966 1505.82861328 596.500854492 258.742492676 1558.72021484 573.779846191 22.4076843262 1663.73925781 633.446594238 29.4234008789 1363.04248047 358.081115723 -166.90802002 1630.10412598 642.170166016 -180.82383728 1289.62878418 70.688659668 -179.47467041 1451.31103516 586.343566895 -450.564025879 1228.04760742
0.0317740440369 8 585.139587402 -133.598297119 1506.19970703 596.328063965 258.49810791 1558.33996582 576.06640625 22.787109375 1670.51123047 638.212402344 36.4966659546 1365.52929688 364.637878418 -176.599914551 1632.23632812 647.227416992 -174.734436035 1289.59082031 69.8526000977 -185.328079224 1455.2800293 591.648986816 -440.877380371 1228.21716309
0.0360779762268 8 584.339294434 -132.062011719 1506.59631348 595.863952637 258.183349609 1557.83691406 574.878662109 20.1813049316 1675.00805664 642.869750977 38.299407959 1368.09936523 362.559906006 -181.191802979 1631.63476562 650.160217285 -168.573104858 1289.57775879 61.9111022949 -189.938400269 1455.34533691 596.715209961 -435.847229004 1226.35522461
0.045432806015 8 583.983154297 -131.670394897 1510.07885742 595.903320312 258.518310547 1557.91357422 573.710693359 22.7436828613 1676.45019531 646.248901367 37.3157043457 1371.53100586 366.869781494 -183.478286743 1631.11022949 651.862670898 -169.939910889 1288.91149902 58.6284484863 -185.511810303 1454.9967041 597.896484375 -438.313995361 1224.59338379
0.0297031402588 8 584.426757812 -132.52305603 1514.02612305 595.864074707 259.033935547 1559.203125 575.010803223 20.367980957 1678.39306641 652.54864502 37.8000717163 1384.29394531 364.220275879 -184.993011475 1629.4074707 648.884277344 -155.395324707 1282.90820312 56.8301086426 -188.946670532 1454.07263184 596.61932373 -437.861022949 1222.44421387
0.0329239368439 8 584.027099609 -133.696655273 1513.24414062 596.053222656 259.222290039 1560.3013916 577.073791504 20.297088623 1680.16308594 652.813537598 37.2957687378 1380.3737793 362.76776123 -184.507446289 1629.04638672 649.170715332 -148.724700928 1279.77087402 67.9801940918 -191.208328247 1456.42993164 613.621643066 -427.001647949 1213.85852051
0.0268571376801 8 582.175109863 -137.121337891 1509.24401855 596.559265137 259.561706543 1561.92651367 573.92791748 16.7369232178 1681.76245117 656.012756348 39.8296585083 1379.86279297 362.102478027 -188.690612793 1628.78381348 652.049072266 -143.023040771 1277.77172852 55.9105834961 -196.613937378 1451.11218262 616.561218262 -421.803375244 1210.83007812
0.0327680110931 8 583.483642578 -136.620666504 1511.58898926 597.462524414 258.823059082 1562.71887207 574.957092285 12.0130157471 1686.26574707 659.018615723 40.6111297607 1386.84875488 367.212738037 -190.523101807 1630.92675781 650.50994873 -139.679916382 1276.42236328 55.3616027832 -198.822570801 1450.93286133 614.505737305 -421.863098145 1208.10595703
0.0341498851776 8 585.362487793 -136.206375122 1515.18554688 598.18536377 258.045806885 1562.57189941 577.938720703 6.84317016602 1693.14050293 659.910644531 41.9844894409 1393.2142334 368.95135498 -194.636886597 1631.74694824 649.109680176 -136.314453125 1275.73840332 61.9896850586 -208.317855835 1452.26159668 608.725341797 -425.519958496 1206.8885498
0.0316150188446 8 588.365661621 -131.265945435 1516.04321289 598.977661133 258.188415527 1562.43237305 582.147460938 5.58583068848 1696.68237305 657.662475586 44.8949050903 1391.29125977 371.434387207 -202.213302612 1631.52880859 649.965942383 -140.428314209 1279.10949707 62.653137207 -225.500961304 1446.31860352 606.689086914 -421.479400635 1205.61889648
0.0304510593414 8 588.641540527 -131.014541626 1514.01940918 600.073669434 258.230255127 1562.63793945 582.26348877 7.27983093262 1693.85961914 655.372497559 47.163192749 1390.29248047 382.940551758 -208.382598877 1638.28039551 647.716125488 -151.610549927 1275.39697266 70.6240539551 -247.752639771 1438.77185059 600.783508301 -423.680786133 1204.32885742
0.0344169139862 8 587.294494629 -131.572860718 1513.14941406 600.806274414 258.279785156 1562.40991211 583.104003906 10.0330657959 1692.00268555 654.199462891 47.0506439209 1387.94628906 406.906188965 -204.846542358 1657.42712402 649.051269531 -148.297805786 1277.95300293 75.981628418 -263.643096924 1421.34960938 594.575195312 -422.006347656 1210.56616211
0.0334069728851 8 587.672424316 -132.806289673 1513.38696289 601.377319336 257.99017334 1561.6192627 587.267028809 10.5729980469 1692.73754883 653.863708496 47.0881729126 1386.9699707 427.799926758 -215.768692017 1650.51159668 648.96685791 -144.452423096 1278.06774902 174.918243408 -304.612945557 1501.16271973 592.04498291 -418.332214355 1207.2520752
0.0308690071106 8 589.624389648 -131.784866333 1514.37097168 602.212646484 258.007751465 1561.27258301 591.704284668 12.5514526367 1691.72485352 652.847595215 47.7231445312 1387.59716797 443.246002197 -221.116821289 1650.14172363 646.856872559 -139.156646729 1276.41125488 174.899780273 -344.995239258 1503.4152832 595.327758789 -420.956756592 1201.90673828
0.0361630916595 8 590.657897949 -130.421035767 1513.67871094 603.354797363 258.530700684 1560.70483398 593.938598633 18.9898986816 1686.22436523 652.381225586 48.3006896973 1385.79077148 453.265563965 -223.978973389 1651.18273926 647.796020508 -140.206344604 1277.52661133 192.625061035 -382.844360352 1514.15319824 596.486633301 -416.328613281 1201.79956055
0.0322439670563 8 588.948730469 -131.939865112 1513.90661621 604.189941406 258.742858887 1559.61914062 592.820800781 18.9576263428 1686.69482422 651.865356445 47.2454452515 1385.16235352 463.465545654 -225.691253662 1653.51464844 648.333190918 -141.854278564 1276.31030273 215.331054688 -414.749542236 1528.22790527 597.158996582 -416.680541992 1203.25158691
0.0321700572968 8 589.045166016 -131.95854187 1513.50366211 604.878845215 258.725463867 1559.41430664 592.546142578 19.8010864258 1685.92785645 651.323730469 46.2074203491 1382.53894043 468.694030762 -227.78112793 1653.10412598 648.589782715 -144.032318115 1274.81982422 237.545455933 -451.091064453 1540.72058105 594.01751709 -419.034576416 1203.82861328
0.0355069637299 8 588.771911621 -131.119384766 1508.46789551 604.046386719 259.519287109 1560.47424316 590.773742676 25.4693908691 1676.28039551 650.569519043 44.7744140625 1374.5736084 473.604278564 -230.146621704 1652.09863281 649.005310059 -144.711288452 1273.77856445 267.180023193 -483.217285156 1553.38684082 594.39453125 -417.134887695 1199.2512207
0.0319218635559 8 589.731933594 -131.882598877 1508.79602051 603.177368164 261.017608643 1562.35961914 591.742492676 25.4528808594 1677.81738281 652.201721191 46.4295043945 1376.02099609 482.483703613 -232.765197754 1648.34094238 650.055114746 -143.669906616 1272.38769531 306.700195312 -511.890563965 1574.59338379 593.008483887 -416.923339844 1199.15527344
0.0336639881134 8 594.651367188 -139.603820801 1514.45593262 602.001708984 261.319396973 1563.95300293 603.658569336 26.0297698975 1682.7598877 640.763793945 45.6802825928 1375.22424316 521.634277344 -249.436691284 1648.73181152 639.492553711 -143.827667236 1268.50720215 350.838623047 -537.331176758 1591.0802002 578.424438477 -419.227172852 1196.21582031
0.0353441238403 8 593.805053711 -135.881866455 1522.3137207 602.019226074 262.219360352 1564.56726074 609.053161621 27.7753295898 1696.10644531 635.83404541 52.3011474609 1380.74731445 530.985229492 -251.081237793 1651.09179688 642.885986328 -139.159454346 1269.23828125 383.28729248 -565.213317871 1599.84155273 582.905395508 -413.428741455 1191.27844238
0.0314090251923 8 592.461791992 -137.341629028 1515.66027832 601.105285645 263.178863525 1565.46569824 604.832092285 25.7592010498 1690.75036621 634.16229248 52.029045105 1374.90710449 542.081420898 -246.513137817 1658.29980469 643.13470459 -139.379882812 1268.92578125 414.387878418 -589.097900391 1605.49035645 584.418640137 -409.504180908 1188.91540527
0.0315668582916 8 590.22644043 -139.451583862 1511.77868652 599.890563965 264.544311523 1566.18212891 604.679321289 24.7587738037 1687.78503418 632.630371094 51.1863327026 1370.31677246 549.836547852 -239.789047241 1673.5189209 641.926574707 -140.819122314 1268.1685791 449.996124268 -537.720153809 1697.65563965 581.826538086 -406.072479248 1185.64758301
0.0356841087341 8 592.133056641 -139.309143066 1506.48974609 598.484802246 265.720336914 1566.66650391 609.379760742 29.5271148682 1673.15429688 632.85534668 47.1253509521 1364.48876953 572.501220703 -208.784912109 1688.50720215 644.224487305 -144.636810303 1268.25476074 457.519897461 -502.981903076 1704.56433105 586.307617188 -401.712493896 1180.82312012
0.0358819961548 8 586.773376465 -138.407348633 1499.13708496 592.841247559 270.27041626 1569.22766113 601.286560059 31.8273468018 1666.56982422 630.92364502 43.8991546631 1350.67993164 568.694885254 -172.853668213 1692.25292969 648.397888184 -150.42124939 1267.25073242 457.107910156 -492.319274902 1716.27148438 587.121704102 -407.657409668 1181.6295166
0.0444540977478 8 579.528259277 -131.149429321 1485.78442383 589.817199707 272.77734375 1570.18273926 580.344482422 36.564743042 1650.28198242 629.305175781 49.135635376 1343.62988281 564.688476562 -163.619903564 1692.24584961 650.479919434 -146.28692627 1267.57629395 457.322631836 -480.041442871 1724.59729004 587.413146973 -400.616333008 1177.23681641
0.0327818393707 8 576.747070312 -124.700698853 1481.80395508 587.22668457 274.050109863 1570.09399414 588.043945312 34.0516662598 1654.03601074 625.244750977 52.8208236694 1336.44885254 569.290588379 -159.77015686 1696.14904785 647.490722656 -144.924499512 1266.5559082 462.403961182 -470.508483887 1732.57885742 581.373901367 -395.303192139 1175.70227051
0.0291121006012 8 575.216125488 -123.876213074 1480.32580566 584.741455078 275.066101074 1570.30786133 593.46295166 34.348236084 1652.94995117 618.484313965 55.0318222046 1334.42529297 570.515930176 -160.111724854 1698.81237793 641.946594238 -145.698455811 1263.21850586 471.932922363 -453.177642822 1741.98852539 573.867919922 -392.659851074 1175.03259277
0.0297210216522 8 575.636291504 -125.575416565 1478.69714355 582.945861816 275.412811279 1570.44897461 590.668212891 40.1898345947 1647.78869629 615.899902344 53.2728652954 1328.07067871 562.757751465 -158.63104248 1698.06481934 644.093505859 -152.60244751 1262.35046387 472.622772217 -436.361816406 1749.43481445 573.274291992 -398.914428711 1173.81115723
0.0336108207703 8 576.080627441 -128.149215698 1479.83203125 581.313171387 275.842071533 1571.03320312 591.14666748 42.1434631348 1645.79077148 617.18939209 48.3475341797 1325.14501953 559.73651123 -152.36277771 1697.69934082 646.322570801 -160.033538818 1261.14807129 466.340606689 -425.027099609 1758.02807617 572.901855469 -406.407073975 1175.03063965
0.0307950973511 8 575.21282959 -129.767440796 1479.81237793 580.140686035 276.429992676 1572.08691406 592.213684082 41.2427978516 1646.85168457 616.836120605 46.7484054565 1323.14221191 561.906555176 -149.7759552 1696.64685059 648.731323242 -161.318939209 1261.86743164 462.575683594 -417.97668457 1765.84191895 571.84967041 -406.694824219 1179.11083984
0.0310370922089 8 574.081542969 -129.596679688 1483.0 579.343078613 276.659545898 1573.43249512 593.528198242 46.0914611816 1637.37243652 618.600097656 34.5687561035 1321.31091309 560.197875977 -138.788909912 1696.34814453 652.452575684 -173.752075195 1261.92382812 459.689697266 -399.99331665 1771.04333496 571.69354248 -418.47479248 1179.48498535
0.0353848934174 8 573.318908691 -130.749938965 1482.48840332 578.82611084 277.024200439 1574.71020508 590.921264648 47.2474212646 1636.88256836 618.188598633 35.2989044189 1320.48486328 565.98046875 -140.010986328 1698.63378906 652.543151855 -173.522949219 1260.47607422 458.669250488 -394.49017334 1776.78308105 573.219604492 -419.119567871 1178.71325684
0.0312700271606 8 576.691833496 -132.540878296 1484.7467041 578.923095703 276.811828613 1575.81933594 592.116210938 46.4469909668 1638.16638184 618.968017578 34.2125549316 1322.82580566 569.959899902 -140.091125488 1690.26672363 651.844787598 -173.10748291 1259.87084961 459.375183105 -388.309997559 1783.93359375 569.630615234 -419.046905518 1180.39855957
0.0344889163971 8 576.964599609 -133.467208862 1485.25085449 580.588500977 275.949951172 1575.72814941 594.258300781 45.2128829956 1638.44384766 618.239501953 34.2399597168 1324.42602539 572.655822754 -140.806396484 1690.0 651.195617676 -172.333328247 1258.99462891 460.20614624 -383.402587891 1788.94189453 568.709289551 -418.681213379 1183.43249512
0.0315971374512 8 579.864562988 -136.978546143 1485.99401855 580.814208984 275.115112305 1576.2578125 598.164733887 44.156463623 1637.73852539 614.691955566 32.4761047363 1323.99536133 579.050048828 -140.771743774 1690.59057617 647.44934082 -171.735809326 1258.04248047 466.298339844 -377.376586914 1787.34838867 564.671264648 -421.046020508 1184.1159668
0.0316898822784 8 580.223937988 -136.372116089 1485.29394531 581.204711914 274.431152344 1576.95629883 598.431762695 43.1911468506 1638.34008789 613.901245117 32.7664337158 1323.25756836 582.781982422 -141.888793945 1691.40161133 647.323608398 -170.124771118 1258.46240234 467.713439941 -372.020019531 1789.94189453 565.35534668 -418.151916504 1185.03710938
0.0389790534973 8 579.347412109 -136.512557983 1483.73168945 580.739501953 273.762969971 1577.28808594 598.696044922 42.7449951172 1632.97851562 615.313964844 30.8503723145 1324.11181641 587.649841309 -144.251815796 1689.67114258 648.673339844 -171.310791016 1258.4597168 467.783233643 -365.83190918 1790.09057617 571.155334473 -415.86315918 1185.60595703
0.0301740169525 8 577.920043945 -136.539230347 1482.79626465 580.411804199 273.144317627 1577.40966797 601.064819336 41.8144073486 1633.28356934 612.979736328 31.5334625244 1323.06311035 591.473876953 -145.81791687 1687.01257324 646.737609863 -170.287979126 1257.99731445 472.052490234 -363.450592041 1790.81994629 569.557128906 -415.996643066 1185.34765625
0.0315129756927 8 576.224182129 -134.353088379 1482.73010254 580.173522949 272.289978027 1577.80834961 602.485717773 41.9326629639 1630.3458252 612.628540039 29.2633209229 1323.16394043 591.727539062 -116.239105225 1692.42651367 645.64050293 -167.029846191 1255.75427246 477.315734863 -355.562805176 1789.95031738 569.696411133 -416.355102539 1184.08544922
0.0357980728149 8 571.234436035 -124.164077759 1483.68688965 579.68572998 271.678039551 1578.76745605 591.453796387 56.9610671997 1634.1505127 611.860168457 43.5016174316 1322.15539551 594.833984375 -106.603965759 1706.35998535 643.840515137 -150.404647827 1253.79785156 476.970031738 -356.797119141 1790.22546387 569.203369141 -404.245117188 1176.26806641
0.0314810276031 8 568.343261719 -118.407341003 1483.1315918 579.241943359 271.152923584 1579.60693359 587.74420166 65.1343841553 1632.36181641 610.639099121 49.3955993652 1320.69067383 597.649841309 -98.998260498 1716.71191406 637.138122559 -130.206756592 1248.01403809 476.91027832 -354.171417236 1790.61291504 570.460876465 -396.898712158 1177.89416504
0.0323939323425 8 567.042602539 -115.745223999 1482.28674316 579.257629395 270.7890625 1580.24157715 586.966491699 68.1725692749 1627.72106934 610.41192627 49.6364212036 1320.60168457 599.846557617 -86.6901016235 1724.57543945 633.204589844 -123.115913391 1245.33227539 477.330322266 -348.54196167 1791.22302246 570.436462402 -392.673217773 1173.453125
0.0361368656158 8 561.849365234 -113.607337952 1474.82739258 579.350219727 270.493255615 1580.87719727 579.05279541 62.8582458496 1623.08898926 617.446594238 50.2342071533 1321.58703613 594.590209961 -77.0590362549 1729.18261719 642.716003418 -131.808013916 1249.33581543 471.873016357 -347.149902344 1790.5579834 577.840881348 -393.331054688 1173.58288574
