0.0353939533234 8 -306.868804932 -227.553115845 1513.91894531 -235.925384521 31.8785705566 1634.17053223 -383.217163086 -200.216400146 1349.34887695 -267.273223877 -172.165435791 1684.28344727 -386.68057251 -357.620849609 1208.70214844 -217.676727295 -238.522277832 1548.75744629 -480.261291504 -370.149261475 1396.88928223 -154.914550781 -379.012023926 1575.00976562
0.0325319766998 8 -312.369140625 -225.23085022 1516.69665527 -235.649688721 31.3720245361 1633.33618164 -375.469421387 -192.754837036 1347.3848877 -275.891174316 -178.130386353 1690.34509277 -383.393981934 -351.005187988 1205.23632812 -226.671600342 -238.340621948 1549.72875977 -410.770385742 -174.407363892 1381.48364258 -162.228363037 -384.302185059 1579.2779541
0.0297789573669 8 -310.706176758 -226.421432495 1515.89331055 -236.256011963 33.2680969238 1635.15222168 -378.956481934 -189.623321533 1349.06103516 -272.159484863 -180.750183105 1689.88623047 -388.443267822 -349.292816162 1206.03393555 -223.185546875 -231.101608276 1550.60705566 -433.747314453 -361.855560303 1367.63415527 -159.635620117 -368.919128418 1610.07788086
0.0355851650238 8 -316.193267822 -232.905776978 1516.35400391 -235.085510254 32.9415130615 1634.7611084 -366.300231934 -181.808837891 1345.35717773 -285.76739502 -188.933105469 1693.84277344 -373.357971191 -344.276489258 1194.17602539 -234.335845947 -241.306625366 1560.41772461 -391.396087646 -162.67098999 1371.54345703 -165.303344727 -389.575073242 1611.46447754
0.0306038856506 8 -317.970214844 -236.375213623 1514.375 -234.780654907 32.1000061035 1633.13891602 -365.663299561 -175.527709961 1344.54150391 -288.303009033 -195.961090088 1694.11669922 -359.216583252 -340.239379883 1176.29663086 -233.320709229 -245.572982788 1574.27587891 -408.421661377 -345.640289307 1364.8737793 -171.305282593 -394.914520264 1625.0637207
0.0316119194031 8 -318.606750488 -233.725906372 1514.15979004 -234.687423706 31.6689910889 1631.98156738 -369.441192627 -174.064697266 1344.60791016 -286.528411865 -197.49130249 1694.57470703 -364.247894287 -337.76373291 1180.1986084 -236.478607178 -253.751983643 1572.2331543 -409.849609375 -344.307861328 1370.07189941 -251.188476562 -338.891204834 1805.86547852
0.0355091094971 8 -319.144439697 -232.437088013 1512.69763184 -234.836029053 30.9489593506 1631.43273926 -372.348297119 -171.809860229 1343.27587891 -284.955047607 -199.354476929 1694.20996094 -369.004394531 -333.758911133 1184.04406738 -235.993347168 -255.410018921 1564.88757324 -414.377166748 -353.836730957 1369.59033203 -240.906799316 -342.858703613 1793.00866699
0.0316350460052 8 -321.828979492 -233.518112183 1508.6940918 -235.272766113 31.0655517578 1632.23388672 -378.06137085 -155.710632324 1346.3692627 -280.4503479 -215.333435059 1691.78601074 -375.019927979 -317.458190918 1190.95397949 -226.914459229 -269.569152832 1550.16516113 -429.354064941 -328.506530762 1370.92724609 -224.468353271 -364.85144043 1759.78088379
0.031632900238 8 -322.367767334 -233.128158569 1507.59179688 -236.127838135 31.8395385742 1634.26379395 -381.027862549 -148.285461426 1349.65991211 -278.334686279 -222.275665283 1690.69067383 -377.712127686 -312.410217285 1230.64868164 -220.58001709 -274.423522949 1538.22900391 -433.118438721 -322.632598877 1365.6463623 -220.227416992 -378.199493408 1703.63916016
0.0357360839844 8 -324.183502197 -227.369262695 1507.18530273 -236.194488525 31.2308349609 1634.81958008 -380.289306641 -135.201446533 1353.97314453 -278.665222168 -235.085098267 1688.80419922 -379.759674072 -298.784301758 1234.36621094 -218.207305908 -284.928405762 1526.91821289 -411.081573486 -107.079071045 1379.93200684 -215.243560791 -402.06854248 1658.57727051
0.0317800045013 8 -324.114013672 -227.005249023 1507.48278809 -237.614990234 30.6245880127 1635.7097168 -380.217193604 -133.352050781 1355.48291016 -278.215606689 -237.62689209 1688.59912109 -408.170410156 -376.324768066 1214.00830078 -210.926574707 -277.848327637 1528.76904297 -475.015686035 -449.565795898 1478.58276367 -180.134811401 -356.037719727 1647.39355469
0.031672000885 8 -325.675964355 -225.210220337 1506.79748535 -238.346679688 30.3193206787 1635.55273438 -375.924682617 -126.989074707 1355.38684082 -282.755371094 -244.04750061 1688.18273926 -407.836761475 -372.761779785 1219.70495605 -209.331542969 -282.006103516 1531.05444336 -481.48348999 -465.256195068 1476.32348633 -189.829574585 -352.473114014 1645.22473145
0.0365040302277 8 -325.387115479 -225.208740234 1505.86254883 -237.586791992 29.5151824951 1634.13635254 -377.565582275 -123.577125549 1356.37463379 -282.466217041 -247.038238525 1687.74060059 -410.759063721 -372.580108643 1227.03833008 -207.314804077 -285.15524292 1540.69274902 -501.862365723 -451.644805908 1482.54003906 -182.960205078 -21.6520385742 1579.22473145
0.0307478904724 8 -327.364105225 -224.708312988 1505.08630371 -237.944976807 29.442276001 1634.32568359 -374.306549072 -116.358169556 1358.20507812 -287.171600342 -253.485916138 1686.94897461 -391.799224854 -257.480895996 1293.95581055 -214.91545105 -294.688354492 1545.3125 -463.419128418 -347.732879639 1368.22705078 -185.338378906 -61.5482635498 1563.06774902
0.032436132431 8 -325.180755615 -226.720916748 1503.11157227 -238.734863281 29.2530059814 1635.27368164 -380.449279785 -116.469467163 1359.0300293 -281.316223145 -253.53666687 1685.66699219 -396.473175049 -258.76940918 1294.33239746 -208.618377686 -283.639465332 1552.86804199 -469.2472229 -359.903686523 1365.390625 -161.233032227 -169.349853516 1539.78759766
0.0350937843323 8 -324.674194336 -227.603546143 1500.94824219 -238.531829834 29.0167388916 1635.55847168 -383.338592529 -111.680526733 1362.40112305 -278.202484131 -258.229003906 1682.5456543 -386.836273193 -270.853637695 1252.37780762 -201.877487183 -203.608047485 1557.55822754 -481.140533447 -314.768951416 1398.91259766 -169.568374634 -445.436523438 1502.97094727
0.0358190536499 8 -317.789489746 -225.885818481 1502.13342285 -238.557647705 28.5869293213 1635.6307373 -395.744995117 -140.522201538 1356.12744141 -262.773620605 -229.02180481 1680.0246582 -396.756652832 -312.508514404 1228.54785156 -203.834869385 -199.155349731 1531.02624512 -497.799621582 -322.191162109 1405.32373047 -162.918930054 -416.217346191 1484.49975586
0.0322721004486 8 -320.71395874 -256.042297363 1518.46594238 -238.091384888 28.1203613281 1634.80334473 -347.910217285 -183.73223877 1337.8067627 -310.935668945 -184.328796387 1701.13439941 -348.657226562 -356.438720703 1207.92944336 -251.483032227 -155.187866211 1549.82788086 -479.784118652 -319.739929199 1423.61865234 -199.370147705 -387.786102295 1534.51293945
0.0351400375366 8 -321.698730469 -254.524902344 1519.34204102 -237.355438232 26.4233703613 1632.93322754 -348.13168335 -183.885925293 1337.69299316 -309.78237915 -183.913391113 1702.5279541 -351.15838623 -348.363220215 1217.76794434 -256.309906006 -159.064239502 1557.68652344 -474.559265137 -325.292541504 1422.98828125 -198.071350098 -394.136413574 1535.1751709
0.0310478210449 8 -320.989776611 -249.631942749 1514.99121094 -237.108123779 26.7632293701 1633.06933594 -351.307281494 -169.343658447 1340.39050293 -304.440460205 -198.360107422 1701.93566895 -361.323486328 -324.234771729 1227.56567383 -250.421844482 -174.025253296 1559.39929199 -477.358551025 -314.670288086 1421.80932617 -195.242736816 -403.10760498 1524.57958984
0.0348720550537 8 -320.033721924 -245.55430603 1511.35632324 -236.99937439 26.2783966064 1632.8137207 -355.826080322 -158.490875244 1342.2331543 -299.3409729 -209.614929199 1700.41748047 -369.420074463 -309.386535645 1230.60217285 -241.937713623 -191.072982788 1558.0390625 -480.970855713 -310.333709717 1428.47595215 -190.397445679 -402.268951416 1534.3034668
0.0445709228516 8 -321.085479736 -243.358093262 1496.47546387 -236.771194458 26.8933868408 1632.89416504 -365.687774658 -118.977020264 1353.91906738 -288.459259033 -249.500579834 1687.9967041 -378.512786865 -268.453918457 1243.40783691 -228.062850952 -236.302490234 1546.46069336 -506.049957275 -264.308929443 1469.76831055 -178.547134399 -460.047607422 1499.44714355
0.0282070636749 8 -322.584564209 -240.567886353 1489.92907715 -236.952636719 27.5267181396 1633.99743652 -372.093017578 -101.448989868 1363.42199707 -282.273925781 -267.675415039 1678.20983887 -383.461395264 -254.681213379 1249.39318848 -218.866424561 -259.755371094 1536.79650879 -518.937011719 -248.053924561 1490.14770508 -180.938842773 -456.311096191 1505.20690918
0.0294740200043 8 -316.625030518 -237.305831909 1491.76013184 -237.380874634 27.4660186768 1633.41870117 -395.407653809 -112.871200562 1366.58239746 -259.019165039 -256.945220947 1675.21643066 -412.15032959 -266.117370605 1216.39306641 -193.183319092 -254.157806396 1533.51135254 -542.785644531 -260.585632324 1505.49194336 -168.558181763 -448.290985107 1505.95959473
0.0353140830994 8 -315.992462158 -236.290420532 1491.6439209 -238.336669922 27.893737793 1634.24755859 -396.780792236 -112.595054626 1367.28369141 -255.94934082 -257.56854248 1673.94873047 -424.373687744 -246.789154053 1252.40026855 -194.547088623 -263.054138184 1533.9420166 -531.285705566 -273.741760254 1491.2611084 -165.021209717 -451.768005371 1491.25134277
0.0304799079895 8 -317.365814209 -236.203994751 1494.7286377 -239.543395996 28.0721893311 1635.85375977 -390.534240723 -115.587234497 1364.57373047 -259.033203125 -255.433273315 1676.58032227 -423.092163086 -251.090316772 1263.87231445 -199.283843994 -258.840087891 1533.89038086 -522.300354004 -289.95526123 1478.98815918 -173.109390259 -449.933654785 1476.32983398
0.0315780639648 8 -319.061828613 -233.492416382 1496.80822754 -240.401947021 27.996963501 1636.65222168 -385.245910645 -113.790710449 1364.1385498 -263.999145508 -256.569976807 1677.76623535 -414.580627441 -245.686096191 1278.92883301 -207.022888184 -262.949493408 1534.80444336 -510.290710449 -298.476074219 1461.74414062 -173.92515564 -467.826538086 1384.32556152
0.0374979972839 8 -320.673187256 -231.454116821 1498.55480957 -240.673934937 28.0261230469 1637.26318359 -380.560638428 -112.235488892 1363.91772461 -269.240509033 -256.767242432 1679.22265625 -405.979248047 -245.854293823 1283.79125977 -212.511108398 -267.060241699 1535.03137207 -495.690185547 -305.75289917 1439.6619873 -186.501647949 -454.867370605 1365.82971191
0.0279738903046 8 -321.838623047 -230.29624939 1500.03540039 -240.878082275 27.8086853027 1637.62255859 -375.904266357 -112.589569092 1361.95471191 -274.067596436 -255.988586426 1681.4251709 -394.922821045 -247.999557495 1301.84375 -217.14630127 -267.376464844 1533.91186523 -473.122375488 -345.153717041 1381.45727539 -181.147567749 -504.781188965 1377.8067627
0.0316090583801 8 -326.197021484 -227.767944336 1500.97827148 -240.333007812 27.4264984131 1636.68249512 -355.869506836 -106.868095398 1358.59265137 -293.981933594 -261.266113281 1684.31164551 -373.745117188 -235.406799316 1293.41174316 -233.66633606 -262.470977783 1536.84313965 -452.178710938 -345.216918945 1376.86584473 -201.96862793 -505.286804199 1382.1439209
0.0359780788422 8 -324.895935059 -227.995651245 1501.17749023 -240.474365234 27.3657073975 1636.75402832 -358.349487305 -108.642852783 1358.04736328 -290.365844727 -260.147705078 1684.54736328 -376.737823486 -237.93447876 1293.85925293 -228.134399414 -252.938308716 1537.26135254 -469.420898438 -310.526245117 1415.27819824 -188.089080811 -450.459747314 1524.26525879
0.031772851944 8 -319.069763184 -229.419464111 1500.9942627 -240.096084595 27.2812652588 1636.70935059 -381.758300781 -118.219032288 1360.65612793 -266.39630127 -251.25289917 1681.93395996 -394.259979248 -270.04196167 1248.7644043 -205.035400391 -240.762908936 1530.38415527 -497.569091797 -308.104370117 1425.8996582 -162.989318848 -444.510894775 1513.40234375
0.0317611694336 8 -316.120239258 -229.95942688 1500.96472168 -238.703125 27.6017608643 1637.16870117 -390.214477539 -122.377380371 1363.70275879 -257.229919434 -246.845001221 1680.27355957 -401.841033936 -277.892822266 1225.7857666 -199.536682129 -238.953231812 1524.31982422 -493.323730469 -281.082641602 1421.73718262 -164.465942383 -440.936889648 1467.08276367
0.0355608463287 8 -314.731567383 -229.131881714 1502.19287109 -237.422332764 28.2291717529 1637.53955078 -391.69354248 -122.453720093 1367.83679199 -254.16217041 -245.19770813 1679.4732666 -406.059539795 -281.711242676 1217.36962891 -196.473083496 -235.449462891 1520.78662109 -527.076660156 -292.812286377 1466.38696289 -158.432098389 -441.649200439 1475.58374023
0.0318601131439 8 -313.841552734 -229.568008423 1502.10827637 -234.865829468 29.6430053711 1639.9296875 -393.263885498 -123.550476074 1368.34533691 -251.752960205 -244.419158936 1679.20910645 -405.118713379 -283.90814209 1211.52050781 -197.85949707 -245.710144043 1518.28222656 -531.840637207 -289.282196045 1464.01025391 -152.750549316 -443.245849609 1477.2545166
0.0327689647675 8 -313.055358887 -229.193695068 1502.23120117 -233.290161133 29.9088897705 1638.49621582 -393.543609619 -126.506347656 1366.36901855 -250.762741089 -241.336547852 1679.58361816 -403.042663574 -287.81237793 1205.38757324 -195.990905762 -245.094223022 1518.91821289 -497.256530762 -284.304962158 1419.34863281 -149.74659729 -440.754577637 1481.07617188
0.0364339351654 8 -303.815704346 -208.699661255 1471.22729492 -231.895736694 31.9772491455 1639.27368164 -357.917388916 -165.555450439 1336.45983887 -249.987991333 -120.940490723 1582.3651123 -366.242736816 -327.008178711 1173.85681152 -229.877456665 -209.778594971 1546.48059082 -460.63571167 -323.219390869 1388.57141113 -188.358520508 -402.744384766 1497.09667969
0.0310270786285 8 -307.73135376 -220.706268311 1486.27868652 -229.065429688 31.8398132324 1637.7232666 -368.74319458 -161.951782227 1344.78723145 -256.816253662 -165.269287109 1633.0057373 -376.408508301 -324.085449219 1181.82092285 -215.878005981 -216.925384521 1538.98999023 -465.821685791 -310.377624512 1389.41601562 -176.63684082 -406.42755127 1489.47741699
0.0318810939789 8 -314.052978516 -222.468399048 1484.37304688 -229.476379395 31.8006591797 1637.56591797 -370.268218994 -144.422210693 1345.7668457 -266.651580811 -190.541595459 1643.10839844 -388.688659668 -303.200653076 1205.90759277 -157.959533691 -192.285400391 1581.15759277 -470.142700195 -290.67364502 1391.4342041 -170.688339233 -425.721405029 1523.37353516
0.0409908294678 8 -311.970703125 -227.600372314 1477.07641602 -228.707458496 31.347366333 1637.58740234 -376.020080566 -140.517211914 1339.56018066 -260.462036133 -197.794128418 1641.56066895 -396.110046387 -297.086303711 1207.47253418 -153.722625732 -204.248336792 1584.94873047 -478.69128418 -309.976043701 1391.16101074 -169.535934448 -402.879638672 1531.94775391
0.0298941135406 8 -313.728912354 -226.026062012 1476.72570801 -228.012817383 30.5464019775 1636.7746582 -374.279602051 -135.79309082 1339.58496094 -264.665527344 -201.581573486 1642.89233398 -397.735229492 -287.313568115 1215.14404297 -155.351257324 -205.266799927 1585.01733398 -476.870544434 -297.424926758 1393.72033691 -147.973266602 -1.2815246582 1621.18664551
0.0358259677887 8 -312.929626465 -224.940597534 1479.17797852 -227.872406006 30.2980041504 1637.32641602 -374.826385498 -136.372711182 1341.8885498 -266.813812256 -203.004882812 1646.25915527 -398.923309326 -285.200500488 1247.19091797 -159.937255859 -185.46005249 1562.75061035 -489.405548096 -318.061065674 1403.40014648 -142.73651123 2.4126739502 1624.65527344
0.0318520069122 8 -311.375762939 -230.960250854 1474.00585938 -227.748245239 29.56199646 1637.6796875 -368.227111816 -149.859710693 1340.52770996 -266.759033203 -208.135742188 1632.48083496 -388.963195801 -301.121246338 1236.33886719 -166.781341553 -203.85395813 1572.72644043 -470.837890625 -362.141662598 1371.44519043 -150.38470459 22.8524627686 1619.37927246
0.0312700271606 8 -307.872039795 -236.837936401 1476.11157227 -227.301589966 29.0002746582 1637.92541504 -363.896881104 -162.72076416 1337.84960938 -262.407562256 -204.106842041 1632.98803711 -370.924926758 -324.813323975 1220.76281738 -174.662948608 -204.028579712 1581.8873291 -447.430725098 -340.016448975 1378.58898926 -155.339248657 11.9612884521 1648.17797852
0.0471620559692 8 -306.91293335 -236.574279785 1477.91845703 -226.233612061 29.0519561768 1638.01647949 -361.156280518 -169.04536438 1335.63354492 -262.166717529 -199.34928894 1633.99414062 -359.403625488 -334.990997314 1212.89086914 -175.238082886 -206.055099487 1578.29858398 -422.654785156 -3