0.0310950279236 8 -504.259155273 -132.460174561 1561.52416992 -396.972259521 243.934005737 1695.68847656 -512.36706543 115.085525513 1503.54589844 -394.768554688 -6.11470031738 1753.23974609 -537.549682617 -137.099380493 1384.14672852 -394.769256592 -274.432800293 1753.23974609 -479.245849609 -415.140380859 1304.12280273 -394.763977051 -542.750549316 1753.23974609
0.0363919734955 8 -503.680908203 -133.100234985 1563.96362305 -396.320465088 243.921386719 1697.23352051 -513.660522461 114.383750916 1506.02636719 -392.525421143 -6.15339660645 1754.31518555 -537.917663574 -137.345123291 1385.99328613 -392.526123047 -274.471496582 1754.31518555 -481.62612915 -415.376068115 1304.53405762 -392.520843506 -542.789245605 1754.31518555
0.0312888622284 8 -503.09942627 -134.099121094 1565.83496094 -395.370239258 243.266357422 1698.00378418 -513.392272949 113.416000366 1508.07897949 -390.581390381 -7.27445983887 1755.46813965 -538.291931152 -138.046539307 1387.5994873 -390.582092285 -275.592529297 1755.46813965 -483.186401367 -416.107727051 1305.42346191 -390.576812744 -543.91027832 1755.46813965
0.0320930480957 8 -502.55279541 -134.071411133 1567.10302734 -395.923614502 243.31741333 1701.39074707 -513.821716309 113.794921875 1511.07592773 -389.78302002 -8.19598388672 1757.21411133 -538.726928711 -138.757110596 1388.78088379 -389.783721924 -276.514068604 1757.21411133 -484.613189697 -416.970123291 1306.44812012 -389.778442383 -544.831787109 1757.21411133
0.0358591079712 8 -503.20489502 -134.227111816 1568.56469727 -395.163848877 242.677124023 1703.59301758 -514.597351074 113.795623779 1513.25244141 -389.510253906 -8.92623901367 1758.5065918 -540.083312988 -137.816253662 1390.68969727 -389.510955811 -277.24432373 1758.5065918 -485.621459961 -415.743469238 1307.6171875 -389.50567627 -545.562072754 1758.5065918
0.0313549041748 8 -502.931213379 -135.838912964 1569.66430664 -394.531555176 241.428207397 1704.68737793 -515.444152832 112.224029541 1514.77807617 -387.973602295 -10.473449707 1758.80102539 -541.22265625 -137.390533447 1392.80480957 -387.974304199 -278.791534424 1758.80102539 -487.272155762 -415.070983887 1308.58300781 -387.969024658 -547.10925293 1758.80102539
0.0359189510345 8 -503.050537109 -136.343322754 1570.2142334 -394.002685547 240.871322632 1704.73461914 -515.914794922 111.750518799 1515.5456543 -387.08895874 -11.0658569336 1758.79663086 -542.969909668 -138.611602783 1393.36340332 -387.089660645 -279.38394165 1758.79663086 -488.583496094 -416.111907959 1308.82189941 -387.084381104 -547.701660156 1758.79663086
0.0369391441345 8 -502.069671631 -137.779266357 1571.44238281 -393.872772217 240.077926636 1704.74279785 -518.239257812 110.313659668 1517.70825195 -384.327819824 -11.8704223633 1758.47949219 -544.024230957 -139.281723022 1394.11230469 -384.328521729 -280.18850708 1758.47949219 -490.996459961 -416.828613281 1308.87182617 -384.323242188 -548.506225586 1758.47949219
0.0312209129333 8 -504.733642578 -137.690185547 1575.7545166 -393.777404785 240.092727661 1704.75183105 -520.54486084 110.209121704 1521.0078125 -386.00982666 -11.243850708 1761.81201172 -544.957458496 -139.73147583 1394.98352051 -386.010528564 -279.561950684 1761.81201172 -493.030670166 -417.020568848 1308.25036621 -386.005249023 -547.879699707 1761.81201172
0.0308609008789 8 -505.693481445 -137.654785156 1578.00854492 -393.819213867 240.085128784 1704.76342773 -522.600219727 110.242340088 1523.57116699 -385.544647217 -11.046875 1763.0411377 -547.098876953 -138.22644043 1396.28674316 -385.545349121 -279.364959717 1763.0411377 -496.354187012 -415.09161377 1307.54077148 -385.54006958 -547.682739258 1763.0411377
0.0357410907745 8 -502.264587402 -139.1015625 1577.08703613 -393.73739624 240.137680054 1704.75939941 -522.388366699 108.566665649 1522.74108887 -381.190093994 -11.1469268799 1760.57189941 -548.590209961 -137.250778198 1396.62414551 -381.190795898 -279.465026855 1760.57189941 -498.536743164 -414.173034668 1307.6439209 -381.185516357 -547.782775879 1760.57189941
0.0314970016479 8 -500.87097168 -139.783660889 1575.90917969 -394.056884766 239.279098511 1704.76745605 -521.071105957 107.808006287 1521.21716309 -380.764709473 -11.4873352051 1759.79919434 -549.520874023 -139.147583008 1395.56591797 -380.765411377 -279.805419922 1759.79919434 -499.202148438 -416.029907227 1306.59851074 -380.760131836 -548.123168945 1759.79919434
0.0315940380096 8 -500.932373047 -138.210525513 1575.77734375 -394.679199219 240.570602417 1705.7701416 -520.036437988 109.418685913 1520.85510254 -382.11227417 -10.1772918701 1760.68566895 -549.306762695 -139.671310425 1395.76428223 -382.112976074 -278.495361328 1760.68566895 -499.677337646 -416.270507812 1305.54309082 -382.107696533 -546.813110352 1760.68566895
0.0395848751068 8 -501.565246582 -138.020690918 1574.43066406 -394.232971191 240.634857178 1705.27868652 -520.06060791 109.819358826 1520.25268555 -381.890899658 -10.8937683105 1759.41430664 -549.346984863 -138.568908691 1395.40966797 -381.891601562 -279.211853027 1759.41430664 -499.862213135 -415.115600586 1304.93933105 -381.886322021 -547.529602051 1759.41430664
0.0278270244598 8 -501.630126953 -137.65814209 1573.45678711 -394.136383057 240.930007935 1705.02880859 -519.6484375 110.363739014 1519.95263672 -381.182739258 -11.312286377 1758.47436523 -549.055969238 -138.483688354 1394.77856445 -381.183441162 -279.630371094 1758.47436523 -499.256469727 -414.793395996 1303.75610352 -381.178161621 -547.948120117 1758.47436523
0.0318720340729 8 -501.031311035 -136.897094727 1572.81225586 -395.218505859 241.473510742 1705.40136719 -518.721008301 111.057044983 1518.88476562 -382.544433594 -10.2503814697 1758.88745117 -548.599914551 -137.926147461 1394.05554199 -382.545135498 -278.568481445 1758.88745117 -498.952453613 -414.16595459 1302.73547363 -382.539855957 -546.886230469 1758.88745117
0.0357189178467 8 -500.163391113 -136.974456787 1572.14355469 -395.591583252 242.090011597 1705.0925293 -519.054138184 110.896743774 1518.24780273 -382.63079834 -9.7472076416 1758.42626953 -547.647766113 -138.088088989 1392.91882324 -382.631500244 -278.065307617 1758.42626953 -497.88470459 -414.439880371 1302.00024414 -382.626220703 -546.383056641 1758.42626953
0.0312030315399 8 -501.513061523 -134.202209473 1570.55517578 -395.347106934 243.246459961 1705.42333984 -517.395812988 113.947021484 1517.00927734 -384.752166748 -8.52880859375 1758.36010742 -546.864318848 -138.207382202 1391.09118652 -384.752868652 -276.846893311 1758.36010742 -496.280334473 -414.600830078 1300.75817871 -384.747589111 -545.164672852 1758.36010742
0.0321760177612 8 -501.987457275 -134.608917236 1568.24523926 -395.183105469 242.83883667 1702.09338379 -516.447875977 113.352661133 1513.43774414 -386.559539795 -8.50848388672 1756.58837891 -545.845092773 -135.461486816 1390.29418945 -386.560241699 -276.826568604 1756.58837891 -495.242797852 -411.738189697 1299.61230469 -386.554962158 -545.144287109 1756.58837891
0.0359930992126 8 -502.315246582 -134.934692383 1564.99157715 -394.63470459 242.587265015 1696.421875 -515.409606934 112.781784058 1508.75146484 -387.191101074 -8.31098937988 1753.16943359 -544.543518066 -135.651947021 1387.83520508 -387.191802979 -276.629089355 1753.16943359 -494.375305176 -412.183258057 1297.69067383 -387.186523438 -544.946838379 1753.16943359
0.0320880413055 8 -500.791046143 -134.790649414 1564.57800293 -395.037811279 243.155990601 1697.09960938 -513.810119629 112.792297363 1507.72143555 -387.84979248 -7.5700378418 1753.67797852 -543.383117676 -137.798614502 1384.78100586 -387.850494385 -275.888122559 1753.67797852 -491.60546875 -414.400848389 1295.79089355 -387.845214844 -544.205871582 1753.67797852
0.0319468975067 8 -500.533294678 -134.706115723 1561.75878906 -394.556945801 243.409194946 1693.43432617 -512.757873535 112.613632202 1503.59802246 -388.288085938 -6.76429748535 1750.7857666 -542.496765137 -137.792602539 1381.87438965 -388.288787842 -275.082397461 1750.7857666 -489.925628662 -414.553039551 1293.84289551 -388.283508301 -543.400146484 1750.7857666
0.0359499454498 8 -500.243652344 -134.815811157 1559.34448242 -395.092132568 243.948425293 1691.60510254 -512.420288086 112.487594604 1501.09667969 -389.374145508 -6.72792053223 1749.08544922 -541.006530762 -137.968719482 1378.6887207 -389.374847412 -275.046020508 1749.08544922 -488.377441406 -415.149200439 1292.0246582 -389.369567871 -543.363769531 1749.08544922
0.0319199562073 8 -500.009185791 -135.789550781 1555.05297852 -396.001922607 243.621276855 1688.19604492 -512.579284668 111.640258789 1497.42871094 -389.926879883 -7.97796630859 1745.4375 -539.076416016 -137.833633423 1375.6048584 -389.927581787 -276.296051025 1745.4375 -486.279418945 -414.890930176 1288.63903809 -389.922302246 -544.613769531 1745.4375
0.0354201793671 8 -500.21484375 -135.201965332 1551.62011719 -396.94708252 244.402084351 1685.9753418 -511.073944092 112.260498047 1493.79968262 -392.435150146 -7.74703979492 1743.55163574 -536.968383789 -137.506896973 1372.1697998 -392.435852051 -276.065124512 1743.55163574 -482.049346924 -414.307189941 1285.72338867 -392.43057251 -544.382873535 1743.55163574
0.0369138717651 8 -499.675994873 -132.903305054 1548.55078125 -397.181304932 245.458206177 1684.86804199 -509.009490967 114.722389221 1491.16967773 -393.326690674 -6.28356933594 1741.82666016 -534.943603516 -136.565093994 1368.48535156 -393.327392578 -274.601654053 1741.82666016 -475.799255371 -412.875335693 1283.36657715 -393.322113037 -542.919433594 1741.82666016
0.031280040741 8 -501.70300293 -126.73059082 1546.0402832 -399.618286133 247.798370361 1688.27490234 -505.834838867 121.363960266 1490.21655273 -400.244628906 -2.86340332031 1743.64477539 -533.237243652 -133.740875244 1365.3125 -400.245330811 -271.181488037 1743.64477539 -468.807098389 -409.417144775 1282.11804199 -400.24005127 -539.499267578 1743.64477539
0.04611992836 8 -502.356811523 -122.150550842 1542.7355957 -400.34753418 250.11126709 1689.49047852 -501.590942383 126.168663025 1487.81298828 -404.803222656 -0.375640869141 1743.56860352 -530.80859375 -126.473808289 1363.45874023 -404.803924561 -268.693725586 1743.56860352 -460.705718994 -401.436737061 1282.6229248 -404.79864502 -537.011474609 1743.56860352
0.0312922000885 8 -500.984558105 -121.71987915 1538.46411133 -402.544677734 249.061431885 1689.6307373 -499.707794189 127.014717102 1485.38830566 -407.260498047 -1.2918548584 1741.93566895 -526.829101562 -122.902381897 1359.98425293 -407.261199951 -269.609924316 1741.93566895 -443.200805664 -395.67074585 1286.15856934 -407.25592041 -537.92767334 1741.93566895
0.029639005661 8 -501.043762207 -118.991996765 1534.0480957 -405.527191162 250.095062256 1690.67797852 -497.065643311 130.126220703 1482.94006348 -413.081756592 -0.518615722656 1741.20666504 -520.709716797 -121.816635132 1355.76403809 -413.082458496 -268.836700439 1741.20666504 -420.199707031 -390.274597168 1289.02404785 -413.077178955 -537.154418945 1741.20666504
0.0336740016937 8 -500.322753906 -115.959747314 1529.48046875 -406.574737549 250.81036377 1690.21972656 -494.450164795 133.486984253 1480.16821289 -415.772399902 0.743850708008 1739.05517578 -513.065124512 -119.865509033 1351.6784668 -415.773101807 -267.57421875 1739.05517578 -391.016845703 -381.175964355 1296.52783203 -415.767822266 -535.891967773 1739.05517578
0.0309009552002 8 -498.976715088 -113.777145386 1525.96484375 -409.618164062 250.684082031 1690.99597168 -492.769805908 136.071121216 1478.74963379 -418.986053467 1.45210266113 1738.13439941 -504.454315186 -117.254302979 1348.49157715 -418.986755371 -266.865966797 1738.13439941 -375.98828125 -375.97668457 1292.12854004 -418.98147583 -535.18371582 1738.13439941
0.0304539203644 8 -496.544769287 -112.510284424 1524.11938477 -411.240997314 251.82170105 1690.89916992 -491.727539062 137.481689453 1477.48376465 -418.880645752 2.79484558105 1737.11535645 -496.367401123 -113.755355835 1344.89782715 -418.881347656 -265.523254395 1737.11535645 -365.418334961 -370.903259277 1285.1270752 -418.876068115 -533.841003418 1737.11535645
0.0355370044708 8 -495.741210938 -113.135879517 1525.38439941 -412.569885254 252.558502197 1690.78515625 -495.882598877 137.138168335 1480.15405273 -415.946594238 2.25321960449 1737.51953125 -487.053710938 -110.735717773 1342.0703125 -415.947296143 -266.064880371 1737.51953125 -354.614074707 -366.171081543 1277.54101562 -415.942016602 -534.382629395 1737.51953125
0.0314769744873 8 -495.393432617 -116.06137085 1527.28491211 -413.383483887 252.454391479 1687.25500488 -494.686340332 133.417373657 1477.88000488 -417.513000488 2.7381439209 1738.24108887 -479.736114502 -107.179534912 1340.12255859 -417.513702393 -265.579956055 1738.24108887 -336.157836914 -356.273406982 1275.27197266 -417.508422852 -533.897705078 1738.24108887
0.0309319496155 8 -493.518249512 -116.074203491 1530.62976074 -415.182281494 252.770217896 1688.4909668 -490.797485352 132.881072998 1478.68884277 -421.426483154 4.76782226562 1742.48864746 -468.25692749 -108.912857056 1337.78027344 -421.427185059 -263.550262451 1742.48864746 -313.323303223 -351.583618164 1275.15393066 -421.421905518 -531.868041992 1742.48864746
0.0354771614075 8 -493.790618896 -116.422241211 1534.80371094 -416.208984375 253.080230713 1689.11999512 -486.852416992 131.527175903 1478.6229248 -425.579986572 7.32249450684 1746.2701416 -493.294464111 -109.339859009 1360.57165527 -425.580688477 -260.995605469 1746.2701416 -367.05456543 -335.854492188 1291.65783691 -425.575408936 -529.313354492 1746.2701416
0.0316619873047 8 -484.082611084 -117.830673218 1533.90087891 -417.821044922 252.940231323 1689.92626953 -479.701293945 130.167816162 1477.68481445 -426.228271484 7.31237792969 1747.61791992 -501.640319824 -118.96031189 1380.48193359 -426.228973389 -261.005706787 1747.61791992 -390.635742188 -351.000335693 1304.12780762 -426.223693848 -529.323486328 1747.61791992
0.0314509868622 8 -480.790893555 -116.619155884 1534.32006836 -418.191436768 253.753814697 1690.33642578 -474.605865479 131.147598267 1477.21276855 -429.090484619 9.39533996582 1749.11169434 -473.542510986 -166.234970093 1338.97961426 -429.091186523 -258.922729492 1749.11169434 -330.320892334 -382.674285889 1281.37158203 -429.085906982 -527.240478516 1749.11169434
0.0357239246368 8 -476.933227539 -116.016410828 1535.49047852 -419.521057129 254.290374756 1690.5378418 -468.709014893 131.304534912 1476.72399902 -432.627166748 11.6574859619 1750.95568848 -446.736572266 -134.792999268 1341.62512207 -432.627868652 -256.660583496 1750.95568848 -277.611083984 -336.371520996 1303.39465332 -432.622589111 -524.97833252 1750.95568848
0.0313539505005 8 -484.548706055 -116.728820801 1540.46337891 -419.309753418 254.072418213 1690.40844727 -461.38949585 127.943893433 1475.96801758 -445.758270264 14.9032745361 1754.30712891 -420.93170166 -130.517440796 1339.07202148 -445.758972168 -253.414810181 1754.30712891 -229.794692993 -319.07623291 1317.54846191 -445.753692627 -521.732543945 1754.30712891
0.0317389965057 8 -487.983276367 -116.528869629 1542.70129395 -418.307067871 254.534805298 1690.34729004 -451.244628906 125.560775757 1475.09130859 -457.975646973 18.3730621338 1755.84301758 -397.732788086 -124.366973877 1340.91040039 -457.976348877 -249.945022583 1755.84301758 -190.480758667 -299.388092041 1334.5982666 -457.971069336 -518.262756348 1755.84301758
0.0400261878967 8 -487.782897949 -117.47492981 1544.72460938 -416.916381836 254.967453003 1690.18041992 -435.33102417 121.077835083 1475.28161621 -471.644195557 21.9833526611 1756.31848145 -374.905090332 -119.913635254 1345.51098633 -471.644897461 -246.334732056 1756.31848145 -156.178222656 -282.519348145 1350.95935059 -471.63961792 -514.65246582 1756.31848145
0.0325489044189 8 -489.666809082 -119.179725647 1542.86865234 -416.442199707 252.456512451 1689.46801758 -433.189758301 118.627838135 1473.31225586 -474.642883301 20.5287017822 1754.61401367 -362.51348877 -122.800598145 1344.58288574 -474.643585205 -247.789382935 1754.61401367 -135.624710083 -274.387451172 1359.48754883 -474.638305664 -516.107116699 1754.61401367
0.0309989452362 8 -490.701751709 -118.225448608 1544.81176758 -413.625213623 253.645568848 1689.78771973 -418.863708496 115.394760132 1475.73095703 -486.440429688 25.4079437256 1754.24584961 -328.369384766 -116.852584839 1353.65441895 -486.441131592 -242.910140991 1754.24584961 -86.4613952637 -238.490325928 1393.57666016 -486.435852051 -511.227905273 1754.24584961
0.0351591110229 8 -495.394287109 -118.274749756 1543.63305664 -411.510864258 253.238952637 1689.01501465 -400.496948242 107.955291748 1479.49523926 -506.416137695 30.7764282227 1748.47814941 -313.066345215 -117.79977417 1355.31970215 -506.4168396 -237.541656494 1748.47814941 -72.7443084717 -243.633361816 1392.9967041 -506.411560059 -505.859405518 1748.47814941
0.0424749851227 8 -493.269714355 -115.826766968 1544.67504883 -408.861358643 254.076293945 1690.2298584 -407.812255859 113.579246521 1477.50927734 -494.46887207 30.2160644531 1752.30810547 -298.591003418 -123.659812927 1355.15698242 -494.469573975 -238.102020264 1752.30810547 -60.1825256348 -253.919006348 1390.48937988 -494.464294434 -506.419769287 1752.30810547
0.0314929485321 8 -489.420715332 -116.995117188 1543.12329102 -405.022613525 253.514831543 1686.9486084 -398.025482178 110.498001099 1476.47705078 -496.742279053 31.4864044189 1749.15136719 -299.231018066 -117.144683838 1356.7824707 -496.742980957 -236.831680298 1749.15136719 -66.1651763916 -257.551696777 1387.0324707 -496.737701416 -505.149414062 1749.15136719
0.0356810092926 8 -489.212036133 -116.442321777 1540.46264648 -402.760620117 253.326416016 1684.86108398 -396.611877441 110.657211304 1473.59631348 -496.954284668 32.4195709229 1746.37609863 -291.228424072 -120.711303711 1358.08703613 -496.954986572 -235.898513794 1746.37609863 -62.0573272705 -267.379760742 1389.18884277 -496.949707031 -504.216247559 1746.37609863
0.034775018692 8 -488.057678223 -115.375671387 1539.0559082 -400.643310547 252.998764038 1684.8248291 -395.429168701 111.922470093 1472.63061523 -495.12411499 32.7254486084 1745.63037109 -287.545654297 -123.19883728 1362.41992188 -495.124816895 -235.592636108 1745.63037109 -60.2129058838 -272.690795898 1394.63085938 -495.119537354 -503.910400391 1745.63037109
0.029373884201 8 -491.450286865 -114.897476196 1537.78417969 -398.841369629 253.512252808 1683.55444336 -377.181182861 103.982452393 1479.41015625 -514.221923828 39.4292907715 1737.87939453 -284.535217285 -123.936706543 1366.75830078 -514.22265625 -228.888793945 1737.87939453 -59.7576293945 -277.218048096 1399.47680664 -514.217346191 -497.206542969 1737.87939453
0.0320999622345 8 -494.095001221 -114.935012817 1535.82116699 -397.754455566 252.632675171 1683.32946777 -365.629669189 97.517578125 1483.33666992 -526.499389648 44.458404541 1730.59741211 -273.031402588 -133.80796814 1370.00366211 -526.50012207 -223.859680176 1730.59741211 -50.1726379395 -288.893493652 1407.1550293 -526.494812012 -492.177429199 1730.59741211
0.0310251712799 8 -495.150695801 -117.60458374 1532.41381836 -398.23828125 248.978607178 1682.36816406 -356.851013184 90.2549972534 1486.22631836 -536.335754395 45.5465545654 1722.54858398 -265.40222168 -142.706359863 1371.62915039 -536.336486816 -222.771530151 1722.54858398 -42.7295379639 -295.312683105 1418.13134766 -536.331176758 -491.089294434 1722.54858398
0.0326528549194 8 -495.038604736 -114.581130981 1530.42248535 -397.327423096 250.419250488 1682.37915039 -347.142120361 88.2193527222 1491.80725098 -544.902770996 52.6697235107 1714.90368652 -258.942687988 -149.796508789 1373.16308594 -544.903503418 -215.648361206 1714.90368652 -36.3915405273 -299.513519287 1428.52624512 -544.898193359 -483.966125488 1714.90368652
0.0326271057129 8 -493.898071289 -113.405555725 1528.9432373 -398.329772949 251.599517822 1683.08361816 -346.149078369 90.062286377 1492.03796387 -546.003295898 53.0016937256 1713.83410645 -254.833511353 -151.945983887 1374.60192871 -546.00402832 -215.316390991 1713.83410645 -31.6022186279 -299.102325439 1434.35302734 -545.998718262 -483.634155273 1713.83410645
0.0309829711914 8 -494.524017334 -112.167449951 1528.3503418 -400.05065918 252.72076416 1683.42370605 -344.638580322 90.2847824097 1493.95690918 -549.387145996 54.9732666016 1711.89733887 -253.200866699 -150.371856689 1374.05944824 -549.387878418 -213.344818115 1711.89733887 -27.6023254395 -292.048828125 1437.99291992 -549.382568359 -481.662567139 1711.89733887
0.0346050262451 8 -494.520690918 -111.097518921 1528.52709961 -404.75491333 253.890899658 1686.58691406 -347.856933594 93.8883743286 1494.98132324 -550.846191406 53.5871887207 1713.89489746 -251.321929932 -146.890258789 1371.72460938 -550.846923828 -214.730895996 1713.89489746 -21.7247314453 -280.255584717 1438.87841797 -550.84161377 -483.04864502 1713.89489746
0.0429739952087 8 -494.349487305 -109.643913269 1530.75952148 -410.161682129 255.598419189 1692.57141113 -355.776977539 100.621238708 1495.94543457 -548.697753906 49.4998779297 1721.4041748 -250.214981079 -138.951965332 1367.46643066 -548.698486328 -218.818206787 1721.4041748 -16.3151550293 -263.500823975 1436.48217773 -548.69317627 -487.135955811 1721.4041748
0.0283041000366 8 -498.001098633 -106.585144043 1530.7565918 -416.071563721 256.240905762 1694.97241211 -378.484527588 113.125274658 1487.82006836 -537.202392578 42.8822937012 1732.06054688 -252.301879883 -126.899291992 1361.65356445 -537.203125 -225.435791016 1732.06054688 -13.1809082031 -239.878433228 1432.11645508 -537.197814941 -493.753540039 1732.06054688
0.0301208496094 8 -497.550384521 -108.70022583 1534.12548828 -422.013275146 255.703704834 1696.22668457 -388.117126465 115.581863403 1487.24743652 -532.217651367 37.5820465088 1738.76037598 -260.838012695 -108.371353149 1356.64379883 -532.218383789 -230.736038208 1738.76037598 -17.1017913818 -211.298919678 1426.70922852 -532.21307373 -499.053771973 1738.76037598
0.0342869758606 8 -500.658935547 -107.237457275 1530.48278809 -427.762420654 256.07421875 1697.92785645 -398.010681152 120.231124878 1482.77416992 -532.630554199 35.8082733154 1738.01733398 -261.596313477 -95.8505401611 1350.93395996 -532.631286621 -232.509811401 1738.01733398 -13.003616333 -180.934020996 1425.96789551 -532.625976562 -500.827575684 1738.01733398
0.0313630104065 8 -500.680175781 -107.547592163 1531.75817871 -433.497039795 256.616882324 1697.84716797 -401.211242676 121.475074768 1484.10632324 -533.84564209 34.4640655518 1739.96252441 -260.326293945 -83.0047683716 1345.45349121 -533.846374512 -233.854019165 1739.96252441 -9.08491516113 -149.000427246 1429.06140137 -533.841064453 -502.17175293 1739.96252441
0.0345060825348 8 -502.460601807 -108.006057739 1532.72436523 -439.17199707 256.808746338 1698.81567383 -403.989929199 121.629486084 1485.57409668 -538.239685059 33.9659729004 1740.60900879 -256.966491699 -71.0417633057 1340.234375 -538.24041748 -234.352111816 1740.60900879 -5.16775512695 -113.372512817 1434.77832031 -538.235107422 -502.66986084 1740.60900879
0.0425200462341 8 -503.624755859 -109.919219971 1532.28417969 -445.265075684 255.282531738 1698.79992676 -406.100921631 120.374832153 1486.20556641 -542.856994629 31.8476409912 1739.72729492 -252.68888855 -58.6351623535 1336.04870605 -542.857727051 -236.470443726 1739.72729492 -2.7606048584 -78.6975631714 1441.67407227 -542.852416992 -504.788208008 1739.72729492
0.0291030406952 8 -502.696411133 -111.590377808 1533.10571289 -449.001556396 255.348266602 1698.76989746 -409.850067139 120.302047729 1485.44787598 -542.57989502 30.0455474854 1740.50524902 -246.638504028 -43.3722686768 1334.08886719 -542.580627441 -238.272537231 1740.50524902 -0.390335083008 -41.1765327454 1449.59265137 -542.575317383 -506.590270996 1740.50524902
0.0320789813995 8 -502.816162109 -111.854125977 1533.42834473 -454.03729248 255.927429199 1702.27331543 -411.594451904 121.083267212 1487.68591309 -546.283203125 28.5668182373 1740.95275879 -240.424438477 -27.0381317139 1333.55810547 -546.283935547 -239.751266479 1740.95275879 0.570861816406 -8.18681526184 1458.99084473 -546.278625488 -508.069030762 1740.95275879
0.0300228595734 8 -503.260559082 -111.584152222 1533.89916992 -456.768035889 256.109985352 1703.51586914 -414.667724609 122.391670227 1488.2512207 -546.632202148 27.7545471191 1742.17993164 -235.393066406 -10.6017684937 1334.28833008 -546.63293457 -240.563537598 1742.17993164 1.33251953125 18.7894287109 1466.87561035 -546.627624512 -508.881286621 1742.17993164
0.0309979915619 8 -504.592407227 -111.264945984 1535.85705566 -458.381469727 256.450775146 1704.09851074 -421.172027588 124.083908081 1487.71972656 -542.072875977 26.8898010254 1746.03295898 -234.055221558 3.59204101562 1336.72460938 -542.073608398 -241.428283691 1746.03295898 1.63772583008 46.0797233582 1468.21606445 -542.06829834 -509.746032715 1746.03295898
0.0353519916534 8 -502.852355957 -111.805770874 1537.03503418 -458.975494385 256.615356445 1704.40588379 -424.460449219 124.897727966 1487.15759277 -538.704406738 25.8730316162 1747.79772949 -229.024368286 15.2313919067 1340.57299805 -538.70513916 -242.445053101 1747.79772949 3.67262268066 62.8695335388 1476.33447266 -538.699829102 -510.762817383 1747.79772949
0.031054019928 8 -505.728637695 -111.524452209 1537.05993652 -459.486877441 255.332519531 1705.05126953 -421.688751221 123.670639038 1489.35388184 -544.223022461 26.7287597656 1746.96398926 -225.00012207 24.0338058472 1343.58947754 -544.223754883 -241.589324951 1746.96398926 5.38865661621 78.4786453247 1481.08605957 -544.218444824 -509.907073975 1746.96398926
0.0315101146698 8 -506.033233643 -110.726776123 1537.10693359 -460.0262146 256.143280029 1705.38220215 -418.115325928 123.325279236 1490.71166992 -549.11138916 29.0255432129 1745.13623047 -221.909545898 28.4048080444 1345.20166016 -549.112121582 -239.292541504 1745.13623047 7.62434387207 82.7909622192 1484.50561523 -549.106811523 -507.610290527 1745.13623047
0.035404920578 8 -505.461425781 -111.033813477 1539.13647461 -460.602142334 255.622970581 1709.53588867 -422.56463623 124.722732544 1492.14953613 -544.709716797 26.4279632568 1749.43347168 -221.199661255 26.6313858032 1345.29516602 -544.710449219 -241.89012146 1749.43347168 9.43643188477 79.2597198486 1483.62683105 -544.70513916 -510.207885742 1749.43347168
0.0316650867462 8 -505.869293213 -110.869468689 1539.38964844 -461.732940674 255.671081543 1711.64782715 -420.913330078 124.525085449 1494.1998291 -547.29083252 26.2526702881 1749.51379395 -223.492050171 24.0226364136 1344.95471191 -547.291564941 -242.065414429 1749.51379395 10.3807525635 67.9460601807 1480.63513184 -547.286254883 -510.383178711 1749.51379395
0.0315239429474 8 -507.374603271 -110.493423462 1538.98474121 -462.096343994 255.445251465 1712.19934082 -419.32800293 124.048774719 1495.2800293 -550.095031738 26.7486877441 1748.77539062 -227.688247681 14.9468078613 1343.23742676 -550.09576416 -241.569396973 1748.77539062 9.41455078125 50.4407043457 1475.62536621 -550.090454102 -509.887145996 1748.77539062
0.0355150699615 8 -506.946044922 -112.273445129 1539.61975098 -462.614837646 253.513763428 1712.46081543 -423.007080078 123.627349854 1495.17822266 -546.391113281 23.2667694092 1751.14550781 -234.305099487 1.8637008667 1340.35522461 -546.391845703 -245.051315308 1751.14550781 6.81869506836 28.0893821716 1467.32446289 -546.386535645 -513.36907959 1751.14550781
0.0316069126129 8 -508.49206543 -112.349319458 1538.11108398 -461.96762085 253.422119141 1709.05334473 -417.735443115 121.180526733 1494.76879883 -551.64239502 25.7541656494 1747.19750977 -242.611846924 -11.4093933105 1338.18054199 -551.643127441 -242.563919067 1747.19750977 3.14152526855 0.530722618103 1457.47924805 -551.637817383 -510.881652832 1747.19750977
0.0322530269623 8 -511.692260742 -112.183746338 1538.47692871 -463.922790527 252.60710144 1710.41357422 -421.263824463 121.556289673 1495.3828125 -553.213500977 25.0082855225 1748.5324707 -249.646972656 -26.7533874512 1336.85559082 -553.214233398 -243.309799194 1748.5324707 0.56330871582 -25.039056778 1447.07714844 -553.20892334 -511.627563477 1748.5324707
0.0352468490601 8 -512.153686523 -114.037445068 1536.37329102 -463.620666504 250.990371704 1708.08081055 -419.115142822 118.727249146 1493.5012207 -555.690856934 24.5478668213 1745.11328125 -259.540008545 -39.8213500977 1337.62487793 -555.691589355 -243.770217896 1745.11328125 -4.61065673828 -55.3563423157 1433.55810547 -555.686279297 -512.08795166 1745.11328125
0.0321171283722 8 -514.890991211 -113.394477844 1536.80273438 -465.032928467 253.168579102 1710.41931152 -419.368652344 118.624221802 1495.35144043 -559.877685547 25.3359680176 1745.14294434 -264.938446045 -53.2177429199 1340.2902832 -559.878417969 -242.982116699 1745.14294434 -6.41287231445 -82.9103775024 1421.89953613 -559.87310791 -511.299865723 1745.14294434
0.0317029953003 8 -515.670898438 -115.397834778 1537.96899414 -466.012542725 252.034698486 1708.0769043 -423.735900879 117.556396484 1493.80712891 -558.135437012 23.5834503174 1746.65795898 -271.123748779 -63.3876342773 1345.21044922 -558.136169434 -244.734634399 1746.65795898 -11.6034545898 -113.710083008 1409.76208496 -558.130859375 -513.052368164 1746.65795898
0.0358119010925 8 -514.79699707 -117.431152344 1539.41333008 -466.966949463 251.004882812 1706.41503906 -425.156982422 115.943313599 1492.79785156 -556.887695312 22.7669525146 1747.36767578 -275.352905273 -70.8627319336 1352.46411133 -556.888427734 -245.551132202 1747.36767578 -16.8854980469 -140.610229492 1400.1027832 -556.883117676 -513.868896484 1747.36767578
0.0319931507111 8 -517.161254883 -118.432907104 1540.32092285 -469.316467285 250.452026367 1706.58666992 -425.037475586 114.173416138 1494.68945312 -561.481262207 22.4978485107 1747.32128906 -274.694946289 -77.229385376 1361.23657227 -561.481994629 -245.820236206 1747.32128906 -20.6115722656 -167.631286621 1395.9510498 -561.47668457 -514.138000488 1747.32128906
0.0321209430695 8 -518.154418945 -118.922134399 1540.52856445 -469.75958252 249.961044312 1706.15063477 -421.560119629 112.047691345 1495.9140625 -565.131164551 23.7396697998 1745.7331543 -272.619934082 -82.4524459839 1368.71728516 -565.131896973 -244.578414917 1745.7331543 -23.3172454834 -188.951324463 1395.2565918 -565.126586914 -512.896179199 1745.7331543
0.0356340408325 8 -519.567260742 -119.610702515 1539.55493164 -471.164398193 248.772491455 1705.43554688 -419.594543457 110.244384766 1496.6517334 -570.903991699 24.4409179688 1742.73571777 -269.27545166 -87.7845611572 1374.12634277 -570.904724121 -243.877166748 1742.73571777 -23.9164886475 -205.352050781 1396.47180176 -570.899414062 -512.194946289 1742.73571777
0.0320980548859 8 -519.611450195 -118.421310425 1539.35290527 -471.277038574 250.162124634 1706.57373047 -415.873260498 110.221069336 1499.0234375 -575.484985352 26.6803283691 1740.57226562 -267.682800293 -91.4366149902 1377.14648438 -575.485717773 -241.637756348 1740.57226562 -25.1289367676 -215.951416016 1398.27294922 -575.480407715 -509.955505371 1740.57226562
0.0320339202881 8 -519.975830078 -117.831008911 1538.29541016 -472.374237061 249.965744019 1706.14941406 -412.959533691 109.696609497 1500.28430176 -579.584289551 28.1946868896 1737.76867676 -267.226318359 -94.4470214844 1377.83410645 -579.585021973 -240.123397827 1737.76867676 -25.8738555908 -221.376708984 1402.14050293 -579.579711914 -508.441162109 1737.76867676
0.0359308719635 8 -520.870361328 -116.081573486 1537.43713379 -471.395996094 252.595352173 1705.44897461 -410.587982178 110.093399048 1500.68640137 -581.296020508 30.79347229 1736.0435791 -267.30355835 -96.2562713623 1377.7220459 -581.29675293 -237.524612427 1736.0435791 -25.2450561523 -221.380706787 1405.81091309 -581.291442871 -505.842346191 1736.0435791
0.031937122345 8 -520.315185547 -115.026306152 1536.4473877 -470.945251465 253.569030762 1705.10534668 -408.376922607 110.54057312 1500.91015625 -582.35345459 32.2742462158 1734.25390625 -267.709533691 -96.5716247559 1375.59997559 -582.354187012 -236.043838501 1734.25390625 -23.9215087891 -217.135543823 1408.50146484 -582.348876953 -504.361572266 1734.25390625
0.0321750640869 8 -519.379760742 -115.318252563 1536.93066406 -470.6769104 253.014694214 1705.43652344 -407.484954834 110.2787323 1501.37866211 -580.802124023 31.7030181885 1735.14916992 -266.68762207 -95.6925201416 1372.5123291 -580.802856445 -236.615066528 1735.14916992 -19.3685760498 -206.653015137 1411.09301758 -580.797546387 -504.932800293 1735.14916992
0.0360100269318 8 -518.343505859 -116.251296997 1535.95214844 -470.550323486 251.403091431 1703.5949707 -407.171051025 109.655479431 1500.07421875 -579.900939941 30.7100219727 1734.17822266 -265.491973877 -92.4411392212 1367.65979004 -579.901672363 -237.608062744 1734.17822266 -14.8206176758 -191.607513428 1414.31860352 -579.896362305 -505.925811768 1734.17822266
0.0321397781372 8 -518.51159668 -119.09854126 1535.53222656 -471.591827393 249.254577637 1702.1763916 -408.577148438 107.286071777 1498.86035156 -580.788146973 28.1803283691 1733.29760742 -261.36517334 -87.6938476562 1362.16333008 -580.788879395 -240.137756348 1733.29760742 -8.07334899902 -172.749908447 1419.52807617 -580.783569336 -508.455505371 1733.29760742
0.0355401039124 8 -518.131591797 -119.748703003 1534.99780273 -472.148712158 248.989822388 1703.9609375 -410.384887695 107.631599426 1498.0201416 -579.496337891 26.3157043457 1733.94055176 -258.705230713 -81.5880661011 1357.01672363 -579.497070312 -242.002380371 1733.94055176 -3.3591003418 -150.525360107 1424.79260254 -579.491760254 -510.320129395 1733.94055176
0.0450088977814 8 -515.626342773 -120.033462524 1534.09216309 -471.964599609 248.48046875 1704.34985352 -410.867279053 108.658287048 1496.66809082 -576.319335938 24.6699676514 1734.22302246 -255.790939331 -71.9547042847 1351.63000488 -576.320068359 -243.648117065 1734.22302246 -0.454956054688 -122.132751465 1432.89831543 -576.314758301 -511.965881348 1734.22302246
0.0291881561279 8 -513.238647461 -120.448684692 1534.75976562 -471.692138672 247.829345703 1704.54309082 -411.801177979 109.559234619 1496.31030273 -573.487182617 23.3729553223 1735.65063477 -252.453430176 -62.3403320312 1345.91967773 -573.487915039 -244.945129395 1735.65063477 0.557052612305 -95.246421814 1441.48706055 -573.48260498 -513.262878418 1735.65063477
0.0308458805084 8 -510.176147461 -119.798858643 1536.7947998 -470.705871582 250.175140381 1706.05981445 -416.375427246 112.718933105 1494.6706543 -564.670471191 22.0053100586 1740.65673828 -249.562591553 -51.8482818604 1341.88098145 -564.671203613 -246.312774658 1740.65673828 0.38005065918 -64.5487670898 1449.15100098 -564.665893555 -514.630493164 1740.65673828
0.0352981090546 8 -509.633972168 -121.229568481 1536.81152344 -471.371459961 248.079650879 1705.39477539 -419.113830566 112.401260376 1493.50341797 -561.503173828 19.3908843994 1742.20996094 -247.304092407 -39.1817779541 1340.34155273 -561.50390625 -248.927200317 1742.20996094 -0.310440063477 -33.5410957336 1455.26513672 -561.498596191 -517.244934082 1742.20996094
0.0304729938507 8 -507.40020752 -120.762832642 1538.85473633 -470.593200684 249.592941284 1706.56970215 -419.768035889 113.722892761 1494.14916992 -558.32019043 19.6161193848 1744.67651367 -242.048431396 -25.9233474731 1341.86999512 -558.320922852 -248.701965332 1744.67651367 0.858795166016 -5.85203552246 1464.39379883 -558.315612793 -517.019714355 1744.67651367
0.030485868454 8 -506.499359131 -118.918609619 1539.54272461 -471.04196167 250.340667725 1709.67175293 -418.857055664 115.851074219 1496.27282715 -558.600036621 20.4984436035 1745.74377441 -237.78666687 -12.7794342041 1344.83532715 -558.600769043 -247.819641113 1745.74377441 2.71322631836 20.688583374 1469.88134766 -558.595458984 -516.137390137 1745.74377441
0.0356380939484 8 -506.010803223 -119.020980835 1539.59301758 -471.256378174 248.139038086 1711.71582031 -417.421508789 115.777748108 1498.42993164 -560.094116211 19.4962921143 1745.89624023 -232.734680176 0.147872924805 1348.39526367 -560.094848633 -248.821792603 1745.89624023 4.57833862305 44.0432128906 1476.85766602 -560.089538574 -517.139526367 1745.89624023
0.0313858985901 8 -505.067565918 -115.434494019 1541.01782227 -471.299224854 250.228256226 1716.73852539 -415.702636719 119.523597717 1502.52746582 -560.521118164 21.4484863281 1748.04699707 -232.322540283 9.44696807861 1352.20251465 -560.521850586 -246.869598389 1748.04699707 4.64729309082 62.4693565369 1478.2869873 -560.516540527 -515.18737793 1748.04699707
0.0317242145538 8 -506.040344238 -111.287414551 1541.87573242 -472.032958984 251.699829102 1722.22497559 -413.240661621 123.05557251 1508.2557373 -565.215209961 23.9652404785 1748.9119873 -229.493011475 15.6947937012 1355.50549316 -565.215942383 -244.352844238 1748.9119873 4.83683776855 77.3141021729 1482.86621094 -565.210632324 -512.670593262 1748.9119873
0.0353078842163 8 -502.579040527 -110.256324768 1545.79650879 -471.833190918 252.790649414 1725.42175293 -417.12512207 126.414123535 1509.45141602 -558.238037109 23.3142852783 1754.8359375 -229.29699707 19.6389694214 1356.95935059 -558.238769531 -245.003799438 1754.8359375 3.69967651367 84.3869781494 1485.60668945 -558.233459473 -513.321533203 1754.8359375
0.0317459106445 8 -504.355041504 -109.398262024 1545.95715332 -472.054321289 252.287231445 1726.06616211 -414.324890137 125.881790161 1511.56835938 -561.795349121 24.8371276855 1754.10717773 -228.38458252 20.3486938477 1359.2668457 -561.796081543 -243.480957031 1754.10717773 4.3620300293 87.224899292 1487.50805664 -561.790771484 -511.798706055 1754.10717773
0.0352940559387 8 -506.170043945 -108.466644287 1546.00708008 -472.10836792 252.238739014 1727.39916992 -412.757781982 125.727722168 1513.11376953 -564.776123047 26.2476196289 1753.54614258 -227.162139893 19.8940200806 1360.79150391 -564.776855469 -242.070465088 1753.54614258 6.34126281738 81.179397583 1490.44506836 -564.77154541 -510.388214111 1753.54614258
0.0311839580536 8 -506.285125732 -110.767837524 1545.49267578 -472.699920654 250.028808594 1727.58239746 -412.181091309 123.345046997 1513.84191895 -566.257202148 23.5697784424 1752.91296387 -226.555099487 14.3306808472 1361.07531738 -566.25793457 -244.748306274 1752.91296387 7.58786010742 73.5470581055 1490.65039062 -566.252624512 -513.066040039 1752.91296387
0.0317780971527 8 -512.404846191 -111.744300842 1546.80895996 -473.563415527 249.437042236 1727.65844727 -414.331085205 120.630462646 1514.45788574 -570.792480469 24.4571380615 1753.45690918 -228.825317383 8.04691314697 1361.16699219 -570.793212891 -243.860946655 1753.45690918 7.77731323242 60.0803794861 1489.19152832 -570.787902832 -512.178710938 1753.45690918
0.0354640483856 8 -514.944152832 -114.061782837 1545.86572266 -474.571289062 247.678421021 1727.19140625 -413.342529297 116.972122192 1514.82421875 -575.122314453 23.2832794189 1751.23925781 -231.740142822 -1.48667144775 1360.58203125 -575.123046875 -245.034805298 1751.23925781 7.4969329834 41.4040679932 1486.87841797 -575.117736816 -513.352539062 1751.23925781
0.031623840332 8 -515.119934082 -115.170532227 1544.0625 -475.670257568 246.244842529 1726.96899414 -411.971405029 115.539649963 1515.79309082 -578.810913086 21.7776184082 1748.64709473 -236.860046387 -13.2263412476 1360.18994141 -578.811645508 -246.540466309 1748.64709473 6.05822753906 22.0041007996 1481.61901855 -578.806335449 -514.858215332 1748.64709473
0.0318241119385 8 -516.369262695 -116.223754883 1543.25878906 -476.886016846 244.736251831 1727.37219238 -412.773284912 114.484161377 1516.56164551 -580.631652832 19.7368164062 1748.33508301 -242.472640991 -24.9584655762 1360.25292969 -580.632385254 -248.581268311 1748.33508301 5.03063964844 -1.26228523254 1474.49694824 -580.627075195 -516.899047852 1748.33508301
0.0359919071198 8 -517.188903809 -114.42024231 1542.83325195 -478.11428833 246.615310669 1728.56750488 -412.561981201 115.942398071 1517.14501953 -582.180603027 21.445022583 1747.74926758 -247.547729492 -35.8259429932 1361.67089844 -582.181335449 -246.873062134 1747.74926758 4.49440002441 -24.2356376648 1467.07312012 -582.176025391 -515.190795898 1747.74926758
0.0359179973602 8 -518.157470703 -114.104530334 1542.56872559 -478.660797119 245.432128906 1728.16894531 -412.598175049 115.98197937 1518.23840332 -583.979003906 21.3537902832 1747.49157715 -253.518157959 -46.6395874023 1364.29138184 -583.979736328 -246.964294434 1747.49157715 2.42616271973 -49.2074623108 1459.88208008 -583.97442627 -515.282043457 1747.49157715
0.0423781871796 8 -519.213989258 -117.889007568 1544.99169922 -481.515991211 243.259124756 1727.90808105 -419.488525391 114.225585938 1516.26416016 -580.597595215 16.9916687012 1751.6003418 -258.822692871 -55.2073822021 1367.93725586 -580.598327637 -251.326416016 1751.6003418 0.273254394531 -71.0571594238 1452.93334961 -580.593017578 -519.644165039 1751.6003418
0.0328919887543 8 -520.877075195 -115.736442566 1546.16870117 -482.145965576 246.538665771 1728.83190918 -421.473632812 116.406646729 1516.32556152 -580.12902832 19.1738433838 1753.41418457 -261.309265137 -62.3528900146 1372.94042969 -580.129760742 -249.144241333 1753.41418457 -0.566497802734 -96.236907959 1445.49780273 -580.124450684 -517.461975098 1753.41418457
0.030473947525 8 -523.038208008 -116.779129028 1545.4855957 -484.085510254 244.858215332 1727.80004883 -422.982574463 115.132019043 1515.89343262 -582.697387695 18.3346862793 1752.49987793 -264.247192383 -67.3753051758 1378.64855957 -582.698120117 -249.983398438 1752.49987793 -3.46682739258 -119.120529175 1438.8380127 -582.692810059 -518.301147461 1752.49987793
0.0306520462036 8 -525.15045166 -115.36000061 1547.18188477 -485.914520264 247.921096802 1727.27441406 -425.070800781 116.374145508 1516.26269531 -585.239562988 21.0988464355 1753.19433594 -263.887084961 -71.2380828857 1385.04345703 -585.24029541 -247.219238281 1753.19433594 -5.72418212891 -142.492324829 1435.24157715 -585.234985352 -515.536987305 1753.19433594
0.0342218875885 8 -525.120605469 -116.51474762 1547.95288086 -487.955535889 247.305023193 1726.51220703 -424.750854492 115.045677185 1516.64001465 -588.409790039 21.5703430176 1751.9185791 -265.063659668 -74.0324783325 1391.22851562 -588.410522461 -246.747741699 1751.9185791 -10.2486877441 -161.95703125 1431.99804688 -588.405212402 -515.065490723 1751.9185791
0.0306789875031 8 -527.467529297 -116.632873535 1548.89428711 -490.605957031 248.442276001 1727.63391113 -426.460784912 114.681907654 1517.80126953 -591.954040527 21.9970855713 1752.11621094 -264.230804443 -76.8657455444 1395.21679688 -591.954772949 -246.320999146 1752.11621094 -12.0004272461 -176.115692139 1427.9309082 -591.949462891 -514.63873291 1752.11621094
0.0312340259552 8 -528.102050781 -116.087036133 1549.39343262 -491.899017334 249.497802734 1727.69750977 -426.589324951 115.055877686 1518.66650391 -593.538513184 22.8114624023 1752.12841797 -268.197143555 -78.692489624 1396.59472656 -593.539245605 -245.506622314 1752.12841797 -17.580368042 -184.50189209 1424.44848633 -593.533935547 -513.82434082 1752.12841797
0.0381009578705 8 -526.549316406 -116.169876099 1548.76660156 -492.63583374 249.354446411 1726.72338867 -426.974609375 115.761619568 1517.67456055 -592.184692383 22.1490478516 1751.82861328 -271.769439697 -80.3496932983 1395.54516602 -592.185424805 -246.169036865 1751.82861328 -22.1767883301 -189.585021973 1422.50183105 -592.180114746 -514.486816406 1751.82861328
0.0381729602814 8 -528.213256836 -113.799331665 1550.18041992 -491.488922119 252.242614746 1727.7442627 -427.867523193 117.677131653 1518.18371582 -590.515197754 24.503692627 1754.3013916 -273.544189453 -81.3261032104 1392.81237793 -590.515930176 -243.81439209 1754.3013916 -23.229095459 -189.173858643 1420.47180176 -590.510620117 -512.132141113 1754.3013916
0.029571056366 8 -528.386352539 -112.580619812 1550.27648926 -490.165740967 252.923461914 1727.75073242 -428.254882812 118.947570801 1517.97192383 -589.600830078 25.5043792725 1754.87548828 -276.697875977 -79.5276947021 1388.74865723 -589.6015625 -242.813705444 1754.87548828 -25.5113372803 -184.801010132 1418.99243164 -589.596252441 -511.131469727 1754.87548828
0.0344879627228 8 -527.354553223 -111.549316406 1550.57543945 -488.784240723 253.943511963 1728.75622559 -428.067260742 120.34249115 1518.27453613 -587.061828613 25.5953521729 1756.24938965 -278.488616943 -77.1582717896 1383.98254395 -587.062561035 -242.722732544 1756.24938965 -25.1587982178 -175.960998535 1417.58630371 -587.057250977 -511.040466309 1756.24938965
0.0309221744537 8 -526.149902344 -115.839538574 1548.01416016 -486.241668701 250.57661438 1723.75415039 -426.298126221 115.621154785 1514.40087891 -586.017883301 22.7985534668 1752.63525391 -279.765625 -73.7819824219 1378.82861328 -586.018615723 -245.51953125 1752.63525391 -23.9603729248 -164.357147217 1416.05065918 -586.013305664 -513.837280273 1752.63525391
0.0300118923187 8 -527.031555176 -117.573181152 1546.94873047 -484.413513184 248.839828491 1722.25402832 -427.899871826 113.974563599 1511.84777832 -583.691955566 20.9214019775 1752.5760498 -274.966552734 -73.3186950684 1372.26330566 -583.692687988 -247.396682739 1752.5760498 -16.6382751465 -151.748275757 1416.95617676 -583.68737793 -515.714416504 1752.5760498
0.0351090431213 8 -524.851989746 -113.964508057 1545.73693848 -482.569702148 252.646530151 1722.51599121 -426.120391846 117.808883667 1510.98901367 -581.603881836 24.0182037354 1751.68481445 -273.542816162 -70.0018768311 1366.56799316 -581.604614258 -244.299880981 1751.68481445 -12.714050293 -136.078857422 1415.97619629 -581.599304199 -512.617614746 1751.68481445
0.0314259529114 8 -524.096191406 -113.146835327 1543.85900879 -479.64642334 252.895767212 1717.63183594 -425.065185547 118.104652405 1506.61657715 -578.0859375 26.24609375 1749.59265137 -271.608093262 -64.0961227417 1361.41174316 -578.086669922 -242.071990967 1749.59265137 -9.29635620117 -115.104469299 1418.82177734 -578.081359863 -510.38973999 1749.59265137
0.0312829017639 8 -524.072998047 -112.638320923 1542.45117188 -478.408294678 253.388549805 1715.1842041 -424.957794189 118.421829224 1504.24108887 -577.210266113 27.3810577393 1747.98425293 -269.694885254 -59.1974182129 1355.88720703 -577.210998535 -240.937026978 1747.98425293 -6.97146606445 -91.0091247559 1422.53540039 -577.205688477 -509.254760742 1747.98425293
0.0389251708984 8 -521.790527344 -113.749511719 1541.88061523 -476.630615234 253.1484375 1714.46179199 -423.906311035 117.667312622 1502.6730957 -574.602478027 26.4995880127 1747.34008789 -267.418762207 -51.3108825684 1350.80761719 -574.603210449 -241.818496704 1747.34008789 -5.70394897461 -66.8609695435 1426.52819824 -574.597900391 -510.136230469 1747.34008789
0.0396389961243 8 -519.897705078 -115.375831604 1541.25097656 -476.33291626 251.502197266 1712.5994873 -423.11895752 116.356170654 1501.17004395 -573.307495117 25.3630218506 1746.22058105 -264.47644043 -42.3109283447 1347.47424316 -573.308227539 -242.955062866 1746.22058105 -5.50729370117 -39.4512023926 1432.91381836 -573.30291748 -511.272827148 1746.22058105
0.0279989242554 8 -519.353149414 -116.536483765 1540.90234375 -475.344940186 250.317565918 1713.18188477 -422.422790527 115.199836731 1501.20410156 -572.106384277 23.6931610107 1746.39233398 -260.040100098 -31.7570571899 1345.20703125 -572.107116699 -244.624923706 1746.39233398 -6.09217834473 -16.311794281 1443.62194824 -572.101806641 -512.942687988 1746.39233398
0.0335350036621 8 -519.056274414 -116.196640015 1541.08850098 -473.921783447 250.652816772 1713.96520996 -420.499389648 114.994430542 1502.24304199 -572.739868164 24.306350708 1746.14685059 -255.655090332 -21.4931945801 1344.07727051 -572.740600586 -244.011734009 1746.14685059 -5.7301940918 6.22716712952 1450.49182129 -572.735290527 -512.329467773 1746.14685059
0.0305409431458 8 -516.812988281 -115.656272888 1541.00561523 -471.421478271 251.511688232 1710.33703613 -421.322601318 116.164093018 1498.55297852 -568.107116699 25.9437408447 1745.89550781 -249.914215088 -9.74298095703 1344.35424805 -568.107849121 -242.374343872 1745.89550781 -3.62251281738 26.6405830383 1457.23913574 -568.102539062 -510.692077637 1745.89550781
0.0309419631958 8 -515.994018555 -115.046340942 1541.23461914 -469.508880615 252.023483276 1708.03393555 -420.004333496 116.328643799 1497.44104004 -566.983093262 27.851776123 1745.30993652 -242.793395996 -0.686668395996 1345.44787598 -566.983825684 -240.466308594 1745.30993652 -0.518783569336 46.1940917969 1463.32971191 -566.978515625 -508.784057617 1745.30993652
0.0357789993286 8 -512.791503906 -116.942184448 1540.13525391 -469.003082275 250.892044067 1706.38293457 -419.324462891 115.261276245 1495.28894043 -563.674804688 25.7882537842 1744.35290527 -238.714172363 7.65380859375 1346.06860352 -563.675537109 -242.529830933 1744.35290527 1.66508483887 59.9730873108 1466.1394043 -563.670227051 -510.847595215 1744.35290527
0.0307340621948 8 -515.134277344 -113.248886108 1539.14978027 -469.214141846 251.898132324 1709.97473145 -414.178436279 116.800125122 1500.33764648 -571.505493164 29.3758087158 1741.88525391 -234.213699341 12.7532272339 1347.12231445 -571.506225586 -238.942276001 1741.88525391 5.40187072754 64.9183044434 1469.21142578 -571.500915527 -507.260009766 1741.88525391
0.031051158905 8 -516.084838867 -110.850814819 1538.83947754 -469.998443604 253.792526245 1711.8482666 -412.349639893 118.408248901 1502.52319336 -574.936218262 31.7231903076 1740.95068359 -233.304763794 9.78221893311 1346.01416016 -574.936950684 -236.594894409 1740.95068359 5.79876708984 64.3113861084 1468.28637695 -574.931640625 -504.912658691 1740.95068359
0.0348818302155 8 -516.83203125 -109.840927124 1539.50512695 -472.002471924 253.156661987 1715.79736328 -412.667297363 119.642684937 1505.74560547 -576.997009277 31.1128997803 1742.39697266 -236.547317505 6.30664825439 1344.34436035 -576.997741699 -237.205184937 1742.39697266 4.95501708984 54.682800293 1464.4029541 -576.992431641 -505.522949219 1742.39697266
0.0315411090851 8 -516.379272461 -110.583480835 1540.6418457 -473.032409668 252.68560791 1718.25622559 -415.338317871 120.248374939 1506.52233887 -574.762512207 28.5357513428 1745.32263184 -241.521636963 -2.16359710693 1342.07202148 -574.763244629 -239.782333374 1745.32263184 2.86080932617 37.9189605713 1459.12927246 -574.75793457 -508.100097656 1745.32263184
0.0354969501495 8 -517.249694824 -111.404190063 1540.0324707 -473.664276123 251.555847168 1719.49682617 -417.716827393 120.181854248 1506.50646973 -573.656921387 25.7671813965 1746.58850098 -248.775085449 -14.3096923828 1341.05969238 -573.657653809 -242.55090332 1746.58850098 0.650177001953 17.3640232086 1449.24401855 -573.65234375 -510.868652344 1746.58850098
0.0310609340668 8 -518.451904297 -112.717094421 1538.75610352 -475.6953125 249.355560303 1720.12231445 -420.004425049 119.493484497 1506.3157959 -574.192382812 22.7389831543 1746.62854004 -257.445587158 -26.4091491699 1341.62512207 -574.193115234 -245.579101562 1746.62854004 -2.22694396973 -12.2577018738 1437.6081543 -574.187805176 -513.896850586 1746.62854004
0.0319700241089 8 -524.923217773 -112.100242615 1539.50268555 -476.867736816 249.805145264 1720.89562988 -420.220794678 117.439720154 1507.97302246 -580.806945801 25.4995269775 1745.87341309 -265.954650879 -38.4925308228 1345.68115234 -580.807678223 -242.818557739 1745.87341309 -5.18988037109 -44.180934906 1423.609375 -580.802368164 -511.136291504 1745.87341309
0.0405650138855 8 -529.138549805 -113.400878906 1538.99047852 -477.5234375 249.209014893 1717.2878418 -419.567565918 113.800384521 1507.09191895 -586.18548584 27.3761291504 1742.88122559 -270.262817383 -49.9410247803 1351.39428711 -586.186218262 -240.941955566 1742.88122559 -6.73248291016 -75.8458480835 1413.36560059 -586.180908203 -509.25970459 1742.88122559
0.0419471263885 8 -530.036315918 -115.325134277 1540.08862305 -478.603820801 249.496444702 1715.51330566 -420.34463501 111.607086182 1506.53930664 -587.588378906 27.1688537598 1742.6706543 -266.500061035 -61.763458252 1359.36987305 -587.589111328 -241.149230957 1742.6706543 -2.74969482422 -106.319030762 1409.60791016 -587.58380127 -509.46697998 1742.6706543
0.0280718803406 8 -532.159484863 -116.168731689 1541.12573242 -479.057647705 249.01512146 1714.62255859 -420.309387207 109.666793823 1507.23706055 -590.420227051 28.0095977783 1742.31982422 -264.823486328 -69.9525146484 1368.12194824 -590.420959473 -240.308486938 1742.31982422 -3.73837280273 -135.800537109 1407.23864746 -590.415649414 -508.626220703 1742.31982422
0.0416440963745 8 -531.588500977 -116.301673889 1541.90917969 -479.819458008 250.305908203 1714.17602539 -418.308349609 108.930740356 1508.70996094 -593.680419922 29.595916748 1740.71289062 -262.979095459 -75.8021850586 1376.42565918 -593.681152344 -238.722167969 1740.71289062 -5.51373291016 -159.583587646 1405.66003418 -593.675842285 -507.039916992 1740.71289062
0.0301988124847 8 -530.892333984 -116.167953491 1541.33056641 -479.971130371 250.882644653 1713.40551758 -412.57913208 106.925308228 1511.70861816 -598.889038086 32.0670013428 1736.39245605 -262.071594238 -81.6546478271 1381.29199219 -598.889770508 -236.251083374 1736.39245605 -7.86297607422 -178.006866455 1404.81115723 -598.884460449 -504.568847656 1736.39245605
0.0273151397705 8 -529.873535156 -116.518447876 1539.91821289 -479.599731445 250.724685669 1709.04162598 -407.875946045 104.754211426 1511.56628418 -602.278625488 34.8598022461 1730.94470215 -259.202941895 -86.4931182861 1382.81860352 -602.27935791 -233.458282471 1730.94470215 -8.14912414551 -192.304992676 1404.78271484 -602.274047852 -501.776031494 1730.94470215
0.0342729091644 8 -531.175476074 -116.511772156 1539.14770508 -479.284210205 251.811920166 1707.37145996 -405.50958252 102.932144165 1512.65844727 -605.928405762 36.7437438965 1727.75878906 -257.421142578 -91.2450256348 1382.02038574 -605.929138184 -231.57434082 1727.75878906 -8.36267089844 -202.447509766 1404.44641113 -605.923828125 -499.892089844 1727.75878906
0.0304169654846 8 -531.15246582 -115.862197876 1538.9831543 -479.777160645 252.750457764 1710.05615234 -403.811706543 102.870788574 1514.57250977 -606.791687012 37.1235351562 1727.47705078 -257.844726562 -94.0634155273 1380.08862305 -606.792419434 -231.194549561 1727.47705078 -9.33131408691 -207.073944092 1402.32885742 -606.787109375 -499.512298584 1727.47705078
0.0310070514679 8 -530.424194336 -115.242843628 1537.45727539 -478.625640869 252.481903076 1707.39953613 -401.93862915 102.855827332 1513.24853516 -606.37487793 38.493927002 1725.22924805 -259.665405273 -95.2354049683 1377.34020996 -606.375610352 -229.824157715 1725.22924805 -11.1294555664 -208.381362915 1400.12268066 -606.370300293 -498.141906738 1725.22924805
0.035304069519 8 -528.882202148 -115.267837524 1537.11755371 -477.428741455 253.156204224 1706.56591797 -401.411956787 103.254547119 1511.37133789 -603.243286133 38.2942810059 1725.67211914 -261.954376221 -96.962310791 1373.03552246 -603.244018555 -230.023803711 1725.67211914 -11.2128601074 -204.615875244 1398.01806641 -603.238708496 -498.341552734 1725.67211914
0.0314939022064 8 -526.38659668 -115.743133545 1537.05664062 -476.328918457 253.560516357 1705.61987305 -403.489685059 104.954345703 1508.12109375 -598.764831543 36.6303405762 1727.29907227 -264.162628174 -96.4843597412 1367.45141602 -598.765563965 -231.687744141 1727.29907227 -10.8937225342 -197.126098633 1395.43225098 -598.760253906 -500.005493164 1727.29907227
0.0316691398621 8 -526.822998047 -115.846923828 1537.65112305 -475.869140625 253.96925354 1705.17626953 -405.224517822 105.336120605 1506.86743164 -596.723205566 36.1536865234 1729.1340332 -266.229675293 -94.5344696045 1362.44335938 -596.723937988 -232.164398193 1729.1340332 -10.5346221924 -187.001495361 1395.31665039 -596.71862793 -500.482147217 1729.1340332
0.035425901413 8 -526.717041016 -114.644332886 1538.49499512 -474.976043701 256.10269165 1705.95117188 -406.795471191 107.211914062 1505.97570801 -594.292297363 36.7903137207 1731.26477051 -267.752868652 -91.4392242432 1357.42297363 -594.293029785 -231.527770996 1731.26477051 -10.0514526367 -174.088470459 1398.38256836 -594.287719727 -499.84552002 1731.26477051
0.0314400196075 8 -526.724365234 -113.739013672 1537.92858887 -472.624694824 257.217529297 1701.84301758 -405.887084961 107.296279907 1503.2565918 -592.422241211 39.2839202881 1730.09594727 -268.573608398 -87.7447814941 1352.03417969 -592.422973633 -229.034164429 1730.09594727 -8.36019897461 -158.913970947 1397.86401367 -592.417663574 -497.351928711 1730.09594727
0.0317380428314 8 -525.896850586 -112.967544556 1537.47143555 -472.505981445 258.241363525 1703.2947998 -405.815002441 108.586608887 1503.44848633 -591.573547363 38.9987487793 1730.49072266 -267.284484863 -83.6926574707 1346.08300781 -591.574279785 -229.319335938 1730.49072266 -5.25650024414 -139.490478516 1400.26635742 -591.568969727 -497.637084961 1730.49072266
0.035728931427 8 -525.422973633 -110.251495361 1536.45898438 -472.414733887 258.390411377 1703.5189209 -404.069946289 110.943893433 1504.70825195 -592.518310547 41.1281890869 1729.44775391 -271.489807129 -79.4972076416 1339.30895996 -592.519042969 -227.18989563 1729.44775391 -8.60995483398 -118.238601685 1402.22424316 -592.51373291 -495.507629395 1729.44775391
0.031298160553 8 -525.365783691 -112.35887146 1536.09020996 -472.713195801 256.093566895 1700.57543945 -409.357971191 110.918075562 1499.66418457 -588.00970459 38.1526031494 1731.17858887 -274.274902344 -74.2001037598 1333.4119873 -588.010437012 -230.165481567 1731.17858887 -11.8134155273 -94.7293243408 1405.13781738 -588.005126953 -498.483215332 1731.17858887
0.0318939685822 8 -523.957397461 -114.956481934 1535.44165039 -472.789154053 254.250015259 1699.12023926 -412.736755371 110.240402222 1496.06103516 -583.498840332 34.3112335205 1732.44067383 -276.344573975 -68.2667236328 1329.34729004 -583.499572754 -234.006851196 1732.44067383 -14.9200134277 -72.8447341919 1407.71594238 -583.494262695 -502.324584961 1732.44067383
0.0352478027344 8 -522.228393555 -116.169219971 1535.43310547 -472.846496582 254.416152954 1698.90454102 -415.078796387 110.611862183 1493.86376953 -579.664001465 32.1259002686 1733.79785156 -274.79901123 -59.2155609131 1325.94018555 -579.664733887 -236.192184448 1733.79785156 -15.3250427246 -51.6710548401 1411.09448242 -579.659423828 -504.50994873 1733.79785156
0.0394060611725 8 -519.926147461 -117.166374207 1535.16101074 -473.025054932 253.94140625 1697.79248047 -417.047943115 111.094299316 1490.97814941 -574.738891602 30.4226226807 1734.7911377 -272.256713867 -51.343170166 1324.01135254 -574.739624023 -237.895462036 1734.7911377 -15.3479309082 -31.2632484436 1415.07434082 -574.734313965 -506.213195801 1734.7911377
0.028892993927 8 -518.563964844 -117.935028076 1536.04638672 -472.782897949 254.727783203 1698.23364258 -420.280273438 111.896911621 1489.61450195 -570.590820312 28.6165771484 1737.17895508 -270.797424316 -42.7574005127 1323.38171387 -570.591552734 -239.701507568 1737.17895508 -15.6857452393 -9.90221405029 1416.10327148 -570.586242676 -508.019256592 1737.17895508
0.0371799468994 8 -516.838256836 -116.107833862 1535.65209961 -473.585662842 255.278778076 1701.47363281 -421.449554443 115.232177734 1490.6105957 -568.457641602 27.8152160645 1738.79663086 -266.279663086 -31.1315155029 1323.97021484 -568.458374023 -240.502868652 1738.79663086 -14.2206726074 7.80052566528 1423.07592773 -568.453063965 -508.820617676 1738.79663086
0.0316650867462 8 -516.259643555 -115.848487854 1536.86181641 -472.966156006 254.494293213 1699.60009766 -422.190795898 115.714530945 1490.13781738 -566.507080078 28.5523223877 1740.02990723 -261.92010498 -23.3906478882 1323.95202637 -566.5078125 -239.765762329 1740.02990723 -13.7596588135 22.9081344604 1429.66125488 -566.502502441 -508.083496094 1740.02990723
0.0311141014099 8 -515.319458008 -113.055389404 1536.42785645 -472.608123779 256.676147461 1702.66906738 -420.300384521 118.603630066 1492.13818359 -567.376220703 30.1537475586 1739.98999023 -259.808532715 -18.0245437622 1324.50366211 -567.376953125 -238.164337158 1739.98999023 -13.5723114014 34.9782447815 1431.9128418 -567.371643066 -506.482086182 1739.98999023
0.0351839065552 8 -515.192138672 -111.181747437 1536.69018555 -472.808441162 258.277526855 1704.21276855 -420.597015381 120.81842041 1493.24047852 -567.794250488 31.2449035645 1740.6706543 -260.438110352 -13.8968811035 1325.92260742 -567.79498291 -237.073181152 1740.6706543 -14.6734619141 42.1217842102 1433.25585938 -567.789672852 -505.390930176 1740.6706543
0.0312190055847 8 -515.237792969 -110.688323975 1536.77648926 -472.726654053 258.221069336 1704.47167969 -420.96572876 121.403991699 1493.0904541 -567.071960449 31.579498291 1741.06994629 -260.117431641 -12.1963500977 1326.82055664 -567.072692871 -236.738586426 1741.06994629 -14.2492828369 43.6342697144 1434.24584961 -567.067382812 -505.056335449 1741.06994629
0.0315189361572 8 -514.83203125 -110.459976196 1536.70117188 -474.093994141 258.317687988 1708.60473633 -421.027435303 122.295822144 1495.64892578 -567.034484863 29.3972930908 1742.55273438 -259.43170166 -12.8255004883 1327.60559082 -567.035217285 -238.920791626 1742.55273438 -12.9697875977 38.1911659241 1436.06030273 -567.029907227 -507.238525391 1742.55273438
0.0416071414948 8 -515.908081055 -109.712265015 1537.4375 -474.700439453 258.258911133 1710.68798828 -421.963500977 123.108032227 1497.05090332 -567.982910156 29.5458374023 1743.7322998 -260.761169434 -16.1027832031 1328.78479004 -567.983642578 -238.772247314 1743.7322998 -13.0150604248 30.614151001 1436.26318359 -567.97833252 -507.089996338 1743.7322998
0.0292639732361 8 -519.460632324 -109.88974762 1538.28137207 -474.864135742 257.69720459 1708.20703125 -422.864196777 121.670410156 1496.96057129 -570.766418457 31.0860443115 1743.59118652 -266.007263184 -23.1121673584 1329.22094727 -570.767150879 -237.232040405 1743.59118652 -14.7039794922 17.0836486816 1430.57897949 -570.76184082 -505.549804688 1743.59118652
0.0310699939728 8 -522.350646973 -110.581985474 1539.05175781 -475.903289795 257.599578857 1709.97668457 -424.664611816 120.58253479 1498.05297852 -573.269287109 30.4502105713 1744.42431641 -270.044586182 -30.1682891846 1330.3380127 -573.270019531 -237.867874146 1744.42431641 -15.1549530029 -0.384243011475 1425.66271973 -573.264709473 -506.18560791 1744.42431641
0.0353450775146 8 -524.172607422 -110.846725464 1539.82800293 -477.798492432 256.090454102 1711.3651123 -426.717163086 120.510925293 1499.35510254 -574.803833008 29.500213623 1745.74401855 -274.678710938 -37.7163543701 1332.62255859 -574.80456543 -238.817871094 1745.74401855 -15.9598388672 -19.8949546814 1419.63012695 -574.799255371 -507.135620117 1745.74401855
0.0313608646393 8 -526.301025391 -110.605888367 1540.32324219 -477.507141113 255.855255127 1708.54589844 -427.456512451 119.897544861 1498.39111328 -576.106811523 31.3712768555 1745.31689453 -278.035644531 -45.3004989624 1336.02197266 -576.107543945 -236.946807861 1745.31689453 -16.1498718262 -40.1118392944 1414.34570312 -576.102233887 -505.264556885 1745.31689453
0.0354030132294 8 -527.766174316 -109.473892212 1540.77001953 -477.953918457 257.207885742 1710.64453125 -427.255065918 120.505210876 1499.94299316 -577.675598145 32.2692718506 1745.89880371 -282.084289551 -51.6207351685 1341.34326172 -577.676330566 -236.048812866 1745.89880371 -17.4377441406 -61.3417205811 1408.09436035 -577.671020508 -504.366577148 1745.89880371
0.0345098972321 8 -528.100219727 -109.782485962 1542.31958008 -479.739471436 256.944854736 1711.69165039 -428.630706787 120.655944824 1501.51867676 -578.450927734 31.6276855469 1747.57287598 -283.930969238 -56.3489685059 1347.05834961 -578.451660156 -236.69039917 1747.57287598 -18.1856994629 -82.3673019409 1403.6809082 -578.446350098 -505.008148193 1747.57287598
0.0304260253906 8 -528.510131836 -111.755020142 1543.65185547 -481.926483154 255.609741211 1711.70910645 -431.5965271 119.555679321 1501.69287109 -578.860900879 29.6042327881 1748.93212891 -281.02947998 -60.221862793 1353.50256348 -578.861633301 -238.713851929 1748.93212891 -15.8581542969 -101.758338928 1403.5567627 -578.856323242 -507.031616211 1748.93212891
0.035001039505 8 -528.513977051 -113.165718079 1545.0802002 -483.237182617 256.136871338 1712.6829834 -436.725219727 119.689994812 1500.41467285 -575.360595703 27.4519195557 1751.65759277 -278.198974609 -62.9845809937 1360.29345703 -575.361328125 -240.866165161 1751.65759277 -13.5906677246 -116.368865967 1402.51708984 -575.356018066 -509.183898926 1751.65759277
0.0320630073547 8 -532.005493164 -111.824478149 1545.21826172 -485.031921387 256.338134766 1713.20068359 -436.991027832 119.962654114 1501.71313477 -579.665344238 29.28074646 1751.28564453 -277.233978271 -65.5383377075 1366.77038574 -579.66607666 -239.037338257 1751.28564453 -13.8326721191 -129.358306885 1402.86694336 -579.660766602 -507.355102539 1751.28564453
0.0310771465302 8 -531.379394531 -112.039779663 1546.11791992 -487.131286621 256.21270752 1713.4720459 -437.13494873 120.117004395 1502.82006836 -580.685241699 29.0709838867 1751.81274414 -276.626098633 -66.0575866699 1371.53857422 -580.685974121 -239.24710083 1751.81274414 -14.4250488281 -137.976242065 1402.17529297 -580.680664062 -507.564849854 1751.81274414
0.0357618331909 8 -531.054077148 -114.931854248 1546.37536621 -488.450164795 254.938217163 1712.60168457 -437.744873047 117.451843262 1502.23864746 -581.828979492 26.9951477051 1751.15734863 -275.58706665 -66.6976470947 1374.56384277 -581.829711914 -241.322937012 1751.15734863 -14.3660583496 -143.879425049 1402.48657227 -581.824401855 -509.640686035 1751.15734863
0.0317261219025 8 -535.195922852 -116.335968018 1546.36889648 -489.127410889 254.355300903 1709.15136719 -438.076934814 114.250328064 1501.11865234 -586.173156738 28.2394561768 1749.22143555 -273.240112305 -68.7047958374 1376.24194336 -586.17388916 -240.07862854 1749.22143555 -12.683013916 -148.335479736 1405.00610352 -586.168579102 -508.396362305 1749.22143555
0.0317740440369 8 -536.231811523 -117.344085693 1545.58886719 -489.364044189 253.845581055 1706.92736816 -435.974853516 111.993278503 1500.83837891 -589.712524414 29.0091552734 1746.51269531 -272.037536621 -70.5486831665 1376.9732666 -589.713256836 -239.308929443 1746.51269531 -11.8547363281 -151.004821777 1407.56384277 -589.707946777 -507.626678467 1746.51269531
0.0360779762268 8 -536.525512695 -118.654655457 1545.17736816 -491.667144775 253.686157227 1706.8326416 -437.019287109 111.056686401 1500.61071777 -591.846801758 27.7897033691 1745.5489502 -269.619689941 -72.4020996094 1377.64050293 -591.84753418 -240.528381348 1745.5489502 -9.55096435547 -152.747619629 1409.84667969 -591.842224121 -508.846130371 1745.5489502
0.045432806015 8 -536.32019043 -118.265151978 1545.17199707 -494.08493042 254.063568115 1709.78833008 -436.823883057 111.836761475 1502.63562012 -593.280456543 26.9322814941 1745.99328613 -269.29888916 -72.8347473145 1377.8572998 -593.281188965 -241.385803223 1745.99328613 -9.28689575195 -152.57989502 1412.10827637 -593.275878906 -509.703552246 1745.99328613
0.0297031402588 8 -537.444152832 -115.06477356 1545.68164062 -494.997253418 256.336334229 1712.26269531 -436.385192871 114.665771484 1504.86096191 -594.830993652 29.499786377 1746.83679199 -271.141479492 -72.6287994385 1378.27478027 -594.831726074 -238.81829834 1746.83679199 -11.037322998 -152.010192871 1412.80822754 -594.826416016 -507.136047363 1746.83679199
0.0329239368439 8 -537.091430664 -113.200614929 1545.61987305 -494.782501221 257.549560547 1713.00170898 -436.880371094 116.989784241 1505.2791748 -594.385375977 30.503692627 1747.42150879 -271.922058105 -72.1115188599 1378.84594727 -594.386108398 -237.81439209 1747.42150879 -13.1380615234 -154.986419678 1414.89367676 -594.38079834 -506.132141113 1747.42150879
0.0268571376801 8 -535.456420898 -113.492904663 1546.33203125 -494.297363281 257.68762207 1712.84692383 -439.292785645 118.08354187 1504.22680664 -590.193969727 29.1296539307 1749.58251953 -274.300415039 -72.0355987549 1379.49633789 -590.194702148 -239.188430786 1749.58251953 -15.1944274902 -154.782363892 1413.5612793 -590.18939209 -507.506164551 1749.58251953
0.0327680110931 8 -534.106506348 -113.89680481 1545.63330078 -493.648895264 257.166412354 1709.28186035 -439.115966797 117.812042236 1501.59814453 -588.879943848 29.9089660645 1748.046875 -277.208374023 -71.772277832 1380.22131348 -588.88067627 -238.409118652 1748.046875 -18.6571350098 -156.689086914 1413.1574707 -588.875366211 -506.726867676 1748.046875
0.0341498851776 8 -533.892456055 -113.86971283 1547.47961426 -494.834136963 258.294281006 1715.00476074 -440.570556641 118.755645752 1504.70922852 -588.069213867 27.9133758545 1751.47827148 -277.239624023 -73.2699737549 1380.3861084 -588.069946289 -240.404708862 1751.47827148 -18.7946166992 -158.975006104 1412.16772461 -588.06463623 -508.722473145 1751.47827148
0.0316150188446 8 -533.394897461 -113.492919922 1546.6484375 -493.492034912 257.867248535 1713.87255859 -440.037994385 119.125396729 1503.87817383 -586.535644531 27.9756774902 1751.14526367 -281.316741943 -73.1367645264 1378.62304688 -586.536376953 -240.342407227 1751.14526367 -23.1676025391 -160.198150635 1409.10839844 -586.531066895 -508.66015625 1751.14526367
0.0304510593414 8 -533.947570801 -112.98286438 1547.21801758 -491.989440918 258.903381348 1713.29821777 -442.296173096 119.962188721 1502.59741211 -583.722595215 28.3871459961 1752.6237793 -285.591369629 -75.5524291992 1375.13574219 -583.723327637 -239.930938721 1752.6237793 -27.6391601562 -164.117797852 1402.70446777 -583.718017578 -508.248687744 1752.6237793
0.0344169139862 8 -531.573059082 -113.016113281 1546.51782227 -491.383331299 259.041809082 1712.51220703 -441.862854004 120.535385132 1501.13000488 -580.703430176 28.0616607666 1752.2791748 -292.266601562 -78.2844238281 1370.5345459 -580.704162598 -240.25642395 1752.2791748 -35.5668334961 -171.27923584 1394.48254395 -580.698852539 -508.574157715 1752.2791748
0.0334069728851 8 -532.251342773 -112.697593689 1546.22021484 -490.557128906 259.356231689 1713.12304688 -443.506561279 121.220123291 1500.80187988 -579.131774902 27.3629302979 1753.20202637 -275.143859863 -91.8208465576 1361.65063477 -579.132507324 -240.955154419 1753.20202637 -20.4381866455 -195.79284668 1389.65136719 -579.127197266 -509.272888184 1753.20202637
0.0308690071106 8 -532.80859375 -111.816711426 1547.91430664 -488.756622314 259.797363281 1714.42028809 -446.486480713 122.686782837 1500.90942383 -574.58001709 27.3000030518 1756.61206055 -251.068832397 -114.589767456 1355.19567871 -574.580749512 -241.018081665 1756.61206055 3.97528076172 -239.479492188 1382.85705566 -574.575439453 -509.33581543 1756.61206055
0.0361630916595 8 -535.210693359 -106.444671631 1540.46032715 -486.659912109 260.239868164 1714.56420898 -447.158447266 128.128616333 1497.22717285 -576.264038086 29.655960083 1751.26452637 -255.043640137 -129.953903198 1344.48168945 -576.264770508 -238.662124634 1751.26452637 2.60021972656 -278.319213867 1373.18444824 -576.259460449 -506.979858398 1751.26452637
0.0322439670563 8 -532.646240234 -105.93661499 1534.3371582 -483.556365967 259.341430664 1710.08618164 -450.584564209 130.633636475 1490.37353516 -568.30682373 27.3474884033 1747.87011719 -269.53012085 -144.624847412 1333.55761719 -568.307556152 -240.970596313 1747.87011719 -16.3699035645 -313.405456543 1361.52124023 -568.302246094 -509.288330078 1747.87011719
0.0321700572968 8 -530.311035156 -106.321884155 1531.36560059 -481.393371582 258.110046387 1707.87768555 -452.52142334 131.61289978 1486.97192383 -561.828308105 24.9453277588 1746.79736328 -290.27722168 -156.974716187 1323.12561035 -561.829040527 -243.372756958 1746.79736328 -53.9664001465 -351.978607178 1345.65405273 -561.823730469 -511.690490723 1746.79736328
0.0355069637299 8 -529.38684082 -105.77973175 1527.46325684 -479.91506958 257.235626221 1706.78381348 -454.974822998 133.551956177 1484.78417969 -556.715270996 21.9012145996 1745.61303711 -316.677459717 -169.642684937 1313.40881348 -556.716003418 -246.416870117 1745.61303711 -104.126876831 -391.229431152 1329.83483887 -556.710693359 -514.734619141 1745.61303711
0.0319218635559 8 -521.879455566 -103.894454956 1521.20996094 -478.015228271 257.677246094 1706.51672363 -460.998504639 139.460708618 1480.98669434 -541.855712891 17.0427398682 1743.74450684 -362.134368896 -141.619277954 1320.23059082 -541.856445312 -251.275344849 1743.74450684 -189.138198853 -383.16784668 1313.28588867 -541.851135254 -519.593078613 1743.74450684
0.0336639881134 8 -514.058227539 -102.194641113 1517.55859375 -475.979980469 258.121948242 1705.99353027 -464.1121521 143.864318848 1478.86132812 -527.269897461 14.257019043 1742.95141602 -397.865936279 -120.760528564 1328.10559082 -527.270629883 -254.061065674 1742.95141602 -260.515869141 -377.399047852 1297.55297852 -527.265319824 -522.37878418 1742.95141602
0.0353441238403 8 -511.771240234 -101.065437317 1516.76000977 -474.553527832 258.311126709 1704.97705078 -477.772888184 147.581481934 1478.22094727 -510.515319824 11.8527984619 1744.16870117 -423.464050293 -109.016326904 1335.17041016 -510.516021729 -256.465270996 1744.16870117 -323.402526855 -376.487304688 1282.07836914 -510.510742188 -524.78302002 1744.16870117
0.0314090251923 8 -510.419616699 -100.689369202 1513.90991211 -471.106994629 257.995300293 1703.29382324 -482.208648682 148.894943237 1475.74987793 -501.281890869 10.5012207031 1742.1595459 -441.997161865 -105.520126343 1342.52697754 -501.282592773 -257.816864014 1742.1595459 -370.608795166 -383.268066406 1291.84387207 -501.277313232 -526.134643555 1742.1595459
0.0315668582916 8 -514.177612305 -104.48664856 1511.4420166 -466.882049561 256.474731445 1693.00891113 -481.994445801 143.774215698 1467.77429199 -500.48928833 10.958114624 1737.41003418 -455.932159424 -102.70489502 1350.32861328 -500.489990234 -257.359985352 1737.41003418 -392.801177979 -386.569335938 1323.16296387 -500.484710693 -525.677734375 1737.41003418
0.0356841087341 8 -517.528930664 -105.939483643 1511.69445801 -464.061187744 256.110900879 1687.91125488 -483.69921875 141.420410156 1463.99743652 -498.714111328 12.3633117676 1735.87536621 -465.893280029 -107.480041504 1352.96203613 -498.714813232 -255.954772949 1735.87536621 -396.928985596 -389.846496582 1365.02929688 -498.709533691 -524.272521973 1735.87536621
0.0358819961548 8 -520.557006836 -105.60508728 1511.76928711 -461.734954834 257.335205078 1686.28186035 -491.909729004 142.175323486 1462.76513672 -491.421813965 12.7371673584 1734.84716797 -474.943481445 -109.774658203 1356.11987305 -491.422515869 -255.580917358 1734.84716797 -398.587249756 -389.214294434 1392.32080078 -491.417236328 -523.898681641 1734.84716797
0.0444540977478 8 -523.917602539 -105.494277954 1510.04199219 -458.423309326 257.976501465 1681.02319336 -494.049591064 141.715621948 1458.77368164 -489.574493408 14.0294036865 1731.78100586 -482.299682617 -107.029953003 1360.23046875 -489.575195312 -254.28868103 1731.78100586 -399.796295166 -384.262451172 1408.39526367 -489.569915771 -522.606445312 1731.78100586
0.0327818393707 8 -527.197753906 -102.993278503 1508.44506836 -455.857788086 259.669647217 1678.89257812 -496.628234863 144.200866699 1457.4050293 -487.860412598 15.5293121338 1729.91699219 -483.739257812 -112.193389893 1365.92651367 -487.861114502 -252.788772583 1729.91699219 -394.591430664 -384.959289551 1428.58605957 -487.855834961 -521.106506348 1729.91699219
0.0291121006012 8 -532.466674805 -99.7587280273 1505.79638672 -454.370788574 260.85559082 1677.3527832 -501.341552734 147.65133667 1456.10986328 -486.30065918 16.4659881592 1727.1784668 -479.187011719 -120.266113281 1380.82324219 -486.301361084 -251.852096558 1727.1784668 -390.551086426 -395.970367432 1432.80395508 -486.296081543 -520.16986084 1727.1784668
0.0297210216522 8 -535.085144043 -98.9122619629 1503.22436523 -453.429168701 261.480041504 1673.29223633 -504.368835449 148.498413086 1453.25439453 -483.659240723 16.8112030029 1723.71533203 -468.600219727 -126.78616333 1403.36071777 -483.659942627 -251.506881714 1723.71533203 -385.049957275 -406.620361328 1438.31054688 -483.654663086 -519.824645996 1723.71533203
0.0336108207703 8 -538.584594727 -99.2167358398 1499.47485352 -451.671142578 260.824707031 1666.96606445 -511.808044434 148.53213501 1448.97973633 -477.25189209 16.1515655518 1717.59179688 -457.119384766 -132.094848633 1424.11083984 -477.252593994 -252.166519165 1717.59179688 -380.564575195 -415.429595947 1441.27758789 -477.247314453 -520.48425293 1717.59179688
0.0307950973511 8 -542.80090332 -98.7093048096 1497.91101074 -451.071960449 262.088562012 1663.9029541 -513.502746582 148.517181396 1446.26171875 -479.206115723 16.8216094971 1715.29443359 -451.049865723 -131.286346436 1435.91308594 -479.206817627 -251.49647522 1715.29443359 -379.353973389 -416.660491943 1441.34741211 -479.201538086 -519.814208984 1715.29443359
0.0310370922089 8 -545.131225586 -97.7099227905 1496.77697754 -450.949401855 263.560668945 1662.87878418 -514.934631348 149.37159729 1444.91467285 -480.325866699 17.6273803711 1713.91442871 -448.547943115 -130.376144409 1441.20874023 -480.326568604 -250.690704346 1713.91442871 -379.172698975 -416.750305176 1441.04589844 -480.321289062 -519.008422852 1713.91442871
0.0353848934174 8 -546.224487305 -97.3350143433 1495.26806641 -450.728729248 264.290222168 1658.80895996 -515.734863281 149.544799805 1442.60510254 -480.16394043 18.4410858154 1711.79699707 -447.978515625 -129.8777771 1443.13293457 -480.164642334 -249.876998901 1711.79699707 -379.397003174 -416.661987305 1439.98120117 -480.159362793 -518.194763184 1711.79699707
0.0312700271606 8 -546.312011719 -98.4077606201 1492.9855957 -449.924163818 263.876342773 1653.12487793 -516.65814209 148.309112549 1439.09460449 -478.34463501 18.278427124 1708.43347168 -447.151245117 -130.349060059 1443.56311035 -478.345336914 -250.039657593 1708.43347168 -381.332763672 -417.817871094 1447.11071777 -478.340057373 -518.357421875 1708.43347168
0.0344889163971 8 -546.041503906 -101.925094604 1490.58911133 -448.514373779 263.116638184 1646.3302002 -516.890014648 144.168426514 1433.69262695 -476.880004883 17.2696075439 1704.26782227 -446.231048584 -131.864562988 1443.27160645 -476.880706787 -251.048477173 1704.26782227 -382.232666016 -419.660644531 1452.66662598 -476.875427246 -519.366210938 1704.26782227
0.0315971374512 8 -545.417480469 -103.255531311 1488.62866211 -448.517059326 263.281738281 1643.01135254 -518.969421387 143.025512695 1431.23327637 -473.925109863 16.5381622314 1701.20007324 -445.566589355 -135.563903809 1441.52844238 -473.925811768 -251.779922485 1701.20007324 -382.103637695 -423.236968994 1457.04724121 -473.920532227 -520.09765625 1701.20007324
0.0316898822784 8 -543.840270996 -103.566146851 1486.99707031 -449.158081055 263.59576416 1641.20568848 -523.209838867 143.441833496 1430.47070312 -469.195922852 16.308883667 1698.40234375 -445.412658691 -136.010040283 1440.18017578 -469.196624756 -252.00920105 1698.40234375 -384.66204834 -423.842681885 1462.12976074 -469.191345215 -520.326965332 1698.40234375
0.0389790534973 8 -541.945800781 -105.098815918 1486.74804688 -449.315429688 264.560699463 1637.3515625 -525.072875977 141.794036865 1428.48449707 -466.309326172 16.9857788086 1696.53381348 -445.718505859 -133.948242188 1438.24169922 -466.310028076 -251.332305908 1696.53381348 -386.007537842 -421.886352539 1462.46362305 -466.304748535 -519.650024414 1696.53381348
0.0301740169525 8 -540.336975098 -105.565292358 1486.81799316 -448.02355957 265.923370361 1631.90063477 -526.258728027 140.750198364 1425.44824219 -462.540588379 19.529800415 1694.02539062 -445.610046387 -134.111404419 1435.71984863 -462.541290283 -248.788284302 1694.02539062 -380.56842041 -420.95892334 1459.0567627 -462.536010742 -517.106018066 1694.02539062
0.0315129756927 8 -537.494628906 -106.986053467 1486.37255859 -448.522186279 266.312438965 1629.34899902 -523.78503418 138.757232666 1422.62316895 -463.063323975 20.6283569336 1693.29382324 -445.86126709 -134.197265625 1432.96057129 -463.064025879 -247.689727783 1693.29382324 -376.950073242 -420.405395508 1452.79736328 -463.058746338 -516.007446289 1693.29382324
0.0357980728149 8 -534.713195801 -107.822181702 1484.58898926 -448.012664795 267.594482422 1624.50170898 -523.690368652 137.637283325 1419.23754883 -460.397766113 21.7873535156 1690.31054688 -445.673583984 -135.688583374 1430.08178711 -460.398468018 -246.530731201 1690.31054688 -374.031188965 -421.416137695 1447.35083008 -460.393188477 -514.848510742 1690.31054688
0.0314810276031 8 -533.614746094 -106.591377258 1483.61816406 -449.169219971 268.955993652 1625.12780762 -524.327026367 139.152313232 1419.04321289 -459.826293945 22.8330535889 1689.65429688 -444.813964844 -137.483612061 1428.13415527 -459.82699585 -245.485031128 1689.65429688 -371.661743164 -422.889862061 1444.91650391 -459.821716309 -513.80279541 1689.65429688
0.0323939323425 8 -532.25793457 -107.240493774 1481.28894043 -449.230621338 268.666534424 1621.90686035 -523.991516113 138.431472778 1416.28186035 -458.969207764 22.8595428467 1687.08459473 -444.840576172 -136.637924194 1426.25244141 -458.969909668 -245.45854187 1687.08459473 -373.258300781 -422.276062012 1445.71154785 -458.964630127 -513.776306152 1687.08459473
0.0361368656158 8 -531.35144043 -107.853424072 1479.55212402 -448.96786499 268.505340576 1620.28686523 -522.430541992 137.738708496 1414.31738281 -459.412658691 22.4225158691 1685.71655273 -444.046081543 -137.11605835 1424.36743164 -459.413360596 -245.895568848 1685.71655273 -373.519836426 -422.724304199 1447.62731934 -459.408081055 -514.213317871 1685.71655273
