0.031397819519 8 -398.387573242 -71.6695022583 1506.36962891 -330.325622559 305.733795166 1677.30712891 -378.151763916 183.067382812 1454.60375977 -348.420623779 58.7328491211 1726.54760742 -378.151611328 -95.587310791 1454.60375977 -348.420776367 -219.921844482 1726.54760742 -378.15637207 -374.241699219 1454.60375977 -348.415283203 -498.57623291 1726.54760742
0.0324881076813 8 -398.141326904 -69.9424743652 1506.30236816 -331.692108154 305.588348389 1680.60852051 -379.037200928 185.328765869 1456.82348633 -348.237091064 58.6382751465 1727.55517578 -379.03704834 -93.3259277344 1456.82348633 -348.237243652 -220.016418457 1727.55517578 -379.041809082 -371.980316162 1456.82348633 -348.231750488 -498.670806885 1727.55517578
0.0372779369354 8 -397.779296875 -69.1413116455 1508.24169922 -330.655914307 305.577148438 1683.27478027 -378.442108154 186.304763794 1459.73693848 -348.084747314 58.5818328857 1730.04406738 -378.441955566 -92.3499298096 1459.73693848 -348.084899902 -220.072860718 1730.04406738 -378.446716309 -371.004333496 1459.73693848 -348.079406738 -498.727233887 1730.04406738
0.0306179523468 8 -399.010559082 -70.9436950684 1506.22753906 -332.547546387 304.251556396 1680.58642578 -378.289520264 184.256820679 1457.00732422 -350.767120361 57.3769989014 1728.00537109 -378.289367676 -94.3978729248 1457.00732422 -350.767272949 -221.277694702 1728.00537109 -378.294128418 -373.052246094 1457.00732422 -350.761779785 -499.932067871 1728.00537109
0.0319311618805 8 -398.947723389 -73.5871505737 1504.08398438 -332.99432373 301.592468262 1679.23144531 -378.041687012 181.567825317 1454.68249512 -351.067749023 54.9028930664 1725.84777832 -378.041534424 -97.0868682861 1454.68249512 -351.067901611 -223.751800537 1725.84777832 -378.046295166 -375.741271973 1454.68249512 -351.062408447 -502.406188965 1725.84777832
0.0360388755798 8 -398.725952148 -69.4998626709 1503.7076416 -331.575469971 305.127197266 1678.07055664 -377.006408691 185.604446411 1454.38623047 -350.99786377 58.8294219971 1725.59936523 -377.006256104 -93.0502471924 1454.38623047 -350.998016357 -219.825271606 1725.59936523 -377.011016846 -371.704650879 1454.38623047 -350.992523193 -498.479675293 1725.59936523
0.0320241451263 8 -399.669677734 -71.8425445557 1502.32177734 -332.858459473 303.187927246 1676.98413086 -377.073364258 183.158935547 1452.86071777 -352.598144531 56.5730133057 1724.30407715 -377.07321167 -95.4957580566 1452.86071777 -352.598297119 -222.081680298 1724.30407715 -377.077972412 -374.150146484 1452.86071777 -352.592803955 -500.736083984 1724.30407715
0.0320339202881 8 -399.993560791 -71.4710998535 1502.7277832 -333.108673096 303.56829834 1677.44165039 -377.545410156 183.550003052 1453.29394531 -352.617004395 56.9019927979 1724.67138672 -377.545257568 -95.1046905518 1453.29394531 -352.617156982 -221.752700806 1724.67138672 -377.550018311 -373.759094238 1453.29394531 -352.611663818 -500.407104492 1724.67138672
0.0359010696411 8 -399.752380371 -70.9445037842 1504.53833008 -331.486206055 304.045593262 1678.15576172 -377.555267334 183.98588562 1454.52880859 -351.672821045 57.8788909912 1726.06884766 -377.555114746 -94.6688079834 1454.52880859 -351.672973633 -220.775802612 1726.06884766 -377.559875488 -373.323181152 1454.52880859 -351.667480469 -499.430175781 1726.06884766
0.0319879055023 8 -399.628845215 -68.126701355 1504.01391602 -333.222625732 306.893249512 1678.02587891 -379.78213501 187.116607666 1454.64526367 -350.753997803 60.3724517822 1725.55224609 -379.781982422 -91.5380859375 1454.64526367 -350.754150391 -218.282241821 1725.55224609 -379.786743164 -370.192474365 1454.64526367 -350.748657227 -496.936645508 1725.55224609
0.0320460796356 8 -399.124511719 -68.6243743896 1500.984375 -334.48059082 305.6953125 1677.46374512 -381.325805664 187.094619751 1453.35559082 -349.981445312 58.6196746826 1723.18054199 -381.325653076 -91.5600738525 1453.35559082 -349.9815979 -220.035018921 1723.18054199 -381.330413818 -370.214477539 1453.35559082 -349.976104736 -498.68939209 1723.18054199
0.035740852356 8 -400.254516602 -68.7988204956 1502.03674316 -333.416931152 305.460693359 1678.18237305 -376.439056396 186.338256836 1454.23864746 -356.648101807 58.5605926514 1725.25085449 -376.438903809 -92.3164367676 1454.23864746 -356.648254395 -220.094100952 1725.25085449 -376.443664551 -370.970825195 1454.23864746 -356.64276123 -498.748474121 1725.25085449
0.032121181488 8 -399.356414795 -67.4727020264 1500.70727539 -333.678283691 305.983215332 1678.04052734 -379.007629395 188.174743652 1453.96508789 -352.965026855 59.0417785645 1723.85791016 -379.007476807 -90.4799499512 1453.96508789 -352.965179443 -219.612915039 1723.85791016 -379.012237549 -369.134338379 1453.96508789 -352.959686279 -498.267303467 1723.85791016
0.031938791275 8 -401.401855469 -67.3390808105 1500.21374512 -333.338562012 305.997680664 1677.46496582 -374.031738281 187.60585022 1453.54394531 -361.288574219 59.1851654053 1724.50463867 -374.031585693 -91.0488433838 1453.54394531 -361.288726807 -219.469528198 1724.50463867 -374.036346436 -369.70324707 1453.54394531 -361.283233643 -498.123901367 1724.50463867
0.0361211299896 8 -401.358947754 -67.2361297607 1500.73864746 -333.925354004 306.708190918 1677.20129395 -366.40222168 186.486984253 1452.95996094 -370.403015137 61.164352417 1725.31591797 -366.402069092 -92.1677093506 1452.95996094 -370.403167725 -217.490341187 1725.31591797 -366.406829834 -370.82208252 1452.95996094 -370.397674561 -496.144714355 1725.31591797
0.0321359634399 8 -398.978820801 -66.1137695312 1496.78845215 -334.835968018 305.916687012 1677.03051758 -371.16885376 188.9974823 1451.68859863 -363.744110107 59.7077789307 1722.21325684 -371.168701172 -89.6572113037 1451.68859863 -363.744262695 -218.946914673 1722.21325684 -371.173461914 -368.311584473 1451.68859863 -363.738769531 -497.601318359 1722.21325684
0.0358130931854 8 -398.919311523 -65.3100814819 1493.85424805 -334.910858154 305.497894287 1676.96728516 -372.590637207 190.350601196 1450.53820801 -363.190368652 58.8217163086 1720.23083496 -372.590484619 -88.3040924072 1450.53820801 -363.19052124 -219.832977295 1720.23083496 -372.595245361 -366.958496094 1450.53820801 -363.185028076 -498.487365723 1720.23083496
0.0321319103241 8 -398.047729492 -64.5315551758 1492.21142578 -336.991577148 304.934387207 1677.4432373 -372.74130249 191.547912598 1450.53710938 -363.638885498 58.2866973877 1719.55541992 -372.741149902 -87.1067810059 1450.53710938 -363.639038086 -220.367996216 1719.55541992 -372.745910645 -365.761169434 1450.53710938 -363.633544922 -499.022399902 1719.55541992
0.0320069789886 8 -396.53692627 -64.5510177612 1496.39697266 -340.016906738 304.565002441 1681.2355957 -366.294281006 190.693328857 1453.5715332 -372.619903564 60.4520111084 1723.77392578 -366.294128418 -87.9613647461 1453.5715332 -372.620056152 -218.202682495 1723.77392578 -366.29888916 -366.615753174 1453.5715332 -372.614562988 -496.857055664 1723.77392578
0.0357789993286 8 -391.640991211 -66.7558746338 1501.51464844 -341.938934326 304.911010742 1682.5802002 -363.93649292 188.080368042 1454.62341309 -372.620941162 62.321395874 1727.09143066 -363.936340332 -90.5743255615 1454.62341309 -372.62109375 -216.333297729 1727.09143066 -363.941101074 -369.22869873 1454.62341309 -372.615600586 -494.987670898 1727.09143066
0.0325751304626 8 -390.933776855 -67.0830078125 1503.24633789 -342.72454834 303.881317139 1683.74389648 -360.971343994 187.362060547 1455.34008789 -375.646392822 63.2940368652 1728.41943359 -360.971191406 -91.2926330566 1455.34008789 -375.64654541 -215.360656738 1728.41943359 -360.975952148 -369.947021484 1455.34008789 -375.641052246 -494.015045166 1728.41943359
0.0317838191986 8 -390.183776855 -70.0991668701 1506.1184082 -343.949554443 303.174285889 1683.82897949 -358.911407471 183.655487061 1455.40112305 -378.795928955 63.2150268555 1729.8125 -373.636322021 -220.972747803 1396.56835938 -378.796081543 -215.439666748 1729.8125 -334.334503174 -528.077148438 1349.42822266 -378.790588379 -494.094055176 1729.8125
0.0359151363373 8 -391.032440186 -68.4525909424 1508.7902832 -344.780334473 304.223846436 1687.85681152 -355.402984619 184.842041016 1458.59875488 -383.222625732 65.0031433105 1732.56506348 -356.802062988 -198.890686035 1355.51257324 -383.22277832 -213.651550293 1732.56506348 -266.822814941 -493.049591064 1286.91589355 -383.217285156 -492.305938721 1732.56506348
0.0322489738464 8 -391.653259277 -67.6627426147 1510.53417969 -345.262695312 304.000915527 1689.37304688 -351.259338379 184.872192383 1460.1583252 -388.284057617 66.8590240479 1733.77307129 -325.429351807 -182.676055908 1332.43811035 -388.284210205 -211.795669556 1733.77307129 -188.489685059 -461.753479004 1266.51672363 -388.278717041 -490.450073242 1733.77307129
0.0319619178772 8 -391.537384033 -67.010269165 1510.05541992 -344.183624268 304.195739746 1687.12365723 -346.747283936 184.596054077 1458.71508789 -390.920562744 69.0919952393 1732.36889648 -291.37512207 -171.712936401 1321.11230469 -390.920715332 -209.562698364 1732.36889648 -117.821685791 -435.958068848 1270.12109375 -390.915222168 -488.217102051 1732.36889648
0.0359361171722 8 -392.96987915 -69.1311416626 1512.33825684 -344.967346191 304.223144531 1686.00622559 -344.697631836 181.327514648 1458.61889648 -395.492675781 69.8919906616 1732.81835938 -261.806213379 -162.872528076 1320.33496094 -395.492828369 -208.762695312 1732.81835938 -63.2116851807 -412.571289062 1287.78308105 -395.487335205 -487.41708374 1732.81835938
0.0323128700256 8 -396.078674316 -68.1815490723 1518.86328125 -347.442474365 305.606018066 1692.94519043 -344.358032227 181.475891113 1464.55285645 -401.287353516 72.1977539062 1738.45324707 -236.722305298 -155.170074463 1327.93920898 -401.287506104 -206.456939697 1738.45324707 -19.794128418 -391.185119629 1313.01464844 -401.282012939 -485.111328125 1738.45324707
0.0318291187286 8 -399.157592773 -69.3659057617 1517.8190918 -345.608734131 301.628479004 1696.34094238 -334.343170166 177.917541504 1467.99169922 -412.988067627 71.1903991699 1736.64599609 -163.073760986 -134.830566406 1353.23913574 -412.988220215 -207.464294434 1736.64599609 87.5074310303 -333.020385742 1398.00292969 -412.982727051 -486.118682861 1736.64599609
0.0358679294586 8 -402.876281738 -68.9367980957 1522.45581055 -347.211181641 303.847412109 1697.58093262 -327.735107422 175.259216309 1472.21801758 -424.602233887 76.1409988403 1737.58813477 -145.115859985 -131.374603271 1362.08544922 -424.602386475 -202.513702393 1737.58813477 108.503356934 -322.962860107 1415.67919922 -424.596893311 -481.16809082 1737.58813477
0.0323910713196 8 -405.188720703 -70.1114959717 1524.078125 -348.186218262 303.42098999 1698.22094727 -323.3828125 172.152709961 1474.40734863 -431.90447998 77.3162612915 1737.15661621 -160.468032837 -106.29095459 1371.4699707 -431.904632568 -201.338439941 1737.15661621 89.74559021 -291.548522949 1414.2791748 -431.899139404 -479.992828369 1737.15661621
0.0318179130554 8 -405.803222656 -72.0667266846 1525.18994141 -348.234161377 301.708099365 1699.05126953 -319.116668701 168.694946289 1476.08105469 -436.672332764 77.3039321899 1736.44262695 -168.325881958 -92.1712036133 1379.08422852 -436.672485352 -201.350769043 1736.44262695 81.2995910645 -272.569519043 1417.23046875 -436.666992188 -480.005157471 1736.44262695
0.0357980728149 8 -407.270294189 -70.3201751709 1529.05419922 -350.086425781 305.609741211 1699.47106934 -316.22555542 168.716552734 1479.24145508 -442.332366943 82.2221679688 1737.40551758 -168.189483643 -84.9423675537 1386.28674316 -442.332519531 -196.432525635 1737.40551758 80.2724609375 -263.671661377 1424.38427734 -442.327026367 -475.086914062 1737.40551758
0.0325179100037 8 -408.151184082 -72.3381652832 1528.49987793 -351.09387207 303.09375 1699.17797852 -313.240447998 165.466094971 1479.79931641 -446.439971924 81.5081863403 1735.37109375 -166.36050415 -79.9325256348 1391.59851074 -446.440124512 -197.146514893 1735.37109375 81.5498199463 -258.000854492 1428.63916016 -446.434631348 -475.80090332 1735.37109375
0.0317060947418 8 -407.879394531 -71.2044219971 1529.41430664 -350.967773438 305.062011719 1699.03649902 -306.486206055 164.256286621 1482.76086426 -452.701721191 85.6539001465 1732.60168457 -160.559143066 -78.6466369629 1396.66210938 -452.701873779 -193.000793457 1732.60168457 86.1618652344 -257.580718994 1433.4909668 -452.696380615 -471.655181885 1732.60168457
0.0358879566193 8 -408.369934082 -69.4169998169 1531.57055664 -352.476287842 307.837585449 1702.46838379 -303.839477539 165.143417358 1487.06481934 -456.903686523 88.0841674805 1733.47058105 -154.710006714 -78.6468353271 1401.08215332 -456.903839111 -190.570526123 1733.47058105 91.9359436035 -257.665283203 1435.92492676 -456.898345947 -469.224914551 1733.47058105
0.0320930480957 8 -407.891357422 -68.1311035156 1532.16894531 -352.116699219 308.49319458 1704.68701172 -302.449127197 166.346405029 1489.09643555 -457.339202881 88.7369155884 1734.40673828 -152.82208252 -76.6917877197 1403.83557129 -457.339355469 -189.917785645 1734.40673828 92.8788909912 -257.636291504 1433.58105469 -457.333862305 -468.572174072 1734.40673828
0.0320198535919 8 -405.393981934 -68.5171661377 1531.72070312 -351.189605713 308.524902344 1701.79162598 -298.731872559 165.376586914 1488.36791992 -457.050598145 89.8829956055 1732.22851562 -152.691558838 -75.5024414062 1404.08520508 -457.050750732 -188.771697998 1732.22851562 92.2537384033 -257.981445312 1429.7409668 -457.045257568 -467.426086426 1732.22851562
0.0356471538544 8 -405.110870361 -68.5990905762 1532.42077637 -351.855773926 307.653900146 1704.84912109 -297.974212646 165.431793213 1490.93334961 -458.285430908 88.9289169312 1733.23706055 -152.216812134 -78.8468475342 1403.1418457 -458.285583496 -189.725769043 1733.23706055 93.8267364502 -259.608154297 1430.27709961 -458.280090332 -468.380157471 1733.23706055
0.0325319766998 8 -405.949127197 -68.2077331543 1530.97167969 -353.768157959 305.84161377 1705.87719727 -296.969268799 165.548858643 1492.95776367 -462.294281006 88.4000854492 1731.62768555 -153.335510254 -79.4279327393 1402.65283203 -462.294433594 -190.254608154 1731.62768555 91.2111968994 -261.972106934 1431.26159668 -462.28894043 -468.908996582 1731.62768555
0.032054901123 8 -404.27154541 -67.6556015015 1531.79260254 -353.527099609 307.264678955 1706.88232422 -297.476654053 166.986907959 1492.96911621 -459.488189697 88.1643829346 1733.38781738 -154.82510376 -79.6038208008 1402.08337402 -459.488342285 -190.490310669 1733.38781738 88.3809204102 -263.155975342 1435.05126953 -459.482849121 -469.144714355 1733.38781738
0.0359530448914 8 -403.792724609 -66.8302307129 1531.67895508 -353.881378174 308.442199707 1706.38781738 -298.302001953 168.345611572 1492.44836426 -458.180541992 88.4091796875 1733.95983887 -156.706390381 -80.3477630615 1402.60083008 -458.18069458 -190.245513916 1733.95983887 85.2667236328 -264.698364258 1439.81262207 -458.175201416 -468.899902344 1733.95983887
0.031867980957 8 -402.842163086 -67.2718811035 1530.06665039 -352.537841797 307.07434082 1706.63952637 -294.551696777 167.008575439 1493.26171875 -459.755065918 88.1733932495 1731.47729492 -158.149230957 -81.3224487305 1404.26916504 -459.755218506 -190.481292725 1731.47729492 83.6304626465 -265.143920898 1445.20532227 -459.749725342 -469.135681152 1731.47729492
0.0322811603546 8 -404.379333496 -66.6611175537 1529.22546387 -354.466339111 308.121520996 1706.26806641 -294.39630127 167.060302734 1493.87695312 -463.268981934 89.1130599976 1729.81884766 -157.031661987 -83.5141296387 1405.35021973 -463.269134521 -189.541625977 1729.81884766 85.5876159668 -264.881408691 1451.66638184 -463.263641357 -468.196014404 1729.81884766
0.035591840744 8 -404.849121094 -65.979133606 1528.87670898 -355.724884033 307.428161621 1706.08374023 -294.118774414 167.541748047 1494.48071289 -464.928894043 89.7949981689 1729.12890625 -158.341247559 -83.8269805908 1404.39428711 -464.929046631 -188.859695435 1729.12890625 85.967666626 -261.441802979 1455.88586426 -464.923553467 -467.514099121 1729.12890625
0.0320031642914 8 -404.952972412 -65.3281707764 1529.06958008 -356.433654785 309.438171387 1702.48059082 -295.175598145 168.259994507 1492.1829834 -464.494384766 91.8650665283 1728.36853027 -160.169418335 -84.0731811523 1401.17687988 -464.494537354 -186.789627075 1728.36853027 88.2416229248 -252.881851196 1460.80078125 -464.489044189 -465.444030762 1728.36853027
0.0320529937744 8 -406.016174316 -63.8372154236 1528.44238281 -358.436309814 310.108276367 1704.20300293 -296.728759766 170.15411377 1492.63134766 -465.962097168 92.3336029053 1728.43017578 -160.658203125 -82.8634338379 1397.51074219 -465.962249756 -186.321090698 1728.43017578 92.816986084 -239.255203247 1467.27050781 -465.956756592 -464.975463867 1728.43017578
0.0359637737274 8 -406.777099609 -63.6135787964 1526.53112793 -359.399932861 309.350036621 1701.54431152 -299.706939697 171.241394043 1489.71240234 -465.543365479 91.8896331787 1727.38330078 -162.566009521 -80.3367919922 1392.98254395 -465.543518066 -186.765060425 1727.38330078 96.7428894043 -221.887313843 1471.44763184 -465.538024902 -465.419433594 1727.38330078
0.0322442054749 8 -407.729980469 -62.6029548645 1524.85107422 -360.858978271 309.734069824 1703.72460938 -301.745666504 172.9715271 1489.53710938 -466.147155762 90.942489624 1727.30151367 -164.724502563 -77.1335754395 1388.92724609 -466.14730835 -187.712203979 1727.30151367 101.042373657 -199.299362183 1476.33740234 -466.141815186 -466.366577148 1727.30151367
0.0318570137024 8 -409.889160156 -61.0391960144 1524.68188477 -363.169403076 310.121887207 1705.32214355 -303.913269043 174.69859314 1490.39819336 -469.144958496 91.9171142578 1727.34301758 -164.781356812 -73.0733184814 1385.48913574 -469.145111084 -186.737579346 1727.34301758 106.292434692 -171.463012695 1483.96899414 -469.13961792 -465.391967773 1727.34301758
0.0358757972717 8 -411.945404053 -62.1073188782 1523.93579102 -366.795166016 309.149536133 1705.59521484 -311.78137207 175.763092041 1487.49194336 -466.743469238 88.582611084 1729.44213867 -166.238555908 -66.5424499512 1382.47607422 -466.743621826 -190.07208252 1729.44213867 108.569061279 -140.852111816 1490.55102539 -466.738128662 -468.726470947 1729.44213867
0.0319590568542 8 -413.91809082 -61.8996505737 1522.87548828 -369.399993896 309.403869629 1702.2376709 -317.061889648 176.893325806 1483.5369873 -466.366088867 89.0222167969 1728.84240723 -168.122680664 -57.8393707275 1381.21044922 -466.366241455 -189.632476807 1728.84240723 109.198486328 -105.856414795 1496.8416748 -466.360748291 -468.286865234 1728.84240723
0.0361289978027 8 -414.556030273 -65.3097381592 1522.68725586 -371.25692749 307.47668457 1700.04785156 -325.599456787 175.510437012 1478.10559082 -460.160003662 85.1296691895 1730.49304199 -169.067337036 -47.116104126 1382.27209473 -460.16015625 -193.525024414 1730.49304199 108.812149048 -69.72996521 1504.15661621 -460.154663086 -472.179412842 1730.49304199
0.0321531295776 8 -417.050354004 -64.6208190918 1523.24182129 -374.522735596 309.352355957 1699.46191406 -332.135986328 177.245513916 1476.19140625 -459.819396973 85.5888748169 1731.88305664 -167.223144531 -33.6795043945 1385.14172363 -459.819549561 -193.065826416 1731.88305664 110.648986816 -35.8294487 1510.13537598 -459.814056396 -471.720214844 1731.88305664
0.0316019058228 8 -419.297180176 -63.7922973633 1521.51123047 -377.561065674 308.623138428 1698.67541504 -338.21295166 179.263458252 1473.69934082 -458.644104004 84.8385314941 1731.98034668 -161.318725586 -17.8918762207 1389.8314209 -458.644256592 -193.816162109 1731.98034668 113.675842285 -0.72827911377 1520.47583008 -458.638763428 -472.470550537 1731.98034668
0.0365209579468 8 -420.045471191 -64.4456787109 1520.51940918 -378.450775146 306.764831543 1699.28613281 -344.248931885 180.0572052 1471.54199219 -453.953765869 82.2742156982 1733.23730469 -154.920715332 -3.00448608398 1395.7911377 -453.953918457 -196.380477905 1733.23730469 118.113342285 30.0496025085 1528.34069824 -453.948425293 -475.034851074 1733.23730469
0.0315940380096 8 -420.422851562 -59.1365356445 1523.64733887 -378.80960083 312.033874512 1703.09179688 -345.869110107 185.825561523 1474.78125 -453.143707275 86.7374191284 1737.19482422 -146.416717529 12.5825653076 1403.1541748 -453.143859863 -191.917266846 1737.19482422 124.556732178 60.1261749268 1536.1229248 -453.138366699 -470.571655273 1737.19482422
0.0322270393372 8 -422.883850098 -56.0853881836 1525.11804199 -382.681213379 314.566467285 1704.50134277 -348.557403564 189.023727417 1476.48486328 -456.303863525 89.6266021729 1738.70410156 -140.831375122 27.3282928467 1409.74487305 -456.304016113 -189.028091431 1738.70410156 129.077896118 84.5822677612 1541.78955078 -456.298522949 -467.682495117 1738.70410156
0.0390949249268 8 -422.465637207 -52.9951629639 1522.6809082 -383.087554932 314.696502686 1705.69824219 -350.287750244 192.984893799 1475.23181152 -453.957122803 90.6286315918 1737.96569824 -132.684799194 42.1005249023 1416.58581543 -453.957275391 -188.026062012 1737.96569824 135.657028198 106.392486572 1549.12524414 -453.951782227 -466.680450439 1737.96569824
0.0320191383362 8 -421.916595459 -52.7253074646 1521.15087891 -383.015625 316.564086914 1702.29174805 -351.218048096 193.310256958 1471.76342773 -451.734771729 91.8039093018 1736.07617188 -122.958312988 53.8101501465 1423.19616699 -451.734924316 -186.850784302 1736.07617188 144.08215332 122.244308472 1556.67810059 -451.729431152 -465.505187988 1736.07617188
0.0313248634338 8 -421.144104004 -52.6983261108 1520.00146484 -383.609161377 316.255432129 1704.09863281 -349.506469727 193.525634766 1472.95495605 -452.736206055 90.4245529175 1735.61486816 -113.464675903 61.0448455811 1428.58947754 -452.736358643 -188.230133057 1735.61486816 151.4506073 136.204681396 1562.76696777 -452.730865479 -466.884521484 1735.61486816
0.034970998764 8 -421.249145508 -53.5818634033 1520.87353516 -383.129974365 314.053710938 1705.4967041 -349.085235596 192.555725098 1474.11975098 -453.741729736 89.6266479492 1736.30944824 -109.152786255 64.1008453369 1431.1932373 -453.741882324 -189.028045654 1736.30944824 155.888046265 141.415283203 1564.09606934 -453.73638916 -467.682434082 1736.30944824
0.030385017395 8 -422.038635254 -52.8364524841 1524.52685547 -384.309997559 317.236328125 1705.69226074 -348.968688965 192.739990234 1476.28149414 -456.163696289 92.3036499023 1738.40600586 -106.853744507 64.6198120117 1431.9375 -456.163848877 -186.351043701 1738.40600586 159.072647095 137.972961426 1565.37902832 -456.158355713 -465.005432129 1738.40600586
0.0321300029755 8 -421.628753662 -54.1967086792 1521.77270508 -383.350280762 315.035095215 1705.79711914 -349.896148682 192.031509399 1474.88098145 -454.000091553 88.9906311035 1737.23034668 -106.321029663 62.7194366455 1431.3692627 -454.000244141 -189.6640625 1737.23034668 160.555130005 131.886169434 1565.17468262 -453.994750977 -468.318450928 1737.23034668
0.0361659526825 8 -423.691925049 -54.9719467163 1524.19677734 -384.972595215 315.514099121 1705.84411621 -350.003723145 190.500686646 1476.40966797 -458.293334961 90.0711975098 1738.05517578 -110.615783691 54.2815704346 1428.56811523 -458.293487549 -188.583496094 1738.05517578 157.320007324 120.795204163 1561.6484375 -458.287994385 -467.237884521 1738.05517578
0.0320250988007 8 -423.494262695 -55.1100921631 1525.89709473 -383.808044434 315.592346191 1706.3651123 -348.398986816 189.916900635 1477.96264648 -459.036987305 90.6802978516 1739.10351562 -113.586868286 45.1786193848 1425.48608398 -459.037139893 -187.974395752 1739.10351562 156.006668091 105.477516174 1558.07971191 -459.031646729 -466.62878418 1739.10351562
0.0317440032959 8 -422.527282715 -55.901134491 1521.04882812 -382.723571777 312.865447998 1706.1315918 -345.759307861 189.22567749 1476.45593262 -459.245574951 87.7430725098 1735.49450684 -119.420181274 32.9250335693 1421.22436523 -459.245727539 -190.911621094 1735.49450684 152.894515991 81.6468429565 1552.57910156 -459.240234375 -469.566009521 1735.49450684
0.036159992218 8 -419.88684082 -57.6193962097 1521.24291992 -380.818084717 311.300567627 1703.01135254 -342.357116699 187.049499512 1475.44726562 -458.504821777 87.7811889648 1734.17041016 -126.071136475 18.3063354492 1415.84973145 -458.504974365 -190.873504639 1734.17041016 148.569091797 56.1568031311 1545.7857666 -458.499481201 -469.527893066 1734.17041016
0.0318729877472 8 -419.145385742 -58.3566360474 1521.51464844 -380.356933594 311.473327637 1700.94543457 -341.424102783 186.111618042 1474.92651367 -458.81350708 88.0492248535 1733.56982422 -129.474136353 3.50024414062 1411.51245117 -458.813659668 -190.60546875 1733.56982422 147.361373901 27.9268531799 1539.67724609 -458.808166504 -469.259857178 1733.56982422
0.0321040153503 8 -418.129211426 -60.4197616577 1520.56103516 -378.762115479 309.381469727 1700.41723633 -337.038696289 183.250732422 1475.65576172 -460.828796387 86.43800354 1731.69335938 -137.175018311 -11.828704834 1406.64746094 -460.828948975 -192.216690063 1731.69335938 142.800140381 -5.55049180984 1529.16723633 -460.823455811 -470.87109375 1731.69335938
0.0357279777527 8 -416.343566895 -62.0352401733 1521.40893555 -376.412872314 308.367797852 1700.65405273 -337.345062256 182.177902222 1475.69165039 -457.097747803 84.3349609375 1733.27099609 -144.656707764 -27.1901092529 1402.7611084 -457.097900391 -194.319732666 1733.27099609 137.510314941 -40.8663673401 1518.71020508 -457.092407227 -472.974121094 1733.27099609
0.0321369171143 8 -415.412261963 -65.7817077637 1520.05249023 -375.576507568 307.33404541 1695.77746582 -334.482147217 177.527160645 1472.99597168 -459.264007568 83.1760559082 1729.46032715 -154.600418091 -38.3133239746 1399.46252441 -459.264160156 -195.478637695 1729.46032715 128.055587769 -77.0043411255 1506.74487305 -459.258666992 -474.133026123 1729.46032715
0.0323901176453 8 -413.296356201 -65.6727752686 1518.39526367 -371.891265869 307.403808594 1693.32873535 -329.297485352 176.786773682 1472.30297852 -458.450073242 83.8516540527 1727.13037109 -158.938919067 -48.7436523438 1398.88391113 -458.45022583 -194.803039551 1727.13037109 123.410964966 -113.62134552 1491.61853027 -458.444732666 -473.457427979 1727.13037109
0.035325050354 8 -413.338500977 -65.7070159912 1512.83154297 -369.323547363 306.958862305 1688.59350586 -324.015899658 175.272186279 1469.21240234 -461.37197876 84.5044250488 1720.3918457 -161.310409546 -55.7504119873 1400.11523438 -461.372131348 -194.150268555 1720.3918457 117.616195679 -144.809692383 1482.63842773 -461.366638184 -472.804656982 1720.3918457
0.0320098400116 8 -413.640808105 -63.2492980957 1510.80664062 -366.170410156 308.450592041 1687.21899414 -318.401763916 175.975036621 1470.29577637 -464.388519287 87.4898452759 1717.30627441 -160.900390625 -61.9467468262 1403.3828125 -464.388671875 -191.164855957 1717.30627441 113.136260986 -173.7631073 1473.81921387 -464.383178711 -469.819244385 1717.30627441
0.0323810577393 8 -413.410217285 -64.0302886963 1512.55529785 -365.128875732 306.563293457 1689.05163574 -315.170715332 174.139480591 1472.84851074 -466.339233398 87.9489593506 1717.62390137 -161.043334961 -65.380645752 1407.47497559 -466.339385986 -190.705734253 1717.62390137 105.958557129 -199.921386719 1462.93737793 -466.333892822 -469.360107422 1717.62390137
0.0401511192322 8 -413.48059082 -63.2218284607 1510.2467041 -363.969573975 307.294799805 1686.95288086 -305.388977051 171.286193848 1476.17529297 -475.156555176 92.1760864258 1709.96166992 -158.76725769 -68.8955078125 1410.98046875 -475.156707764 -186.478607178 1709.96166992 102.495193481 -218.540924072 1458.20532227 -475.1512146 -465.132995605 1709.96166992
0.0314929485321 8 -413.246337891 -64.1187133789 1508.51855469 -362.606231689 305.527435303 1685.90539551 -297.81427002 167.496444702 1479.00683594 -480.926818848 93.7317047119 1704.33349609 -153.258834839 -75.4833068848 1414.43408203 -480.926971436 -184.922988892 1704.33349609 103.062667847 -236.280014038 1455.3404541 -480.921478271 -463.577392578 1704.33349609
0.0297858715057 8 -413.177459717 -64.8701705933 1507.27758789 -360.202514648 303.625305176 1685.88037109 -291.534484863 164.083282471 1481.83728027 -485.327392578 95.0791473389 1699.82458496 -147.162521362 -80.625213623 1417.37243652 -485.327545166 -183.575546265 1699.82458496 103.529144287 -251.803253174 1453.11828613 -485.322052002 -462.229919434 1699.82458496
0.0352370738983 8 -411.198547363 -58.9890213013 1506.50854492 -355.400360107 309.10635376 1685.83410645 -280.643218994 165.536560059 1487.48742676 -488.919830322 104.446792603 1693.76843262 -142.0909729 -85.5804595947 1418.96618652 -488.91998291 -174.207901001 1693.76843262 104.140655518 -264.192108154 1451.74035645 -488.914489746 -452.862304688 1693.76843262
0.031858921051 8 -408.875427246 -57.1913986206 1506.57800293 -352.826660156 311.135070801 1684.85095215 -272.484802246 164.203399658 1491.64575195 -491.348693848 109.644142151 1688.80029297 -141.595046997 -90.0884246826 1419.33068848 -491.348846436 -169.010559082 1688.80029297 102.20375061 -272.606262207 1451.07312012 -491.343353271 -447.66494751 1688.80029297
0.0319771766663 8 -407.998657227 -57.3802032471 1507.35620117 -351.412384033 311.091796875 1684.86669922 -268.032318115 162.028717041 1494.77783203 -493.328552246 111.774040222 1686.2265625 -139.966247559 -93.8034362793 1418.73181152 -493.328704834 -166.880645752 1686.2265625 102.570098877 -278.072174072 1451.47180176 -493.32321167 -445.53503418 1686.2265625
0.0353918075562 8 -407.241699219 -57.252532959 1507.79882812 -348.673309326 310.515838623 1686.37182617 -264.464416504 160.546569824 1497.48974609 -493.221008301 112.587226868 1685.81567383 -139.463348389 -97.1178588867 1417.62402344 -493.221160889 -166.067474365 1685.81567383 102.837387085 -281.426269531 1452.53308105 -493.215667725 -444.721862793 1685.81567383
0.032016992569 8 -406.101287842 -59.2449073792 1505.33569336 -347.407104492 309.27633667 1681.62207031 -262.958892822 158.308288574 1493.73693848 -492.174621582 111.862838745 1682.1607666 -139.748260498 -100.379455566 1415.56274414 -492.17477417 -166.791854858 1682.1607666 103.732162476 -282.207885742 1454.984375 -492.169281006 -445.446228027 1682.1607666
0.0322132110596 8 -404.719238281 -64.4765777588 1499.94604492 -344.776428223 305.163116455 1675.25085449 -257.634490967 150.491516113 1490.79956055 -493.965515137 110.301849365 1671.45800781 -139.241241455 -102.404037476 1412.66723633 -493.965667725 -168.352844238 1671.45800781 106.177490234 -279.952850342 1458.58325195 -493.960174561 -447.007232666 1671.45800781
0.0360269546509 8 -403.605102539 -68.6560592651 1500.15405273 -344.402862549 302.753234863 1672.57250977 -255.070892334 145.38899231 1491.75402832 -494.548187256 107.87411499 1669.01672363 -135.021347046 -108.411819458 1409.50793457 -494.548339844 -170.780578613 1669.01672363 114.336715698 -277.694030762 1463.56677246 -494.54284668 -449.434967041 1669.01672363
0.0316379070282 8 -402.229736328 -68.2984619141 1498.99121094 -342.881103516 303.665649414 1671.73034668 -252.817764282 145.182281494 1490.9296875 -494.169342041 109.378074646 1666.14672852 -131.836151123 -111.9012146 1405.97509766 -494.169494629 -169.276611328 1666.14672852 120.762664795 -274.159545898 1466.18212891 -494.164001465 -447.930999756 1666.14672852
0.0324411392212 8 -401.207275391 -68.6679000854 1499.03320312 -341.979888916 303.00189209 1670.8104248 -250.453521729 143.934173584 1492.42529297 -493.940460205 109.683570862 1665.04882812 -130.913726807 -112.715698242 1401.37536621 -493.940612793 -168.971130371 1665.04882812 127.254669189 -261.239898682 1470.93933105 -493.935119629 -447.625518799 1665.04882812
0.035502910614 8 -400.491149902 -67.8931655884 1499.19775391 -340.88067627 305.380157471 1670.85620117 -250.904129028 145.457977295 1490.58789062 -491.116760254 109.500556946 1667.38647461 -128.392852783 -113.028625488 1396.65283203 -491.116912842 -169.154144287 1667.38647461 136.380218506 -241.695358276 1477.44885254 -491.111419678 -447.808532715 1667.38647461
0.0321080684662 8 -401.65246582 -65.9951019287 1500.30224609 -341.120727539 308.354919434 1670.37890625 -253.361297607 148.093078613 1488.39379883 -489.788574219 111.198646545 1670.00805664 -127.314628601 -111.749755859 1392.05932617 -489.788726807 -167.456054688 1670.00805664 143.190856934 -217.623687744 1484.2857666 -489.783233643 -446.110443115 1670.00805664
0.0362010002136 8 -406.106414795 -60.2056083679 1499.19213867 -341.726623535 310.409729004 1677.11437988 -253.727844238 151.198547363 1493.53430176 -495.139404297 116.546737671 1668.82287598 -128.321044922 -107.483703613 1387.61206055 -495.139556885 -162.107955933 1668.82287598 146.247375488 -183.792388916 1493.16906738 -495.134063721 -440.762329102 1668.82287598
0.0320420265198 8 -407.441772461 -58.4794883728 1499.34655762 -341.739501953 310.766540527 1677.00537109 -252.80921936 151.352096558 1497.06787109 -499.005767822 119.715293884 1666.10473633 -137.713424683 -101.077056885 1382.04260254 -499.00592041 -158.93939209 1666.10473633 139.17036438 -143.556304932 1497.92333984 -499.000427246 -437.593780518 1666.10473633
0.0316648483276 8 -409.66418457 -56.9978370667 1500.88598633 -344.53137207 310.459381104 1680.97717285 -255.165878296 152.982116699 1499.09851074 -501.338378906 120.653091431 1668.21911621 -154.624328613 -91.0927581787 1376.07275391 -501.338531494 -158.001602173 1668.21911621 123.225036621 -105.825935364 1497.35253906 -501.33303833 -436.656005859 1668.21911621
0.0362560749054 8 -410.40222168 -55.0808944702 1502.07495117 -344.590789795 310.981018066 1683.42712402 -261.504669189 158.630004883 1494.90673828 -497.150543213 118.413169861 1676.05371094 -170.044830322 -77.845199585 1373.24597168 -497.150695801 -160.241516113 1676.05371094 107.97253418 -70.652885437 1496.57495117 -497.145202637 -438.895904541 1676.05371094
0.0320720672607 8 -407.79864502 -62.2608108521 1508.18115234 -345.544647217 309.161621094 1679.91784668 -285.142028809 163.216827393 1477.1159668 -471.252746582 104.058586121 1695.6940918 -179.204040527 -63.0148620605 1374.29125977 -471.25289917 -174.596099854 1695.6940918 98.3973083496 -35.8342514038 1496.98425293 -471.247406006 -453.250488281 1695.6940918
0.0318439006805 8 -408.182525635 -63.7081794739 1514.32006836 -349.730194092 310.616516113 1681.78979492 -302.255523682 168.466079712 1470.66345215 -458.141693115 98.118850708 1710.14465332 -182.609954834 -46.2333221436 1377.59423828 -458.141845703 -180.535842896 1710.14465332 93.5716247559 -4.24503326416 1500.65551758 -458.136352539 -459.190246582 1710.14465332
0.0360159873962 8 -408.210998535 -66.6661758423 1516.1328125 -351.660522461 309.803344727 1680.29577637 -315.801757812 169.636047363 1462.37915039 -445.96295166 93.2128753662 1716.83398438 -179.534103394 -29.3367919922 1382.48242188 -445.963104248 -185.441818237 1716.83398438 93.5209503174 27.3121261597 1507.2746582 -445.957611084 -464.096191406 1716.83398438
0.0318748950958 8 -408.354034424 -67.7280654907 1518.04638672 -353.709320068 310.472137451 1678.57177734 -323.667694092 170.372543335 1457.33374023 -439.669158936 92.5109558105 1720.26489258 -170.338058472 -14.6506500244 1389.87341309 -439.669311523 -186.143737793 1720.26489258 98.9550933838 55.8159103394 1516.19116211 -439.663818359 -464.798126221 1720.26489258
0.031720161438 8 -409.095703125 -68.4199066162 1521.20068359 -356.097045898 311.43258667 1681.22314453 -328.095367432 170.847488403 1458.39489746 -438.224700928 91.1608123779 1724.76843262 -155.306945801 1.67088317871 1398.55212402 -438.224853516 -187.493881226 1724.76843262 109.285858154 84.5371551514 1527.54211426 -438.219360352 -466.148254395 1724.76843262
0.0362169742584 8 -409.761138916 -69.585319519 1520.52856445 -357.771453857 310.20135498 1682.55981445 -330.850006104 170.863952637 1458.75415039 -436.991668701 87.6458358765 1726.43041992 -142.433105469 15.6296844482 1407.25085449 -436.991821289 -191.008850098 1726.43041992 118.516967773 108.88004303 1536.95227051 -436.986328125 -469.663238525 1726.43041992
0.0319020748138 8 -410.832946777 -68.427734375 1522.18151855 -359.311645508 310.929534912 1683.21020508 -332.446960449 171.981460571 1459.09997559 -438.116699219 89.5631561279 1727.64318848 -125.582717896 30.4076538086 1415.82348633 -438.116851807 -189.091537476 1727.64318848 130.532791138 132.137939453 1548.98620605 -438.111358643 -467.745910645 1727.64318848
0.0320158004761 8 -411.072967529 -67.6772232056 1518.88500977 -360.288909912 309.638549805 1683.56188965 -332.84286499 173.282989502 1457.51220703 -438.281341553 88.674911499 1725.67456055 -111.366912842 40.6082305908 1423.01135254 -438.281494141 -189.979782104 1725.67456055 141.378143311 147.75491333 1558.6875 -438.276000977 -468.634155273 1725.67456055
0.0362610816956 8 -412.301574707 -65.354057312 1519.81665039 -362.237121582 310.568969727 1687.23120117 -333.05178833 175.607772827 1459.64562988 -441.103546143 90.5902404785 1726.73522949 -98.8822937012 48.3456726074 1428.84936523 -441.10369873 -188.064453125 1726.73522949 151.687515259 157.742248535 1567.0255127 -441.098205566 -466.718841553 1726.73522949
0.0316429138184 8 -413.214050293 -64.5443572998 1519.37939453 -363.982574463 310.990112305 1689.07421875 -333.774536133 176.780410767 1460.87414551 -442.612426758 90.1363983154 1727.17858887 -92.6008911133 51.6802139282 1431.31896973 -442.612579346 -188.518295288 1727.17858887 156.019714355 162.777252197 1571.79431152 -442.607086182 -467.172668457 1727.17858887
0.0318470001221 8 -414.020446777 -66.849319458 1520.90576172 -365.347381592 309.958679199 1689.99072266 -334.053833008 174.485076904 1463.11376953 -444.281494141 87.5700378418 1728.78930664 -89.8139343262 51.5382080078 1431.23034668 -444.281646729 -191.084655762 1728.78930664 157.365310669 162.226013184 1574.62219238 -444.276153564 -469.739044189 1728.78930664
0.0367820262909 8 -415.627532959 -64.4891662598 1523.77050781 -366.327331543 311.118591309 1694.94494629 -333.620910645 176.756866455 1468.57543945 -448.438415527 88.9555892944 1731.97509766 -91.918548584 45.1307220459 1429.30603027 -448.438568115 -189.69909668 1731.97509766 157.164611816 153.337661743 1571.32629395 -448.433074951 -468.353485107 1731.97509766
0.0336260795593 8 -413.475250244 -65.1543426514 1522.56591797 -364.616821289 309.487548828 1692.91723633 -336.296356201 177.159729004 1465.30883789 -441.504730225 87.580871582 1731.93920898 -99.3686676025 36.3226013184 1424.05908203 -441.504882812 -191.073822021 1731.93920898 153.100036621 135.492004395 1566.42993164 -441.499389648 -469.728210449 1731.93920898
0.0312221050262 8 -414.213592529 -64.7233886719 1525.29785156 -365.201019287 310.999237061 1692.39465332 -338.087249756 177.529083252 1466.27929688 -441.811065674 89.0829772949 1733.97558594 -106.520294189 23.6891326904 1418.69482422 -441.811218262 -189.571716309 1733.97558594 149.334777832 112.896018982 1561.41479492 -441.805725098 -468.226104736 1733.97558594
0.0354988574982 8 -412.225860596 -67.4720001221 1523.01098633 -362.001190186 308.985595703 1688.14990234 -339.617706299 175.174758911 1461.33435059 -435.1121521 86.6765594482 1731.97888184 -118.290527344 8.73693847656 1411.61376953 -435.112304688 -191.978134155 1731.97888184 142.262329102 87.3747253418 1551.82751465 -435.106811523 -470.632507324 1731.97888184
0.0340371131897 8 -410.964935303 -69.0957336426 1523.30981445 -359.554779053 308.698486328 1686.50830078 -338.528015137 173.477798462 1461.02563477 -433.162780762 85.32762146 1732.18481445 -128.223693848 -7.00686645508 1405.21105957 -433.16293335 -193.327072144 1732.18481445 136.237854004 59.410194397 1544.22875977 -433.157440186 -471.981445312 1732.18481445
0.0303189754486 8 -411.777954102 -69.4127197266 1524.00927734 -359.800109863 308.747283936 1685.69958496 -338.211273193 172.880172729 1461.9050293 -435.090118408 85.3628692627 1732.51757812 -139.831039429 -23.2902526855 1398.12890625 -435.090270996 -193.291824341 1732.51757812 129.934738159 24.4403877258 1533.68237305 -435.084777832 -471.946228027 1732.51757812
0.035591840744 8 -413.35760498 -70.3380126953 1524.57019043 -361.140930176 307.30255127 1688.30737305 -339.209777832 172.205749512 1464.14367676 -437.156311035 83.2304382324 1733.91882324 -142.409362793 -40.1426544189 1391.07897949 -437.156463623 -195.424255371 1733.91882324 129.248260498 -9.69668388367 1530.24169922 -437.150970459 -474.078643799 1733.91882324
0.031200170517 8 -412.479003906 -71.3989334106 1524.91723633 -361.134643555 307.787750244 1686.09423828 -338.324829102 170.886322021 1463.46154785 -437.622924805 83.3631439209 1733.22961426 -157.131286621 -53.2092437744 1386.49084473 -437.623077393 -195.291549683 1733.22961426 119.905181885 -48.7026901245 1514.67443848 -437.617584229 -473.945922852 1733.22961426
0.0321569442749 8 -412.50012207 -70.5399017334 1524.08496094 -360.319061279 308.839324951 1685.99633789 -336.952301025 171.593551636 1463.73144531 -438.841522217 83.9146575928 1732.47973633 -159.055374146 -68.1047973633 1384.2512207 -438.841674805 -194.740036011 1732.47973633 120.388381958 -82.1072387695 1509.64379883 -438.836181641 -473.39440918 1732.47973633
0.0359170436859 8 -409.128479004 -68.8577957153 1522.84814453 -356.803161621 310.213867188 1682.4375 -332.638519287 172.84967041 1461.96472168 -436.019439697 86.4278488159 1730.55725098 -170.100067139 -72.5990447998 1382.84265137 -436.019592285 -192.226837158 1730.55725098 109.750640869 -119.466690063 1493.11242676 -436.014099121 -470.881225586 1730.55725098
0.031769990921 8 -409.023254395 -70.3527832031 1522.73205566 -357.603637695 308.879394531 1683.16687012 -330.500396729 171.039840698 1463.23156738 -438.112762451 84.8449554443 1730.20202637 -176.821624756 -76.4662017822 1383.44128418 -438.112915039 -193.809738159 1730.20202637 100.041412354 -156.065704346 1478.35217285 -438.107421875 -472.464111328 1730.20202637
0.0321218967438 8 -408.099243164 -72.898765564 1520.35668945 -356.565704346 307.151580811 1680.03259277 -327.839233398 167.97416687 1461.08691406 -439.759155273 83.2427368164 1726.73413086 -169.912078857 -88.2377471924 1386.22302246 -439.759307861 -195.411956787 1726.73413086 107.151824951 -185.024658203 1476.39160156 -439.753814697 -474.066345215 1726.73413086
0.036376953125 8 -408.011383057 -70.0441818237 1519.35498047 -355.350036621 308.585662842 1681.94628906 -321.227996826 169.503692627 1464.38928223 -444.52053833 85.8380355835 1725.03283691 -174.617660522 -88.4024963379 1388.90759277 -444.520690918 -192.816650391 1725.03283691 95.431350708 -209.247039795 1464.69616699 -444.515197754 -471.471038818 1725.03283691
0.0319430828094 8 -405.540771484 -70.7998046875 1521.07800293 -353.765625 309.527160645 1682.92150879 -316.332214355 168.020126343 1466.68920898 -444.85736084 86.14112854 1725.46679688 -178.239257812 -88.1541290283 1391.03930664 -444.857513428 -192.513565063 1725.46679688 84.8855285645 -228.265594482 1455.92651367 -444.852020264 -471.16796875 1725.46679688
0.0322179794312 8 -403.777160645 -70.2910766602 1521.68847656 -351.572845459 309.336303711 1683.90734863 -313.017700195 168.136901855 1468.01782227 -443.99822998 86.7862319946 1725.83178711 -178.173553467 -89.8000488281 1393.52954102 -443.998382568 -191.868469238 1725.83178711 79.8948059082 -242.504760742 1451.54724121 -443.992889404 -470.522857666 1725.83178711
0.0357060432434 8 -402.117492676 -70.9837188721 1522.03759766 -351.04486084 309.524383545 1680.39074707 -312.353179932 167.325866699 1466.17175293 -442.588287354 87.6434631348 1724.94006348 -164.092834473 -102.899017334 1397.25170898 -442.588439941 -191.011230469 1724.94006348 95.383392334 -260.064880371 1455.57177734 -442.582946777 -469.665618896 1724.94006348
0.0319390296936 8 -399.864746094 -71.6616210938 1522.38452148 -350.64465332 308.728088379 1678.63720703 -311.631378174 166.93637085 1465.28198242 -439.56350708 87.2586364746 1725.22192383 -169.717330933 -98.0474243164 1398.24450684 -439.563659668 -191.396057129 1725.22192383 84.2630462646 -263.274047852 1450.75805664 -439.558166504 -470.050445557 1725.22192383
0.0318810939789 8 -399.192687988 -72.3442459106 1523.27050781 -350.918182373 309.061981201 1677.74816895 -311.352050781 166.159286499 1465.1463623 -439.170471191 87.3712463379 1725.43591309 -174.011276245 -94.2289581299 1398.67224121 -439.170623779 -191.283447266 1725.43591309 76.4732971191 -264.281555176 1449.2635498 -439.165130615 -469.937835693 1725.43591309
0.0372848510742 8 -397.18548584 -71.7243881226 1525.08813477 -348.891784668 309.889343262 1678.30383301 -308.898742676 166.454696655 1466.2956543 -437.320007324 88.7510681152 1726.62475586 -174.86378479 -92.2500152588 1399.24572754 -437.320159912 -189.903625488 1726.62475586 73.2396392822 -265.362487793 1449.73278809 -437.314666748 -468.558013916 1726.62475586
0.0314280986786 8 -395.594512939 -71.8762512207 1525.48681641 -347.619140625 310.02154541 1677.56286621 -307.225952148 166.114929199 1466.04748535 -435.543457031 89.1227111816 1726.64611816 -173.513778687 -92.1145019531 1399.55773926 -435.543609619 -189.531982422 1726.64611816 73.3876953125 -266.40512085 1451.24462891 -435.538116455 -468.18637085 1726.64611816
0.0315818786621 8 -394.962463379 -71.9011077881 1524.77636719 -346.936401367 309.841003418 1677.23400879 -305.905456543 165.982467651 1465.9317627 -435.512023926 89.0000762939 1725.8951416 -171.757781982 -92.6056671143 1399.00866699 -435.512176514 -189.65461731 1725.8951416 76.5117340088 -263.522705078 1454.70568848 -435.50668335 -468.309020996 1725.8951416
0.0358700752258 8 -394.277252197 -72.0068359375 1525.58227539 -346.341674805 310.443878174 1677.55444336 -306.188934326 166.039474487 1465.94299316 -434.579498291 89.1578521729 1726.53967285 -170.833206177 -94.4787750244 1397.72937012 -434.579650879 -189.496841431 1726.53967285 80.8623962402 -258.647338867 1457.54040527 -434.574157715 -468.151245117 1726.53967285
0.0318729877472 8 -395.473388672 -72.3646087646 1524.54626465 -348.187133789 310.399230957 1677.22619629 -306.638214111 165.546051025 1465.48193359 -437.182952881 88.9596557617 1725.08642578 -170.104370117 -94.9311828613 1394.50415039 -437.183105469 -189.695037842 1725.08642578 86.8372192383 -247.159576416 1461.59643555 -437.177612305 -468.34942627 1725.08642578
0.0355710983276 8 -395.919372559 -72.0929641724 1525.109375 -349.672515869 310.969329834 1677.05627441 -308.80291748 166.241531372 1465.20898438 -436.79699707 89.1131896973 1725.9128418 -170.295150757 -94.5817718506 1390.23876953 -436.797149658 -189.541503906 1725.9128418 92.7975921631 -229.60144043 1467.32470703 -436.791656494 -468.195892334 1725.9128418
0.0320999622345 8 -396.724365234 -72.001914978 1523.66381836 -350.449005127 311.444061279 1676.98803711 -309.996826172 166.630157471 1464.38110352 -437.08404541 88.4080657959 1725.21020508 -170.524597168 -92.0631408691 1386.01098633 -437.084197998 -190.246627808 1725.21020508 98.1953735352 -207.310012817 1473.47460938 -437.078704834 -468.901000977 1725.21020508
0.0319378376007 8 -400.302856445 -70.569442749 1522.45629883 -352.934936523 311.016418457 1680.43969727 -309.895690918 167.60987854 1467.14892578 -444.030334473 88.75440979 1724.11279297 -168.690155029 -88.6179351807 1382.91357422 -444.030487061 -189.900283813 1724.11279297 104.839141846 -178.117401123 1482.36328125 -444.024993896 -468.5546875 1724.11279297
0.0365550518036 8 -401.97076416 -70.2819976807 1518.58764648 -352.235992432 309.723419189 1678.66259766 -308.631958008 167.228591919 1465.27978516 -447.283325195 88.8996734619 1720.01489258 -169.258407593 -84.7249908447 1379.97021484 -447.283477783 -189.755020142 1720.01489258 107.295974731 -142.871627808 1491.0793457 -447.277984619 -468.409423828 1720.01489258
0.0321869850159 8 -403.583679199 -69.9659881592 1518.78686523 -354.0987854 309.980041504 1678.25622559 -310.11114502 167.381164551 1464.90466309 -449.283874512 89.8398132324 1719.65368652 -158.125396729 -79.3694610596 1379.46362305 -449.2840271 -188.814880371 1719.65368652 116.143127441 -104.066352844 1506.59985352 -449.278533936 -467.469268799 1719.65368652
0.0317420959473 8 -404.96383667 -70.7895889282 1518.82543945 -355.215026855 309.492584229 1677.57177734 -315.117431641 167.413955688 1462.69616699 -447.384399414 88.6786499023 1720.65197754 -162.610702515 -69.3454284668 1379.69226074 -447.384552002 -189.976043701 1720.65197754 112.668411255 -69.3620300293 1508.4720459 -447.379058838 -468.630432129 1720.65197754
0.0357718467712 8 -406.32635498 -69.1714324951 1520.54040527 -356.588287354 310.239562988 1680.73339844 -318.167144775 169.638763428 1464.25402832 -447.331451416 89.4156188965 1723.36804199 -164.350219727 -56.4207763672 1382.9510498 -447.331604004 -189.239074707 1723.36804199 110.262390137 -33.8256530762 1512.27246094 -447.32611084 -467.893463135 1723.36804199
0.0323181152344 8 -407.629272461 -68.8143310547 1521.21679688 -359.001586914 311.766174316 1679.30627441 -324.76473999 171.171569824 1462.16235352 -444.015655518 89.2356872559 1725.28344727 -167.116882324 -41.2500762939 1386.13964844 -444.015808105 -189.419006348 1725.28344727 106.580505371 -1.11199188232 1514.47412109 -444.010314941 -468.073394775 1725.28344727
0.032035112381 8 -407.490386963 -67.2737426758 1523.35620117 -360.086791992 313.058105469 1681.59594727 -328.230316162 173.501785278 1462.55078125 -440.844390869 90.3896331787 1728.25097656 -163.622238159 -24.1232452393 1391.00219727 -440.844543457 -188.265060425 1728.25097656 107.494735718 28.9278907776 1521.296875 -440.839050293 -466.919433594 1728.25097656
0.0354609489441 8 -407.664154053 -66.9468536377 1523.66503906 -360.344421387 312.546295166 1682.74291992 -332.322296143 174.759140015 1461.59204102 -437.308929443 89.8176727295 1729.81323242 -156.288269043 -6.82525634766 1397.55712891 -437.309082031 -188.837020874 1729.81323242 111.897735596 56.8311080933 1529.93457031 -437.303588867 -467.491394043 1729.81323242
0.0325000286102 8 -406.923828125 -65.7239379883 1522.71240234 -360.066131592 312.992736816 1683.81848145 -335.274353027 176.733459473 1459.21411133 -432.667419434 90.4231872559 1729.85107422 -148.396865845 8.1925201416 1405.19946289 -432.667572021 -188.231506348 1729.85107422 118.251968384 81.7463760376 1536.01464844 -432.662078857 -466.885894775 1729.85107422
0.031986951828 8 -405.268096924 -66.8216247559 1521.26782227 -358.839599609 313.455749512 1680.84997559 -335.005157471 175.560241699 1455.86376953 -429.756072998 90.2818908691 1727.86450195 -133.940444946 23.9240112305 1413.41223145 -429.756225586 -188.372802734 1727.86450195 129.298965454 104.664848328 1547.21508789 -429.750732422 -467.027191162 1727.86450195
0.0355188846588 8 -406.16116333 -67.6055145264 1519.75463867 -360.366851807 311.408203125 1682.87939453 -335.088500977 175.113586426 1456.4675293 -431.91192627 88.1265869141 1727.24755859 -115.547042847 35.8819274902 1422.60107422 -431.912078857 -190.528106689 1727.24755859 144.289627075 122.487854004 1559.58337402 -431.906585693 -469.182495117 1727.24755859
0.0323331356049 8 -406.678192139 -67.0029449463 1521.37634277 -361.828948975 312.732086182 1683.37597656 -335.294555664 175.347290039 1456.99316406 -433.276367188 89.9076538086 1727.88500977 -103.092025757 42.9429931641 1427.95556641 -433.276519775 -188.747039795 1727.88500977 154.28086853 132.013534546 1568.20544434 -433.271026611 -467.401428223 1727.88500977
0.0317668914795 8 -406.922943115 -66.0958099365 1521.33666992 -361.486083984 313.00604248 1684.65393066 -335.537963867 176.520370483 1457.93566895 -433.257568359 89.9100799561 1728.57214355 -96.0367584229 44.1374053955 1429.87207031 -433.257720947 -188.744613647 1728.57214355 160.465194702 135.021972656 1570.73291016 -433.252227783 -467.398986816 1728.57214355
0.0361070632935 8 -406.25970459 -66.4295043945 1521.37207031 -360.783569336 313.198608398 1684.28344727 -335.093139648 176.272781372 1458.0324707 -432.13092041 89.3649749756 1728.83178711 -96.8845672607 38.2612762451 1428.19848633 -432.131072998 -189.289718628 1728.83178711 161.739730835 124.021575928 1568.3848877 -432.125579834 -467.944091797 1728.83178711
0.0323100090027 8 -407.623840332 -66.7060089111 1523.25927734 -361.755462646 313.250793457 1684.58947754 -335.469512939 175.725204468 1460.01074219 -435.554656982 89.7165985107 1729.97436523 -100.347503662 27.7182769775 1425.28295898 -435.55480957 -188.938095093 1729.97436523 161.855529785 103.903488159 1564.07434082 -435.549316406 -467.592468262 1729.97436523
0.0317058563232 8 -408.88079834 -65.5047302246 1523.68896484 -362.501464844 313.499023438 1688.23498535 -332.363647461 176.740859985 1465.2520752 -439.993286133 88.7368927002 1731.52062988 -107.818939209 14.9177246094 1420.36828613 -439.993438721 -189.917800903 1731.52062988 158.263061523 80.5659866333 1556.91760254 -439.987945557 -468.57220459 1731.52062988
0.0359442234039 8 -409.146209717 -66.6619873047 1524.22827148 -362.448120117 311.055999756 1690.06567383 -329.452575684 174.985183716 1467.5625 -443.691589355 87.8397979736 1731.32983398 -116.101898193 -0.293731689453 1414.44067383 -443.691741943 -190.81489563 1731.32983398 152.885650635 54.7660827637 1549.89233398 -443.686248779 -469.469299316 1731.32983398
0.0321209430695 8 -409.37701416 -66.8134307861 1524.97094727 -362.879119873 310.730529785 1690.48181152 -327.737579346 174.453826904 1469.39294434 -446.455413818 87.9760437012 1731.43884277 -125.578491211 -17.4617614746 1408.64807129 -446.455566406 -190.678649902 1731.43884277 148.426330566 20.2164955139 1539.00231934 -446.450073242 -469.33303833 1731.43884277
0.0319240093231 8 -409.965454102 -67.3332977295 1524.88110352 -362.797912598 308.739990234 1691.18823242 -325.884277344 173.506591797 1471.09594727 -449.458679199 87.3320922852 1731.0 -135.079391479 -33.2224731445 1403.91650391 -449.458831787 -191.322601318 1731.0 143.293319702 -12.2626991272 1528.24230957 -449.453338623 -469.976989746 1731.0
0.03630900383 8 -410.441650391 -67.9420928955 1523.56054688 -362.482696533 307.508209229 1691.04467773 -324.904632568 172.761322021 1471.43249512 -450.876678467 86.0180282593 1730.03845215 -144.729705811 -46.9646148682 1400.5489502 -450.876831055 -192.636657715 1730.03845215 137.172271729 -47.2757415771 1517.5246582 -450.871337891 -471.291046143 1730.03845215
0.0318858623505 8 -410.040466309 -66.2561645508 1524.30200195 -360.581054688 308.62020874 1695.47875977 -323.868164062 174.674636841 1474.30883789 -449.839782715 85.884475708 1732.24829102 -152.216430664 -57.0272369385 1398.94885254 -449.839935303 -192.770217896 1732.24829102 131.708831787 -80.1017227173 1507.65368652 -449.834442139 -471.424621582 1732.24829102
0.0320131778717 8 -408.207763672 -67.1787261963 1521.93237305 -357.674499512 308.67868042 1689.68481445 -319.711273193 172.734603882 1471.16320801 -450.391876221 87.1274261475 1727.79016113 -159.580215454 -63.7881469727 1398.15869141 -450.392028809 -191.527267456 1727.79016113 124.216598511 -111.665168762 1497.80065918 -450.386535645 -470.181640625 1727.79016113
0.0380508899689 8 -407.748443604 -65.4866638184 1520.4831543 -355.821563721 310.119110107 1687.78564453 -316.729217529 173.760116577 1471.01538086 -451.294464111 89.0097503662 1725.92163086 -161.800979614 -70.1175384521 1399.15429688 -451.294616699 -189.644943237 1725.92163086 120.334213257 -139.738220215 1490.63378906 -451.289123535 -468.299316406 1725.92163086
0.030611038208 8 -405.840087891 -67.6797790527 1520.53588867 -355.059875488 308.826293945 1686.33581543 -317.719665527 172.274993896 1469.30078125 -447.078918457 86.6455078125 1726.57324219 -165.124832153 -74.5824127197 1400.87646484 -447.079071045 -192.009185791 1726.57324219 114.038131714 -164.736343384 1483.4317627 -447.073577881 -470.663574219 1726.57324219
0.0312550067902 8 -404.677459717 -69.8451690674 1519.38916016 -353.208587646 306.145111084 1685.6282959 -315.816680908 169.938720703 1468.56201172 -445.654266357 84.289855957 1725.63916016 -167.439025879 -78.0080566406 1403.32641602 -445.654418945 -194.364837646 1725.63916016 109.515808105 -182.820007324 1476.99133301 -445.648925781 -473.019226074 1725.63916016
0.0357220172882 8 -403.001190186 -68.6220397949 1519.4831543 -351.750549316 307.882537842 1684.7598877 -312.817932129 170.720031738 1468.88903809 -445.44909668 86.2043457031 1724.9197998 -166.497344971 -80.829208374 1405.50695801 -445.449249268 -192.4503479 1724.9197998 108.616821289 -194.003387451 1475.89953613 -445.443756104 -471.104736328 1724.9197998
0.031998872757 8 -402.692260742 -67.8245544434 1518.1796875 -349.827972412 308.105865479 1684.31933594 -308.48727417 170.334350586 1469.48596191 -447.915130615 87.7518005371 1722.42468262 -165.946029663 -81.1126098633 1406.86755371 -447.915283203 -190.902893066 1722.42468262 106.684707642 -202.818054199 1473.73974609 -447.909790039 -469.557281494 1722.42468262
0.0321869850159 8 -402.705810547 -67.7691955566 1517.69812012 -348.22064209 307.660461426 1684.60241699 -306.033752441 169.625411987 1470.06665039 -448.66998291 88.0695953369 1721.58984375 -164.728881836 -83.9364776611 1408.61547852 -448.670135498 -190.585098267 1721.58984375 106.442047119 -210.217086792 1474.01708984 -448.664642334 -469.239501953 1721.58984375
0.035933971405 8 -403.960327148 -65.4181213379 1516.75183105 -346.834869385 308.725891113 1684.7355957 -303.225921631 170.66835022 1471.14257812 -451.521331787 90.8812713623 1719.90869141 -163.447845459 -84.9599761963 1409.54443359 -451.521484375 -187.773422241 1719.90869141 104.931976318 -218.664398193 1471.82592773 -451.515991211 -466.42779541 1719.90869141
0.0324141979218 8 -403.847564697 -66.5497283936 1514.75927734 -346.989562988 308.290710449 1680.8157959 -299.5703125 168.166290283 1470.1607666 -455.163574219 91.7476501465 1715.41516113 -161.772018433 -86.1017150879 1410.79370117 -455.163726807 -186.907043457 1715.41516113 104.774368286 -224.989349365 1469.88647461 -455.158233643 -465.561431885 1715.41516113
0.0318338871002 8 -403.692565918 -65.8957519531 1516.44116211 -346.258209229 309.000976562 1682.35107422 -296.471679688 167.704162598 1472.9230957 -457.315429688 93.6302871704 1715.52636719 -158.631500244 -88.9389648438 1412.40136719 -457.315582275 -185.024414062 1715.52636719 107.37197876 -229.25163269 1471.08422852 -457.310089111 -463.67880249 1715.52636719
0.0360360145569 8 -405.095184326 -66.0295257568 1516.375 -345.509674072 308.232849121 1683.60412598 -291.343322754 165.121994019 1477.00549316 -463.694458008 95.2414398193 1712.5333252 -156.344848633 -90.1446380615 1413.08972168 -463.694610596 -183.413253784 1712.5333252 108.986907959 -231.669555664 1472.16247559 -463.689117432 -462.067626953 1712.5333252
0.0318100452423 8 -406.074157715 -67.5387268066 1514.9822998 -346.103179932 306.567504883 1683.24487305 -288.002227783 161.909606934 1478.39746094 -468.553985596 95.2417297363 1708.69506836 -152.387908936 -91.9220428467 1414.32910156 -468.554138184 -183.412963867 1708.69506836 111.028533936 -237.122238159 1473.05371094 -468.54864502 -462.067352295 1708.69506836
0.0323650836945 8 -406.108093262 -65.4560699463 1514.73510742 -344.561981201 307.455322266 1684.55639648 -283.202392578 162.017745972 1481.92919922 -471.895385742 98.3392181396 1706.48852539 -148.010314941 -94.8853302002 1415.75610352 -471.89553833 -180.315475464 1706.48852539 114.317016602 -242.528610229 1473.32861328 -471.890045166 -458.969848633 1706.48852539
0.0354859828949 8 -406.76348877 -68.1712493896 1511.98876953 -346.161773682 306.26550293 1680.74157715 -278.763214111 156.821121216 1482.24401855 -478.98727417 99.3622894287 1698.01696777 -145.881713867 -96.0796661377 1417.03649902 -478.987426758 -179.292404175 1698.01696777 115.014129639 -246.74621582 1473.26501465 -478.981933594 -457.946777344 1698.01696777
0.0323038101196 8 -407.073303223 -67.7536087036 1513.43212891 -346.952514648 307.788116455 1682.3182373 -276.077392578 155.830841064 1485.69726562 -482.493164062 101.540504456 1696.65429688 -141.167022705 -99.8340148926 1417.53344727 -482.49331665 -177.114196777 1696.65429688 119.525909424 -250.770904541 1474.09033203 -482.487823486 -455.768585205 1696.65429688
0.0356500148773 8 -407.724395752 -66.6198425293 1513.50366211 -346.258117676 307.782775879 1683.60522461 -274.99005127 156.181991577 1487.24560547 -483.689697266 102.80632019 1696.45849609 -140.773223877 -101.540176392 1417.03979492 -483.689849854 -175.848373413 1696.45849609 120.973388672 -251.257858276 1471.95837402 -483.684356689 -454.502746582 1696.45849609
0.0318989753723 8 -407.304504395 -65.6121063232 1515.37597656 -347.055358887 309.158569336 1683.72497559 -274.762329102 157.266448975 1488.47705078 -483.638916016 104.295448303 1697.77709961 -141.613952637 -101.722320557 1415.38208008 -483.639068604 -174.35925293 1697.77709961 119.87890625 -252.184555054 1469.51171875 -483.633575439 -453.013641357 1697.77709961
0.0322442054749 8 -408.390899658 -64.1631774902 1518.27075195 -347.94317627 310.800170898 1687.31323242 -276.907836914 159.261230469 1490.6418457 -482.72076416 104.601295471 1702.56152344 -143.759033203 -102.477233887 1412.22595215 -482.720916748 -174.053405762 1702.56152344 116.403320312 -255.954193115 1464.14538574 -482.715423584 -452.707794189 1702.56152344
0.0363368988037 8 -408.416564941 -68.6803741455 1516.95458984 -348.158813477 306.490539551 1685.59924316 -280.391937256 156.295837402 1486.09216309 -479.70791626 99.0433044434 1703.34997559 -151.200668335 -102.496612549 1407.10107422 -479.708068848 -179.61138916 1703.34997559 107.620803833 -259.333862305 1455.39379883 -479.702575684 -458.265777588 1703.34997559
0.0318620204926 8 -409.393737793 -70.7991943359 1514.92480469 -348.651947021 303.356109619 1684.74523926 -278.82824707 153.0050354 1486.22631836 -483.064453125 97.9543457031 1699.4621582 -157.450836182 -106.756286621 1399.95898438 -483.064605713 -180.7003479 1699.4621582 97.9595947266 -270.160522461 1443.85791016 -483.059112549 -459.354736328 1699.4621582
0.0364899635315 8 -410.883026123 -71.8840484619 1515.55493164 -348.724365234 300.803955078 1688.32763672 -280.346862793 152.111709595 1488.09692383 -483.640655518 95.3194732666 1701.87963867 -154.731872559 -125.87928772 1388.98474121 -483.640808105 -183.335220337 1701.87963867 101.178359985 -295.200836182 1437.3203125 -483.635314941 -461.989624023 1701.87963867
0.0463469028473 8 -410.246887207 -68.7353210449 1517.35253906 -348.213897705 305.816467285 1689.61132812 -282.850006104 156.693237305 1487.20275879 -479.687286377 97.127571106 1706.09680176 -159.36517334 -144.93963623 1376.49243164 -479.687438965 -181.527130127 1706.09680176 89.508605957 -329.478057861 1421.50134277 -479.681945801 -460.181518555 1706.09680176
0.0266540050507 8 -410.843505859 -69.1881790161 1518.31982422 -348.88684082 304.702514648 1690.2557373 -285.731384277 157.361602783 1487.00476074 -477.577392578 94.9653244019 1709.52258301 -172.193069458 -158.47366333 1363.24609375 -477.577545166 -183.689361572 1709.52258301 64.5341186523 -362.990539551 1399.56677246 -477.572052002 -462.34375 1709.52258301
0.0372231006622 8 -409.936401367 -70.5302276611 1522.13134766 -349.421447754 303.610565186 1695.06433105 -293.769378662 159.895050049 1486.61096191 -468.520599365 89.0582885742 1719.49279785 -191.134185791 -166.73526001 1351.61035156 -468.520751953 -189.596405029 1719.49279785 24.2738800049 -394.701293945 1373.73388672 -468.515258789 -468.250793457 1719.49279785
0.0334150791168 8 -410.325531006 -69.8291854858 1523.96704102 -349.532531738 302.281585693 1700.99450684 -300.730834961 163.687194824 1488.07617188 -461.800476074 83.9740447998 1727.7409668 -214.165359497 -172.901763916 1340.80371094 -461.800628662 -194.680648804 1727.7409668 -32.5323791504 -427.524353027 1343.39282227 -461.795135498 -473.335021973 1727.7409668
0.0286078453064 8 -408.067810059 -68.8761749268 1522.58410645 -346.230804443 301.760406494 1700.4588623 -304.850189209 167.296722412 1485.11462402 -452.335174561 80.7686386108 1731.10778809 -249.104705811 -144.321716309 1345.27233887 -452.335327148 -197.886047363 1731.10778809 -111.986526489 -414.418701172 1315.6307373 -452.329833984 -476.540435791 1731.10778809
0.0392279624939 8 -403.096374512 -64.1325378418 1518.44348145 -341.965087891 301.116485596 1703.75817871 -322.417510986 179.423309326 1480.95983887 -424.433502197 73.1362991333 1737.3848877 -266.628356934 -181.735687256 1328.56799316 -424.433654785 -205.5184021 1737.3848877 -172.272277832 -464.004852295 1279.84655762 -424.428161621 -484.172790527 1737.3848877
0.0330212116241 8 -396.433288574 -62.4315185547 1511.61401367 -340.186309814 300.303131104 1704.7253418 -334.599121094 187.004302979 1477.06945801 -403.989013672 64.7990646362 1737.4239502 -289.33996582 -141.323638916 1351.83288574 -403.98916626 -213.855621338 1737.4239502 -234.906051636 -424.862304688 1271.28430176 -403.983673096 -492.510009766 1737.4239502
0.028568983078 8 -392.748168945 -63.2184944153 1507.74707031 -336.878387451 298.845153809 1706.30554199 -338.916992188 188.905197144 1475.1529541 -393.29083252 58.633392334 1737.26428223 -313.892730713 -168.284439087 1335.91003418 -393.290985107 -220.02130127 1737.26428223 -296.281280518 -451.655029297 1237.79577637 -393.285491943 -498.675689697 1737.26428223
0.029688835144 8 -392.784362793 -63.8809051514 1505.26818848 -333.032836914 296.518005371 1706.13879395 -342.019042969 189.414276123 1473.93859863 -386.263549805 54.4437866211 1736.94396973 -340.646362305 -194.966156006 1316.4095459 -386.263702393 -224.210906982 1736.94396973 -351.430358887 -478.59387207 1212.97167969 -386.258209229 -502.86529541 1736.94396973
0.0353360176086 8 -394.731811523 -64.8444366455 1506.04870605 -329.718292236 297.435272217 1703.56066895 -345.764160156 188.542388916 1471.27758789 -380.299865723 54.6241149902 1736.98266602 -367.044342041 -204.874633789 1305.77526855 -380.300018311 -224.030578613 1736.98266602 -401.994598389 -487.04586792 1200.06787109 -380.294525146 -502.684967041 1736.98266602
0.0312750339508 8 -396.743133545 -67.6426086426 1511.69873047 -324.601318359 297.107025146 1701.75866699 -347.146850586 184.854492188 1471.28442383 -375.198425293 55.3130187988 1740.31494141 -393.024353027 -202.070068359 1299.74951172 -375.198577881 -223.341674805 1740.31494141 -438.183959961 -484.952362061 1195.74987793 -375.193084717 -501.996063232 1740.31494141
0.0310080051422 8 -401.902526855 -67.1011352539 1515.43115234 -320.105621338 298.311096191 1701.43347168 -352.460205078 185.082565308 1472.95947266 -368.658996582 55.3093414307 1742.92919922 -417.588226318 -203.262741089 1294.82104492 -368.65914917 -223.345352173 1742.92919922 -465.541870117 -486.97845459 1191.80383301 -368.653656006 -501.999755859 1742.92919922
0.035012960434 8 -405.883575439 -68.5163955688 1517.23266602 -315.294342041 296.145782471 1700.76464844 -357.434326172 183.635406494 1473.42480469 -361.248901367 52.8123016357 1743.3605957 -435.328613281 -149.53994751 1306.27246094 -361.249053955 -225.842391968 1743.3605957 -476.825622559 -435.96005249 1206.97851562 -361.243560791 -504.496765137 1743.3605957
0.0311679840088 8 -408.203063965 -72.2241973877 1518.40087891 -312.171936035 291.587890625 1699.91235352 -364.992889404 180.717453003 1473.85754395 -351.900787354 48.1371002197 1742.39562988 -449.172637939 -116.494400024 1315.68164062 -351.900939941 -230.517593384 1742.39562988 -487.049835205 -402.998352051 1214.43920898 -351.895446777 -509.17199707 1742.39562988
0.0316851139069 8 -410.148986816 -69.1314926147 1520.56530762 -312.819671631 296.18548584 1700.42102051 -377.7293396 185.5027771 1477.16967773 -342.033905029 50.1947784424 1741.68554688 -463.65045166 -81.0401000977 1327.37243652 -342.034057617 -228.459915161 1741.68554688 -491.194274902 -367.629333496 1223.18774414 -342.028564453 -507.114318848 1741.68554688
0.0355548858643 8 -412.31829834 -72.0143737793 1521.08496094 -310.768280029 295.14666748 1695.69189453 -385.439819336 182.915863037 1475.28540039 -335.021606445 48.9146881104 1738.36499023 -476.944519043 -53.9722442627 1338.7088623 -335.021759033 -229.740005493 1738.36499023 -492.898742676 -339.386108398 1229.29284668 -335.016265869 -508.39440918 1738.36499023
0.0317661762238 8 -413.683105469 -74.5656433105 1520.7355957 -306.762329102 292.978881836 1690.32958984 -390.387451172 180.515625 1473.38586426 -328.383850098 47.1844482422 1734.63244629 -487.87878418 -49.4236755371 1342.39916992 -328.384002686 -231.470245361 1734.63244629 -494.37512207 -332.86819458 1227.03320312 -328.378509521 -510.124633789 1734.63244629
0.031368970871 8 -414.78704834 -74.8340606689 1521.73535156 -309.907989502 295.226379395 1688.10388184 -396.49331665 180.591278076 1473.58154297 -325.976593018 48.3322143555 1733.48535156 -495.170318604 -48.9479064941 1344.19677734 -325.976745605 -230.322479248 1733.48535156 -493.559753418 -330.964813232 1225.01196289 -325.971252441 -508.976867676 1733.48535156
0.0352058410645 8 -415.413024902 -75.0045013428 1522.81665039 -309.172424316 295.669494629 1689.50109863 -401.012756348 181.03894043 1476.359375 -323.126831055 47.386505127 1733.59472656 -499.882080078 -48.4766693115 1345.91394043 -323.126983643 -231.268188477 1733.59472656 -490.755828857 -329.498962402 1224.55163574 -323.121490479 -509.922576904 1733.59472656
0.0320081710815 8 -416.508178711 -74.8682632446 1523.09606934 -309.052246094 295.934143066 1690.20874023 -404.659698486 181.626174927 1478.22924805 -320.839263916 46.5571289062 1732.96728516 -504.172210693 -41.7331695557 1350.91906738 -320.839416504 -232.097564697 1732.96728516 -486.483215332 -321.322814941 1227.2019043 -320.83392334 -510.751953125 1732.96728516
0.031466960907 8 -417.523620605 -76.1693725586 1521.38220215 -309.742645264 295.629852295 1687.5592041 -407.929656982 180.527801514 1476.97998047 -319.352386475 45.2889709473 1730.10961914 -503.921325684 -34.8387451172 1353.9407959 -319.352539062 -233.365722656 1730.10961914 -483.024414062 -314.566375732 1230.7454834 -319.347045898 -512.020141602 1730.10961914
0.0357539653778 8 -416.854309082 -77.0124206543 1520.62023926 -310.639251709 295.722625732 1686.22216797 -409.965393066 179.739349365 1475.93200684 -318.292785645 45.4997253418 1728.56774902 -505.3878479 -31.1296386719 1355.42932129 -318.292938232 -233.154968262 1728.56774902 -478.298248291 -310.940429688 1233.61071777 -318.287445068 -511.809356689 1728.56774902
0.031909942627 8 -416.436462402 -78.1876754761 1519.86547852 -313.110626221 295.488494873 1686.06335449 -410.637451172 178.545776367 1474.84375 -319.563537598 45.0921783447 1728.16845703 -505.58706665 -33.7201385498 1354.56445312 -319.563690186 -233.562515259 1728.16845703 -472.696746826 -313.056640625 1233.04675293 -319.558197021 -512.216918945 1728.16845703
0.0325829982758 8 -416.464447021 -76.9399185181 1520.72644043 -312.575592041 296.980041504 1685.89978027 -410.888824463 179.77355957 1475.49975586 -319.570098877 46.5680084229 1728.89794922 -503.714874268 -33.570892334 1354.09179688 -319.570251465 -232.086685181 1728.89794922 -467.190338135 -312.931671143 1233.57116699 -319.564758301 -510.741088867 1728.89794922
0.0360851287842 8 -415.443603516 -76.1188049316 1520.82055664 -314.948181152 297.977233887 1686.4074707 -409.715515137 180.487609863 1475.00976562 -320.729064941 48.0163269043 1729.62109375 -501.116149902 -34.4339447021 1353.57202148 -320.729217529 -230.638366699 1729.62109375 -461.09664917 -314.026733398 1234.66186523 -320.723724365 -509.292755127 1729.62109375
0.032045841217 8 -415.230102539 -75.5372314453 1520.02905273 -314.46661377 297.39642334 1685.66174316 -408.707885742 181.101806641 1474.48669434 -321.410888672 48.2057495117 1729.47033691 -499.43157959 -35.833984375 1352.50354004 -321.41104126 -230.448944092 1729.47033691 -456.494232178 -315.158081055 1233.92980957 -321.405548096 -509.10333252 1729.47033691
0.0359301567078 8 -414.616546631 -73.9745788574 1519.39233398 -312.317260742 298.085601807 1686.28649902 -406.286102295 182.815567017 1475.03735352 -321.443084717 48.2837677002 1729.98510742 -497.856719971 -32.2928771973 1352.58508301 -321.443237305 -230.370925903 1729.98510742 -454.365692139 -311.861999512 1234.73486328 -321.437744141 -509.02532959 1729.98510742
0.0364480018616 8 -414.408325195 -73.0265350342 1516.1315918 -313.894439697 297.958465576 1685.1003418 -405.011077881 183.764602661 1471.99682617 -323.228790283 48.9229278564 1727.7734375 -495.028930664 -29.8852539062 1352.15136719 -323.228942871 -229.731765747 1727.7734375 -453.265716553 -310.112945557 1235.22912598 -323.223449707 -508.386169434 1727.7734375
0.0310928821564 8 -413.321716309 -72.1423034668 1514.10009766 -314.283416748 299.042144775 1685.01672363 -404.089660645 184.821289062 1470.92785645 -323.264526367 49.1665344238 1726.59240723 -490.750823975 -24.6696929932 1351.61694336 -323.264678955 -229.48815918 1726.59240723 -451.414001465 -305.798583984 1236.03479004 -323.259185791 -508.142547607 1726.59240723
0.0353701114655 8 -412.663299561 -72.1529541016 1512.06091309 -312.165100098 297.521728516 1684.45593262 -400.011505127 184.680145264 1469.06982422 -324.984283447 48.2628479004 1726.03222656 -490.035339355 -22.279586792 1350.80883789 -324.984436035 -230.391845703 1726.03222656 -448.477233887 -303.147094727 1235.35900879 -324.978942871 -509.046234131 1726.03222656
0.0313398838043 8 -411.37210083 -74.9695587158 1511.30664062 -311.805908203 295.277648926 1684.18664551 -394.463928223 181.328216553 1466.8215332 -328.724914551 46.168182373 1726.82519531 -486.873931885 -13.842956543 1352.79882812 -328.725067139 -232.48651123 1726.82519531 -447.001312256 -294.755950928 1236.85302734 -328.719573975 -511.140899658 1726.82519531
0.0314359664917 8 -410.227996826 -76.0551605225 1511.59594727 -313.611450195 295.792419434 1684.56140137 -390.298583984 179.705337524 1465.36779785 -332.736083984 46.4514007568 1728.23986816 -483.884094238 -16.9197540283 1350.4822998 -332.736236572 -232.203292847 1728.23986816 -445.380859375 -297.657531738 1233.64440918 -332.730743408 -510.857666016 1728.23986816
0.0352871417999 8 -408.927947998 -74.7658233643 1511.33325195 -313.929412842 297.492370605 1684.73486328 -388.998535156 180.97984314 1464.83984375 -332.923950195 48.0924835205 1728.34399414 -480.669189453 -19.7966766357 1347.77026367 -332.924102783 -230.562210083 1728.34399414 -443.729003906 -301.05682373 1231.68505859 -332.918609619 -509.21661377 1728.34399414
