0.0353939533234 8 576.201293945 -148.601348877 1425.97692871 588.557067871 141.82043457 1627.83459473 576.032104492 -43.8747634888 1540.05639648 629.481323242 -14.5329971313 1369.68652344 514.411010742 -142.704833984 1675.67675781 658.462280273 -196.308074951 1286.9197998 477.237121582 -317.51385498 1501.65063477 587.036682129 -395.202758789 1181.46459961
0.0325319766998 8 576.20513916 -147.098175049 1427.28796387 587.767150879 143.022521973 1627.90869141 576.209411621 -42.1786880493 1544.11413574 629.919616699 -13.2261734009 1365.24475098 512.649902344 -142.694274902 1678.78833008 660.676513672 -197.345245361 1287.48742676 475.54876709 -315.542114258 1496.49316406 587.440002441 -396.973999023 1179.43286133
0.0297789573669 8 574.980651855 -147.708969116 1429.64050293 587.162963867 142.913452148 1627.67712402 578.122924805 -55.0087661743 1577.1932373 625.038330078 -11.2047271729 1333.53796387 503.863891602 -138.693054199 1676.14086914 669.328552246 -198.804595947 1292.42578125 465.555664062 -317.370941162 1492.77624512 594.843933105 -395.104095459 1178.84460449
0.0355851650238 8 575.733154297 -145.123901367 1431.70483398 586.665222168 142.768768311 1627.73828125 579.670410156 -54.7895050049 1590.24060059 625.982910156 -5.9867401123 1324.8170166 501.873626709 -137.268814087 1675.4699707 671.840576172 -202.665344238 1291.98779297 463.503540039 -316.248199463 1495.03161621 595.880493164 -394.580841064 1175.56665039
0.0306038856506 8 575.519714355 -142.720428467 1432.1685791 585.72454834 142.585723877 1627.99572754 580.104492188 -53.4508056641 1596.22705078 625.340087891 -2.76278686523 1318.87744141 499.472320557 -136.500549316 1674.79980469 665.921325684 -169.983047485 1315.74365234 439.208312988 -304.33493042 1513.57397461 599.699890137 -390.689819336 1176.56140137
0.0316119194031 8 574.371826172 -139.67817688 1429.8762207 584.540344238 144.211853027 1628.8729248 577.856933594 -46.0244369507 1587.39538574 624.628051758 -3.52687835693 1317.92810059 497.211669922 -132.617858887 1676.25524902 662.151184082 -156.891571045 1329.86914062 446.524658203 -306.487792969 1508.2520752 600.951904297 -377.958190918 1183.43859863
0.0355091094971 8 575.70123291 -143.027664185 1429.50476074 582.712463379 147.748062134 1630.48498535 576.588256836 -52.1819610596 1587.8013916 631.701904297 -8.59148406982 1319.49475098 496.794372559 -140.130264282 1676.0255127 660.415588379 -160.401885986 1320.87097168 449.41293335 -316.679504395 1508.40100098 595.671508789 -380.43081665 1171.03271484
0.0316350460052 8 574.828979492 -139.334365845 1427.90441895 583.049621582 148.380096436 1630.81933594 575.295898438 -42.455619812 1580.17004395 630.482543945 -4.7661895752 1321.3001709 499.136566162 -140.536499023 1677.05627441 657.110656738 -164.779754639 1314.37316895 460.705657959 -327.125732422 1499.40563965 595.786499023 -382.299194336 1171.22607422
0.031632900238 8 574.62878418 -141.789962769 1431.32983398 582.739379883 149.334472656 1630.60705566 571.961853027 -51.3293380737 1575.00634766 634.38104248 -10.5025939941 1341.74023438 498.680145264 -156.901855469 1678.68127441 672.648986816 -172.793991089 1305.43359375 460.253814697 -336.164550781 1504.94592285 597.768737793 -370.473754883 1166.51184082
0.0357360839844 8 574.486938477 -145.130386353 1427.48779297 582.58581543 149.471801758 1629.84680176 570.104492188 -57.7080917358 1571.06835938 637.32824707 -13.8666000366 1343.23876953 498.866973877 -164.992080688 1681.53833008 680.939208984 -178.287139893 1297.71777344 458.716400146 -349.890136719 1503.9765625 601.489501953 -360.305236816 1166.78601074
0.0317800045013 8 573.324279785 -148.524230957 1427.7845459 582.093933105 150.366271973 1629.3125 567.673217773 -63.6209793091 1570.55505371 637.878051758 -19.9140090942 1344.62194824 504.405334473 -116.380828857 1708.96923828 683.570739746 -195.304138184 1294.18103027 450.74899292 -359.990692139 1517.99890137 602.566101074 -357.243164062 1169.31921387
0.031672000885 8 572.455566406 -154.655639648 1431.13720703 581.276794434 151.466888428 1629.50317383 563.252868652 -80.2436141968 1575.66662598 637.355529785 -29.0622177124 1350.36120605 504.06652832 -112.850723267 1714.40930176 685.853942871 -210.402435303 1295.71850586 452.435974121 -351.369415283 1520.84094238 601.859191895 -364.318847656 1170.62072754
0.0365040302277 8 572.810058594 -156.482833862 1434.17749023 579.88885498 152.992980957 1630.99938965 564.863342285 -89.073677063 1586.54956055 637.504699707 -27.3044509888 1350.80004883 502.571899414 -110.742904663 1708.66601562 686.253417969 -215.659942627 1298.17529297 449.451019287 -343.888153076 1515.23120117 606.884277344 -366.112670898 1180.74963379
0.0307478904724 8 570.812133789 -150.933746338 1433.45495605 579.08392334 153.866363525 1632.09741211 563.700500488 -76.7350082397 1588.18188477 631.671813965 -16.0682373047 1346.25585938 504.792297363 -103.100723267 1708.85107422 679.407531738 -195.545120239 1299.08557129 451.352630615 -332.38671875 1520.52038574 604.709289551 -376.733032227 1180.65820312
0.032436132431 8 568.566040039 -145.831771851 1421.55517578 578.281677246 154.721115112 1632.84960938 563.650634766 -49.3130493164 1550.04382324 622.27355957 -21.1206970215 1335.4630127 511.062988281 -96.7716217041 1712.29748535 674.157775879 -213.912628174 1294.75402832 456.805328369 -324.957366943 1524.06237793 597.442932129 -388.895019531 1177.48327637
0.0350937843323 8 569.604309082 -146.617736816 1418.36193848 577.623596191 154.943511963 1633.76489258 565.633361816 -44.2431564331 1537.93518066 623.400939941 -23.8005905151 1335.80383301 515.686157227 -111.334884644 1687.46728516 674.480773926 -211.582702637 1294.23352051 455.45401001 -327.836029053 1529.64086914 593.240600586 -392.390777588 1174.27978516
0.0358190536499 8 567.708557129 -145.250762939 1423.8079834 577.002319336 155.524398804 1634.4753418 555.268737793 -43.271987915 1558.11437988 621.635437012 -16.6122589111 1328.22277832 512.927734375 -142.325195312 1685.97180176 674.572021484 -197.49609375 1292.99572754 455.165710449 -341.422485352 1533.80200195 592.676208496 -379.79019165 1174.33837891
0.0322721004486 8 572.791687012 -144.271911621 1420.03173828 576.404785156 155.995986938 1634.42138672 565.804931641 -36.0464630127 1544.33740234 631.657226562 -21.2916412354 1327.16601562 506.573883057 -170.276123047 1668.58154297 680.379089355 -187.747177124 1289.42785645 448.762573242 -351.782836914 1541.41699219 602.317382812 -358.491241455 1169.00915527
0.0351400375366 8 576.174499512 -151.088470459 1424.49450684 576.934997559 155.557067871 1634.55651855 564.274841309 -45.2924423218 1553.61889648 637.855041504 -32.9113082886 1323.31616211 499.851409912 -186.438446045 1680.8894043 687.51751709 -171.606628418 1284.97387695 441.989929199 -368.895202637 1545.24902344 609.450317383 -347.570251465 1158.1036377
0.0310478210449 8 578.085876465 -158.122695923 1417.50891113 577.751281738 154.959442139 1633.99914551 573.711181641 -48.2321166992 1521.66137695 636.485717773 -50.4812011719 1328.37158203 500.007080078 -172.176101685 1665.05908203 685.541809082 -187.85899353 1295.00585938 444.610809326 -350.672180176 1542.58752441 610.069885254 -365.379882812 1165.90966797
0.0348720550537 8 574.798950195 -154.128448486 1419.43701172 578.00793457 154.101806641 1633.484375 577.048400879 -46.9395141602 1505.44604492 624.616760254 -42.8587036133 1355.96069336 498.155334473 -171.148300171 1654.48046875 683.987121582 -195.75428772 1295.57080078 458.065460205 -354.897766113 1501.25183105 610.66809082 -368.457550049 1166.04528809
0.0445709228516 8 574.154846191 -149.141296387 1417.45800781 578.444274902 153.212768555 1632.85986328 576.047851562 -36.7960586548 1492.68725586 621.792358398 -35.6145401001 1361.54077148 503.615081787 -160.572113037 1648.31262207 675.999023438 -210.427307129 1297.69848633 467.62121582 -348.527435303 1493.93493652 605.117248535 -372.845794678 1171.09936523
0.0282070636749 8 573.732543945 -143.373260498 1419.52539062 578.715820312 152.879394531 1632.11962891 576.625183105 -35.3983383179 1492.71411133 619.893493652 -35.4818954468 1362.49829102 501.094299316 -155.280029297 1648.01745605 673.993591309 -211.261016846 1300.25939941 469.964660645 -328.897735596 1489.74291992 604.506164551 -371.152099609 1177.02075195
0.0294740200043 8 576.408935547 -141.78527832 1434.3371582 578.74230957 153.195983887 1631.66308594 556.808837891 -32.0686035156 1514.44543457 627.061035156 -34.7705993652 1364.90100098 494.496307373 -153.509231567 1643.70300293 675.85949707 -213.744888306 1304.14172363 468.285797119 -328.31652832 1498.12426758 604.80670166 -381.329986572 1175.66223145
0.0353140830994 8 576.745483398 -140.395217896 1440.76025391 578.721008301 153.098388672 1631.29125977 542.594299316 -31.4837341309 1529.79833984 630.886291504 -29.9260864258 1364.46435547 495.624542236 -155.229492188 1643.58728027 674.694396973 -210.558792114 1304.38525391 468.247436523 -338.730712891 1485.24658203 602.456298828 -380.765869141 1175.22509766
0.0304799079895 8 573.097290039 -137.699798584 1440.30371094 579.845825195 149.978942871 1627.72290039 539.547119141 -33.6151351929 1546.16687012 630.802734375 -20.0122299194 1362.9354248 500.984771729 -167.008850098 1644.9543457 672.296081543 -203.46786499 1302.29492188 470.875732422 -343.440185547 1493.35632324 598.452514648 -372.467803955 1173.48059082
0.0315780639648 8 573.539916992 -136.941390991 1440.64379883 578.979309082 150.142883301 1627.70983887 544.922119141 -37.4578857422 1557.78833008 633.494140625 -14.915687561 1363.48217773 495.257781982 -203.342895508 1644.04785156 672.71472168 -201.776153564 1301.78405762 468.50604248 -346.657684326 1494.5814209 597.510009766 -370.557250977 1174.57763672
0.0374979972839 8 571.195739746 -139.613861084 1438.09326172 578.468200684 150.430496216 1627.71020508 542.731384277 -45.3519592285 1566.82299805 631.213439941 -16.4891967773 1351.4621582 491.664703369 -216.428939819 1644.70751953 676.821838379 -187.139389038 1301.23486328 432.013977051 -372.794494629 1534.00610352 600.812927246 -356.159362793 1175.23718262
0.0279738903046 8 567.355041504 -144.086807251 1433.00842285 578.297668457 150.648590088 1627.46984863 535.503295898 -59.6327438354 1585.9128418 635.310913086 -16.2761154175 1330.18286133 485.46005249 -240.592071533 1650.73486328 687.860717773 -172.163818359 1306.4744873 418.606384277 -412.130737305 1557.0579834 605.580993652 -319.115081787 1167.10327148
0.0316090583801 8 572.411682129 -147.29347229 1425.46252441 578.332336426 149.860702515 1627.83789062 556.366333008 -54.0321960449 1554.40539551 635.830444336 -37.0198974609 1328.51379395 486.486602783 -217.310409546 1650.01965332 687.672180176 -179.24130249 1301.06518555 414.597747803 -392.689331055 1559.60974121 603.879455566 -342.147399902 1160.41162109
0.0359780788422 8 573.665710449 -146.848861694 1426.83666992 578.041625977 149.595916748 1627.61083984 556.812072754 -54.2115402222 1565.81591797 642.43951416 -35.9630355835 1321.21777344 485.612701416 -230.303039551 1652.35205078 697.239624023 -149.616210938 1298.84570312 412.477935791 -401.894836426 1544.37316895 611.816650391 -326.615661621 1160.69580078
0.031772851944 8 571.475036621 -149.640365601 1427.78308105 577.566711426 149.939559937 1627.48205566 548.98260498 -61.586730957 1573.15161133 643.044006348 -39.1683654785 1317.94213867 485.807067871 -231.003982544 1650.98901367 696.717834473 -134.973175049 1304.06567383 450.119781494 -387.351409912 1503.9597168 608.714599609 -328.036376953 1155.41894531
0.0317611694336 8 573.028930664 -157.098739624 1429.46960449 577.598876953 150.459075928 1627.22155762 555.386230469 -81.0834503174 1584.38500977 649.791381836 -45.6895599365 1320.91650391 481.33380127 -225.968841553 1643.31140137 700.11505127 -142.676757812 1309.23120117 442.88671875 -385.917022705 1500.37683105 612.223388672 -332.924621582 1160.38317871
0.0355608463287 8 576.475158691 -162.397232056 1431.80310059 577.444458008 150.521240234 1627.40429688 552.130310059 -77.2451705933 1585.29711914 653.214904785 -51.6033554077 1316.73999023 479.539276123 -210.176147461 1660.47412109 699.726989746 -148.881393433 1308.78491211 439.937255859 -377.476745605 1499.3795166 615.77355957 -335.081054688 1163.16247559
0.0318601131439 8 580.619995117 -162.510864258 1424.37536621 577.667236328 150.486053467 1627.53564453 556.059448242 -84.9570159912 1584.71569824 650.604003906 -40.1714935303 1312.74182129 482.150604248 -220.502853394 1662.82141113 697.252868652 -137.875030518 1307.58190918 442.270843506 -393.942108154 1504.36535645 615.573303223 -318.150878906 1163.67041016
0.0327689647675 8 577.881286621 -164.313262939 1419.99438477 578.318237305 150.653503418 1627.37133789 555.154418945 -83.0781021118 1577.33239746 652.107055664 -43.3809280396 1311.65856934 483.739562988 -205.856994629 1667.00097656 697.846252441 -139.556991577 1306.63928223 441.127075195 -385.284790039 1501.64587402 617.258178711 -315.51083374 1165.55163574
0.0364339351654 8 574.649108887 -161.015106201 1417.25146484 578.668457031 150.662322998 1626.91064453 547.079284668 -74.9883041382 1577.88464355 652.191223145 -36.4227523804 1305.77258301 489.632873535 -211.961242676 1672.1105957 696.506469727 -131.648422241 1302.35705566 416.460601807 -415.296661377 1510.45288086 615.817016602 -308.722320557 1159.53771973
0.0310270786285 8 574.482055664 -162.454345703 1417.35412598 578.511230469 150.755935669 1626.17089844 546.761047363 -78.3634338379 1578.43383789 654.450378418 -38.5194702148 1307.66601562 487.112365723 -218.653533936 1663.52514648 696.431396484 -131.381866455 1304.28857422 445.040435791 -401.136779785 1496.61755371 614.243041992 -315.70993042 1153.05090332
0.0318810939789 8 573.200927734 -162.069961548 1414.20324707 578.551818848 151.006225586 1625.11804199 545.337341309 -74.9691085815 1568.94226074 652.139465332 -41.8814926147 1306.35900879 486.041870117 -214.747283936 1629.96325684 693.495300293 -135.21685791 1302.39770508 447.088348389 -395.741607666 1506.29797363 612.640625 -314.231872559 1152.99902344
0.0409908294678 8 573.124206543 -152.99156189 1419.25964355 578.787353516 151.360031128 1624.1003418 550.643127441 -58.3353424072 1557.30871582 643.456726074 -34.4044036865 1321.72497559 495.739105225 -197.31678772 1638.47094727 686.21295166 -156.747039795 1306.57849121 414.321472168 -390.677124023 1486.47900391 605.509277344 -333.360748291 1158.66601562
0.0298941135406 8 571.91217041 -147.517684937 1422.72436523 578.444702148 152.45904541 1623.70678711 551.708862305 -47.1979675293 1552.58251953 638.71105957 -28.3135375977 1329.64648438 500.537261963 -188.781677246 1644.84936523 682.334594727 -164.327758789 1307.48083496 454.610321045 -368.971313477 1500.14538574 600.073608398 -346.342407227 1158.40979004
0.0358259677887 8 575.456848145 -150.164581299 1414.3190918 578.233032227 154.144195557 1623.51513672 549.280334473 -62.7351913452 1558.4387207 639.657165527 -24.08959198 1319.01513672 529.213562012 -178.929382324 1667.68432617 683.869934082 -149.220275879 1301.15515137 461.572875977 -387.5597229 1503.78491211 607.431091309 -311.562133789 1174.30944824
0.0318520069122 8 575.713989258 -148.369430542 1414.76391602 577.900085449 154.81036377 1624.05847168 552.010375977 -62.0641860962 1557.89355469 635.351196289 -18.2130126953 1325.32617188 518.408569336 -190.757507324 1662.38195801 680.486328125 -147.999771118 1302.30773926 466.407714844 -385.377868652 1498.93395996 604.13659668 -326.273071289 1169.54187012
0.0312700271606 8 577.860351562 -146.043136597 1410.00378418 577.195251465 155.457458496 1624.73388672 562.345581055 -52.0481643677 1534.51342773 631.052612305 -23.4955215454 1327.96142578 507.605163574 -166.82043457 1663.92553711 676.199035645 -156.778930664 1299.7746582 468.331451416 -379.304504395 1499.54431152 602.139587402 -337.197509766 1168.34106445
0.0471620559692 8 580.463562012 -150.645614624 1412.2668457 576.686279297 155.603210449 1624.33886719 573.363037109 -60.897605896 1534.40710449 634.500732422 -29.0256881714 1339.38464355 501.872070312 -142.387817383 1658.90869141 675.455566406 -174.20614624 1300.28833008 467.259338379 -362.482025146 1491.62744141 607.244445801 -337.888061523 1182.77709961
0.0307428836823 8 580.912231445 -153.740432739 1412.06982422 576.275390625 155.311920166 1624.22790527 583.109375 -60.0554275513 1528.7947998 640.2578125 -34.0589981079 1344.53625488 505.354858398 -117.963973999 1691.34265137 680.83001709 -187.488464355 130