0.0296308994293 8 -422.390686035 -62.9178695679 1505.03027344 -354.315216064 309.302398682 1684.81640625 -416.471801758 194.453201294 1463.80029297 -359.059265137 59.7781066895 1726.18505859 -539.295654297 -5.43963623047 1407.28271484 -359.059417725 -218.876586914 1726.18505859 -418.626312256 -242.844619751 1255.63891602 -359.053924561 -497.530975342 1726.18505859
0.037682056427 8 -422.498443604 -62.3249588013 1504.58129883 -354.662322998 309.464355469 1684.89990234 -416.383544922 195.086303711 1463.57556152 -359.195861816 60.1252441406 1725.89099121 -537.727294922 -3.93772888184 1403.43444824 -359.196014404 -218.529449463 1725.89099121 -418.430725098 -243.81036377 1254.60595703 -359.19052124 -497.183837891 1725.89099121
0.0318880081177 8 -422.367645264 -62.463432312 1505.0970459 -356.794158936 310.086730957 1684.91186523 -414.540893555 194.734191895 1463.12414551 -362.487487793 60.7113342285 1726.9432373 -539.129150391 -3.69841003418 1406.90759277 -362.487640381 -217.943359375 1726.9432373 -419.899475098 -242.330108643 1256.00732422 -362.482147217 -496.597747803 1726.9432373
0.0321760177612 8 -421.961486816 -64.1483306885 1504.61755371 -356.753601074 310.083129883 1680.90686035 -413.925811768 192.593261719 1459.99768066 -363.020721436 61.3116607666 1725.42810059 -537.371459961 -8.75961303711 1401.27587891 -363.020874023 -217.343032837 1725.42810059 -416.756195068 -247.288635254 1251.28845215 -363.015380859 -495.997436523 1725.42810059
0.0359261035919 8 -422.109375 -64.1662139893 1506.40844727 -356.603942871 310.383789062 1682.90344238 -412.193572998 192.438354492 1461.34008789 -364.325531006 61.4074401855 1727.46826172 -538.87512207 -6.89407348633 1405.84130859 -364.325683594 -217.247253418 1727.46826172 -418.125305176 -244.521133423 1254.52124023 -364.32019043 -495.901641846 1727.46826172
0.0321099758148 8 -422.206298828 -64.184677124 1506.24682617 -357.339080811 310.004516602 1683.91149902 -412.875366211 192.590942383 1461.99499512 -364.333557129 60.7801208496 1727.63635254 -538.665405273 -7.45283508301 1404.83825684 -364.333709717 -217.874572754 1727.63635254 -418.53527832 -245.40385437 1253.51977539 -364.328216553 -496.528961182 1727.63635254
0.0318768024445 8 -421.872436523 -63.9868812561 1506.50830078 -357.56060791 310.315429688 1683.90563965 -413.382720947 192.82661438 1462.28369141 -363.460784912 61.0732879639 1727.70703125 -539.890258789 -3.52549743652 1408.38842773 -363.4609375 -217.58140564 1727.70703125 -419.657226562 -241.03527832 1256.45275879 -363.455444336 -496.235778809 1727.70703125
0.0361371040344 8 -422.063842773 -65.575630188 1503.6998291 -356.230560303 308.037780762 1680.90148926 -411.843994141 191.104812622 1459.07055664 -363.705871582 59.5047912598 1724.90136719 -538.034423828 -9.89268493652 1401.87963867 -363.70602417 -219.149902344 1724.90136719 -415.988433838 -247.450057983 1251.48486328 -363.700531006 -497.804290771 1724.90136719
0.0319221019745 8 -422.825622559 -64.0771789551 1504.78442383 -357.950714111 309.366760254 1682.40588379 -413.704528809 192.743667603 1460.72021484 -364.43359375 60.7214202881 1726.13769531 -536.027832031 -12.0217132568 1399.05310059 -364.433746338 -217.933273315 1726.13769531 -415.62286377 -251.386108398 1250.22485352 -364.428253174 -496.587646484 1726.13769531
0.0321400165558 8 -422.365447998 -64.7009277344 1504.13989258 -359.046295166 308.556610107 1683.65759277 -414.556640625 192.384338379 1461.39782715 -363.87310791 59.2027740479 1725.96643066 -536.84753418 -7.66728210449 1403.24291992 -363.873260498 -219.451919556 1725.96643066 -419.299743652 -247.516036987 1252.93310547 -363.867767334 -498.106323242 1725.96643066
0.0360219478607 8 -422.621246338 -64.6667785645 1501.75292969 -359.085723877 309.062164307 1680.77966309 -416.997711182 192.491333008 1459.1348877 -362.344146729 59.4669342041 1722.9666748 -537.231445312 -10.0824890137 1401.9901123 -362.344299316 -219.187759399 1722.9666748 -418.550018311 -248.910461426 1250.92956543 -362.338806152 -497.842163086 1722.9666748
0.0319130420685 8 -422.063049316 -63.8422470093 1503.09326172 -359.141174316 310.51473999 1682.34863281 -417.32699585 193.413513184 1460.93066406 -361.555023193 60.0613250732 1724.37841797 -538.214477539 -12.6792755127 1402.10253906 -361.555175781 -218.59336853 1724.37841797 -417.111846924 -250.102081299 1250.75634766 -361.549682617 -497.247741699 1724.37841797
0.0321209430695 8 -420.798309326 -63.3961029053 1502.63330078 -358.684265137 310.371154785 1683.62426758 -418.144195557 194.073471069 1461.6348877 -358.984039307 59.8840484619 1723.90075684 -539.34576416 -9.15940856934 1405.60095215 -358.984191895 -218.770645142 1723.90075684 -418.709960938 -246.253982544 1253.35144043 -358.97869873 -497.425048828 1723.90075684
0.0358228683472 8 -421.519714355 -64.4053955078 1500.89135742 -358.699127197 309.628631592 1680.76452637 -416.300537109 192.823059082 1458.68334961 -361.634765625 59.4952392578 1722.33544922 -538.96105957 -10.6682434082 1403.82531738 -361.634918213 -219.159454346 1722.33544922 -417.92388916 -247.499328613 1251.47229004 -361.629425049 -497.813842773 1722.33544922
0.0364460945129 8 -421.975463867 -66.4890823364 1500.38757324 -358.48425293 307.178314209 1679.33300781 -414.843414307 190.625366211 1457.74304199 -363.118438721 57.4612579346 1722.0838623 -539.538085938 -7.9792175293 1406.7401123 -363.118591309 -221.193435669 1722.0838623 -419.224975586 -245.013504028 1254.12512207 -363.113098145 -499.847839355 1722.0838623
0.0320780277252 8 -422.236450195 -65.3699951172 1504.2409668 -358.458343506 309.404266357 1682.10949707 -414.622192383 191.550292969 1460.49768066 -363.695007324 59.4421234131 1725.54187012 -538.136169434 -11.1170959473 1402.94946289 -363.695159912 -219.21257019 1725.54187012 -417.500030518 -248.792053223 1251.59326172 -363.689666748 -497.866943359 1725.54187012
0.0355570316315 8 -422.189697266 -64.7589263916 1504.56689453 -358.869049072 309.502990723 1683.51989746 -415.1456604 192.315322876 1461.62084961 -363.610748291 59.4690093994 1726.19018555 -533.177734375 -11.3948974609 1394.86291504 -363.610900879 -219.185684204 1726.19018555 -416.391906738 -254.593978882 1249.65612793 -363.605407715 -497.840087891 1726.19018555
0.0310649871826 8 -421.721008301 -65.044708252 1505.1907959 -359.109954834 309.753570557 1683.70788574 -415.65524292 191.997283936 1461.89501953 -362.823760986 59.6555480957 1726.46582031 -535.422912598 -6.14077758789 1401.1628418 -362.823913574 -218.999145508 1726.46582031 -419.269073486 -248.577590942 1254.05664062 -362.81842041 -497.653533936 1726.46582031
0.0314319133759 8 -421.702056885 -66.404510498 1501.95800781 -358.740234375 307.82220459 1680.80480957 -415.793426514 190.662353516 1458.78356934 -361.676055908 58.151260376 1723.01184082 -537.055419922 -2.36964416504 1405.24353027 -361.676208496 -220.503433228 1723.01184082 -420.9296875 -243.517471313 1255.95471191 -361.670715332 -499.157836914 1723.01184082
0.0353350639343 8 -422.218444824 -66.7491760254 1501.82116699 -357.960601807 308.645385742 1679.34143066 -416.348114014 190.213348389 1458.01977539 -361.762420654 58.3241271973 1722.46630859 -537.23059082 -8.16152954102 1402.75158691 -361.762573242 -220.330566406 1722.46630859 -417.683898926 -246.883178711 1252.28173828 -361.757080078 -498.984954834 1722.46630859
0.0317029953003 8 -421.766357422 -66.3319473267 1501.58325195 -358.920532227 308.650665283 1681.13305664 -416.058197021 190.778747559 1458.6418457 -362.053924561 58.0798339844 1722.8034668 -537.054443359 -11.1521148682 1401.48681641 -362.054077148 -220.574859619 1722.8034668 -416.599243164 -249.593093872 1251.2434082 -362.048583984 -499.229248047 1722.8034668
0.0357220172882 8 -420.811279297 -66.3026504517 1500.41760254 -359.235015869 307.146972656 1682.52246094 -414.631011963 191.002716064 1458.75415039 -362.623565674 57.0071258545 1722.65332031 -537.027526855 -13.577835083 1400.28503418 -362.623718262 -221.647567749 1722.65332031 -415.559265137 -251.324417114 1249.73254395 -362.618225098 -500.301940918 1722.65332031
0.032949924469 8 -420.945281982 -65.5924987793 1501.42626953 -359.014282227 308.953033447 1679.71716309 -412.844512939 191.258056641 1457.43566895 -365.100311279 59.5323944092 1723.2322998 -537.807617188 -8.45062255859 1404.23815918 -365.100463867 -219.122299194 1723.2322998 -416.698303223 -245.335693359 1252.04162598 -365.094970703 -497.776672363 1723.2322998
0.0298719406128 8 -420.4375 -66.0794830322 1499.02856445 -358.478912354 307.411560059 1678.81091309 -410.454315186 190.754394531 1455.30688477 -366.355133057 58.6019897461 1721.52416992 -538.272583008 -3.29473876953 1406.40698242 -366.355285645 -220.052703857 1721.52416992 -416.617675781 -238.916656494 1252.69165039 -366.34979248 -498.707092285 1721.52416992
0.0360441207886 8 -419.661437988 -63.8349494934 1500.56079102 -360.0987854 309.674957275 1681.87609863 -407.729888916 193.042694092 1457.70812988 -370.281158447 60.1451263428 1724.51428223 -538.929382324 -5.63369750977 1407.63830566 -370.281311035 -218.509567261 1724.51428223 -411.635986328 -236.776687622 1251.87072754 -370.275817871 -497.16394043 1724.51428223
0.0321350097656 8 -418.349487305 -63.3922195435 1497.91430664 -360.295349121 308.369354248 1683.39685059 -406.387390137 193.875457764 1457.45166016 -370.738098145 58.5969696045 1723.34399414 -538.306213379 -13.210357666 1409.15466309 -370.738250732 -220.057723999 1723.34399414 -402.087280273 -237.810211182 1251.6796875 -370.732757568 -498.712097168 1723.34399414
0.0321340560913 8 -417.679840088 -61.8071365356 1497.1550293 -358.493682861 308.436401367 1684.65490723 -403.18081665 195.543701172 1458.12145996 -373.56539917 58.8548431396 1723.9979248 -539.894226074 -22.10105896 1414.71032715 -373.565551758 -219.799850464 1723.9979248 -390.960083008 -235.541503906 1253.95678711 -373.560058594 -498.454223633 1723.9979248
0.035717010498 8 -417.804992676 -60.936164856 1496.45605469 -358.554504395 308.81729126 1684.27709961 -402.663604736 196.465621948 1457.90710449 -375.7784729 59.3661499023 1723.90246582 -542.865966797 -35.0447998047 1420.5970459 -375.778625488 -219.288543701 1723.90246582 -374.976318359 -230.345108032 1257.06726074 -375.773132324 -497.942932129 1723.90246582
0.0322380065918 8 -414.20135498 -59.5810012817 1493.86425781 -357.999206543 308.721954346 1684.60144043 -397.094787598 197.827423096 1456.2755127 -376.562255859 60.0231781006 1722.43054199 -542.930358887 -46.078918457 1426.09753418 -376.562408447 -218.631515503 1722.43054199 -355.25402832 -221.70640564 1262.79760742 -376.556915283 -497.285888672 1722.43054199
0.0318968296051 8 -412.506469727 -59.3948707581 1493.66259766 -356.703857422 307.74029541 1684.76049805 -392.801818848 197.830322266 1456.17932129 -379.907470703 60.3385314941 1722.92028809 -548.427124023 -49.8281707764 1436.16394043 -379.907623291 -218.316162109 1722.92028809 -339.997558594 -205.121276855 1278.32995605 -379.902130127 -496.970550537 1722.92028809
0.0359859466553 8 -410.238006592 -59.4396820068 1494.92749023 -357.304290771 306.822814941 1684.87414551 -383.65914917 196.878875732 1456.3984375 -388.095428467 62.1348342896 1724.31640625 -550.282531738 -58.5098114014 1439.66552734 -388.095581055 -216.519866943 1724.31640625 -319.286804199 -184.234085083 1289.30786133 -388.090087891 -495.174255371 1724.31640625
0.032210111618 8 -408.593383789 -59.3994903564 1496.796875 -359.425231934 307.523803711 1684.93115234 -375.840881348 195.815383911 1456.12646484 -396.287963867 65.276260376 1725.19506836 -550.620666504 -67.6406097412 1440.9909668 -396.288116455 -213.378433228 1725.19506836 -299.803619385 -162.590759277 1301.40930176 -396.282623291 -492.032836914 1725.19506836
0.031996011734 8 -407.973449707 -59.0060272217 1497.0949707 -359.859100342 306.76348877 1684.91564941 -367.685577393 195.053970337 1455.96044922 -403.434661865 67.4423065186 1724.80444336 -550.896728516 -77.53465271 1442.33642578 -403.434814453 -211.212387085 1724.80444336 -285.096069336 -141.975570679 1313.46191406 -403.429321289 -489.866760254 1724.80444336
0.0359609127045 8 -408.365142822 -62.3096733093 1499.50292969 -361.485900879 305.964416504 1684.92712402 -359.780303955 189.940002441 1456.64892578 -413.638153076 68.0590667725 1724.89770508 -356.924224854 -112.0859375 1376.10913086 -413.638305664 -210.595626831 1724.89770508 -128.601226807 -244.115036011 1330.24194336 -413.6328125 -489.25 1724.89770508
0.0320930480957 8 -409.529785156 -61.5444908142 1502.13769531 -362.633453369 306.410400391 1687.90368652 -353.167999268 189.102905273 1459.20202637 -421.969573975 71.1840667725 1725.90637207 -261.496795654 -126.531860352 1357.54663086 -421.969726562 -207.470626831 1725.90637207 -30.053817749 -288.803192139 1352.02441406 -421.964233398 -486.125 1725.90637207
0.031779050827 8 -410.180328369 -62.6077575684 1504.92089844 -362.865997314 305.327026367 1689.90002441 -342.209197998 185.274078369 1463.74047852 -434.329437256 73.6168518066 1725.42211914 -206.300582886 -126.765167236 1355.26708984 -434.329589844 -205.037841797 1725.42211914 37.2126922607 -304.236206055 1373.59301758 -434.32409668 -483.692230225 1725.42211914
0.0362079143524 8 -411.323730469 -59.8279495239 1506.01708984 -363.421539307 308.390930176 1690.38537598 -328.368682861 183.761657715 1468.73046875 -450.036895752 81.4811859131 1720.82055664 -199.895019531 -100.001190186 1362.06396484 -450.03704834 -197.17350769 1720.82055664 45.1720428467 -279.408447266 1379.08862305 -450.031555176 -475.827880859 1720.82055664
0.0319941043854 8 -412.74609375 -61.7470169067 1507.12036133 -364.790405273 306.846130371 1690.63647461 -319.836578369 178.727813721 1472.32348633 -461.260894775 83.6273651123 1717.3190918 -191.378585815 -84.741973877 1368.85632324 -461.261047363 -195.027328491 1717.3190918 55.304977417 -263.718261719 1387.65588379 -461.255554199 -473.68170166 1717.3190918
0.0317659378052 8 -413.180358887 -62.2432632446 1508.31738281 -365.784210205 306.315063477 1690.76342773 -314.142791748 176.296600342 1475.59350586 -467.696746826 85.3881912231 1715.71386719 -180.133453369 -76.5067138672 1375.42675781 -467.696899414 -193.26651001 1715.71386719 67.7718505859 -254.51675415 1396.50793457 -467.69140625 -471.920898438 1715.71386719
0.0361030101776 8 -411.681884766 -64.8144989014 1510.48181152 -366.69619751 305.819030762 1690.86083984 -307.120483398 171.551727295 1478.78344727 -474.293579102 87.2231750488 1712.40014648 -170.465866089 -72.7740783691 1381.76025391 -474.293731689 -191.431518555 1712.40014648 78.6275787354 -249.487960815 1403.94506836 -474.288238525 -470.085906982 1712.40014648
0.0320510864258 8 -409.685180664 -65.1750946045 1511.61938477 -366.038513184 305.862792969 1691.38659668 -299.181243896 168.896621704 1482.77172852 -479.060577393 90.0253448486 1708.93286133 -159.323287964 -71.3816833496 1387.29760742 -479.06072998 -188.629348755 1708.93286133 89.1541595459 -249.388763428 1408.01696777 -479.055236816 -467.283752441 1708.93286133
0.0319929122925 8 -408.987121582 -64.9136199951 1513.15270996 -366.534698486 304.899047852 1695.14172363 -294.790802002 167.881271362 1487.63623047 -482.391693115 90.9777069092 1708.58764648 -149.63822937 -71.9218139648 1391.84130859 -482.391845703 -187.676986694 1708.58764648 98.5856323242 -250.602828979 1410.81933594 -482.386352539 -466.331359863 1708.58764648
0.0358691215515 8 -408.992553711 -65.9526138306 1516.63037109 -367.634216309 305.225585938 1697.015625 -294.15423584 166.532852173 1490.29821777 -483.896179199 91.393371582 1710.44030762 -144.837051392 -72.3350219727 1395.76574707 -483.896331787 -187.261322021 1710.44030762 102.873352051 -251.953536987 1413.12585449 -483.890838623 -465.915710449 1710.44030762
0.0322577953339 8 -409.026306152 -67.0056381226 1519.92333984 -368.59753418 305.689331055 1697.94787598 -294.203643799 165.376617432 1492.19934082 -484.715789795 91.6870574951 1712.3861084 -142.584899902 -71.7944335938 1398.09802246 -484.715942383 -186.967636108 1712.3861084 104.077865601 -253.058914185 1413.32714844 -484.710449219 -465.622009277 1712.3861084
0.0328071117401 8 -409.148010254 -68.1679840088 1522.97314453 -370.323242188 306.886352539 1697.91491699 -295.781860352 164.644821167 1492.79418945 -484.229797363 91.3849639893 1714.98852539 -141.396011353 -71.5908355713 1398.87219238 -484.229949951 -187.269729614 1714.98852539 103.999847412 -254.777603149 1411.23803711 -484.224456787 -465.924133301 1714.98852539
0.0362329483032 8 -409.269714355 -62.8423995972 1522.45617676 -369.315948486 311.223480225 1698.89526367 -292.150390625 168.532806396 1495.91137695 -486.744567871 97.0124740601 1713.24389648 -142.660446167 -71.980178833 1398.58105469 -486.744720459 -181.642211914 1713.24389648 102.161178589 -255.97253418 1410.83728027 -486.739227295 -460.296600342 1713.24389648
0.0317809581757 8 -408.318756104 -60.9881896973 1521.98144531 -367.738342285 310.391845703 1700.89428711 -289.447692871 169.803192139 1498.12744141 -486.229003906 97.8798522949 1713.43579102 -145.066207886 -71.2389373779 1397.45422363 -486.229156494 -180.774841309 1713.43579102 98.6032714844 -256.491027832 1412.98071289 -486.22366333 -459.429229736 1713.43579102
0.0316321849823 8 -406.44519043 -59.8347740173 1522.6048584 -366.826293945 312.252746582 1699.89123535 -289.129821777 171.587921143 1497.08874512 -483.176635742 98.9144439697 1714.64978027 -148.017700195 -72.6775360107 1395.60449219 -483.17678833 -179.740249634 1714.64978027 94.321105957 -258.937683105 1417.51269531 -483.171295166 -458.39465332 1714.64978027
0.0421109199524 8 -405.003723145 -58.3305130005 1522.41259766 -364.073699951 312.445495605 1702.89794922 -288.124298096 173.435943604 1498.03210449 -480.117279053 98.4947662354 1716.66638184 -153.195770264 -74.6096191406 1393.73083496 -480.117431641 -180.159927368 1716.66638184 88.0399627686 -261.230438232 1422.91149902 -480.111938477 -458.814331055 1716.66638184
0.0304770469666 8 -405.717102051 -58.8941192627 1520.7097168 -365.47869873 310.505859375 1704.40197754 -289.116516113 173.233428955 1498.49438477 -481.186340332 96.0778503418 1716.31225586 -157.910369873 -77.4321746826 1392.23986816 -481.18649292 -182.576843262 1716.31225586 84.2519378662 -261.411682129 1429.07226562 -481.180999756 -461.231231689 1716.31225586
0.0303020477295 8 -406.48046875 -59.2938461304 1520.60144043 -367.004516602 311.147766113 1701.64331055 -291.57434082 173.437927246 1495.99194336 -480.899536133 96.2253265381 1716.17382812 -162.431671143 -80.4788970947 1390.48669434 -480.899688721 -182.429367065 1716.17382812 81.8625640869 -259.337249756 1436.48974609 -480.894195557 -461.083740234 1716.17382812
0.0350518226624 8 -404.205871582 -60.3532524109 1518.85424805 -364.745513916 310.851379395 1697.76391602 -291.806243896 173.244628906 1491.16662598 -476.62600708 95.4880447388 1714.90759277 -167.210845947 -82.3165435791 1388.30493164 -476.626159668 -183.166656494 1714.90759277 79.7331390381 -255.229095459 1442.04577637 -476.620666504 -461.821044922 1714.90759277
0.0314400196075 8 -402.704040527 -59.5060272217 1519.76928711 -363.95111084 312.465881348 1701.82775879 -293.611297607 175.585540771 1491.70239258 -472.198028564 93.7016296387 1718.90454102 -170.555877686 -85.7448120117 1385.32897949 -472.198181152 -184.953063965 1718.90454102 80.8367462158 -248.112960815 1449.10925293 -472.192687988 -463.607452393 1718.90454102
0.0311541557312 8 -400.59576416 -58.8756942749 1517.08813477 -362.477325439 313.033081055 1696.35388184 -294.726745605 177.377532959 1486.51208496 -467.980773926 93.9369888306 1717.2532959 -174.365234375 -85.022277832 1382.2253418 -467.980926514 -184.717712402 1717.2532959 81.7242431641 -235.550216675 1455.07519531 -467.97543335 -463.37210083 1717.2532959
0.0351438522339 8 -400.856994629 -60.900138855 1511.78198242 -362.703521729 309.615722656 1691.63623047 -294.940155029 175.456756592 1481.98449707 -468.822479248 91.443649292 1712.1385498 -173.973693848 -86.6126403809 1379.0168457 -468.822631836 -187.211044312 1712.1385498 87.0801391602 -222.038528442 1462.1081543 -468.817138672 -465.86541748 1712.1385498
0.0315320491791 8 -399.125915527 -63.0581550598 1509.38354492 -361.251464844 308.547729492 1688.76220703 -296.74609375 174.537414551 1477.32641602 -463.931030273 88.3091278076 1711.49487305 -170.451751709 -89.5611572266 1376.51647949 -463.931182861 -190.345565796 1711.49487305 96.259552002 -202.905853271 1471.54296875 -463.925689697 -468.999938965 1711.49487305
0.0320150852203 8 -401.277893066 -60.9046325684 1505.98974609 -362.065704346 308.882263184 1690.32910156 -297.318206787 176.445831299 1477.36181641 -466.646514893 88.472442627 1709.39990234 -169.001083374 -90.4802246094 1374.4230957 -466.64666748 -190.182250977 1709.39990234 102.664016724 -182.326599121 1477.81054688 -466.641174316 -468.836639404 1709.39990234
0.0359628200531 8 -401.606262207 -57.0212249756 1505.3314209 -361.979827881 310.403594971 1691.11169434 -295.807678223 179.810211182 1479.16943359 -468.624694824 91.796043396 1708.62597656 -169.985107422 -89.4795837402 1373.34692383 -468.624847412 -186.858642578 1708.62597656 105.267089844 -157.840377808 1484.60046387 -468.619354248 -465.513031006 1708.62597656
0.0320541858673 8 -403.8097229 -54.2377815247 1505.63354492 -363.159515381 311.236328125 1694.50488281 -296.589813232 182.236465454 1482.10974121 -471.258087158 93.1980438232 1709.79724121 -162.985153198 -88.2363433838 1373.67749023 -471.258239746 -185.45664978 1709.79724121 113.705337524 -130.034851074 1497.13586426 -471.252746582 -464.111022949 1709.79724121
0.0358629226685 8 -406.814056396 -52.2559356689 1502.64477539 -364.991546631 311.005432129 1693.19604492 -296.689849854 183.133483887 1481.92175293 -476.595123291 95.3129196167 1705.91516113 -167.278045654 -88.1889953613 1373.32763672 -476.595275879 -183.341766357 1705.91516113 109.895233154 -105.895507812 1499.90454102 -476.589782715 -461.996154785 1705.91516113
0.0320558547974 8 -408.050292969 -53.2904052734 1500.46508789 -364.863525391 308.998565674 1692.55529785 -297.29284668 181.899520874 1480.6628418 -477.614379883 93.7120513916 1704.2409668 -175.415649414 -85.3337554932 1372.85888672 -477.614532471 -184.942642212 1704.2409668 101.980285645 -84.3589706421 1500.36608887 -477.609039307 -463.597045898 1704.2409668
0.0319352149963 8 -409.444732666 -52.9600372314 1496.84204102 -365.976745605 309.119995117 1688.2253418 -296.12991333 181.133956909 1478.75891113 -481.792999268 95.23878479 1698.75769043 -183.266448975 -81.6403656006 1372.50939941 -481.793151855 -183.415908813 1698.75769043 93.9219360352 -68.5762023926 1500.69030762 -481.787658691 -462.0703125 1698.75769043
0.0359168052673 8 -409.255279541 -54.7488555908 1499.39794922 -368.037750244 309.452270508 1689.54980469 -299.678131104 180.752441406 1477.30102539 -479.091033936 93.7663497925 1701.93774414 -188.49331665 -77.2449951172 1373.51794434 -479.091186523 -184.888336182 1701.93774414 88.8693847656 -53.8251037598 1500.43164062 -479.085693359 -463.542724609 1701.93774414
0.0322141647339 8 -410.279296875 -54.6305236816 1499.30993652 -369.083312988 308.684265137 1690.72241211 -302.167938232 181.54347229 1476.95361328 -478.605316162 92.6698150635 1703.27075195 -170.253768921 -73.1227111816 1378.75805664 -478.60546875 -185.98487854 1703.27075195 103.030380249 -40.4768295288 1515.02539062 -478.599975586 -464.639282227 1703.27075195
0.0319650173187 8 -412.540649414 -56.3493804932 1500.6697998 -372.877288818 308.437255859 1690.30175781 -306.80770874 180.66494751 1475.91040039 -479.66317749 91.2779541016 1704.79931641 -170.74571228 -70.5205078125 1381.24609375 -479.663330078 -187.376739502 1704.79931641 101.963363647 -28.6327133179 1515.11303711 -479.657836914 -466.03112793 1704.79931641
0.0359609127045 8 -414.746124268 -57.3032684326 1499.2175293 -375.011535645 308.118804932 1687.6003418 -307.728668213 179.145111084 1474.55029297 -484.348846436 91.8779602051 1701.37915039 -157.881210327 -63.2673492432 1385.62463379 -484.348999023 -186.776733398 1701.37915039 112.116287231 -19.9610366821 1524.73852539 -484.343505859 -465.431121826 1701.37915039
0.0318388938904 8 -415.0809021 -59.1923065186 1502.53295898 -377.103607178 308.145935059 1689.2376709 -312.348266602 178.742523193 1474.46948242 -481.524230957 89.5445251465 1706.04467773 -146.424377441 -58.1201782227 1389.80737305 -481.524383545 -189.110168457 1706.04467773 120.55090332 -10.7800941467 1536.04724121 -481.518890381 -467.764556885 1706.04467773
0.0322780609131 8 -414.485321045 -58.4249649048 1503.93713379 -376.498840332 309.353912354 1691.56604004 -314.251739502 180.421325684 1474.52197266 -478.27822876 89.2785797119 1709.05541992 -152.051834106 -56.5648956299 1391.20837402 -478.278381348 -189.376113892 1709.05541992 115.217453003 -3.4522857666 1533.06152344 -478.272888184 -468.030517578 1709.05541992
0.0358300209045 8 -415.937072754 -58.9872322083 1504.90026855 -378.27911377 308.527923584 1691.72766113 -317.695068359 180.508834839 1473.96862793 -477.968078613 88.4349060059 1710.77722168 -143.525131226 -53.7801208496 1394.10217285 -477.968231201 -190.219787598 1710.77722168 121.364761353 0.998119354248 1540.10180664 -477.962738037 -468.874176025 1710.77722168
0.0320091247559 8 -416.938873291 -60.3181991577 1504.9473877 -379.666748047 307.992004395 1691.30773926 -322.488311768 180.390441895 1471.84838867 -475.469512939 86.1388702393 1712.50805664 -149.384994507 -52.0297698975 1395.40319824 -475.469665527 -192.515823364 1712.50805664 117.020370483 2.52313995361 1537.72399902 -475.464172363 -471.170227051 1712.50805664
0.0319888591766 8 -418.957397461 -60.5041847229 1505.82666016 -381.887176514 308.004882812 1691.59838867 -326.194763184 180.704101562 1471.46447754 -476.03692627 85.8043365479 1713.91955566 -143.692855835 -50.5127716064 1396.69897461 -476.037078857 -192.850357056 1713.91955566 122.134292603 1.00294113159 1544.17199707 -476.031585693 -471.504760742 1713.91955566
0.0358271598816 8 -420.277954102 -59.3983459473 1508.21655273 -383.237518311 309.017333984 1695.74536133 -329.011566162 182.358444214 1473.61694336 -476.25302124 86.1132965088 1717.18066406 -150.476501465 -49.7153015137 1396.77844238 -476.253173828 -192.541397095 1717.18066406 118.372589111 -9.03070831299 1539.70581055 -476.247680664 -471.195800781 1717.18066406
0.0321819782257 8 -422.864318848 -58.7116165161 1510.22167969 -386.100311279 311.81072998 1693.31384277 -331.962005615 182.697341919 1472.43383789 -477.906341553 89.0846557617 1717.81713867 -161.474502563 -50.5730438232 1395.18811035 -477.906494141 -189.570037842 1717.81713867 112.424331665 -20.1529636383 1529.37341309 -477.901000977 -468.22442627 1717.81713867
0.0320358276367 8 -423.390869141 -59.2566299438 1509.61499023 -387.175323486 311.842590332 1689.09313965 -332.691223145 181.948867798 1470.02685547 -478.240478516 89.9317626953 1716.27392578 -170.986923218 -52.5722808838 1392.85620117 -478.240631104 -188.722930908 1716.27392578 105.90486145 -39.5088157654 1522.40026855 -478.235137939 -467.377319336 1716.27392578
0.0358550548553 8 -423.248657227 -61.1186561584 1507.7923584 -385.872253418 308.690429688 1686.99658203 -332.455535889 180.048461914 1468.12194824 -477.443450928 87.980430603 1714.70031738 -174.718994141 -56.9472045898 1391.42553711 -477.443603516 -190.674255371 1714.70031738 104.938598633 -60.3941345215 1514.92004395 -477.438110352 -469.328643799 1714.70031738
0.0319669246674 8 -424.227355957 -59.9088745117 1507.70446777 -385.350189209 309.72958374 1689.93737793 -329.372039795 180.219055176 1471.60827637 -481.340057373 88.7990112305 1714.06774902 -167.336654663 -65.9608917236 1391.21020508 -481.340209961 -189.855682373 1714.06774902 113.911209106 -83.6667327881 1517.15844727 -481.334716797 -468.510070801 1714.06774902
0.0321381092072 8 -424.794647217 -58.8737716675 1503.93457031 -383.854248047 309.250793457 1687.90478516 -325.629943848 179.953674316 1471.04589844 -484.57409668 89.9261322021 1709.45507812 -162.149353027 -75.4654846191 1392.09985352 -484.574249268 -188.728561401 1709.45507812 119.682952881 -112.521316528 1513.34667969 -484.568756104 -467.38293457 1709.45507812
0.035924911499 8 -423.67388916 -59.3658752441 1503.52819824 -381.173614502 308.134246826 1687.40429688 -324.532348633 179.54460144 1470.97412109 -482.011413574 88.5892486572 1710.10229492 -168.294036865 -77.7187957764 1392.56884766 -482.011566162 -190.065444946 1710.10229492 110.805664062 -142.197998047 1500.96728516 -482.006072998 -468.719848633 1710.10229492
0.0320401191711 8 -424.979309082 -59.1716995239 1507.46582031 -382.149597168 309.875366211 1689.6427002 -324.845397949 179.193817139 1473.88256836 -483.664611816 90.222618103 1712.91650391 -176.487304688 -78.5932617188 1394.11791992 -483.664764404 -188.432067871 1712.91650391 98.0582580566 -171.445541382 1488.20361328 -483.65927124 -467.086456299 1712.91650391
0.0320310592651 8 -424.937011719 -60.0160827637 1507.34179688 -379.475769043 308.038208008 1690.77282715 -323.653991699 178.007171631 1474.75012207 -482.274963379 88.5589599609 1713.7713623 -182.258789062 -78.4187316895 1396.8848877 -482.275115967 -190.095733643 1713.7713623 86.4127197266 -196.187316895 1477.59216309 -482.269622803 -468.75012207 1713.7713623
0.0360238552094 8 -422.895019531 -64.034286499 1507.1940918 -375.338409424 305.843292236 1687.3223877 -318.480621338 172.395996094 1473.08068848 -480.675079346 87.5027694702 1711.30969238 -184.797607422 -79.4690704346 1400.75598145 -480.675231934 -191.151916504 1711.30969238 77.2886352539 -218.256362915 1469.10900879 -480.66973877 -469.806304932 1711.30969238
0.0321340560913 8 -423.170227051 -61.5095214844 1507.34521484 -370.967376709 307.253845215 1689.07922363 -313.222076416 172.768371582 1476.08239746 -481.942230225 90.6924057007 1710.64880371 -180.543899536 -82.7640075684 1405.3548584 -481.942382812 -187.962280273 1710.64880371 74.2546081543 -239.39730835 1463.24865723 -481.936889648 -466.616668701 1710.64880371
0.0318319797516 8 -421.446899414 -62.1385726929 1507.59057617 -367.040588379 305.125976562 1690.48132324 -308.863311768 171.162017822 1478.30175781 -480.093780518 89.6056976318 1711.29638672 -178.757797241 -85.0156860352 1409.91430664 -480.093933105 -189.048995972 1711.29638672 69.4439849854 -255.741027832 1457.73022461 -480.088439941 -467.703369141 1711.29638672
0.0356779098511 8 -419.968597412 -62.2982292175 1505.9440918 -361.967193604 303.88458252 1688.64916992 -300.089385986 167.65045166 1480.06359863 -482.510467529 92.3474578857 1706.16955566 -176.110137939 -88.3565063477 1413.74719238 -482.510620117 -186.307235718 1706.16955566 65.2760467529 -271.322631836 1452.02087402 -482.505126953 -464.961608887 1706.16955566
0.0318791866302 8 -417.923828125 -61.7279205322 1505.20507812 -355.550872803 304.645507812 1687.2401123 -292.562438965 165.476226807 1480.90441895 -480.718322754 94.804359436 1703.90588379 -172.171569824 -93.7615661621 1415.66833496 -480.718475342 -183.850341797 1703.90588379 66.2770843506 -281.958190918 1451.19909668 -480.712982178 -462.504730225 1703.90588379
0.0321338176727 8 -417.420562744 -63.3052597046 1500.6809082 -348.909881592 301.322875977 1682.48022461 -282.108428955 158.463851929 1481.90698242 -484.676483154 97.5685119629 1694.17358398 -169.800231934 -98.3539276123 1416.88562012 -484.676635742 -181.086181641 1694.17358398 63.4221191406 -294.077209473 1447.51416016 -484.671142578 -459.740570068 1694.17358398
0.0359292030334 8 -420.823455811 -60.8863372803 1503.04443359 -342.529937744 301.531555176 1682.52722168 -274.097259521 153.646347046 1487.54077148 -487.47354126 105.254867554 1692.11547852 -162.511322021 -107.304275513 1418.0880127 -487.473693848 -173.39982605 1692.11547852 69.4835357666 -304.936126709 1448.2734375 -487.468200684 -452.054199219 1692.11547852
0.0321309566498 8 -419.25680542 -65.7736740112 1502.12780762 -335.016326904 297.814025879 1679.17089844 -266.745697021 144.792892456 1486.72094727 -487.189941406 105.682952881 1686.03759766 -158.412078857 -112.675338745 1418.57885742 -487.190093994 -172.971740723 1686.03759766 70.2562713623 -314.560119629 1446.73803711 -487.18460083 -451.62612915 1686.03759766
0.0319948196411 8 -417.570770264 -67.0986022949 1502.12792969 -327.722167969 294.652404785 1681.4831543 -258.768310547 139.099822998 1490.9675293 -487.077575684 107.29473877 1682.72729492 -151.874160767 -121.401702881 1419.48999023 -487.077728271 -171.359954834 1682.72729492 77.0545196533 -323.08190918 1448.01428223 -487.072235107 -450.014343262 1682.72729492
0.0359010696411 8 -413.861480713 -68.8314361572 1501.81542969 -321.985839844 292.364685059 1682.66467285 -247.985595703 131.815231323 1498.17199707 -489.149719238 111.178207397 1674.19641113 -145.765808105 -125.85496521 1419.10192871 -489.149871826 -167.476486206 1674.19641113 82.2266235352 -328.456787109 1449.00268555 -489.144378662 -446.130859375 1674.19641113
0.0320711135864 8 -411.635437012 -69.8506240845 1500.38342285 -315.700592041 290.697570801 1680.23278809 -240.175491333 126.191673279 1499.92138672 -488.092834473 114.522850037 1667.69091797 -140.119445801 -130.551727295 1418.70141602 -488.092987061 -164.131835938 1667.69091797 89.5512084961 -331.073059082 1449.88110352 -488.087493896 -442.786224365 1667.69091797
0.0320498943329 8 -410.872192383 -75.5901641846 1504.26220703 -312.685119629 286.81640625 1678.56286621 -238.486602783 119.763900757 1500.22692871 -485.202789307 110.609695435 1670.6973877 -133.227355957 -135.938568115 1418.48071289 -485.202941895 -168.044998169 1670.6973877 99.5373840332 -332.208953857 1453.13439941 -485.19744873 -446.699401855 1670.6973877
0.0358121395111 8 -411.149871826 -73.6881713867 1504.84643555 -309.52331543 287.202636719 1681.20983887 -235.620880127 118.948936462 1502.4864502 -485.416351318 114.70917511 1668.90686035 -128.325576782 -139.901519775 1416.91223145 -485.416503906 -163.945526123 1668.90686035 109.645645142 -328.380554199 1457.5369873 -485.411010742 -442.599914551 1668.90686035
0.0320749282837 8 -411.318939209 -71.032913208 1507.69189453 -309.178253174 290.821105957 1686.05529785 -235.717910767 121.607398987 1505.09069824 -484.565368652 116.582023621 1673.18566895 -126.339317322 -140.337188721 1413.21276855 -484.56552124 -162.072662354 1673.18566895 116.756690979 -319.824279785 1462.12792969 -484.560028076 -440.727050781 1673.18566895
0.031996011734 8 -412.065704346 -72.484375 1504.31542969 -308.005249023 286.100402832 1685.98425293 -237.562545776 121.131965637 1500.72631836 -482.775878906 112.401573181 1673.9284668 -127.853317261 -138.156036377 1408.43579102 -482.776031494 -166.253112793 1673.9284668 122.162826538 -303.753540039 1467.97583008 -482.77053833 -444.907501221 1673.9284668
0.0359048843384 8 -411.366973877 -71.1721496582 1502.53137207 -306.67175293 286.318664551 1684.94152832 -237.159957886 122.748313904 1498.80249023 -481.713867188 113.080116272 1673.02880859 -126.826034546 -138.612823486 1404.43383789 -481.714019775 -165.574584961 1673.02880859 132.99571228 -279.067687988 1478.80993652 -481.708526611 -444.228973389 1673.02880859
0.0319631099701 8 -413.351135254 -73.0536422729 1507.88916016 -312.942138672 290.564880371 1687.84558105 -248.877960205 128.212661743 1493.22888184 -476.626617432 106.020324707 1685.94250488 -127.963157654 -136.302780151 1400.76916504 -476.62677002 -172.634368896 1685.94250488 140.424072266 -247.036880493 1489.64990234 -476.621276855 -451.288757324 1685.94250488
0.0360498428345 8 -415.103607178 -74.7087554932 1513.67016602 -317.742553711 291.567260742 1692.77709961 -264.420715332 135.462463379 1487.89147949 -467.577514648 96.662437439 1701.87219238 -131.924057007 -128.324676514 1398.82104492 -467.577667236 -181.992248535 1701.87219238 141.560256958 -208.478210449 1502.18835449 -467.572174072 -460.646636963 1701.87219238
0.0318741798401 8 -417.969970703 -74.5438537598 1518.47802734 -324.944641113 293.366943359 1694.25964355 -278.132720947 141.937316895 1484.23608398 -462.889923096 92.3829116821 1712.66479492 -131.838363647 -119.60925293 1398.39208984 -462.890075684 -186.271789551 1712.66479492 145.132217407 -165.429901123 1515.60778809 -462.88458252 -464.926177979 1712.66479492
0.0325119495392 8 -422.336883545 -72.8787384033 1523.97119141 -333.718139648 297.391235352 1699.01513672 -290.892364502 148.24911499 1484.8092041 -463.179046631 90.8739318848 1722.02575684 -131.358520508 -105.260238647 1401.66809082 -463.179199219 -187.780761719 1722.02575684 146.738891602 -123.308349609 1527.90966797 -463.173706055 -466.435150146 1722.02575684
0.0354700088501 8 -426.053771973 -72.0276031494 1526.10717773 -341.194061279 298.637420654 1698.89892578 -302.773071289 153.017669678 1482.09838867 -462.87121582 89.643196106 1726.82348633 -144.01953125 -88.9738616943 1404.75646973 -462.871368408 -189.011505127 1726.82348633 133.679321289 -81.0199661255 1530.93701172 -462.865875244 -467.665893555 1726.82348633
0.0320580005646 8 -427.403076172 -66.6229553223 1530.05224609 -348.250793457 303.510070801 1706.82641602 -314.715911865 163.73147583 1485.36938477 -458.546051025 88.6177902222 1736.66381836 -155.535171509 -72.648223877 1409.25561523 -458.546203613 -190.036895752 1736.66381836 121.397445679 -43.8541221619 1534.0369873 -458.540710449 -468.69128418 1736.66381836
0.0319519042969 8 -430.361572266 -62.4152107239 1530.6003418 -355.086730957 303.722045898 1710.83203125 -323.275024414 170.971343994 1487.02966309 -460.065185547 88.7200469971 1740.62609863 -164.566619873 -55.2371826172 1413.82421875 -460.065338135 -189.934646606 1740.62609863 110.914916992 -9.24978256226 1537.18640137 -460.059844971 -468.589050293 1740.62609863
0.0358309745789 8 -433.658630371 -59.1720504761 1530.25415039 -361.06652832 305.022613525 1712.32971191 -335.877349854 178.108169556 1486.06604004 -456.717681885 87.0324707031 1744.51550293 -170.864257812 -37.8507843018 1418.21350098 -456.717834473 -191.6222229 1744.51550293 103.495544434 17.9839096069 1541.09375 -456.712341309 -470.276611328 1744.51550293
0.0321300029755 8 -434.577667236 -57.8201370239 1525.25512695 -365.726348877 305.022888184 1709.08911133 -343.351013184 182.211761475 1481.46020508 -453.731994629 84.6410903931 1742.49536133 -172.335388184 -19.7593231201 1424.41699219 -453.732147217 -194.01361084 1742.49536133 101.448364258 43.1475639343 1545.88842773 -453.726654053 -472.667999268 1742.49536133
0.0321471691132 8 -435.679046631 -56.7345657349 1524.46313477 -370.600738525 304.697631836 1711.98376465 -347.569702148 184.874633789 1482.41162109 -454.439880371 82.9680023193 1743.63793945 -165.783126831 -1.99540710449 1430.93847656 -454.440032959 -195.686691284 1743.63793945 106.651046753 67.8458480835 1552.03393555 -454.434539795 -474.341064453 1743.63793945
0.0359899997711 8 -437.26171875 -53.9806213379 1524.46716309 -373.153442383 305.959869385 1712.94189453 -347.692871094 187.406600952 1483.85168457 -458.557006836 85.5005645752 1743.62756348 -154.526199341 11.4261474609 1438.62329102 -458.557159424 -193.154129028 1743.62756348 115.007827759 92.0309448242 1559.40551758 -458.55166626 -471.808532715 1743.62756348
0.0319018363953 8 -438.772583008 -53.7979660034 1523.74511719 -375.022583008 305.812744141 1712.92590332 -348.685150146 187.501434326 1483.48693848 -460.303131104 85.5030136108 1743.04699707 -144.42527771 23.7955780029 1445.06835938 -460.303283691 -193.151672363 1743.04699707 123.555557251 110.145507812 1565.64550781 -460.297790527 -471.806060791 1743.04699707
0.0319671630859 8 -440.678741455 -53.2367172241 1522.50976562 -378.213928223 305.93649292 1713.41625977 -351.352722168 188.556488037 1483.42248535 -462.469848633 84.83644104 1742.58166504 -130.534042358 34.9426879883 1450.8873291 -462.470001221 -193.818252563 1742.58166504 136.581283569 123.136871338 1572.32885742 -462.464508057 -472.47265625 1742.58166504
0.0361039638519 8 -441.978210449 -53.692440033 1523.67358398 -379.77331543 306.108886719 1713.65283203 -351.713775635 187.737335205 1484.42919922 -464.770050049 85.0925445557 1743.20751953 -122.613845825 40.5215759277 1453.50402832 -464.770202637 -193.562149048 1743.20751953 144.414718628 126.744438171 1576.67150879 -464.764709473 -472.216552734 1743.20751953
0.0319168567657 8 -441.950927734 -52.7238388062 1523.54943848 -381.178253174 306.809143066 1713.77636719 -351.336791992 188.659469604 1484.81201172 -466.93927002 86.4057617188 1742.62866211 -116.821075439 43.1147003174 1455.33557129 -466.939422607 -192.248931885 1742.62866211 150.584686279 127.760253906 1578.85986328 -466.933929443 -470.903320312 1742.62866211
0.0321621894836 8 -441.763702393 -57.1880378723 1526.89587402 -379.626159668 304.385925293 1714.33056641 -352.439025879 184.047271729 1484.52819824 -465.473632812 84.4356994629 1744.49353027 -117.206893921 37.836730957 1453.35290527 -465.4737854 -194.218994141 1744.49353027 152.288864136 119.616363525 1574.20898438 -465.468292236 -472.873382568 1744.49353027
0.0361578464508 8 -442.771789551 -57.6974029541 1528.02844238 -380.510131836 304.74822998 1714.10546875 -352.856231689 183.188919067 1484.85839844 -467.107147217 85.014541626 1744.85913086 -119.109451294 31.2169342041 1449.90356445 -467.107299805 -193.640151978 1744.85913086 152.066635132 107.939460754 1570.26513672 -467.101806641 -472.294555664 1744.85913086
0.0317561626434 8 -443.334533691 -57.6269607544 1528.49975586 -381.221618652 304.73324585 1714.0123291 -353.840148926 183.502166748 1485.76171875 -467.673339844 84.5740737915 1745.67553711 -124.009384155 20.2677764893 1445.44287109 -467.673492432 -194.080627441 1745.67553711 150.282302856 87.4572143555 1564.09472656 -467.667999268 -472.735015869 1745.67553711
0.0320229530334 8 -444.353240967 -57.5312957764 1529.93505859 -382.285339355 305.31149292 1713.95019531 -356.594482422 183.979949951 1485.79382324 -467.051940918 84.9465332031 1747.10388184 -131.965393066 8.19044494629 1439.34106445 -467.052093506 -193.7081604 1747.10388184 146.386077881 59.082447052 1555.6796875 -467.046600342 -472.362548828 1747.10388184
0.0360209941864 8 -442.951660156 -59.3059082031 1531.01745605 -380.751068115 305.402160645 1710.91833496 -356.793426514 182.164306641 1483.69287109 -463.877349854 85.0559387207 1747.10131836 -145.445007324 -5.15690612793 1431.90563965 -463.877502441 -193.598754883 1747.10131836 137.667327881 24.5156173706 1542.54443359 -463.872009277 -472.253143311 1747.10131836
0.031977891922 8 -441.217102051 -60.1298561096 1532.40234375 -378.117675781 305.845062256 1709.40112305 -355.410644531 180.969772339 1482.60546875 -461.023681641 86.0076446533 1747.3972168 -157.518676758 -20.6467132568 1425.44421387 -461.023834229 -192.64704895 1747.3972168 129.132995605 -8.6948299408 1530.0345459 -461.018341064 -471.301452637 1747.3972168
0.0319740772247 8 -440.887084961 -62.202041626 1533.00683594 -376.022399902 304.888366699 1707.64245605 -355.444702148 178.602142334 1481.17456055 -459.424560547 85.278717041 1747.20117188 -168.162063599 -34.566192627 1419.61584473 -459.424713135 -193.375976562 1747.20117188 120.578475952 -45.81224823 1517.15039062 -459.419219971 -472.03036499 1747.20117188
0.035835981369 8 -440.775421143 -64.0841827393 1532.14526367 -374.835083008 304.465789795 1703.26269531 -355.611450195 176.394363403 1478.36706543 -457.980163574 84.665145874 1745.57507324 -177.326065063 -45.3766021729 1414.77258301 -457.980316162 -193.989547729 1745.57507324 111.282333374 -81.8027496338 1505.19543457 -457.974822998 -472.643920898 1745.57507324
0.0321629047394 8 -438.405548096 -65.2868041992 1534.98266602 -370.709533691 305.173706055 1705.57348633 -349.315216064 173.761169434 1481.3079834 -458.896820068 85.4505844116 1746.69030762 -186.553421021 -54.8282318115 1411.1661377 -458.896972656 -193.204101562 1746.69030762 100.404037476 -114.868888855 1493.64880371 -458.891479492 -471.85848999 1746.69030762
0.0319731235504 8 -437.250671387 -67.3447570801 1536.38256836 -369.132324219 305.497955322 1703.23022461 -349.471923828 171.538040161 1479.86022949 -455.984558105 84.9973907471 1747.10876465 -190.289627075 -64.5732269287 1408.57202148 -455.984710693 -193.657302856 1747.10876465 92.6132965088 -148.382965088 1483.81689453 -455.979217529 -472.311706543 1747.10876465
0.036071062088 8 -433.768310547 -71.7858886719 1534.43823242 -367.372741699 304.158325195 1697.08935547 -340.270385742 164.701644897 1477.55114746 -460.349975586 85.1365814209 1740.7701416 -174.224227905 -83.3173522949 1408.79882812 -460.350128174 -193.518112183 1740.7701416 109.411056519 -183.754501343 1485.57995605 -460.34463501 -472.172485352 1740.7701416
0.0318949222565 8 -429.999450684 -75.6804656982 1532.26257324 -362.618682861 301.426818848 1690.98657227 -332.210449219 158.9375 1474.73266602 -460.174621582 84.3062667847 1735.76074219 -177.042984009 -86.8123931885 1408.19042969 -460.17477417 -194.348419189 1735.76074219 96.8308258057 -209.674835205 1474.37817383 -460.169281006 -473.002807617 1735.76074219
0.032201051712 8 -426.07800293 -76.1564178467 1530.95605469 -357.277526855 301.86907959 1687.93444824 -325.215087891 157.221893311 1473.4876709 -458.178405762 85.4179382324 1732.95715332 -177.893707275 -90.994354248 1408.81225586 -458.17855835 -193.236755371 1732.95715332 88.594909668 -230.58732605 1466.31396484 -458.173065186 -471.891143799 1732.95715332
0.0359809398651 8 -424.050598145 -75.9868011475 1529.04345703 -353.182342529 301.699768066 1686.89208984 -315.413299561 154.674789429 1475.28735352 -462.291717529 87.7398529053 1728.11010742 -176.616500854 -93.134765625 1410.3651123 -462.291870117 -190.914840698 1728.11010742 83.0523834229 -246.99382019 1460.06738281 -462.286376953 -469.569213867 1728.11010742
0.0318610668182 8 -421.693817139 -76.4466094971 1525.9954834 -351.898529053 302.142089844 1680.90686035 -307.685974121 151.999511719 1474.02624512 -466.490600586 90.5741958618 1720.8885498 -172.251403809 -97.3844146729 1411.84924316 -466.490753174 -188.080505371 1720.8885498 82.2409210205 -261.417449951 1455.72802734 -466.48526001 -466.734893799 1720.8885498
0.0319888591766 8 -419.243835449 -78.1390304565 1523.71948242 -350.567199707 302.444763184 1674.91101074 -301.219940186 148.374847412 1472.15905762 -469.176239014 92.3766555786 1714.31750488 -168.950180054 -102.418060303 1412.53564453 -469.176391602 -186.278045654 1714.31750488 82.8772125244 -271.593261719 1453.74975586 -469.170898438 -464.932434082 1714.31750488
0.0362281799316 8 -417.928100586 -76.9656906128 1524.93273926 -349.040710449 304.558410645 1676.4005127 -297.437652588 148.625732422 1474.70019531 -469.989105225 94.4008331299 1714.28881836 -165.303253174 -108.402770996 1412.65722656 -469.989257812 -184.253860474 1714.28881836 85.3752441406 -279.585876465 1453.84667969 -469.983764648 -462.90826416 1714.28881836
0.0317850112915 8 -416.99597168 -76.798828125 1526.82116699 -349.110565186 304.616760254 1676.64196777 -297.761383057 149.208374023 1475.24182129 -468.559783936 94.7420959473 1716.21813965 -164.940032959 -109.839660645 1411.3302002 -468.559936523 -183.912597656 1716.21813965 84.6208648682 -282.43081665 1454.03137207 -468.554443359 -462.566986084 1716.21813965
0.0321118831635 8 -415.891601562 -76.2850646973 1528.18164062 -348.814971924 306.090362549 1677.26464844 -298.9425354 150.652069092 1475.39135742 -465.871002197 94.4703063965 1718.73022461 -165.855957031 -110.174957275 1410.64208984 -465.871154785 -184.184387207 1718.73022461 83.4378509521 -282.715423584 1455.37854004 -465.865661621 -462.838775635 1718.73022461
0.0357010364532 8 -415.882568359 -76.8358001709 1526.48156738 -349.17980957 306.031280518 1673.57849121 -298.327270508 149.652862549 1473.0612793 -467.48034668 95.3270874023 1715.33984375 -168.315170288 -108.946594238 1408.86376953 -467.480499268 -183.327606201 1715.33984375 82.0377349854 -278.885620117 1457.42724609 -467.475006104 -461.981994629 1715.33984375
0.0320429801941 8 -417.236968994 -77.6736450195 1526.02807617 -353.298095703 304.475769043 1675.74121094 -299.262512207 149.085113525 1474.69836426 -471.007568359 93.7659988403 1714.94396973 -168.633728027 -109.857727051 1407.16601562 -471.007720947 -184.888702393 1714.94396973 85.4475097656 -272.366088867 1460.77233887 -471.002227783 -463.54309082 1714.94396973
0.0359899997711 8 -417.011779785 -77.7777862549 1526.49511719 -354.329681396 305.125915527 1677.3104248 -302.739074707 150.521484375 1473.73620605 -468.201538086 92.0673599243 1717.52990723 -168.118362427 -109.997161865 1405.10400391 -468.201690674 -186.587341309 1717.52990723 91.2956085205 -260.483551025 1466.15405273 -468.19619751 -465.241729736 1717.52990723
0.0321619510651 8 -417.659667969 -75.7329483032 1527.56567383 -356.415008545 306.966186523 1680.60180664 -304.920196533 153.504089355 1475.51245117 -468.61026001 92.6461334229 1719.97583008 -169.596618652 -108.25793457 1402.70080566 -468.610412598 -186.008560181 1719.97583008 95.5638427734 -243.90071106 1471.86413574 -468.604919434 -464.662963867 1719.97583008
0.0318491458893 8 -418.879821777 -74.6339950562 1526.42102051 -358.536865234 306.15032959 1681.25219727 -306.87689209 155.250701904 1475.60290527 -470.204711914 92.4597320557 1719.86169434 -157.803878784 -113.625549316 1399.35583496 -470.204864502 -186.194961548 1719.86169434 115.623855591 -224.06237793 1486.52062988 -470.199371338 -464.849365234 1719.86169434
0.0360028743744 8 -419.62109375 -76.1455917358 1526.89477539 -359.562072754 304.710723877 1683.06835938 -311.915405273 155.398773193 1474.52807617 -467.270812988 89.0405654907 1722.84985352 -150.410507202 -114.309936523 1398.17358398 -467.270965576 -189.614135742 1722.84985352 129.274642944 -197.67401123 1499.47509766 -467.265472412 -468.26852417 1722.84985352
0.0321691036224 8 -420.672851562 -74.7924804688 1527.92333984 -361.989898682 305.1796875 1686.98010254 -314.682983398 157.75479126 1476.42260742 -467.690856934 88.6294250488 1725.52587891 -145.215087891 -110.652526855 1399.08557129 -467.691009521 -190.025268555 1725.52587891 137.351989746 -162.363708496 1512.64038086 -467.685516357 -468.679656982 1725.52587891
0.0319428443909 8 -424.069580078 -74.2416229248 1528.38415527 -364.756713867 306.797912598 1685.93444824 -320.60723877 158.883865356 1474.41186523 -468.703552246 89.3899078369 1726.3671875 -156.167602539 -98.1175384521 1398.99267578 -468.703704834 -189.264785767 1726.3671875 126.491760254 -126.147857666 1514.90368652 -468.69821167 -467.919189453 1726.3671875
0.0358669757843 8 -425.774353027 -74.536819458 1528.54077148 -366.179992676 306.96496582 1684.91162109 -325.115936279 159.22517395 1472.08935547 -467.69052124 89.1774139404 1727.04516602 -166.676208496 -83.8980865479 1400.62438965 -467.690673828 -189.477279663 1727.04516602 115.737243652 -89.0007476807 1517.77941895 -467.685180664 -468.131652832 1727.04516602
0.0320529937744 8 -425.60333252 -76.576461792 1526.08752441 -367.706481934 304.92300415 1683.90100098 -330.62713623 159.015975952 1467.70080566 -462.020446777 85.0713043213 1727.27600098 -170.404602051 -69.7544555664 1403.86791992 -462.020599365 -193.583389282 1727.27600098 109.57244873 -53.6744766235 1524.76977539 -462.015106201 -472.237792969 1727.27600098
0.0320720672607 8 -428.394378662 -76.1473693848 1527.28027344 -371.166564941 305.451324463 1683.89245605 -335.284118652 159.708068848 1466.81176758 -463.538879395 86.1478652954 1728.22460938 -155.698104858 -55.373840332 1409.93005371 -463.539031982 -192.506835938 1728.22460938 116.089431763 -15.3588562012 1540.53051758 -463.533538818 -471.161224365 1728.22460938
0.035984992981 8 -429.557830811 -75.1643371582 1527.37414551 -372.718780518 306.405944824 1683.89257812 -339.836883545 161.569259644 1465.23071289 -461.214447021 86.4315948486 1729.46044922 -159.468765259 -39.058883667 1414.81945801 -461.214599609 -192.223098755 1729.46044922 111.267990112 15.8901977539 1542.65600586 -461.209106445 -470.877502441 1729.46044922
0.0321371555328 8 -431.167480469 -72.3429718018 1528.19970703 -374.726989746 307.660369873 1687.39282227 -344.1222229 165.589920044 1466.81433105 -460.370635986 87.0594329834 1732.39294434 -146.751586914 -20.530090332 1422.40856934 -460.370788574 -191.59526062 1732.39294434 118.830596924 43.8546981812 1554.37536621 -460.36529541 -470.249633789 1732.39294434
0.0318429470062 8 -433.498840332 -72.0293884277 1527.2956543 -376.820281982 307.576171875 1686.14257812 -347.170562744 166.03805542 1465.32263184 -461.419342041 87.2693710327 1731.77893066 -149.358840942 -4.7718963623 1427.79553223 -461.419494629 -191.385314941 1731.77893066 115.704177856 68.9247131348 1554.85388184 -461.414001465 -470.039703369 1731.77893066
0.036062002182 8 -435.570983887 -70.1475372314 1526.53540039 -379.42565918 309.479614258 1685.54882812 -349.007110596 167.893493652 1464.72998047 -463.422149658 89.0335388184 1731.13793945 -138.629135132 6.60647583008 1433.43908691 -463.422302246 -189.621154785 1731.13793945 122.070205688 89.1011123657 1562.41040039 -463.416809082 -468.275543213 1731.13793945
0.0319290161133 8 -436.761566162 -70.315826416 1525.01123047 -380.940795898 308.738586426 1684.73425293 -350.111358643 167.923141479 1464.0715332 -464.859405518 88.2010345459 1730.10229492 -138.54800415 17.3943481445 1438.171875 -464.859558105 -190.453659058 1730.10229492 122.113769531 104.16709137 1563.80859375 -464.854064941 -469.108032227 1730.10229492
0.0320439338684 8 -437.15020752 -67.5013656616 1527.9473877 -381.607086182 312.076538086 1688.3137207 -350.08493042 170.631393433 1467.16772461 -465.70803833 91.1244506836 1732.89575195 -136.451171875 24.8999481201 1441.67651367 -465.708190918 -187.53024292 1732.89575195 123.310882568 117.158554077 1564.92919922 -465.702697754 -466.184631348 1732.89575195
0.0359539985657 8 -437.633666992 -65.5923461914 1528.17749023 -381.643829346 313.088104248 1689.61181641 -350.168060303 172.73223877 1468.74377441 -466.891693115 92.1864929199 1733.67883301 -136.686553955 28.2142791748 1443.08068848 -466.891845703 -186.468200684 1733.67883301 123.621917725 120.096282959 1565.44104004 -466.886352539 -465.122589111 1733.67883301
0.0320019721985 8 -436.208709717 -67.7616348267 1526.69091797 -380.472564697 310.929443359 1686.75048828 -350.843414307 170.959259033 1465.84228516 -463.47543335 90.0773468018 1732.41064453 -135.406829834 28.8076171875 1443.0168457 -463.475585938 -188.577346802 1732.41064453 125.309173584 119.769538879 1565.18859863 -463.470092773 -467.231750488 1732.41064453
0.0320770740509 8 -436.616394043 -67.7861022949 1528.93945312 -381.087341309 311.326843262 1689.29968262 -351.398529053 170.940948486 1467.8815918 -463.71383667 90.1339035034 1734.62744141 -135.921524048 26.656463623 1441.56079102 -463.713989258 -188.520782471 1734.62744141 126.887496948 112.174766541 1563.0369873 -463.708496094 -467.175170898 1734.62744141
0.0358669757843 8 -436.110595703 -68.6739196777 1527.32788086 -380.315185547 309.993835449 1688.09460449 -352.073577881 170.264587402 1465.46801758 -461.860687256 89.2376403809 1733.19458008 -139.817123413 18.5040893555 1438.61743164 -461.860839844 -189.417053223 1733.19458008 124.824783325 99.0852279663 1559.4432373 -461.85534668 -468.07144165 1733.19458008
0.0320498943329 8 -436.743530273 -68.7089004517 1527.5546875 -379.586303711 310.678283691 1685.97375488 -352.555053711 170.013076782 1465.05664062 -462.343261719 89.7485351562 1733.02368164 -144.790466309 9.57739257812 1434.5246582 -462.343414307 -188.906158447 1733.02368164 123.166259766 77.9796066284 1554.98681641 -462.337921143 -467.560546875 1733.02368164
0.0320870876312 8 -436.247009277 -69.5479888916 1528.0970459 -378.934661865 310.474182129 1685.43432617 -355.244171143 169.865020752 1464.1439209 -458.327178955 88.4210281372 1734.32043457 -153.93939209 -2.93029785156 1428.72314453 -458.327331543 -190.233673096 1734.32043457 117.666351318 53.3432235718 1546.96081543 -458.321838379 -468.888061523 1734.32043457
0.0359089374542 8 -435.848388672 -69.8100891113 1526.7746582 -378.553863525 309.2734375 1685.17285156 -355.106414795 169.804336548 1463.19543457 -457.460479736 87.6214752197 1733.47399902 -164.73085022 -16.1101226807 1422.34033203 -457.460632324 -191.033218384 1733.47399902 110.729232788 22.5090560913 1537.84375 -457.45513916 -469.68762207 1733.47399902
0.0319311618805 8 -435.758605957 -71.6006317139 1527.2833252 -377.067321777 306.967285156 1685.53552246 -356.139526367 168.527679443 1464.22351074 -455.912963867 84.716217041 1734.97521973 -176.643936157 -29.0177001953 1415.82629395 -455.913116455 -193.938476562 1734.97521973 102.424545288 -10.5451087952 1526.64379883 -455.907623291 -472.59286499 1734.97521973
0.0321569442749 8 -434.05255127 -73.3544540405 1529.45922852 -375.242553711 305.306854248 1685.203125 -354.424224854 166.415130615 1465.04882812 -454.047271729 84.0785369873 1736.32543945 -170.822555542 -45.5124664307 1412.39953613 -454.047424316 -194.576156616 1736.32543945 111.871047974 -41.1158943176 1526.56628418 -454.041931152 -473.230529785 1736.32543945
0.0357329845428 8 -433.623748779 -75.0955581665 1531.54284668 -374.015136719 303.52557373 1689.0592041 -353.516784668 164.827209473 1468.29626465 -453.914367676 81.5227890015 1739.00109863 -178.251754761 -57.6490936279 1408.62207031 -453.914520264 -197.131896973 1739.00109863 106.333572388 -82.8104476929 1512.85241699 -453.9090271 -475.7862854 1739.00109863
0.0320370197296 8 -430.636413574 -76.2878570557 1532.06958008 -372.359619141 303.616088867 1686.9699707 -350.641418457 163.31098938 1467.47302246 -451.67010498 81.6527252197 1738.44689941 -187.173675537 -66.1415710449 1405.31335449 -451.670257568 -197.001968384 1738.44689941 96.8893127441 -119.043319702 1499.42895508 -451.664764404 -475.65637207 1738.44689941
0.0318410396576 8 -429.659759521 -77.3922271729 1532.25476074 -371.228027344 303.616271973 1685.43725586 -345.637145996 160.871459961 1468.01171875 -455.477661133 82.6636962891 1736.39160156 -193.282669067 -73.977355957 1403.24804688 -455.477813721 -195.990997314 1736.39160156 88.1931610107 -151.450927734 1488.26098633 -455.472320557 -474.645385742 1736.39160156
0.0362958908081 8 -428.296813965 -76.6823577881 1534.20849609 -370.715209961 306.269165039 1685.16699219 -342.147338867 160.849395752 1470.0234375 -456.732177734 84.6211929321 1737.02636719 -195.869369507 -80.4617156982 1402.38098145 -456.732330322 -194.033508301 1737.02636719 81.3296051025 -180.116729736 1478.88745117 -456.726837158 -472.687896729 1737.02636719
0.0319790840149 8 -427.00604248 -76.2300872803 1535.44519043 -368.713195801 306.89956665 1685.52978516 -338.771606445 160.656463623 1471.66967773 -457.591125488 85.9326477051 1737.27539062 -198.142791748 -83.0022125244 1401.89709473 -457.591278076 -192.722045898 1737.27539062 73.6148376465 -202.678237915 1469.79382324 -457.585784912 -471.376434326 1737.27539062
0.0319769382477 8 -424.367248535 -77.9736328125 1535.37695312 -364.770721436 305.530944824 1682.70581055 -333.866973877 157.804260254 1470.66418457 -455.858001709 85.9470214844 1735.6451416 -198.335083008 -85.0732116699 1402.12866211 -455.858154297 -192.707672119 1735.6451416 67.8609619141 -221.615768433 1461.0267334 -455.852661133 -471.362060547 1735.6451416
0.0360989570618 8 -420.137145996 -81.7708435059 1533.52026367 -360.023010254 303.851318359 1676.29980469 -330.766876221 153.251358032 1464.69116211 -449.132537842 84.5714263916 1732.13842773 -195.244354248 -88.5002593994 1403.48474121 -449.13269043 -194.083267212 1732.13842773 65.7592773438 -238.579986572 1453.81848145 -449.127197266 -472.737670898 1732.13842773
0.0320689678192 8 -419.364685059 -82.0567855835 1536.15332031 -359.077270508 305.322967529 1677.09509277 -327.755981445 152.137481689 1467.40380859 -450.369812012 85.5012359619 1733.45605469 -191.03742981 -92.5762786865 1405.00561523 -450.3699646 -193.153457642 1733.45605469 66.5012359619 -251.257736206 1448.99719238 -450.364471436 -471.807861328 1733.45605469
0.0319221019745 8 -418.590637207 -82.7397766113 1538.20874023 -358.394775391 305.398864746 1676.99401855 -324.864074707 150.546798706 1469.21960449 -451.927307129 86.3910064697 1733.78479004 -188.680145264 -93.6976318359 1406.18847656 -451.927459717 -192.263687134 1733.78479004 64.3663330078 -261.204528809 1444.63317871 -451.921966553 -470.91809082 1733.78479004
0.0359239578247 8 -417.675720215 -81.573638916 1538.69958496 -358.729125977 307.008392334 1676.44604492 -321.287719727 150.932510376 1470.76586914 -454.140686035 88.5283966064 1732.86474609 -186.266738892 -95.618347168 1407.5802002 -454.140838623 -190.126296997 1732.86474609 63.2684020996 -269.362121582 1442.88000488 -454.135345459 -468.780700684 1732.86474609
0.0320520401001 8 -416.653564453 -82.2236328125 1538.9296875 -359.075012207 306.817687988 1675.6673584 -320.050720215 150.170074463 1470.85266113 -454.283081055 88.3788833618 1732.45471191 -185.021469116 -97.5434265137 1408.57519531 -454.283233643 -190.275817871 1732.45471191 62.8105926514 -274.259674072 1442.71008301 -454.277740479 -468.930206299 1732.45471191
0.0320489406586 8 -416.090270996 -82.1179351807 1540.28930664 -358.971862793 307.501617432 1676.78173828 -319.091369629 150.240951538 1472.62341309 -454.725769043 88.5627593994 1733.5592041 -185.926925659 -98.7389526367 1407.55419922 -454.725921631 -190.091934204 1733.5592041 60.5975646973 -277.227722168 1442.85083008 -454.720428467 -468.746337891 1733.5592041
0.035854101181 8 -415.165588379 -82.7756729126 1539.56433105 -359.134887695 306.245117188 1677.34692383 -318.076416016 149.889038086 1473.07800293 -454.848510742 87.2484054565 1733.20422363 -187.052658081 -101.152236938 1406.51403809 -454.84866333 -191.406280518 1733.20422363 61.4522247314 -276.245361328 1444.96899414 -454.843170166 -470.060668945 1733.20422363
0.0321450233459 8 -413.124633789 -82.9954528809 1539.69421387 -358.709106445 306.135986328 1677.61633301 -318.210327148 150.41027832 1472.67553711 -452.036560059 86.4440078735 1733.99902344 -187.70539856 -103.198181152 1404.76074219 -452.036712646 -192.210693359 1733.99902344 62.4848632812 -275.062805176 1446.76477051 -452.031219482 -470.865081787 1733.99902344
0.035826921463 8 -412.403625488 -82.5304412842 1540.87976074 -359.956787109 306.842193604 1680.75561523 -319.261871338 151.790115356 1474.57507324 -451.421844482 85.6894073486 1736.21862793 -189.357269287 -102.828155518 1402.31054688 -451.42199707 -192.965286255 1736.21862793 60.747467041 -274.51953125 1445.82116699 -451.416503906 -471.619689941 1736.21862793
0.0319728851318 8 -410.620239258 -82.9501724243 1538.95300293 -358.215911865 305.411621094 1678.8236084 -318.57800293 151.653244019 1472.10119629 -448.715087891 85.078704834 1734.64294434 -191.11138916 -101.163208008 1399.98974609 -448.715240479 -193.57598877 1734.64294434 61.5689849854 -267.416625977 1448.84338379 -448.709747314 -472.230377197 1734.64294434
0.0322110652924 8 -410.446563721 -82.8528060913 1537.69335938 -357.937225342 304.828063965 1681.3638916 -317.515197754 152.13482666 1473.5065918 -449.753051758 83.5949783325 1734.48071289 -190.921844482 -102.902191162 1398.32910156 -449.753204346 -195.0597229 1734.48071289 66.0751647949 -260.498840332 1452.28027344 -449.747711182 -473.714111328 1734.48071289
0.0359449386597 8 -410.001281738 -81.1024169922 1536.83935547 -357.690856934 305.422546387 1682.62927246 -314.256988525 153.560638428 1475.74121094 -452.162384033 84.64868927 1733.60180664 -190.958312988 -103.196746826 1395.65209961 -452.162536621 -194.006011963 1733.60180664 69.8934631348 -251.584197998 1456.22241211 -452.157043457 -472.660400391 1733.60180664
0.0318031311035 8 -409.952484131 -79.0631790161 1535.02587891 -355.85760498 305.348144531 1684.26586914 -312.969665527 155.623214722 1475.9654541 -452.601135254 85.5767211914 1732.62658691 -191.021728516 -102.784744263 1393.16247559 -452.601287842 -193.077972412 1732.62658691 73.874786377 -240.193893433 1460.99926758 -452.595794678 -471.73236084 1732.62658691
0.0321569442749 8 -410.355773926 -80.6434326172 1533.22973633 -355.27355957 303.895446777 1683.07836914 -313.700408936 154.155548096 1474.02722168 -452.799041748 83.9188461304 1730.9552002 -188.825012207 -102.31640625 1391.75512695 -452.799194336 -194.735839844 1730.9552002 79.9239807129 -227.561279297 1467.07336426 -452.793701172 -473.390228271 1730.9552002
0.0362169742584 8 -411.10333252 -79.9348678589 1532.98327637 -355.000274658 304.02166748 1684.00610352 -314.351745605 155.015319824 1474.52050781 -453.385742188 83.9878158569 1731.28027344 -186.846679688 -103.375427246 1390.12646484 -453.385894775 -194.666870117 1731.28027344 86.1028747559 -212.807846069 1473.55053711 -453.380401611 -473.321258545 1731.28027344
0.0317959785461 8 -413.056213379 -75.7975463867 1533.07385254 -354.43862915 306.100646973 1691.43713379 -312.132965088 158.534881592 1479.60046387 -457.083648682 86.1140518188 1732.57971191 -184.776763916 -102.403442383 1388.78417969 -457.08380127 -192.540649414 1732.57971191 91.8243408203 -190.569976807 1482.7869873 -457.078308105 -471.195037842 1732.57971191
0.0319540500641 8 -414.993988037 -77.0102005005 1530.70361328 -354.513031006 302.97052002 1691.17126465 -314.474609375 157.758117676 1478.30529785 -457.511230469 83.3239593506 1731.82775879 -187.885559082 -100.143920898 1386.79492188 -457.511383057 -195.330734253 1731.82775879 91.4122314453 -166.965637207 1489.39660645 -457.505889893 -473.985107422 1731.82775879
0.0360250473022 8 -416.142486572 -77.9113769531 1529.65563965 -355.256011963 301.191345215 1691.06347656 -315.419067383 156.888412476 1477.70593262 -458.775695801 82.1515350342 1730.99353027 -189.832611084 -96.5146331787 1387.09240723 -458.775848389 -196.503158569 1730.99353027 90.456817627 -138.405303955 1498.70056152 -458.770355225 -475.157531738 1730.99353027
0.0319399833679 8 -420.278869629 -71.9853820801 1530.35766602 -354.623718262 303.584289551 1699.44592285 -313.333862305 161.203338623 1484.27697754 -464.919494629 86.3588180542 1732.52526855 -193.462188721 -91.9998931885 1388.18640137 -464.919647217 -192.29586792 1732.52526855 87.9476928711 -110.148490906 1503.36193848 -464.914154053 -470.950256348 1732.52526855
0.0321450233459 8 -423.285247803 -70.1331329346 1531.50048828 -356.295440674 302.392333984 1702.67687988 -315.558532715 163.050384521 1487.02441406 -467.425415039 86.9412002563 1734.81494141 -198.233551025 -83.994140625 1389.71289062 -467.425567627 -191.713500977 1734.81494141 82.2053527832 -80.3714599609 1508.95983887 -467.420074463 -470.367889404 1734.81494141
0.036169052124 8 -423.624938965 -69.7745056152 1534.01928711 -356.915313721 303.196960449 1704.77978516 -324.338134766 166.19152832 1485.60705566 -459.553955078 84.8550491333 1740.61096191 -204.02746582 -73.6691436768 1391.26831055 -459.554107666 -193.7996521 1740.61096191 74.7073059082 -53.7326431274 1513.92858887 -459.548614502 -472.454040527 1740.61096191
0.0317628383636 8 -422.631622314 -68.9143371582 1536.93457031 -357.60723877 304.405822754 1705.31933594 -330.92980957 169.226516724 1484.48913574 -452.149536133 84.6394500732 1745.3104248 -207.731018066 -62.6805725098 1395.02490234 -452.149688721 -194.01524353 1745.3104248 69.7603759766 -26.9573364258 1517.56848145 -452.144195557 -472.669616699 1745.3104248
0.0322480201721 8 -422.999694824 -68.0797424316 1539.3581543 -359.360412598 305.635253906 1706.09228516 -338.582214355 172.003204346 1483.62780762 -446.240722656 84.3611755371 1749.34240723 -211.635940552 -51.7708129883 1399.46838379 -446.240875244 -194.293518066 1749.34240723 64.6954193115 -4.16174697876 1521.35314941 -446.23538208 -472.947906494 1749.34240723
0.0358920097351 8 -422.040618896 -71.2242736816 1536.91223145 -359.350891113 304.630432129 1698.48852539 -343.372711182 169.3565979 1475.22241211 -439.330841064 83.2627868652 1745.97680664 -190.743759155 -37.8779296875 1407.2364502 -439.330993652 -195.391906738 1745.97680664 79.8568267822 18.4825134277 1535.00720215 -439.325500488 -474.046295166 1745.97680664
0.0319571495056 8 -424.157470703 -71.1495819092 1539.62597656 -361.627075195 304.985351562 1702.19238281 -346.407714844 169.835067749 1477.90393066 -441.634033203 83.0240325928 1749.03723145 -172.388442993 -27.4324951172 1415.61950684 -441.634185791 -195.630661011 1749.03723145 92.0691986084 42.6273498535 1547.95739746 -441.628692627 -474.28503418 1749.03723145
0.0320198535919 8 -424.292480469 -70.8013381958 1537.91809082 -363.268493652 304.999023438 1700.53869629 -349.81237793 170.959091187 1475.06298828 -439.125488281 82.9165039062 1747.91015625 -176.422485352 -18.8172912598 1419.4934082 -439.125640869 -195.738189697 1747.91015625 89.0253295898 55.5938262939 1547.4934082 -439.120147705 -474.392578125 1747.91015625
0.0359499454498 8 -426.064239502 -71.8061065674 1539.85119629 -365.84085083 303.816711426 1703.21398926 -353.7371521 170.701019287 1477.23937988 -439.793426514 80.9306945801 1750.66833496 -177.693405151 -10.5521240234 1423.26489258 -439.793579102 -197.723999023 1750.66833496 87.6938934326 67.973815918 1549.02478027 -439.788085938 -476.378387451 1750.66833496
0.0320580005646 8 -425.766174316 -72.0416107178 1539.69946289 -366.485748291 305.402557373 1704.55126953 -357.094604492 171.356109619 1476.44909668 -436.105712891 79.769317627 1751.3717041 -179.54524231 -6.1919708252 1425.39147949 -436.105865479 -198.885375977 1751.3717041 86.6768035889 74.9257202148 1547.76599121 -436.100372314 -477.539764404 1751.3717041
0.0321261882782 8 -425.541137695 -72.9012451172 1537.01342773 -366.836334229 303.252838135 1701.66699219 -356.986236572 170.475006104 1473.45495605 -435.977935791 79.1315002441 1748.5513916 -178.527801514 -3.07675170898 1427.27600098 -435.978088379 -199.523193359 1748.5513916 87.9792480469 79.3568572998 1548.23999023 -435.972595215 -478.177581787 1748.5513916
0.0358259677887 8 -428.630584717 -71.9225006104 1541.64489746 -370.781188965 305.524291992 1703.77270508 -361.131164551 171.441497803 1476.8894043 -439.743896484 81.07837677 1752.45874023 -174.442306519 -1.4443359375 1428.46875 -439.744049072 -197.576324463 1752.45874023 92.154800415 79.0545272827 1550.57592773 -439.738555908 -476.230712891 1752.45874023
0.0320098400116 8 -428.745239258 -70.5869674683 1540.54858398 -371.095336914 305.903991699 1704.83898926 -361.454498291 173.189208984 1477.12915039 -438.907318115 80.9960708618 1752.43530273 -176.614837646 -2.99017333984 1427.74926758 -438.907470703 -197.658630371 1752.43530273 92.3983459473 71.8955154419 1547.98999023 -438.901977539 -476.313018799 1752.43530273
0.0319709777832 8 -428.111694336 -72.2706222534 1538.24316406 -369.805419922 304.049530029 1702.36474609 -362.467834473 171.792724609 1474.19970703 -436.634460449 79.2130279541 1750.27490234 -180.050888062 -8.2027130127 1426.08447266 -436.634613037 -199.441665649 1750.27490234 90.8861541748 61.1797790527 1545.26281738 -436.629119873 -478.096069336 1750.27490234
0.0358951091766 8 -429.123718262 -73.3524398804 1538.94506836 -371.646240234 303.548980713 1700.6217041 -364.577819824 170.455856323 1472.85583496 -437.010742188 79.5751037598 1749.95959473 -182.641082764 -13.7698822021 1424.44311523 -437.010894775 -199.079589844 1749.95959473 90.1713562012 48.497253418 1543.171875 -437.005401611 -477.733978271 1749.95959473
0.0321071147919 8 -430.70501709 -71.1566238403 1540.7644043 -372.432067871 306.845001221 1699.7557373 -364.656982422 172.231582642 1474.59973145 -439.919433594 82.3821411133 1751.28430176 -188.165740967 -21.843963623 1421.42480469 -439.919586182 -196.27255249 1751.28430176 87.0389709473 30.8218269348 1539.03503418 -439.914093018 -474.926940918 1751.28430176
0.0321338176727 8 -430.396148682 -71.831817627 1538.99511719 -371.316741943 304.668823242 1699.8302002 -365.156555176 172.068313599 1473.94226074 -437.32434082 80.1123199463 1750.74987793 -198.185195923 -30.763885498 1417.88781738 -437.324493408 -198.542373657 1750.74987793 80.1477508545 10.2387046814 1532.37902832 -437.319000244 -477.196777344 1750.74987793
0.03577709198 8 -430.682556152 -72.1921234131 1538.57885742 -371.071960449 304.007202148 1699.35754395 -365.418365479 171.658508301 1473.33325195 -436.958526611 79.7748718262 1750.34741211 -205.775161743 -38.4694366455 1414.19750977 -436.958679199 -198.879821777 1750.34741211 75.417098999 -13.3938312531 1525.56323242 -436.953186035 -477.534210205 1750.34741211
0.0320429801941 8 -430.020751953 -73.7582092285 1536.43505859 -370.596252441 303.574310303 1695.12280273 -367.224304199 170.272766113 1469.50537109 -433.820922852 78.7773132324 1747.84057617 -212.622619629 -44.3380584717 1412.40991211 -433.821075439 -199.877380371 1747.84057617 71.0594482422 -38.9091720581 1519.05480957 -433.815582275 -478.531768799 1747.84057617
0.0321021080017 8 -430.024536133 -75.1440887451 1536.40600586 -370.892211914 303.191833496 1693.0 -368.056335449 168.729415894 1468.12145996 -433.331115723 78.3268280029 1747.14904785 -216.745223999 -50.313293457 1411.17541504 -433.331268311 -200.327865601 1747.14904785 68.2969512939 -66.1846084595 1512.13464355 -433.325775146 -478.98223877 1747.14904785
0.0359358787537 8 -430.182678223 -76.7576293945 1534.81567383 -371.20413208 300.870880127 1692.45202637 -368.804016113 167.463104248 1467.22680664 -432.733947754 75.866859436 1746.18823242 -220.240219116 -55.6427459717 1410.65185547 -432.734100342 -202.787841797 1746.18823242 64.21925354 -94.0930328369 1506.33776855 -432.728607178 -481.442230225 1746.18823242
0.032007932663 8 -429.446411133 -76.7329025269 1535.93188477 -370.45199585 301.808349609 1692.17016602 -367.439147949 167.187561035 1467.82788086 -433.177429199 76.6698455811 1746.72485352 -224.543487549 -59.6218414307 1410.57080078 -433.177581787 -201.984848022 1746.72485352 58.711517334 -117.390106201 1500.2175293 -433.172088623 -480.639221191 1746.72485352
0.0319550037384 8 -428.005493164 -78.4788894653 1535.86279297 -368.880828857 300.125213623 1692.03015137 -364.616516113 165.127471924 1467.90283203 -432.635864258 75.1948776245 1746.44165039 -227.526885986 -62.1329345703 1411.0 -432.636016846 -203.45980835 1746.44165039 52.4632263184 -142.239212036 1492.61096191 -432.630523682 -482.114196777 1746.44165039
0.0360500812531 8 -427.265380859 -77.5491485596 1537.46459961 -367.28125 302.585174561 1691.45788574 -362.9871521 165.446640015 1468.18371582 -433.100860596 77.657333374 1746.8807373 -228.372268677 -65.2911224365 1411.96398926 -433.101013184 -200.997360229 1746.8807373 48.9137420654 -160.952041626 1487.12390137 -433.09552002 -479.651733398 1746.8807373
0.0320029258728 8 -424.975463867 -81.5723190308 1536.57385254 -365.443756104 300.167449951 1687.66967773 -360.108276367 160.628097534 1465.11584473 -431.27532959 75.6941833496 1744.42565918 -228.574935913 -66.2523956299 1412.8848877 -431.275482178 -202.960510254 1744.42565918 44.9300994873 -176.531341553 1482.61584473 -431.269989014 -481.614898682 1744.42565918
0.0321559906006 8 -424.466522217 -80.6072235107 1538.59863281 -365.344512939 302.40814209 1686.28186035 -356.82925415 160.31439209 1465.48669434 -433.809295654 79.2394104004 1744.32873535 -224.886077881 -70.3244171143 1413.8458252 -433.809448242 -199.415283203 1744.32873535 45.3478088379 -191.885437012 1478.58007812 -433.803955078 -478.069671631 1744.32873535
0.0358581542969 8 -424.78012085 -81.4316101074 1538.43432617 -365.830566406 301.619506836 1685.08496094 -355.617950439 159.034103394 1465.19311523 -435.326019287 79.061050415 1743.62231445 -223.046951294 -70.9295043945 1414.45458984 -435.326171875 -199.593643188 1743.62231445 43.9211883545 -202.220962524 1474.47509766 -435.320678711 -478.248046875 1743.62231445
0.0319919586182 8 -426.273498535 -84.9996948242 1536.41491699 -367.801757812 300.047424316 1681.4888916 -349.369720459 153.281219482 1464.2019043 -444.555206299 78.3045425415 1738.66210938 -221.518493652 -71.6116638184 1414.9486084 -444.555358887 -200.350158691 1738.66210938 42.2935791016 -210.943847656 1471.5324707 -444.549865723 -479.004547119 1738.66210938
0.0361218452454 8 -427.318481445 -84.8428573608 1537.90258789 -367.721923828 301.276580811 1680.18994141 -344.966705322 151.74331665 1466.11132812 -450.969451904 80.8035202026 1737.67871094 -215.702301025 -75.6929626465 1416.15124512 -450.969604492 -197.851165771 1737.67871094 45.4602355957 -221.50062561 1469.27185059 -450.964111328 -476.505554199 1737.67871094
0.0318491458893 8 -425.487487793 -84.5719909668 1538.0012207 -366.270721436 301.963348389 1679.03796387 -344.156768799 151.920013428 1464.51489258 -447.855255127 81.7752380371 1737.42895508 -211.266387939 -77.2480926514 1417.11364746 -447.855407715 -196.879455566 1737.42895508 46.9089050293 -229.162689209 1468.13427734 -447.849914551 -475.533843994 1737.42895508
0.0320529937744 8 -425.02734375 -85.114074707 1540.19555664 -366.892791748 303.229248047 1678.46069336 -345.108001709 151.226135254 1464.5958252 -446.269989014 82.2999801636 1738.89172363 -209.841812134 -77.7999420166 1417.76879883 -446.270141602 -196.354705811 1738.89172363 46.5344390869 -233.61895752 1466.53808594 -446.264648438 -475.009094238 1738.89172363
0.0360798835754 8 -424.079437256 -84.5674438477 1539.11193848 -365.160614014 303.355834961 1679.18273926 -344.218170166 152.196350098 1464.72741699 -443.918914795 81.4307785034 1739.15881348 -209.196243286 -77.9927825928 1417.69238281 -443.919067383 -197.223907471 1739.15881348 45.1760253906 -237.51260376 1465.28381348 -443.913574219 -475.878295898 1739.15881348
0.0318222045898 8 -422.79675293 -85.1802139282 1538.39978027 -363.60925293 302.670532227 1678.03564453 -343.573486328 151.543563843 1463.16589355 -441.283447266 81.0335083008 1738.41369629 -208.685073853 -77.1854248047 1417.27368164 -441.283599854 -197.621185303 1738.41369629 45.474105835 -237.037765503 1465.24169922 -441.278106689 -476.27557373 1738.41369629
0.0320889949799 8 -421.023681641 -87.6465454102 1536.15820312 -361.908111572 301.180877686 1673.45166016 -342.033081055 148.725357056 1459.56604004 -439.192443848 79.5675201416 1735.37341309 -207.708007812 -77.5041046143 1416.56518555 -439.192596436 -199.087173462 1735.37341309 46.1867828369 -238.011550903 1463.91149902 -439.187103271 -477.741577148 1735.37341309
0.0359389781952 8 -422.062438965 -88.0227203369 1537.83618164 -364.077575684 300.87612915 1675.17822266 -340.444763184 147.826538086 1462.45471191 -444.048156738 79.8100891113 1736.12194824 -205.722305298 -79.4289855957 1415.71032715 -444.048309326 -198.844604492 1736.12194824 48.3065338135 -239.656509399 1463.3782959 -444.042816162 -477.49899292 1736.12194824
0.0321278572083 8 -421.873809814 -85.489730835 1536.54638672 -363.535217285 302.884094238 1676.03771973 -339.067687988 150.418395996 1462.62878418 -445.424560547 81.8015441895 1735.12145996 -204.168548584 -80.222076416 1414.44567871 -445.424713135 -196.853149414 1735.12145996 50.9905548096 -238.379699707 1462.9642334 -445.419219971 -475.507537842 1735.12145996
0.0318100452423 8 -422.933929443 -84.2568359375 1536.88525391 -365.252105713 303.462890625 1676.9810791 -340.423217773 151.928787231 1463.49121094 -446.808044434 82.5761566162 1735.81958008 -204.42388916 -79.2368774414 1412.12915039 -446.808197021 -196.078536987 1735.81958008 50.4914550781 -238.273681641 1459.05029297 -446.802703857 -474.732910156 1735.81958008
0.0359830856323 8 -424.47833252 -82.8573684692 1538.17089844 -366.428100586 305.020568848 1676.43395996 -341.430419922 153.009857178 1464.34912109 -449.35925293 84.7286911011 1736.3515625 -205.604309082 -77.9439544678 1409.0078125 -449.359405518 -193.925994873 1736.3515625 49.5215911865 -237.06111145 1454.51611328 -449.353912354 -472.580383301 1736.3515625
0.0320348739624 8 -425.324584961 -82.2703094482 1537.03588867 -367.238433838 304.837280273 1677.1661377 -342.994598389 153.943222046 1463.51477051 -449.004608154 84.565322876 1735.99645996 -207.54208374 -77.8953552246 1404.48522949 -449.004760742 -194.089370728 1735.99645996 47.8451690674 -237.287918091 1447.45666504 -448.999267578 -472.743774414 1735.99645996
0.0320060253143 8 -427.219116211 -82.4951400757 1536.65197754 -368.742279053 306.063262939 1674.03112793 -338.949768066 151.753768921 1464.05114746 -456.996582031 87.0374450684 1732.3729248 -192.299560547 -91.4523010254 1399.74194336 -456.996734619 -191.617248535 1732.3729248 67.7775268555 -253.523864746 1439.30981445 -456.991241455 -470.271636963 1732.3729248
0.0359609127045 8 -429.637145996 -81.8718414307 1535.93139648 -370.035736084 307.463500977 1675.45959473 -338.142150879 151.793487549 1465.3840332 -462.322021484 87.7159347534 1731.17285156 -171.640365601 -114.723419189 1392.3704834 -462.322174072 -190.938751221 1731.17285156 92.1302642822 -277.397827148 1433.63891602 -462.316680908 -469.593139648 1731.17285156
0.0321202278137 8 -429.548095703 -80.673576355 1536.20263672 -369.570892334 308.112792969 1676.68164062 -337.07510376 153.042877197 1466.9967041 -462.723602295 88.189125061 1732.03063965 -162.312088013 -129.360565186 1382.69396973 -462.723754883 -190.465576172 1732.03063965 100.242904663 -301.997375488 1420.46130371 -462.718261719 -469.1199646 1732.03063965
0.0318219661713 8 -429.17565918 -81.3651580811 1533.64672852 -367.535705566 305.905090332 1676.79211426 -337.222290039 152.835266113 1465.34765625 -460.714782715 86.0773010254 1730.97412109 -168.164413452 -142.182128906 1370.85009766 -460.714935303 -192.577392578 1730.97412109 92.671585083 -322.485412598 1401.78662109 -460.709442139 -471.231781006 1730.97412109
0.0361459255219 8 -430.565917969 -79.8868408203 1531.57519531 -368.109558105 305.355926514 1680.34338379 -336.921936035 154.744537354 1467.22241211 -463.171264648 85.0645370483 1730.79882812 -180.073669434 -150.586090088 1358.42602539 -463.171417236 -193.590148926 1730.79882812 74.9827423096 -339.989227295 1382.32897949 -463.165924072 -472.244537354 1730.79882812
0.0319349765778 8 -431.047943115 -78.7317199707 1530.37011719 -368.099060059 304.392486572 1682.62451172 -338.586425781 157.026168823 1468.51513672 -461.409118652 83.0412445068 1732.51953125 -194.065597534 -158.79737854 1346.2142334 -461.40927124 -195.613449097 1732.51953125 53.7942657471 -358.871765137 1364.11743164 -461.403778076 -474.267822266 1732.51953125
0.0320119857788 8 -431.098876953 -77.272857666 1528.55249023 -366.982055664 303.409851074 1684.26745605 -341.489471436 159.999908447 1468.41040039 -457.600250244 81.0497207642 1733.92211914 -212.574890137 -162.407806396 1336.10949707 -457.600402832 -197.604980469 1733.92211914 25.1730194092 -374.616546631 1341.53894043 -457.594909668 -476.259368896 1733.92211914
0.0360391139984 8 -433.090454102 -74.8404998779 1526.41381836 -368.365203857 303.932800293 1688.08239746 -342.985809326 163.29548645 1470.57324219 -460.308990479 80.0589752197 1734.28588867 -233.790542603 -164.70149231 1326.55541992 -460.309143066 -198.595718384 1734.28588867 -7.42079162598 -386.648254395 1319.78894043 -460.303649902 -477.25012207 1734.28588867
0.0319859981537 8 -431.124633789 -73.8790893555 1524.61950684 -365.273651123 303.687988281 1690.53942871 -351.864532471 167.857421875 1469.25280762 -445.583404541 74.7913818359 1737.86096191 -254.045349121 -163.404754639 1318.80480957 -445.583557129 -203.863311768 1737.86096191 -43.1450805664 -398.933105469 1298.86181641 -445.578063965 -482.517700195 1737.86096191
0.0319528579712 8 -428.788269043 -73.3277587891 1521.20031738 -364.123077393 301.11340332 1690.71728516 -356.750732422 171.114685059 1467.6348877 -436.518859863 70.4395523071 1738.18347168 -275.590362549 -164.20703125 1311.89868164 -436.519012451 -208.215148926 1738.18347168 -79.21824646 -410.739685059 1279.49121094 -436.513519287 -486.869537354 1738.18347168
0.0361750125885 8 -426.637908936 -71.7030334473 1517.11865234 -365.394165039 300.232177734 1691.27404785 -365.321380615 176.092422485 1465.98840332 -426.311737061 66.5248565674 1737.7298584 -301.956634521 -138.945968628 1318.95617676 -426.311889648 -212.129837036 1737.7298584 -136.30027771 -394.638000488 1265.33825684 -426.306396484 -490.784240723 1737.7298584
0.031702041626 8 -415.414306641 -69.6072158813 1510.75280762 -365.305114746 300.439697266 1691.28881836 -376.547912598 183.046524048 1464.06774902 -404.844543457 61.8070373535 1734.6776123 -319.443237305 -126.331039429 1322.85900879 -404.844696045 -216.84765625 1734.6776123 -179.632324219 -389.466552734 1252.02307129 -404.839202881 -495.502044678 1734.6776123
0.0321450233459 8 -410.573547363 -69.5935821533 1504.85693359 -360.503356934 300.626739502 1688.08618164 -379.448303223 184.8568573 1460.40551758 -393.268920898 58.3345489502 1730.74267578 -324.472290039 -164.416275024 1299.60900879 -393.269073486 -220.320144653 1730.74267578 -193.407897949 -432.663391113 1231.52600098 -393.263580322 -498.97454834 1730.74267578
0.03595495224 8 -409.781921387 -68.5499954224 1501.51025391 -361.019317627 300.865692139 1689.99121094 -387.17489624 187.566192627 1460.96191406 -384.632659912 55.1022644043 1729.16821289 -335.825073242 -192.466064453 1282.73754883 -384.6328125 -223.552429199 1729.16821289 -212.650894165 -463.866333008 1212.3482666 -384.627319336 -502.206817627 1729.16821289
0.0318810939789 8 -410.96862793 -69.510345459 1497.36376953 -357.076873779 299.383117676 1686.96691895 -389.139465332 187.02986145 1457.83630371 -380.567932129 52.4128265381 1725.53503418 -346.494873047 -204.076248169 1275.09985352 -380.568084717 -226.241867065 1725.53503418 -225.920898438 -476.726623535 1204.49597168 -380.562591553 -504.896240234 1725.53503418
0.0320060253143 8 -412.154785156 -66.7176742554 1496.44140625 -354.802581787 300.496704102 1688.95495605 -390.797943115 190.322311401 1459.37475586 -377.033294678 52.4028015137 1725.51806641 -386.197540283 -68.8124542236 1357.02038574 -377.033447266 -226.25189209 1725.51806641 -290.267211914 -321.015808105 1287.45581055 -377.027954102 -504.906280518 1725.51806641
0.035984992981 8 -415.25201416 -66.6131591797 1496.02539062 -352.119354248 298.247955322 1690.45141602 -393.430419922 190.682189941 1460.71154785 -374.885803223 50.2646331787 1725.44641113 -401.993591309 -74.6150817871 1375.90344238 -374.885955811 -228.390060425 1725.44641113 -319.083435059 -330.739227295 1303.9675293 -374.880462646 -507.044433594 1725.44641113
0.0318629741669 8 -418.112854004 -67.0634002686 1501.23364258 -351.384796143 300.535583496 1690.68334961 -396.488677979 189.859359741 1462.99743652 -373.990142822 51.9869232178 1728.87121582 -411.472808838 -79.8767242432 1394.68688965 -373.99029541 -226.667770386 1728.87121582 -340.476226807 -339.530151367 1322.65905762 -373.984802246 -505.322143555 1728.87121582
0.0320529937744 8 -417.018249512 -70.1162261963 1502.83227539 -349.424072266 299.072814941 1687.79174805 -397.239105225 186.488769531 1461.50830078 -369.857818604 51.5688476562 1728.47216797 -414.45300293 -86.3023071289 1407.31286621 -369.857971191 -227.085845947 1728.47216797 -354.086669922 -349.058441162 1336.8605957 -369.852478027 -505.740234375 1728.47216797
0.0360469818115 8 -416.893585205 -71.0265197754 1505.16235352 -346.547241211 299.114135742 1687.34606934 -396.230895996 185.312194824 1462.45483398 -367.697021484 51.5132446289 1729.9375 -413.30267334 -89.5248413086 1419.77490234 -367.697174072 -227.141448975 1729.9375 -362.247955322 -354.96081543 1352.05847168 -367.691680908 -505.795837402 1729.9375
0.031909942627 8 -417.27532959 -70.5670623779 1507.81958008 -345.77633667 301.376586914 1686.14086914 -400.945159912 185.765075684 1463.50561523 -361.592132568 53.4825134277 1730.18725586 -416.66986084 -90.4194335938 1429.99023438 -361.592285156 -225.172180176 1730.18725586 -373.66003418 -358.139038086 1365.76660156 -361.586791992 -503.826568604 1730.18725586
0.0320739746094 8 -417.97946167 -71.52734375 1508.39440918 -342.970275879 299.531677246 1685.52319336 -400.796447754 184.643615723 1463.2701416 -359.386047363 52.7200164795 1729.94396973 -414.66708374 -92.4190673828 1436.95849609 -359.386199951 -225.934677124 1729.94396973 -378.535858154 -362.064483643 1376.67456055 -359.380706787 -504.589050293 1729.94396973
0.0359020233154 8 -418.870666504 -71.6569519043 1510.82666016 -341.437744141 300.626220703 1685.21337891 -401.042572021 184.231964111 1464.25683594 -358.437469482 53.4980010986 1731.39306641 -412.945098877 -93.3993225098 1443.57702637 -358.43762207 -225.156692505 1731.39306641 -382.649047852 -364.655609131 1387.4486084 -358.432128906 -503.811096191 1731.39306641
0.0319681167603 8 -418.925140381 -69.87890625 1513.61535645 -341.408843994 303.954711914 1685.55541992 -401.768249512 185.805999756 1465.62817383 -357.380371094 56.4914245605 1733.19311523 -411.794403076 -92.1918029785 1449.34545898 -357.380523682 -222.163269043 1733.19311523 -386.419036865 -364.78692627 1397.42053223 -357.375030518 -500.817657471 1733.19311523
0.0321559906006 8 -420.45791626 -70.0632781982 1511.50219727 -339.031921387 303.185760498 1684.7434082 -403.355743408 185.866516113 1464.84423828 -355.314483643 54.7882995605 1730.90527344 -411.692749023 -92.3670043945 1451.99755859 -355.31463623 -223.866394043 1730.90527344 -390.448608398 -366.06918335 1404.2064209 -355.309143066 -502.520782471 1730.90527344
0.036031961441 8 -421.352142334 -69.7691879272 1512.7421875 -337.174713135 303.589752197 1684.82458496 -403.328063965 185.999359131 1465.49755859 -354.415466309 55.1849212646 1731.55761719 -410.196380615 -92.3854370117 1455.34130859 -354.415618896 -223.469772339 1731.55761719 -392.409454346 -366.999359131 1411.53491211 -354.410125732 -502.124145508 1731.55761719
0.0320138931274 8 -422.157409668 -68.3405075073 1512.02233887 -338.016906738 304.26184082 1684.86706543 -405.669433594 187.669143677 1465.52648926 -352.804748535 56.0433044434 1730.41027832 -411.289337158 -90.8126678467 1457.48205566 -352.804901123 -222.61138916 1730.41027832 -396.389007568 -366.175048828 1417.46044922 -352.799407959 -501.265777588 1730.41027832
0.0358331203461 8 -421.652954102 -68.1842575073 1513.16687012 -336.834625244 305.588592529 1685.3894043 -406.949249268 188.004577637 1467.04370117 -350.666412354 56.1052703857 1731.08666992 -411.524261475 -90.5394592285 1460.66125488 -350.666564941 -222.549423218 1731.08666992 -399.030456543 -366.514678955 1424.19482422 -350.661071777 -501.203796387 1731.08666992
0.0319628715515 8 -420.627990723 -69.7592010498 1512.09472656 -335.07824707 303.38861084 1684.65612793 -405.296600342 186.427581787 1466.12548828 -349.979522705 54.2841491699 1730.27270508 -409.00668335 -92.15625 1461.05444336 -349.979675293 -224.370544434 1730.27270508 -398.51763916 -368.632171631 1427.89929199 -349.974182129 -503.024932861 1730.27270508
0.0321321487427 8 -419.437835693 -70.1909637451 1510.6973877 -335.458435059 304.329101562 1680.77331543 -405.119842529 185.675384521 1462.70275879 -350.15927124 55.9341430664 1728.11120605 -408.119659424 -92.9339294434 1458.6685791 -350.159423828 -222.720550537 1728.11120605 -399.300231934 -369.818237305 1428.57702637 -350.153930664 -501.374938965 1728.11120605
0.0362498760223 8 -419.475769043 -73.1679534912 1505.77490234 -333.249328613 298.703308105 1678.83349609 -402.291564941 182.769042969 1459.15124512 -350.741394043 51.2314147949 1724.34509277 -404.711608887 -95.8565673828 1455.93859863 -350.741546631 -227.423278809 1724.34509277 -397.282897949 -373.073608398 1428.66674805 -350.736053467 -506.077667236 1724.34509277
