0.0296308994293 8 633.109191895 -63.2818069458 1494.09411621 659.484558105 255.211914062 1641.37854004 725.281005859 66.8628692627 1742.20361328 576.348266602 161.363555908 1311.59887695 565.187072754 -118.666503906 1778.39196777 661.957763672 -58.7123565674 1377.63928223 468.498199463 -346.495483398 1788.6887207 627.069335938 -455.605834961 1252.41516113
0.037682056427 8 633.002258301 -62.1430740356 1494.72473145 658.721435547 255.05557251 1640.9239502 724.566101074 68.6171722412 1742.60375977 576.035949707 161.406066895 1311.12988281 565.833679199 -118.591720581 1776.03515625 661.905761719 -58.721282959 1377.28942871 465.031036377 -344.331970215 1791.55895996 602.979187012 -438.950408936 1232.59460449
0.0318880081177 8 632.51159668 -61.0359153748 1495.28857422 657.911987305 255.289291382 1640.63256836 724.389892578 69.7623596191 1742.61254883 575.245117188 161.373016357 1310.96801758 570.354614258 -121.740509033 1773.60620117 661.426513672 -58.923248291 1377.4543457 462.283203125 -342.977508545 1800.72753906 626.15020752 -454.200622559 1242.39160156
0.0321760177612 8 632.32623291 -61.1237754822 1495.2557373 656.553894043 255.442077637 1640.41796875 723.994445801 70.5286102295 1742.64038086 574.433776855 161.60925293 1310.93701172 575.456237793 -125.412765503 1774.03466797 660.707275391 -59.4319000244 1377.7824707 459.098052979 -342.026611328 1805.36303711 624.750549316 -385.853271484 1253.73620605
0.0359261035919 8 631.916748047 -61.230381012 1495.13928223 655.967712402 255.632583618 1640.41015625 724.11541748 71.0605926514 1742.39868164 573.968933105 161.851074219 1310.70581055 586.445922852 -132.803924561 1773.56323242 660.134460449 -59.8612213135 1377.20373535 458.844665527 -344.469909668 1793.5703125 623.715637207 -391.26965332 1253.95935059
0.0321099758148 8 631.174072266 -60.9506568909 1495.18762207 654.867370605 256.366668701 1640.97900391 722.014892578 71.3810577393 1743.21716309 574.165649414 162.361785889 1310.35168457 595.353088379 -139.305480957 1775.66442871 660.57623291 -59.9663543701 1376.88085938 461.488616943 -348.027587891 1775.19128418 624.550231934 -384.773010254 1252.25268555
0.0318768024445 8 630.362182617 -61.2381668091 1495.36645508 654.171264648 256.975738525 1641.39672852 719.505065918 71.7864303589 1744.18591309 575.966003418 162.283233643 1309.26794434 601.580932617 -143.493682861 1779.3034668 663.273681641 -60.3167877197 1375.89477539 464.056762695 -349.377441406 1765.74523926 625.39831543 -389.527160645 1252.45349121
0.0361371040344 8 630.667663574 -62.5788574219 1496.6574707 654.229675293 257.147338867 1642.65795898 719.685119629 66.7105712891 1750.92980957 575.914978027 163.426696777 1308.99230957 601.507019043 -149.897033691 1777.34265137 663.317443848 -59.1918640137 1375.86877441 458.810150146 -352.573272705 1765.40527344 633.046020508 -322.956695557 1280.03405762
0.0319221019745 8 630.557922363 -62.3636779785 1494.35864258 653.641723633 257.638366699 1643.44311523 714.441223145 64.9573135376 1751.60974121 580.817687988 166.071258545 1307.89440918 599.289733887 -153.108337402 1778.88293457 668.038879395 -57.5241546631 1374.36291504 463.771118164 -360.461975098 1764.90148926 653.586364746 -370.77545166 1312.02099609
0.0321400165558 8 629.541015625 -62.651096344 1493.73999023 652.855407715 258.588500977 1643.60632324 712.667053223 64.6729888916 1751.6706543 582.274597168 166.82421875 1307.30786133 603.326171875 -156.050811768 1781.36743164 669.471069336 -57.5140686035 1373.99743652 478.180389404 -370.100341797 1772.55541992 633.808227539 -278.010375977 1273.81628418
0.0360219478607 8 627.977355957 -63.0795707703 1493.68933105 652.747375488 259.330963135 1643.44921875 710.687438965 64.9699249268 1751.69555664 583.962585449 166.928924561 1306.70288086 611.098815918 -159.392883301 1787.74755859 671.14074707 -58.0832672119 1373.26782227 481.614013672 -370.571899414 1773.84008789 675.909667969 -344.946533203 1282.30419922
0.0319130420685 8 626.982055664 -51.826423645 1490.55395508 652.387573242 260.337432861 1643.09973145 704.429016113 97.7816925049 1734.26000977 584.266052246 178.41494751 1309.06616211 647.462219238 -138.643615723 1785.22717285 671.210266113 -47.0474090576 1375.56298828 500.033630371 -336.346191406 1754.92346191 641.083007812 -427.536560059 1237.87963867
0.0321209430695 8 627.215881348 -56.4771270752 1493.92736816 652.377441406 260.428100586 1643.08227539 706.760375977 84.8553466797 1741.9317627 584.381103516 170.105926514 1307.82531738 622.771118164 -145.382995605 1782.86975098 670.521240234 -56.1405029297 1373.86022949 497.268737793 -358.817687988 1762.02294922 637.583007812 -381.455230713 1252.42614746
0.0358228683472 8 627.528442383 -57.3313522339 1494.24377441 651.834228516 260.435394287 1643.18945312 707.641052246 83.7568359375 1742.29602051 583.382507324 169.201339722 1308.26477051 611.992431641 -143.480438232 1773.1887207 668.921447754 -57.5628356934 1373.8692627 496.146850586 -362.825622559 1758.79077148 633.07220459 -386.706939697 1249.56542969
0.0364460945129 8 627.386535645 -59.226436615 1494.36999512 651.737976074 260.652587891 1643.5045166 707.743347168 79.743637085 1743.44934082 582.341125488 167.140075684 1308.52111816 632.019226074 -79.8014984131 1758.39208984 667.039855957 -59.7486877441 1373.42797852 539.08807373 -270.518310547 1756.01074219 632.845458984 -387.948516846 1250.50292969
0.0320780277252 8 627.421142578 -60.9117622375 1494.04504395 651.743530273 260.434936523 1643.66149902 706.91418457 77.1821136475 1743.64660645 582.259399414 165.436431885 1308.52624512 591.610839844 -141.956466675 1762.28015137 666.577758789 -62.0632476807 1373.03881836 488.990478516 -368.060180664 1759.12341309 634.000610352 -387.910095215 1251.27868652
0.0355570316315 8 627.395019531 -61.401386261 1493.32348633 651.920166016 260.429321289 1643.40026855 707.181335449 76.8712081909 1741.22094727 582.234802246 163.822265625 1308.46264648 580.068725586 -135.631134033 1759.90063477 666.181274414 -63.9025726318 1372.23522949 483.163085938 -364.249145508 1757.27600098 631.222412109 -395.216003418 1248.75756836
0.0310649871826 8 628.20715332 -63.6873703003 1492.41271973 651.686950684 259.942565918 1642.79345703 706.630615234 74.2162322998 1741.97558594 582.803710938 163.675415039 1308.8527832 627.517700195 -57.8861541748 1746.9296875 667.071777344 -64.5366821289 1371.22509766 534.202514648 -269.81237793 1749.21618652 629.985534668 -398.77935791 1247.81188965
0.0314319133759 8 629.04284668 -64.8328323364 1492.29589844 650.610046387 259.768157959 1641.97607422 707.041625977 73.0506286621 1741.92541504 582.791503906 163.140274048 1309.81311035 629.763793945 -62.9338989258 1747.48571777 667.077941895 -65.2940368652 1370.9675293 535.368408203 -274.135223389 1754.91992188 630.587158203 -397.934020996 1248.11242676
0.0353350639343 8 629.210021973 -65.6820907593 1493.37365723 649.540344238 259.975036621 1641.23974609 705.594177246 72.5453643799 1742.58203125 583.671691895 160.344299316 1309.29541016 629.158874512 -67.7131347656 1746.09863281 668.029846191 -67.9055175781 1369.96972656 532.449523926 -274.858947754 1756.04260254 632.836608887 -396.395843506 1255.17932129
0.0317029953003 8 630.085693359 -66.2511825562 1492.94897461 648.814941406 260.108917236 1641.21984863 705.924987793 71.7027740479 1742.02270508 582.442077637 159.574676514 1309.7722168 632.432556152 -79.0150146484 1748.02502441 666.745605469 -68.0578460693 1369.96618652 532.219787598 -273.297363281 1755.51184082 629.556335449 -400.632141113 1249.59741211
0.0357220172882 8 638.288879395 -60.8870277405 1485.02624512 648.332885742 260.180023193 1641.11022949 722.194580078 82.2403411865 1713.65808105 583.043701172 163.367126465 1322.3717041 652.663330078 -127.114593506 1750.88342285 659.940551758 -61.9375915527 1373.47009277 545.52355957 -270.761383057 1741.36242676 620.487426758 -398.510620117 1252.15258789
0.032949924469 8 645.424926758 -63.4724273682 1497.54150391 647.878112793 259.998901367 1640.80541992 717.051757812 81.5522384644 1705.8918457 621.640991211 160.275817871 1359.90527344 646.827819824 -149.987213135 1747.18151855 666.88659668 -71.0413665771 1373.05273438 545.372314453 -293.959838867 1737.28442383 658.731262207 -354.209960938 1318.27478027
0.0298719406128 8 654.07800293 -98.2253494263 1512.23706055 646.756225586 259.29119873 1639.60925293 711.319396973 23.4400482178 1716.19628906 636.027282715 105.158729553 1378.11865234 644.184387207 -199.655258179 1747.49121094 673.396850586 -52.1820755005 1377.64379883 549.68963623 -356.476867676 1739.38525391 615.903991699 -369.411315918 1258.05700684
0.0360441207886 8 661.83984375 -104.640960693 1526.37402344 646.265197754 258.791687012 1638.26245117 712.291442871 28.0677032471 1719.36816406 637.66595459 96.4773406982 1398.42480469 647.385070801 -191.369918823 1749.23364258 670.851196289 -99.7293701172 1365.3939209 554.231018066 -357.769104004 1747.09594727 606.71484375 -389.56854248 1268.93347168
0.0321350097656 8 667.475097656 -106.337913513 1532.70166016 646.169494629 258.349884033 1636.95837402 725.676635742 27.1745758057 1719.1763916 625.646362305 90.9868469238 1409.01135254 662.621459961 -190.058578491 1747.27746582 654.445007324 -117.600875854 1365.28344727 571.005432129 -366.709503174 1746.55627441 608.63293457 -387.41619873 1235.97106934
0.0321340560913 8 671.17590332 -112.208343506 1543.67626953 646.134765625 257.451934814 1635.18432617 722.180603027 31.9266204834 1724.14953613 633.910095215 80.5919342041 1411.81848145 672.594238281 -196.836761475 1770.27160645 660.549438477 -130.638031006 1367.171875 562.643432617 -367.51373291 1740.70812988 608.515686035 -403.599822998 1229.94592285
0.035717010498 8 678.072692871 -114.821998596 1553.6114502 645.93157959 255.595153809 1633.15454102 718.694580078 20.624206543 1740.55505371 656.013305664 78.5885467529 1423.03723145 650.195861816 -195.57421875 1781.50830078 667.038146973 -130.522628784 1369.41882324 510.913574219 -482.354125977 1718.46765137 611.478088379 -288.167358398 1296.33679199
0.0322380065918 8 671.138244629 -141.651596069 1577.0222168 645.898681641 252.959106445 1630.19641113 691.159851074 13.4069824219 1759.37133789 713.792907715 46.4704284668 1433.89257812 620.328674316 -167.535079956 1787.59106445 705.626098633 -163.154556274 1367.41748047 472.445800781 -456.307861328 1712.86401367 663.197875977 -293.826660156 1271.60778809
0.0318968296051 8 669.654968262 -144.842025757 1579.64550781 646.335327148 251.659484863 1630.18920898 689.215698242 9.94984436035 1760.54956055 714.196166992 39.9087982178 1434.89477539 615.436218262 -175.776535034 1770.13964844 713.473754883 -163.279388428 1367.06970215 457.210296631 -465.781982422 1633.87744141 660.724487305 -323.231445312 1263.41247559
0.0359859466553 8 666.964355469 -150.789993286 1582.67810059 647.254699707 246.589599609 1626.21484375 681.163818359 14.2660980225 1758.04504395 718.911865234 36.2538299561 1439.44763184 580.930358887 -195.088806152 1746.35327148 714.162841797 -147.030807495 1365.04272461 316.771942139 -511.422027588 1561.02087402 663.705810547 -323.060150146 1266.10986328
0.032210111618 8 665.66204834 -152.298797607 1583.54870605 647.803710938 242.948532104 1621.94885254 675.806762695 15.5279693604 1755.82434082 718.866455078 32.1403656006 1438.29284668 566.571228027 -206.303161621 1730.43469238 715.03717041 -138.062896729 1365.82275391 280.86630249 -487.601165771 1541.46728516 663.090393066 -335.400512695 1262.37524414
0.031996011734 8 664.614685059 -149.598251343 1581.17443848 649.354797363 240.867294312 1619.76330566 669.90802002 28.4882354736 1751.49401855 715.652526855 22.7135162354 1412.48693848 566.127075195 -199.738037109 1728.07116699 709.33380127 -144.562667847 1366.92565918 297.717773438 -423.753417969 1548.58178711 653.047729492 -413.905578613 1235.84802246
0.0359609127045 8 664.476928711 -150.633850098 1578.80957031 649.182617188 241.371185303 1620.75939941 667.239562988 32.2783050537 1747.98425293 712.56842041 14.4167022705 1398.44836426 564.083679199 -200.296554565 1729.6171875 705.849853516 -146.547348022 1368.41943359 280.451812744 -384.614044189 1540.07946777 645.563720703 -403.326049805 1239.84130859
0.0320930480957 8 664.632995605 -154.578613281 1584.58203125 648.907592773 241.528549194 1621.42822266 671.087585449 21.2453765869 1768.75500488 709.484802246 14.2463531494 1399.21203613 561.808227539 -208.888473511 1726.7824707 705.787963867 -151.043823242 1369.16125488 262.844238281 -375.065063477 1538.25305176 697.663635254 -377.334472656 1316.47094727
0.031779050827 8 659.644897461 -149.333251953 1589.54858398 650.137634277 237.668945312 1618.2298584 678.039123535 17.9349060059 1782.64013672 693.312805176 33.5126953125 1413.38012695 563.335021973 -210.705093384 1723.51013184 704.490844727 -148.391921997 1370.69470215 256.240142822 -350.711242676 1532.98986816 630.937744141 -439.290527344 1239.92932129
0.0362079143524 8 657.627075195 -143.209136963 1594.42822266 651.03503418 234.436538696 1616.04577637 678.675354004 14.8372802734 1788.50500488 688.600769043 38.8475036621 1424.18225098 562.632385254 -214.072174072 1721.40991211 704.827819824 -149.925964355 1369.4654541 230.161407471 -330.275268555 1515.33898926 637.901916504 -422.534759521 1239.68676758
0.0319941043854 8 656.569458008 -139.862701416 1583.0246582 650.570129395 235.924072266 1617.4942627 672.66583252 13.7696228027 1776.2911377 689.610534668 49.1156387329 1426.78894043 557.217468262 -219.105178833 1717.76403809 709.60723877 -144.250244141 1368.20495605 253.409332275 -320.013000488 1536.71154785 633.782409668 -433.385925293 1234.14099121
0.0317659378052 8 655.407714844 -140.384521484 1576.43701172 650.780212402 234.682785034 1616.54602051 669.404785156 11.9854125977 1768.38525391 687.963134766 53.1336593628 1428.96606445 546.290283203 -219.010070801 1712.20739746 716.715881348 -146.926330566 1364.60913086 224.851623535 -302.045471191 1508.20581055 635.018981934 -429.43649292 1228.96411133
0.0361030101776 8 654.803405762 -140.437759399 1573.81286621 650.664978027 233.861297607 1615.92626953 667.063842773 11.0541381836 1763.03308105 687.879882812 53.5698242188 1431.78601074 527.059020996 -217.044952393 1714.45202637 721.620483398 -150.240447998 1357.40563965 220.845611572 -292.94821167 1498.24597168 650.971923828 -425.162231445 1272.15087891
0.0320510864258 8 653.349060059 -142.358398438 1572.55224609 650.18371582 234.445556641 1617.27124023 663.221313477 6.91389465332 1760.30371094 688.786376953 51.4544219971 1435.39794922 517.562805176 -217.844177246 1708.50354004 718.41607666 -143.471099854 1361.97229004 202.472381592 -294.763000488 1473.98156738 659.483703613 -420.345672607 1291.546875
0.0319929122925 8 650.74786377 -147.274307251 1570.67333984 649.886962891 234.654632568 1616.84301758 660.104309082 -3.05056762695 1758.70385742 688.05657959 42.413848877 1433.3046875 506.284179688 -224.723236084 1689.91162109 716.298522949 -134.136947632 1364.47631836 198.616973877 -302.724182129 1474.69665527 663.798706055 -411.809204102 1292.78100586
0.0358691215515 8 647.590209961 -146.478103638 1571.43933105 649.384521484 234.900588989 1615.72497559 657.720825195 0.248077392578 1758.64978027 683.566162109 43.4916381836 1432.5279541 494.535461426 -221.263046265 1683.72412109 717.177062988 -137.050445557 1364.78369141 204.383911133 -294.682800293 1478.03527832 664.851867676 -417.764953613 1291.52807617
0.0322577953339 8 645.173278809 -146.217651367 1570.43615723 648.956298828 234.989059448 1614.75610352 652.158569336 4.60934448242 1756.52526855 681.190429688 45.4899291992 1431.23156738 486.117767334 -217.511322021 1675.90966797 716.641845703 -140.153060913 1364.3371582 211.035491943 -291.60635376 1479.68505859 664.308654785 -426.982910156 1293.11572266
0.0328071117401 8 644.919677734 -145.554718018 1571.98413086 648.558837891 235.121810913 1613.03320312 652.012573242 7.95547485352 1757.85717773 682.771118164 46.0715637207 1430.52270508 473.29095459 -211.995529175 1671.1517334 721.344177246 -146.384185791 1363.19702148 208.224365234 -292.491577148 1478.54919434 666.615112305 -430.492401123 1296.82897949
0.0362329483032 8 641.391113281 -146.82963562 1566.2232666 647.828430176 234.794204712 1611.05163574 642.835449219 12.4108886719 1736.50061035 675.672119141 37.6664428711 1427.87536621 472.292785645 -196.674407959 1664.63330078 716.282653809 -152.900405884 1363.35864258 212.432861328 -284.20993042 1481.41601562 663.366271973 -439.054016113 1296.71765137
0.0317809581757 8 641.909362793 -148.671981812 1569.35644531 647.151428223 235.160186768 1608.95422363 643.956481934 11.5823669434 1746.15942383 679.62677002 39.162322998 1427.08642578 470.918395996 -196.824554443 1663.19250488 719.224731445 -148.092636108 1364.00683594 206.432159424 -287.850952148 1483.42687988 667.066711426 -437.307067871 1297.71655273
0.0316321849823 8 639.73815918 -148.491333008 1569.74304199 645.928039551 235.57371521 1604.95361328 640.23059082 10.8023071289 1747.68554688 680.192260742 39.8606567383 1428.58569336 474.237854004 -198.131958008 1663.68566895 725.873535156 -115.11618042 1370.19616699 209.415222168 -290.324005127 1491.26342773 669.182861328 -430.63848877 1298.81408691
0.0421109199524 8 638.042541504 -146.526428223 1568.47619629 645.70892334 235.739059448 1603.98193359 637.409362793 13.2865447998 1748.23217773 677.590270996 43.8294830322 1426.86547852 482.875427246 -186.611541748 1669.65649414 725.322143555 -122.076187134 1367.77441406 209.647857666 -289.674987793 1501.2479248 667.060058594 -435.809204102 1297.21057129
0.0304770469666 8 637.924560547 -145.715911865 1567.63830566 642.895812988 238.137069702 1601.1583252 637.144592285 15.8437652588 1747.32849121 676.476257324 45.3748626709 1424.8482666 482.428039551 -180.378326416 1668.28442383 725.286621094 -130.545974731 1364.27062988 208.680175781 -287.794555664 1506.88684082 666.366149902 -436.301818848 1295.8614502
0.0303020477295 8 636.34185791 -136.395339966 1562.86462402 642.29095459 238.939193726 1602.0057373 637.141540527 35.8066558838 1749.59533691 670.916809082 60.1054534912 1405.65539551 486.91519165 -142.749328613 1676.14807129 726.15802002 -148.60508728 1361.70568848 224.858032227 -258.609680176 1525.70263672 668.880981445 -451.855895996 1291.68798828
0.0350518226624 8 636.072937012 -139.67956543 1561.33239746 641.560546875 240.210144043 1600.82385254 635.853088379 28.9593200684 1743.11779785 673.592468262 53.5574951172 1410.54455566 493.127441406 -143.860351562 1680.89685059 711.30078125 -146.032272339 1374.54675293 225.791687012 -258.66394043 1532.88903809 661.149597168 -450.098144531 1290.69628906
0.0314400196075 8 636.752746582 -141.280380249 1557.25036621 639.969482422 241.565093994 1598.34838867 636.5703125 24.1209259033 1734.08349609 677.075073242 50.8847198486 1415.56591797 493.976745605 -151.688400269 1684.75183105 704.789733887 -144.505050659 1373.65454102 231.817382812 -251.759094238 1542.5604248 661.707458496 -438.821899414 1290.09765625
0.0311541557312 8 635.734069824 -142.012390137 1552.65270996 640.019592285 241.216156006 1598.41540527 637.184204102 20.4056091309 1727.64953613 676.734863281 48.6213150024 1414.87219238 496.422027588 -156.046157837 1688.65808105 694.439331055 -154.018920898 1364.8807373 226.208068848 -243.374633789 1547.35302734 656.388671875 -436.705078125 1285.06970215
0.0351438522339 8 634.795288086 -143.770324707 1554.25756836 639.80480957 242.921875 1595.44274902 634.366516113 20.5977630615 1728.47375488 676.364074707 46.2241668701 1414.46252441 495.267883301 -158.667098999 1690.83007812 690.059204102 -156.50642395 1365.5300293 233.828918457 -224.087539673 1557.60070801 652.789306641 -435.745910645 1280.45251465
0.0315320491791 8 634.897521973 -144.623321533 1554.77026367 641.216430664 242.691116333 1594.92041016 634.223999023 21.6875610352 1728.51501465 675.51953125 44.8311462402 1412.2779541 496.369903564 -162.739334106 1690.63452148 683.826660156 -158.891418457 1360.37402344 226.247161865 -203.888504028 1561.4239502 645.99017334 -430.972259521 1273.73486328
0.0320150852203 8 633.59564209 -144.256515503 1552.85290527 641.963745117 243.370193481 1592.0904541 635.005859375 20.9282073975 1728.59838867 674.375732422 45.9140167236 1410.21069336 496.215698242 -166.710922241 1693.51672363 683.372375488 -156.038009644 1355.2611084 222.983001709 -179.143447876 1566.31115723 639.287414551 -422.408813477 1259.12927246
0.0359628200531 8 632.170166016 -143.466079712 1550.69372559 643.118164062 243.46105957 1591.3918457 634.312438965 19.8961334229 1727.58129883 674.01361084 46.7057952881 1409.04272461 496.335357666 -168.816589355 1696.16442871 683.256774902 -154.696075439 1352.87329102 234.576324463 -158.240463257 1578.83898926 634.697875977 -417.723510742 1250.93371582
0.0320541858673 8 632.0625 -142.934799194 1551.35021973 644.513061523 243.828399658 1588.2890625 635.695251465 17.9629516602 1729.8125 673.99822998 46.1667785645 1409.11010742 490.074401855 -169.57661438 1709.28381348 682.669128418 -153.814041138 1350.44470215 220.338348389 -134.245910645 1577.53613281 625.852966309 -411.752197266 1234.59216309
0.0358629226685 8 631.352111816 -144.438796997 1550.64355469 645.900939941 243.402832031 1587.26794434 636.510620117 14.1494598389 1731.03369141 673.055786133 42.4706268311 1405.58056641 484.200683594 -172.72328186 1715.63708496 684.837036133 -157.951858521 1344.79528809 221.188903809 -113.046020508 1582.92919922 629.223327637 -405.37991333 1221.77209473
0.0320558547974 8 630.556396484 -146.100845337 1555.55688477 647.878356934 243.515975952 1585.51635742 637.816650391 19.9202423096 1725.95239258 669.040161133 32.6517791748 1403.18554688 463.576782227 -145.742492676 1716.54626465 682.431091309 -163.051345825 1345.22045898 208.708938599 -83.2457427979 1581.9888916 621.088378906 -414.754119873 1216.7677002
0.0319352149963 8 629.36138916 -147.885864258 1552.20019531 649.618164062 243.045898438 1585.1328125 641.114074707 15.522064209 1725.93505859 665.100769043 36.094909668 1404.22045898 454.640655518 -138.037216187 1716.52636719 680.239135742 -159.11958313 1341.2364502 209.05796814 -71.1780395508 1587.28869629 616.764526367 -411.317016602 1212.95349121
0.0359168052673 8 627.932556152 -151.47958374 1549.49841309 651.772766113 243.397216797 1583.42834473 639.797119141 12.926071167 1725.29199219 666.046386719 37.1718292236 1404.47583008 446.34967041 -131.92791748 1716.69958496 683.361999512 -156.835510254 1341.63366699 207.455368042 -59.6781768799 1589.57641602 617.138916016 -402.619659424 1216.4934082
0.0322141647339 8 625.582885742 -149.895248413 1541.11499023 657.39251709 243.568023682 1580.07666016 641.010620117 19.3082580566 1718.18786621 652.707397461 36.1162109375 1383.35949707 443.203857422 -113.662338257 1715.78552246 686.214294434 -169.183670044 1339.71643066 204.502243042 -38.1235046387 1591.65539551 617.592468262 -416.024108887 1207.84362793
0.0319650173187 8 625.162353516 -159.210784912 1543.56103516 658.67578125 244.220565796 1579.4576416 641.174560547 13.5291748047 1721.68151855 657.978515625 35.015411377 1391.8314209 443.338562012 -118.163253784 1716.45654297 671.680480957 -146.367279053 1318.43652344 207.067687988 -37.1894073486 1598.81115723 612.168884277 -414.114654541 1212.96240234
0.0359609127045 8 624.467712402 -154.576904297 1543.33312988 660.194152832 245.04095459 1579.1229248 638.10760498 15.3508605957 1720.32409668 654.049255371 35.9896850586 1391.02819824 459.24432373 -115.488845825 1731.83691406 679.140319824 -150.333404541 1324.29455566 223.001449585 -36.256729126 1613.76269531 614.630615234 -410.578857422 1213.40893555
0.0318388938904 8 625.649230957 -150.696609497 1543.25 663.518005371 245.876571655 1578.05993652 639.617980957 16.8459014893 1721.51647949 652.346740723 39.0365753174 1390.49743652 454.351074219 -114.54574585 1727.93518066 674.081298828 -137.525894165 1318.83178711 226.8568573 -31.1956100464 1619.68969727 604.967346191 -434.512695312 1205.09960938
0.0322780609131 8 626.079711914 -148.349258423 1546.37158203 663.796081543 246.0625 1577.82421875 640.348449707 20.2526550293 1722.70910645 653.674865723 39.2702636719 1392.21984863 451.567321777 -110.736068726 1725.47729492 673.658569336 -140.538024902 1318.66870117 217.187515259 -16.944694519 1607.45288086 609.625427246 -412.253570557 1207.91418457
0.0358300209045 8 630.3125 -147.213897705 1551.69824219 663.430786133 246.142807007 1579.10180664 642.22442627 19.2101898193 1725.11535645 666.034118652 40.9303741455 1405.96472168 450.438110352 -108.37008667 1725.04736328 666.901611328 -133.795837402 1314.27612305 217.326431274 -14.0904388428 1608.87365723 615.439331055 -396.992553711 1217.18334961
0.0320091247559 8 634.42755127 -148.930923462 1556.36157227 664.104064941 245.205978394 1578.8380127 645.523925781 15.5246582031 1727.22912598 679.049926758 37.1646728516 1415.85559082 451.671691895 -110.385093689 1725.10400391 660.716552734 -123.903930664 1311.9354248 221.833953857 -20.3080215454 1610.62988281 609.929138184 -400.749267578 1205.56774902
0.0319888591766 8 633.436523438 -147.230957031 1561.51708984 664.94140625 244.928268433 1579.09362793 641.368408203 16.1588897705 1738.86242676 676.953857422 41.3654022217 1417.47424316 451.117919922 -113.696716309 1724.28491211 657.370849609 -118.682510376 1312.49267578 221.461730957 -29.7897949219 1609.92175293 608.399963379 -397.828613281 1204.68505859
0.0358271598816 8 632.063537598 -132.246658325 1542.86108398 665.197387695 244.923873901 1578.48474121 654.93170166 44.920715332 1698.74169922 660.399108887 45.8826599121 1388.98706055 448.598449707 -105.532897949 1722.5769043 656.780334473 -123.719146729 1312.33422852 224.799636841 -32.0027008057 1610.55297852 611.245605469 -402.047149658 1210.30505371
0.0321819782257 8 627.580444336 -127.41027832 1544.22888184 665.02130127 245.748336792 1577.83056641 650.337219238 47.7773666382 1715.56237793 647.434753418 47.9988174438 1372.76062012 445.769012451 -95.1008071899 1717.30334473 655.204711914 -132.815673828 1313.72131348 218.681671143 -37.1185379028 1599.73535156 612.305847168 -414.739929199 1208.99206543
0.0320358276367 8 622.591369629 -123.080581665 1545.7175293 665.391967773 246.251220703 1576.70007324 644.584106445 65.3868560791 1721.73937988 626.950683594 53.1322784424 1356.19836426 458.603179932 -78.914642334 1728.73718262 660.376647949 -154.746810913 1313.6875 223.100189209 -32.1802253723 1601.94433594 619.159912109 -439.05645752 1210.72692871
0.0358550548553 8 619.880615234 -116.939117432 1547.68774414 665.70098877 246.657714844 1575.69299316 642.200317383 77.3863296509 1724.95751953 612.579345703 52.6105041504 1345.48754883 458.623291016 -72.8985671997 1726.05224609 663.425537109 -166.55317688 1314.63342285 213.913497925 -40.5935134888 1587.05957031 621.760437012 -457.298156738 1211.82397461
0.0319669246674 8 618.487915039 -115.957344055 1548.27429199 665.500183105 246.927490234 1575.06115723 642.339111328 79.4612121582 1728.26538086 604.831054688 50.438583374 1340.2355957 459.521789551 -76.3608856201 1722.73791504 664.327331543 -168.758880615 1316.18591309 217.061141968 -68.4387054443 1585.71911621 617.88684082 -453.408294678 1220.83105469
0.0321381092072 8 621.339904785 -115.170768738 1546.8215332 665.063354492 247.108978271 1575.17016602 651.802368164 79.3747177124 1722.85534668 607.978393555 49.6695404053 1340.8770752 467.702392578 -92.6651992798 1714.05151367 664.715454102 -166.579605103 1318.06311035 228.655761719 -99.8232650757 1580.48718262 623.688964844 -449.6484375 1223.76037598
0.035924911499 8 619.685058594 -111.148323059 1541.69580078 664.540161133 247.340362549 1574.76257324 651.076721191 71.2626876831 1725.85925293 612.633728027 55.8115158081 1341.07116699 482.249542236 -116.148048401 1706.35559082 667.186645508 -158.311798096 1318.60559082 230.459472656 -134.563201904 1577.32446289 627.08782959 -437.273712158 1226.96679688
0.0320401191711 8 619.316162109 -110.157112122 1538.09460449 663.370788574 248.061859131 1575.07104492 649.967163086 68.4324264526 1725.35388184 615.947631836 59.6572799683 1340.47961426 484.23260498 -130.553314209 1701.35742188 670.421813965 -153.541687012 1319.59301758 225.541046143 -163.440917969 1563.8927002 632.3984375 -437.112640381 1236.55273438
0.0320310592651 8 615.138061523 -111.622123718 1529.40039062 662.27947998 248.703430176 1574.89770508 641.915405273 61.4560699463 1722.76391602 621.766845703 66.7996520996 1339.17822266 478.231384277 -143.866226196 1699.5390625 681.847717285 -145.52456665 1321.95324707 219.144622803 -195.364242554 1555.97998047 637.16204834 -439.144805908 1234.63684082
0.0360238552094 8 614.697265625 -114.020278931 1524.82165527 661.024841309 249.475250244 1574.85168457 639.553466797 59.0957794189 1720.09204102 622.397827148 69.9429168701 1338.23120117 479.12979126 -150.261184692 1699.13244629 683.560974121 -142.286132812 1321.77709961 221.477111816 -220.00894165 1550.5949707 641.92175293 -447.126434326 1250.09594727
0.0321340560913 8 615.611022949 -115.0782547 1522.9239502 659.150939941 250.037384033 1574.90539551 637.906921387 60.1858901978 1718.19433594 620.353942871 69.1437454224 1334.81469727 480.26574707 -151.539886475 1697.27319336 683.891784668 -143.659423828 1322.46557617 222.25479126 -240.31427002 1543.64880371 643.604675293 -450.541229248 1255.66320801
0.0318319797516 8 613.846252441 -111.938751221 1523.11413574 657.465454102 250.814407349 1575.29418945 630.903930664 68.9292984009 1710.17114258 616.411865234 66.666343689 1333.14477539 479.980712891 -149.254119873 1692.12841797 681.884033203 -147.904876709 1324.09313965 224.759399414 -250.078811646 1536.23168945 644.720458984 -456.436981201 1263.72143555
0.0356779098511 8 613.81817627 -109.260620117 1523.87805176 653.347045898 252.764892578 1576.76733398 628.713012695 72.008430481 1711.01245117 614.97277832 66.9771347046 1331.42358398 482.632995605 -146.628692627 1689.87841797 681.927307129 -148.564025879 1325.35461426 228.205795288 -265.26965332 1531.23364258 647.799682617 -457.008331299 1273.80078125
0.0318791866302 8 614.856933594 -105.461265564 1525.26135254 650.530029297 253.067382812 1577.63330078 624.926147461 76.5858078003 1709.48522949 614.967407227 65.0426864624 1330.0447998 496.245361328 -137.35369873 1680.77197266 688.554016113 -153.187225342 1329.97583008 239.591064453 -272.063964844 1531.81506348 646.159790039 -464.20401001 1271.33605957
0.0321338176727 8 615.017028809 -102.292732239 1524.55297852 645.674682617 253.668792725 1580.1484375 622.572387695 78.2204742432 1708.64428711 615.127441406 65.9862060547 1329.06884766 502.409851074 -137.517410278 1675.31848145 692.544799805 -153.847579956 1332.76708984 234.453948975 -282.446472168 1524.12988281 646.393127441 -465.252075195 1275.92431641
0.0359292030334 8 616.196289062 -104.562782288 1524.46032715 644.609313965 253.456054688 1580.70471191 625.780822754 75.3315353394 1712.50415039 616.520690918 66.3991012573 1328.02612305 498.539642334 -143.886260986 1650.59350586 693.246582031 -151.605224609 1331.90246582 239.676269531 -289.786773682 1528.3449707 648.277526855 -463.818267822 1275.93151855
0.0321309566498 8 616.355407715 -103.729515076 1524.73974609 643.650390625 253.883514404 1581.97668457 627.41619873 76.1548309326 1713.90991211 615.874938965 66.9834899902 1326.9440918 496.736419678 -142.306152344 1659.04821777 692.730895996 -150.287261963 1330.66271973 228.868682861 -300.180725098 1520.97399902 648.217041016 -464.242492676 1275.16931152
0.0319948196411 8 615.80065918 -103.121963501 1526.46350098 639.774108887 255.624389648 1584.74304199 627.745544434 76.5700531006 1715.19067383 613.820495605 67.8295135498 1329.43115234 496.984680176 -143.223342896 1665.53186035 694.201416016 -149.271118164 1331.46472168 235.937164307 -299.483215332 1522.97363281 648.478820801 -463.726867676 1274.33850098
0.0359010696411 8 615.918701172 -102.401016235 1527.90539551 640.36126709 255.827560425 1585.24511719 624.94519043 79.8804550171 1714.97167969 615.083862305 68.4134597778 1330.1081543 496.166687012 -145.737609863 1669.60266113 693.861694336 -148.022918701 1332.43310547 239.276031494 -298.070007324 1521.99438477 635.628112793 -479.200286865 1269.83850098
0.0320711135864 8 615.721008301 -101.458641052 1529.71044922 639.075866699 257.078430176 1587.0814209 625.966369629 82.3868789673 1717.91638184 614.890441895 71.4496536255 1331.14611816 498.167419434 -149.381286621 1667.49621582 693.850524902 -144.871459961 1334.79016113 238.937713623 -302.738647461 1526.11474609 636.756774902 -467.455963135 1275.12731934
0.0320498943329 8 615.631958008 -103.926826477 1530.43200684 639.87701416 256.786468506 1586.9387207 626.823181152 80.8134613037 1718.80725098 615.421325684 70.7218933105 1332.34753418 497.433837891 -151.949081421 1669.29638672 692.027954102 -144.109634399 1334.53356934 238.662200928 -298.655059814 1527.3828125 639.976867676 -459.803588867 1276.87036133
0.0358121395111 8 614.097961426 -104.085678101 1528.58520508 639.499694824 256.493347168 1586.79174805 630.108581543 78.7274856567 1718.31311035 614.15057373 74.2436752319 1333.97668457 499.933532715 -156.579040527 1670.57385254 688.252624512 -140.462646484 1333.32922363 238.174926758 -295.765319824 1531.70776367 634.720947266 -454.634674072 1273.06555176
0.0320749282837 8 615.04107666 -104.213851929 1528.53515625 638.73223877 255.828262329 1585.72766113 630.829772949 78.4987335205 1717.67102051 615.419372559 73.1657562256 1333.7479248 503.263366699 -160.553421021 1673.69238281 688.562072754 -142.382080078 1332.19189453 236.134033203 -285.001831055 1536.92651367 628.308532715 -460.134216309 1272.61743164
0.031996011734 8 614.610351562 -102.82043457 1529.21887207 638.62109375 255.079055786 1585.42736816 631.10925293 79.8372421265 1718.03186035 613.361083984 74.6124343872 1334.78991699 505.282287598 -161.374938965 1678.16186523 688.944702148 -144.837341309 1332.23730469 235.773712158 -259.768432617 1544.69140625 617.107177734 -450.469726562 1228.36035156
0.0359048843384 8 611.807250977 -88.2022247314 1525.66687012 638.500244141 255.106292725 1585.86083984 633.003417969 99.4507446289 1719.04833984 612.187133789 87.9888916016 1320.6887207 509.010864258 -143.388473511 1683.4161377 678.86340332 -140.871582031 1329.2980957 241.575012207 -218.065292358 1557.67944336 612.677124023 -465.625366211 1221.23339844
0.0319631099701 8 614.65032959 -76.1712112427 1523.04736328 637.867736816 255.098083496 1586.73339844 627.987731934 100.978538513 1718.17004395 617.660217285 91.052696228 1318.93933105 510.742614746 -142.376525879 1696.00964355 683.710144043 -112.895851135 1348.38000488 245.848419189 -185.49822998 1571.79309082 648.955078125 -353.07635498 1242.87231445
0.0360498428345 8 617.252746582 -69.5152206421 1528.30834961 638.395385742 255.588562012 1586.86987305 631.602233887 99.0621032715 1716.99206543 630.058654785 100.136062622 1340.47766113 519.906860352 -141.472473145 1706.04748535 679.001586914 -107.610061646 1342.45507812 256.653259277 -155.122543335 1588.52661133 627.592834473 -433.457885742 1198.36437988
0.0318741798401 8 612.710754395 -70.0124359131 1527.46179199 640.580322266 254.583221436 1586.00415039 633.903564453 101.033805847 1716.93798828 622.338256836 97.288734436 1333.74804688 517.80279541 -139.680023193 1700.61242676 680.338439941 -110.840919495 1339.75231934 246.23046875 -115.444122314 1598.55493164 622.162109375 -440.71270752 1194.57226562
0.0325119495392 8 614.452636719 -76.6497955322 1528.07446289 641.621032715 254.385345459 1584.98999023 630.426269531 100.837684631 1718.79174805 624.425537109 92.5425643921 1329.56835938 508.854492188 -137.100097656 1703.99487305 689.975158691 -123.746238708 1333.63525391 230.213562012 -73.2743530273 1608.05737305 623.571655273 -449.624542236 1192.86962891
0.0354700088501 8 614.329833984 -93.6607208252 1529.98718262 642.990722656 254.119918823 1584.79907227 630.556213379 87.0178375244 1720.51293945 634.197692871 67.4113006592 1322.93798828 501.848083496 -145.310913086 1704.15405273 688.231384277 -159.378128052 1317.88061523 219.622314453 -43.6881942749 1611.22021484 621.479980469 -446.309509277 1197.90490723
0.0320580005646 8 622.68548584 -107.035301208 1538.51501465 644.067016602 253.981567383 1584.16638184 644.062133789 54.3600997925 1745.8269043 655.282836914 59.6302719116 1336.91186523 485.739532471 -155.475158691 1703.72998047 680.401611328 -153.959686279 1306.9979248 212.794525146 -30.2079772949 1623.65148926 619.416870117 -426.866210938 1187.91650391
0.0319519042969 8 625.65826416 -113.372154236 1545.37890625 647.256652832 252.489929199 1581.60083008 642.070495605 38.4770278931 1749.02990723 671.975158691 59.8017654419 1364.63879395 477.535125732 -159.484161377 1707.37463379 670.773986816 -144.92477417 1304.36132812 201.430084229 -2.54104614258 1620.5703125 612.421020508 -417.238464355 1190.14709473
0.0358309745789 8 631.413757324 -118.276481628 1554.65649414 649.359619141 252.854370117 1579.28625488 650.513000488 38.1113128662 1749.07141113 673.924621582 60.4424438477 1384.73986816 468.159912109 -139.559143066 1728.87854004 655.988586426 -133.613021851 1302.23742676 221.904953003 16.520904541 1632.33056641 601.195617676 -412.946350098 1190.30749512
0.0321300029755 8 632.095214844 -119.034515381 1553.67785645 651.329711914 253.019927979 1578.01342773 658.295959473 30.6621551514 1744.22424316 678.977722168 66.5871429443 1402.84558105 465.837554932 -136.437057495 1739.68334961 647.629760742 -120.739700317 1297.33239746 224.106658936 28.914855957 1633.18640137 590.252990723 -406.729248047 1194.28112793
0.0321471691132 8 632.537841797 -117.483543396 1550.82006836 651.195983887 253.986755371 1579.12634277 666.775085449 39.9393920898 1731.63879395 682.389709473 71.8777313232 1408.31774902 441.1378479 -124.945220947 1731.69592285 643.537719727 -112.706802368 1292.97998047 223.316055298 44.3982849121 1635.9967041 595.58581543 -387.384521484 1194.46704102
0.0359899997711 8 632.04864502 -126.709526062 1552.3560791 651.406921387 254.834533691 1579.54992676 660.995727539 39.1281890869 1736.39904785 683.706176758 68.3246994019 1405.70935059 429.096496582 -108.177810669 1729.16088867 642.56072998 -117.994270325 1292.9934082 212.431930542 63.8415527344 1626.08618164 590.470825195 -400.290161133 1198.1862793
0.0319018363953 8 630.461181641 -123.568717957 1552.44665527 653.644165039 255.37878418 1577.5369873 658.31036377 45.544921875 1733.15966797 683.455505371 68.0957870483 1402.484375 424.73626709 -101.463058472 1728.41040039 640.203308105 -118.514381409 1291.56848145 210.176620483 76.9118041992 1617.11181641 590.487670898 -400.932006836 1197.57653809
0.0319671630859 8 629.050415039 -123.590316772 1550.26855469 654.398376465 255.716781616 1576.01855469 657.590637207 46.9984741211 1730.08154297 681.778991699 68.9372634888 1400.59960938 423.775787354 -97.6133117676 1726.45556641 637.108215332 -116.381706238 1289.01062012 212.677871704 82.8197937012 1617.95385742 592.506530762 -402.040344238 1205.85119629
0.0361039638519 8 628.895996094 -123.190063477 1548.07641602 654.987670898 256.218139648 1574.8260498 659.285400391 46.8138580322 1725.6965332 681.71081543 67.5835647583 1399.11352539 419.339599609 -90.4391784668 1725.46801758 652.142089844 10.8393287659 1357.11694336 216.89440918 83.5950317383 1619.96606445 602.086791992 -381.528289795 1205.09558105
0.0319168567657 8 645.207885742 -122.668807983 1568.41491699 655.067504883 256.542785645 1574.4642334 639.842956543 67.8932723999 1720.54150391 700.687438965 46.2314605713 1401.44165039 402.506286621 -68.8759994507 1724.45727539 681.303955078 -37.3208084106 1352.68322754 194.453292847 91.9184341431 1613.3026123 664.364318848 -326.463134766 1234.390625
0.0321621894836 8 642.511657715 -120.75541687 1562.33581543 656.516174316 257.343566895 1573.47692871 645.430664062 62.168586731 1723.13977051 694.494506836 52.7137680054 1399.4432373 409.054046631 -76.5130691528 1727.67492676 676.628417969 -51.0545120239 1344.53662109 207.661270142 72.4355392456 1616.33117676 627.579833984 -379.756713867 1211.56311035
0.0361578464508 8 637.938781738 -119.858795166 1559.33703613 656.781677246 257.642150879 1572.84204102 648.772216797 59.3126525879 1726.08850098 689.390258789 59.3558044434 1400.40026855 416.758728027 -85.0656433105 1730.10424805 665.391784668 -66.7456588745 1334.41113281 197.969482422 52.0807342529 1591.70495605 623.378356934 -375.080108643 1212.23303223
0.0317561626434 8 636.720581055 -119.808151245 1559.09997559 656.47265625 257.842590332 1572.40661621 652.683044434 57.581161499 1729.27062988 688.808776855 61.9771270752 1401.23620605 423.502716064 -92.4919586182 1733.3137207 661.202880859 -73.5118255615 1325.6550293 208.360733032 19.7960205078 1598.88903809 611.529296875 -395.699279785 1214.86975098
0.0320229530334 8 636.491088867 -118.16683197 1561.68591309 656.265625 258.137390137 1572.57702637 652.299560547 55.8723297119 1738.77490234 688.876464844 67.5095214844 1404.58618164 430.355926514 -110.872665405 1737.35107422 660.033874512 -72.0165710449 1322.49047852 205.389648438 -14.8813247681 1589.15307617 615.575500488 -388.190429688 1213.79418945
0.0360209941864 8 630.490844727 -126.24370575 1560.40307617 656.04888916 258.347747803 1572.75061035 638.001647949 40.6996917725 1736.03088379 680.776794434 52.1237792969 1404.10803223 444.601074219 -127.173706055 1720.41772461 653.397216797 -90.5832519531 1320.87597656 212.431304932 -30.342086792 1581.15600586 609.688110352 -408.907623291 1218.90014648
0.031977891922 8 631.731079102 -129.743988037 1563.69921875 656.478393555 258.461975098 1572.41137695 640.233947754 34.4514923096 1743.43347168 680.601379395 48.7572555542 1405.31335449 444.284606934 -142.412460327 1713.19958496 650.540283203 -98.7355270386 1319.23706055 221.095108032 -58.9065551758 1580.47509766 609.09942627 -416.428924561 1221.05773926
0.0319740772247 8 632.840698242 -131.467590332 1565.27404785 656.952331543 257.921081543 1571.11108398 641.760253906 29.3859863281 1746.43933105 682.419677734 47.4657287598 1409.39172363 444.514953613 -153.130279541 1710.92358398 650.737365723 -102.04309082 1320.43481445 210.631057739 -90.9001693726 1556.41601562 603.696411133 -412.35458374 1230.73840332
0.035835981369 8 636.988586426 -128.352401733 1568.42248535 657.308410645 257.289794922 1569.69042969 645.228515625 27.3602905273 1748.70288086 684.872070312 41.7896652222 1408.50244141 461.218688965 -175.544830322 1712.07080078 655.210998535 -103.158866882 1323.02587891 208.640380859 -117.665435791 1548.71862793 606.460876465 -416.656188965 1236.38720703
0.0321629047394 8 636.743469238 -134.34703064 1567.83435059 657.290344238 256.941802979 1568.58215332 643.781799316 24.7118530273 1746.1887207 683.558410645 35.4364318848 1406.15039062 474.713562012 -187.37411499 1711.29589844 655.939758301 -103.277481079 1324.00231934 225.789031982 -149.831680298 1558.07727051 612.761962891 -414.027526855 1242.06518555
0.0319731235504 8 645.180786133 -136.955093384 1564.53356934 657.010437012 256.77734375 1567.84606934 638.10723877 23.0231018066 1742.72766113 689.478088379 34.897277832 1403.59606934 485.835754395 -195.552841187 1682.53222656 663.804870605 -98.7875671387 1326.84460449 226.164215088 -188.393753052 1557.91625977 624.706787109 -407.89263916 1248.62744141
0.036071062088 8 646.316772461 -140.947601318 1567.76818848 656.714904785 256.249145508 1566.62207031 639.232910156 28.9392089844 1741.69506836 691.086914062 33.192565918 1403.95947266 482.631103516 -195.060058594 1689.25817871 665.54486084 -102.072479248 1329.11108398 222.908599854 -210.624801636 1544.69091797 624.965881348 -435.07623291 1241.78234863
0.0318949222565 8 645.717102051 -139.168960571 1567.7064209 655.97052002 255.403152466 1566.09143066 633.595458984 28.6033782959 1741.71496582 697.16809082 32.8521881104 1405.42541504 475.20324707 -198.660888672 1692.4901123 673.245544434 -101.259979248 1337.15100098 222.499847412 -233.158843994 1540.0612793 643.840820312 -408.723602295 1253.2088623
0.032201051712 8 645.472473145 -146.030822754 1574.35571289 654.939941406 254.641799927 1566.23754883 633.332885742 23.373046875 1741.2578125 691.431518555 25.1090393066 1415.29467773 471.629638672 -203.219726562 1694.38171387 677.38684082 -11.8707504272 1395.11755371 227.061660767 -255.028518677 1538.04992676 630.397094727 -418.184967041 1223.0769043
0.0359809398651 8 648.301818848 -149.446121216 1575.65600586 654.718444824 254.210220337 1566.27185059 637.702514648 29.2158660889 1740.17333984 694.172973633 24.4847869873 1412.12475586 481.142669678 -185.676757812 1695.33886719 679.211669922 -23.8404922485 1394.59204102 227.549789429 -265.733581543 1528.96362305 628.934326172 -434.886566162 1216.70922852
0.0318610668182 8 645.697937012 -155.091873169 1580.3157959 654.43737793 253.6847229 1566.72558594 637.447265625 33.5204315186 1740.99499512 691.931518555 18.7478179932 1409.72009277 479.733276367 -186.172683716 1693.16833496 677.579589844 -33.1802787781 1395.88952637 213.245269775 -270.507965088 1512.76953125 674.36541748 -373.022827148 1303.08825684
0.0319888591766 8 645.563232422 -151.57661438 1571.09594727 653.840209961 253.311233521 1567.05969238 636.223388672 26.7650604248 1740.71813965 692.316894531 28.2211456299 1409.38098145 489.781677246 -188.842056274 1694.54040527 677.905456543 -37.0194473267 1391.48010254 217.309814453 -285.822631836 1519.52880859 672.564208984 -369.318756104 1300.93469238
0.0362281799316 8 642.053344727 -147.42527771 1562.76489258 653.500305176 253.262115479 1567.578125 639.186157227 19.9776306152 1740.72644043 688.421142578 37.2250061035 1409.60900879 497.223419189 -200.547912598 1687.73474121 664.228515625 -59.2538528442 1377.18969727 224.652313232 -296.120178223 1522.99780273 657.589477539 -396.701690674 1280.03063965
0.0317850112915 8 639.977294922 -144.692153931 1559.37268066 652.784545898 252.590377808 1568.6282959 640.446289062 15.4339599609 1740.28210449 685.623291016 39.0758666992 1409.32336426 497.071472168 -214.402389526 1670.55895996 667.616943359 -60.4211273193 1374.24841309 220.879943848 -297.685211182 1520.6965332 621.690795898 -422.405151367 1216.02026367
0.0321118831635 8 638.331359863 -141.018157959 1556.20727539 652.619873047 252.380737305 1570.18164062 638.178100586 11.913772583 1739.00964355 687.554077148 39.9205474854 1409.09020996 491.374572754 -218.182022095 1676.68603516 672.101806641 -45.0137176514 1380.94030762 221.31451416 -299.166168213 1526.57067871 668.745239258 -357.248840332 1301.4510498
0.0357010364532 8 637.399536133 -140.03477478 1553.00476074 652.377441406 252.100982666 1571.7611084 635.682006836 7.70002746582 1737.61083984 688.284667969 40.2964706421 1408.78442383 490.73638916 -222.106063843 1673.02294922 673.00994873 -22.2948379517 1390.125 219.843597412 -298.698455811 1532.6439209 674.848632812 -326.935028076 1309.17919922
0.0320429801941 8 640.742614746 -138.561309814 1556.06286621 652.428771973 252.286376953 1573.07617188 642.230224609 3.91479492188 1755.51733398 693.056762695 50.1931152344 1408.68945312 484.956878662 -229.095993042 1675.42468262 677.194396973 -3.94466018677 1397.91870117 204.412902832 -295.713500977 1526.53125 681.811828613 -294.262634277 1316.47705078
0.0359899997711 8 639.755493164 -139.231903076 1555.48596191 652.782470703 251.74848938 1574.48071289 639.139587402 6.46139526367 1747.31958008 690.006286621 44.4510498047 1407.96411133 487.328979492 -224.46144104 1678.06799316 677.24621582 29.5295562744 1419.21154785 205.720336914 -275.853240967 1523.58349609 679.399475098 -298.702575684 1316.71533203
0.0321619510651 8 638.716247559 -137.872589111 1553.35852051 653.655456543 251.133911133 1575.22094727 636.207092285 4.43838500977 1743.09399414 687.55682373 43.4823684692 1408.50195312 487.109008789 -225.528518677 1678.88513184 681.014465332 49.1883163452 1431.13891602 225.755706787 -262.266448975 1553.89050293 676.697021484 -315.549041748 1311.97485352
0.0318491458893 8 638.798095703 -137.61088562 1552.93273926 654.422668457 250.8099823 1575.94628906 635.694702148 3.67544555664 1742.65209961 686.06640625 44.1114807129 1409.03076172 488.473297119 -226.055252075 1679.91992188 676.467224121 18.7359046936 1413.22912598 230.086547852 -241.469024658 1563.15393066 675.584594727 -320.07119751 1311.49316406
0.0360028743744 8 640.794189453 -136.346298218 1554.61547852 655.299621582 250.67199707 1576.4041748 636.035644531 3.8775177002 1742.84606934 682.909790039 40.0317840576 1405.50695801 489.1590271 -236.522964478 1704.77929688 678.258056641 31.924949646 1419.92626953 237.374145508 -211.941177368 1576.39807129 673.477111816 -325.272949219 1309.31335449
0.0321691036224 8 639.6875 -140.979660034 1561.74450684 656.617248535 250.671798706 1576.50500488 637.079650879 10.6316680908 1744.38439941 681.68182373 31.6457672119 1404.30480957 488.980621338 -224.18598938 1696.46520996 679.762268066 13.9390945435 1413.69592285 232.236785889 -171.367370605 1582.76647949 673.558532715 -326.854980469 1311.65209961
0.0319428443909 8 638.022705078 -146.546905518 1569.14172363 657.662536621 250.406997681 1576.50720215 640.480773926 19.196472168 1743.9543457 678.482116699 22.1935424805 1402.03027344 490.30065918 -214.513961792 1698.22424316 677.233154297 2.06027412415 1411.67297363 242.45892334 -129.428024292 1599.20837402 670.364562988 -340.140716553 1309.46850586
0.0358669757843 8 637.755004883 -147.15814209 1566.8984375 658.596984863 249.953430176 1575.81079102 639.807739258 16.2465515137 1744.31604004 678.100952148 24.9924621582 1402.82873535 465.961425781 -199.103271484 1717.62280273 677.354064941 -3.8896446228 1405.11962891 235.203598022 -98.5775604248 1607.39160156 669.272399902 -342.219482422 1307.32434082
0.0320529937744 8 640.378845215 -138.907806396 1570.75964355 659.855895996 250.004226685 1575.53674316 642.944091797 12.7652130127 1746.43591309 684.765869141 34.5683441162 1423.07946777 465.281616211 -188.047424316 1719.49963379 674.854919434 -26.4095230103 1375.89599609 234.10333252 -61.6153411865 1612.57995605 666.034179688 -339.873016357 1306.8515625
0.0320720672607 8 641.983764648 -137.580856323 1571.54467773 661.642272949 249.759155273 1575.08984375 646.18762207 9.7699432373 1748.96289062 689.311889648 39.4369888306 1431.43017578 463.621826172 -179.219268799 1721.58630371 668.036682129 -47.2611541748 1351.3770752 219.436523438 -22.21534729 1611.22998047 611.915527344 -415.237243652 1214.09570312
0.035984992981 8 644.719665527 -138.184753418 1567.96728516 662.857299805 249.741424561 1574.41259766 648.117797852 7.04573059082 1745.65075684 694.044921875 39.810836792 1431.73352051 451.53729248 -156.37840271 1722.76403809 671.876464844 -84.1103210449 1343.32446289 215.827407837 10.1129760742 1617.16833496 614.212768555 -407.726745605 1216.33435059
0.0321371555328 8 641.541870117 -132.824493408 1557.39404297 666.872497559 248.83493042 1571.30700684 650.176391602 22.4589385986 1715.97473145 686.123779297 39.0094070435 1423.89855957 444.841125488 -115.991012573 1727.59509277 670.342651367 -104.396186829 1337.47143555 218.170181274 49.794921875 1620.29016113 609.095031738 -428.603546143 1209.36584473
0.0318429470062 8 640.403808594 -134.40234375 1556.17565918 669.704711914 249.471405029 1569.28063965 648.336975098 23.2724914551 1705.94067383 683.678161621 33.518737793 1424.70776367 435.947265625 -97.4110794067 1736.75219727 667.894958496 -105.89050293 1336.34411621 216.463485718 73.9716110229 1617.9979248 606.573364258 -418.397979736 1210.62121582
0.036062002182 8 638.764953613 -132.115539551 1553.54528809 671.865539551 250.192092896 1567.91271973 647.320739746 29.8475646973 1699.07067871 675.132751465 35.4256896973 1419.04504395 430.647399902 -80.4672393799 1737.30847168 666.990478516 -106.404510498 1337.63354492 218.5209198 94.8381195068 1620.92602539 606.983032227 -422.123260498 1212.34143066
0.0319290161133 8 636.903015137 -133.384216309 1551.59643555 670.550964355 250.41583252 1568.47399902 645.275939941 29.9523925781 1696.21948242 668.377990723 32.5418395996 1413.23901367 423.674133301 -68.935043335 1735.15527344 665.023803711 -110.898529053 1338.61804199 215.89956665 105.649810791 1618.74133301 611.128723145 -418.963989258 1219.63513184
0.0320439338684 8 630.76953125 -138.06842041 1547.05395508 670.698181152 249.805297852 1568.40673828 638.765258789 26.0924987793 1695.09619141 647.503540039 20.4096679688 1393.64575195 414.999755859 -63.1756515503 1728.96154785 676.589599609 -120.864318848 1349.24645996 199.131515503 106.004676819 1607.16625977 612.643554688 -414.505279541 1215.2010498
0.0359539985657 8 636.318115234 -125.180236816 1552.72973633 671.582580566 250.180252075 1568.02307129 647.046081543 45.7685699463 1709.79516602 656.982727051 46.7424468994 1397.73339844 415.696228027 -75.0104064941 1729.10583496 675.094299316 -99.3338775635 1344.53588867 207.100967407 89.2335968018 1614.80725098 613.477416992 -411.552001953 1211.69506836
0.0320019721985 8 638.835266113 -123.239067078 1556.1048584 671.815917969 250.506988525 1567.73205566 649.144897461 47.1123886108 1720.81921387 659.042114258 50.102684021 1395.47741699 416.468933105 -85.8382949829 1731.33117676 674.514648438 -86.7370071411 1341.8269043 206.566223145 76.6010513306 1607.86291504 605.570495605 -410.44229126 1197.02819824
0.0320770740509 8 638.96496582 -121.005477905 1558.29125977 672.683776855 251.131134033 1567.85681152 648.208007812 50.3143310547 1724.09130859 658.738891602 51.7257385254 1394.89404297 415.31842041 -81.7167663574 1728.17102051 673.985778809 -90.8847808838 1342.39355469 206.821777344 62.505065918 1606.94604492 604.447692871 -411.00592041 1199.76867676
0.0358669757843 8 637.983581543 -127.733833313 1557.29650879 673.397827148 251.522491455 1568.11584473 644.00994873 39.5655822754 1714.43969727 656.557067871 35.5163421631 1396.90966797 415.961883545 -68.8294143677 1724.5736084 670.940612793 -106.45602417 1342.60620117 194.653656006 57.263130188 1595.89465332 602.765625 -439.157012939 1202.86096191
0.0320498943329 8 638.177368164 -131.259887695 1557.41467285 673.651977539 251.499557495 1568.57006836 645.375 33.8611907959 1712.85009766 656.899169922 29.4772491455 1398.38598633 415.898590088 -73.0935058594 1722.45349121 669.74786377 -106.383300781 1341.84606934 205.041687012 34.4937286377 1596.04174805 634.040527344 -419.263336182 1279.54943848
0.0320870876312 8 639.102294922 -135.505966187 1555.60327148 674.094909668 250.949554443 1568.68212891 649.812561035 28.0204620361 1706.60986328 654.803405762 19.4534454346 1396.23022461 438.183410645 -83.5939178467 1708.42285156 664.592407227 -144.863327026 1349.24597168 207.875137329 10.92212677 1597.83666992 631.005187988 -438.982849121 1290.63879395
0.0359089374542 8 638.740661621 -134.282012939 1555.19335938 674.516235352 250.60559082 1568.46057129 649.297729492 31.5272827148 1707.26757812 652.528930664 22.6491699219 1394.21704102 435.956970215 -91.7463378906 1706.56311035 666.630737305 -135.457077026 1346.8762207 206.326248169 -14.9221115112 1587.82275391 631.817993164 -440.102661133 1290.0838623
0.0319311618805 8 639.619995117 -134.503005981 1555.54406738 674.686035156 250.188354492 1568.86584473 650.194335938 32.7076416016 1707.31323242 652.317382812 23.0026245117 1393.87768555 455.451568604 -113.191696167 1707.83325195 666.380554199 -132.986694336 1345.65966797 215.975479126 -53.6452255249 1586.54309082 631.266662598 -443.576049805 1289.4921875
0.0321569442749 8 639.110839844 -132.622329712 1557.3067627 675.125610352 249.868972778 1569.15930176 649.783813477 39.433013916 1709.24694824 647.820068359 27.9397583008 1393.1517334 456.830505371 -119.976974487 1709.21948242 669.433227539 -140.11239624 1346.85070801 208.689605713 -78.0920257568 1568.92797852 634.600646973 -449.824066162 1288.80285645
0.0357329845428 8 634.76940918 -129.176864624 1554.28283691 674.862915039 249.890289307 1569.2869873 648.327514648 51.3906402588 1709.51159668 630.644775391 31.5924224854 1378.15563965 445.692382812 -115.512252808 1711.25036621 676.374633789 -156.919723511 1347.87756348 200.933074951 -91.5840759277 1555.12475586 640.459350586 -473.493713379 1291.19824219
0.0320370197296 8 626.819641113 -125.13911438 1551.18566895 673.635253906 250.809356689 1571.57788086 640.552124023 54.7997970581 1713.07885742 629.551757812 37.8412780762 1371.72509766 439.174621582 -118.504142761 1709.9197998 685.28515625 -161.803146362 1347.55786133 204.483016968 -118.51750946 1560.85449219 640.766906738 -493.108032227 1291.99597168
0.0318410396576 8 623.888671875 -123.394676208 1549.11291504 672.603210449 251.468078613 1572.59924316 637.107421875 53.2431259155 1716.05297852 633.078369141 43.7400817871 1372.40332031 467.118041992 -140.264984131 1697.79577637 690.198364258 -165.29258728 1352.29382324 212.682617188 -151.695037842 1565.38830566 653.000244141 -471.730102539 1290.07116699
0.0362958908081 8 622.396911621 -120.906234741 1547.44909668 671.73638916 251.731201172 1572.94799805 633.939758301 55.392364502 1715.28491211 631.967468262 46.0103759766 1370.16210938 474.839660645 -150.094100952 1696.01025391 693.456176758 -166.139877319 1352.52416992 218.415679932 -174.227462769 1558.60144043 673.856506348 -425.04083252 1298.79309082
0.0319790840149 8 624.262023926 -119.471252441 1548.83605957 670.428588867 251.581115723 1573.25805664 631.392700195 55.042930603 1716.99572754 635.442382812 46.0475234985 1372.02429199 464.103759766 -167.923156738 1679.93994141 697.599975586 -171.30368042 1355.94970703 215.87651062 -192.155212402 1547.44421387 677.606201172 -415.806976318 1301.40002441
0.0319769382477 8 636.221374512 -116.512832642 1554.31201172 668.371643066 251.746673584 1574.88317871 640.834472656 48.8642196655 1723.13366699 649.850097656 44.5594863892 1381.85412598 475.554229736 -175.076416016 1681.15075684 690.830200195 -176.113708496 1366.49658203 223.933135986 -216.155151367 1540.85522461 669.205993652 -416.704223633 1300.24389648
0.0360989570618 8 638.940795898 -115.026771545 1558.53662109 667.273925781 252.234954834 1575.5748291 643.51184082 41.6923294067 1727.21142578 654.59362793 45.290687561 1393.95703125 475.83605957 -189.098388672 1674.08996582 688.266601562 -167.319274902 1365.24353027 207.885559082 -235.340133667 1512.31652832 640.393493652 -461.659240723 1297.42431641
0.0320689678192 8 640.879089355 -116.766921997 1560.31762695 665.624328613 252.374160767 1576.32287598 640.732421875 40.1376571655 1730.13476562 660.343139648 45.23072052 1396.50366211 476.892608643 -199.036499023 1660.61621094 694.187683105 -169.759063721 1371.17346191 192.967803955 -250.403503418 1497.40209961 647.790893555 -456.226806641 1293.45458984
0.0319221019745 8 641.035339355 -114.74382019 1560.48803711 664.060546875 252.586349487 1577.01098633 644.280761719 37.4069900513 1732.79296875 660.466796875 48.5543136597 1399.84643555 479.015014648 -198.023132324 1667.5534668 692.462524414 -162.571472168 1369.38574219 205.144348145 -259.464172363 1501.97851562 648.356384277 -449.646057129 1291.75976562
0.0359239578247 8 640.967224121 -124.677085876 1556.89135742 662.89666748 252.680114746 1577.96630859 640.584716797 33.5863800049 1729.35229492 663.810302734 49.4298400879 1402.1159668 478.310119629 -200.770339966 1670.60571289 692.920593262 -167.130218506 1377.8494873 198.39932251 -280.082763672 1503.1607666 651.928710938 -443.182159424 1289.65124512
0.0320520401001 8 640.186401367 -133.372024536 1553.28991699 661.569274902 251.969345093 1579.7130127 633.597839355 34.6248931885 1721.00073242 662.92755127 46.7784500122 1400.24707031 480.901184082 -205.09703064 1667.58239746 690.283752441 -167.738433838 1382.36242676 199.576599121 -289.965454102 1504.69873047 653.602661133 -434.701812744 1287.66296387
0.0320489406586 8 642.192687988 -135.744537354 1555.55749512 660.82800293 251.70501709 1580.53161621 632.695556641 32.2478942871 1723.66772461 662.857299805 40.9690856934 1397.70263672 481.167266846 -199.468521118 1663.08764648 694.443054199 -170.317901611 1381.19873047 196.743743896 -289.95690918 1505.65136719 656.222229004 -435.201263428 1287.01379395
0.035854101181 8 642.628295898 -132.523666382 1556.96923828 660.629455566 251.299285889 1581.60717773 633.009399414 32.044128418 1726.26062012 662.614135742 40.423828125 1397.2052002 483.549102783 -195.732635498 1659.66064453 697.223022461 -172.155670166 1380.73974609 203.302642822 -283.95199585 1516.88720703 656.750244141 -435.409942627 1286.53942871
0.0321450233459 8 636.241516113 -131.16897583 1562.59851074 660.635681152 250.997177124 1582.79370117 638.263671875 39.1859130859 1729.67553711 650.599975586 37.8270568848 1394.74755859 487.180053711 -188.28213501 1662.39697266 695.731994629 -180.89302063 1380.47814941 225.617004395 -269.456481934 1526.92919922 651.929138184 -442.932617188 1284.88415527
0.035826921463 8 638.64642334 -130.726257324 1560.39904785 660.512023926 250.765655518 1583.82641602 636.764160156 34.7413635254 1731.29736328 653.814208984 40.2866821289 1395.73583984 484.144714355 -192.056030273 1663.12487793 689.381103516 -150.822021484 1390.34301758 216.51663208 -269.844451904 1526.5859375 653.337158203 -439.537231445 1284.35180664
0.0319728851318 8 635.702697754 -125.419761658 1557.20739746 658.414245605 251.471282959 1587.19152832 638.129882812 38.409866333 1730.79919434 645.489257812 47.5797195435 1393.0255127 487.02532959 -186.584228516 1659.96496582 694.713562012 -147.41229248 1386.49572754 221.657012939 -258.351745605 1533.40307617 652.646789551 -442.78225708 1284.12316895
0.0322110652924 8 633.961425781 -121.958259583 1556.2578125 658.48248291 251.389434814 1587.55578613 638.190551758 42.0160217285 1732.27746582 642.298095703 52.6398773193 1390.92614746 486.048034668 -187.066192627 1658.66906738 697.966369629 -146.758209229 1381.26574707 220.262390137 -246.067871094 1535.95214844 647.618652344 -446.974517822 1285.21008301
0.0359449386597 8 631.484863281 -111.166618347 1553.12451172 658.561645508 251.964477539 1593.13232422 640.17010498 48.6055603027 1730.32275391 640.82220459 62.2611236572 1389.30249023 485.387451172 -190.922988892 1660.33703613 699.728637695 -139.480682373 1376.21337891 220.26184082 -242.526077271 1540.46789551 647.308166504 -439.906585693 1284.64111328
0.0318031311035 8 631.17199707 -108.732719421 1553.54882812 658.985595703 252.783782959 1592.53723145 640.510131836 43.0202713013 1731.49414062 643.560791016 58.9306716919 1390.71020508 487.370239258 -193.832061768 1661.77868652 697.407226562 -147.698852539 1376.20043945 224.035247803 -232.175415039 1548.38684082 646.210510254 -437.571533203 1285.02185059
0.0321569442749 8 631.486572266 -112.601806641 1555.734375 658.934387207 253.171585083 1593.67663574 640.169128418 41.8989868164 1733.71740723 645.446472168 56.0030212402 1391.41296387 489.352905273 -190.962814331 1678.64233398 699.160705566 -145.476699829 1371.62097168 227.048492432 -219.629013062 1554.73376465 638.417541504 -445.492553711 1289.42443848
0.0362169742584 8 629.588745117 -112.356987 1556.32800293 659.796386719 253.204162598 1593.31103516 639.17767334 41.1711883545 1734.20617676 646.647399902 53.7616577148 1390.74645996 486.575561523 -191.475357056 1677.13891602 702.16217041 -146.557510376 1367.21557617 219.730926514 -201.270324707 1555.31030273 650.089782715 -436.311523438 1284.0423584
0.0317959785461 8 629.441589355 -111.152885437 1556.80749512 660.973205566 252.946105957 1592.50231934 639.587402344 38.8417663574 1734.59094238 648.852050781 53.9850006104 1393.8314209 482.898834229 -190.225372314 1684.12963867 702.119018555 -147.95753479 1358.81152344 229.738586426 -183.382019043 1569.70324707 649.961486816 -436.257202148 1284.15576172
0.0319540500641 8 630.937011719 -109.428253174 1556.48266602 662.41796875 252.216888428 1591.79089355 642.468933105 37.0225067139 1735.46813965 652.594299316 53.4451446533 1393.32629395 479.880432129 -188.395584106 1687.38427734 699.857788086 -149.137451172 1354.11743164 226.040863037 -163.098098755 1575.09753418 650.360900879 -434.795196533 1283.56201172
0.0360250473022 8 635.45300293 -111.073287964 1555.4954834 663.059875488 252.064071655 1590.79504395 645.230224609 32.4021835327 1735.37011719 665.638549805 49.1671829224 1392.86791992 479.936889648 -189.858062744 1690.18103027 696.116516113 -150.779754639 1347.07800293 234.183532715 -141.710403442 1582.40209961 648.684509277 -430.812713623 1283.77392578
0.0319399833679 8 637.799377441 -117.074432373 1554.50085449 663.716369629 251.689819336 1589.72399902 645.945251465 24.4615325928 1734.76782227 669.403259277 41.6691436768 1392.02978516 473.324645996 -185.417251587 1693.09765625 694.914367676 -141.418914795 1351.39599609 222.633285522 -121.481414795 1586.12854004 648.781188965 -420.751403809 1280.44299316
0.0321450233459 8 636.935913086 -119.113670349 1553.2668457 665.031616211 251.559570312 1588.39770508 648.228149414 19.8880615234 1732.68774414 663.708007812 39.9330291748 1393.17797852 466.847381592 -171.442703247 1692.61938477 693.901611328 -146.107192993 1352.40612793 205.949584961 -84.110206604 1584.17504883 647.812011719 -427.559020996 1279.90844727
0.036169052124 8 634.854492188 -116.519454956 1549.86254883 667.363586426 252.274368286 1587.19519043 645.785400391 20.8211364746 1731.38842773 661.691162109 45.1175231934 1391.47363281 459.51550293 -163.407989502 1687.49035645 695.566467285 -143.442886353 1355.02758789 205.610733032 -62.4172286987 1595.37963867 648.585327148 -423.514770508 1279.05541992
0.0317628383636 8 629.814086914 -118.589248657 1553.5032959 668.347717285 252.251937866 1585.65600586 640.371887207 28.3286895752 1730.56921387 664.684875488 39.7813873291 1389.94396973 418.959655762 -131.702819824 1691.79370117 691.283203125 -178.623092651 1366.50634766 188.446365356 -29.3643188477 1597.05822754 649.460021973 -429.024414062 1276.58496094
0.0322480201721 8 637.040283203 -115.451393127 1549.87670898 673.269226074 251.422607422 1579.88989258 654.716064453 27.4232254028 1732.35107422 671.977172852 47.5029678345 1387.86450195 438.066497803 -137.458129883 1707.51489258 696.335021973 -159.7159729 1357.2364502 184.22567749 -14.2746276855 1596.91149902 653.864746094 -416.336883545 1276.42956543
0.0358920097351 8 638.270446777 -114.949661255 1546.40942383 673.50592041 251.925109863 1580.59619141 659.471679688 28.1948852539 1731.94763184 671.262695312 55.9049682617 1388.0279541 446.496673584 -133.787841797 1707.1920166 696.988586426 -153.268371582 1353.00354004 183.855926514 -2.75735473633 1606.78283691 653.333679199 -409.294677734 1274.36816406
0.0319571495056 8 638.560119629 -109.963150024 1547.13684082 674.36517334 252.288162231 1580.29943848 656.864379883 43.7538757324 1726.16015625 676.350341797 67.1875305176 1394.8112793 449.452941895 -96.4913787842 1700.79040527 692.361938477 -169.397613525 1353.52624512 189.79901123 30.6085128784 1608.38757324 647.069030762 -428.809844971 1274.36853027
0.0320198535919 8 645.389526367 -112.48841095 1548.8470459 677.929748535 252.481842041 1576.10339355 660.173400879 44.8609008789 1711.61987305 697.717102051 60.2871246338 1411.43164062 439.373535156 -85.622543335 1700.60522461 677.133178711 -146.681716919 1366.57226562 191.536895752 41.2683258057 1605.95922852 642.908569336 -424.167480469 1275.75695801
0.0359499454498 8 647.994384766 -115.420906067 1553.43811035 677.719177246 252.957977295 1577.60827637 661.119812012 39.1676483154 1713.86328125 703.35748291 56.0462036133 1421.75561523 433.671813965 -79.8968887329 1699.86621094 677.410949707 -134.255203247 1369.0222168 195.097503662 47.8628234863 1606.90710449 643.708557129 -421.171264648 1277.16064453
0.0320580005646 8 645.561950684 -113.779052734 1553.2064209 679.81817627 253.787063599 1576.8659668 654.682983398 47.2344665527 1700.68139648 692.689819336 61.0804138184 1430.89257812 429.222442627 -50.5313568115 1700.92370605 672.346435547 -162.247711182 1362.63867188 201.849258423 74.1335144043 1602.95947266 636.652954102 -446.872955322 1280.46154785
0.0321261882782 8 646.381408691 -115.987846375 1550.40942383 680.247802734 254.330627441 1577.33654785 652.7890625 41.8783874512 1695.0300293 687.184570312 51.9516143799 1423.88061523 424.948303223 -41.7312698364 1701.4029541 671.313720703 -158.458618164 1364.03637695 205.956542969 80.846244812 1605.75280762 630.595581055 -456.417694092 1278.07470703
0.0358259677887 8 645.458862305 -118.321838379 1549.06677246 682.34387207 255.014404297 1575.49194336 644.947509766 38.4043579102 1686.60083008 687.955200195 39.6399841309 1419.75610352 395.541931152 -33.6558685303 1697.64160156 673.722229004 -157.28036499 1366.13293457 207.889678955 85.4287414551 1603.8293457 627.900878906 -463.953460693 1275.63525391
0.0320098400116 8 638.687927246 -121.008262634 1539.66870117 683.713195801 255.091522217 1574.29846191 638.249694824 41.4712142944 1677.81384277 668.423278809 29.1666183472 1391.1854248 388.181396484 -31.7458648682 1694.61975098 684.179443359 -158.99005127 1373.18737793 196.579833984 77.5938720703 1596.14282227 633.429748535 -464.256225586 1278.87390137
0.0319709777832 8 642.353942871 -120.653961182 1542.25476074 683.825500488 255.232177734 1574.33837891 646.351806641 45.3255462646 1681.66088867 675.777954102 32.8319854736 1392.84179688 396.458862305 -39.6638565063 1695.55834961 685.370483398 -158.649642944 1372.89099121 198.341552734 58.2302703857 1594.3671875 633.160888672 -459.358459473 1280.203125
0.0358951091766 8 643.32623291 -121.995544434 1542.47460938 684.028137207 255.135559082 1574.14050293 649.071044922 43.091796875 1682.07556152 678.033325195 31.1594238281 1393.76574707 396.880401611 -45.1205978394 1694.41455078 685.933227539 -163.963088989 1373.2722168 201.432907104 40.8327407837 1594.69702148 631.820739746 -459.288513184 1279.08984375
0.0321071147919 8 635.433776855 -118.218803406 1538.62573242 684.544677734 255.327819824 1574.06677246 642.006164551 55.0545349121 1683.20690918 655.588317871 34.5674591064 1373.63830566 396.91796875 -46.4391403198 1693.06762695 692.166259766 -177.342483521 1374.49316406 193.613418579 33.9403762817 1587.41687012 639.257019043 -472.994445801 1280.68884277
0.0321338176727 8 636.242736816 -119.992752075 1540.38903809 684.958557129 255.027770996 1573.96337891 642.63885498 52.4120483398 1686.27600098 657.559509277 31.5118408203 1374.13806152 403.208312988 -59.7621459961 1690.6270752 694.145080566 -182.821853638 1375.30297852 192.985412598 9.28672027588 1584.06799316 639.516967773 -467.91217041 1280.8112793
0.03577709198 8 636.247619629 -127.342948914 1540.82922363 684.975769043 254.08416748 1573.36132812 643.671691895 39.0878219604 1690.41455078 656.593444824 14.9714202881 1369.18164062 410.579711914 -86.8149414062 1689.51293945 695.460998535 -164.32472229 1374.27575684 191.600067139 -34.0207099915 1577.99816895 642.469055176 -449.89453125 1282.39733887
0.0320429801941 8 635.983398438 -130.574691772 1544.76611328 684.881408691 253.50340271 1573.15429688 645.6796875 36.8125915527 1695.21325684 659.803100586 10.548034668 1370.80065918 424.209411621 -100.457733154 1687.18603516 694.287475586 -159.450241089 1372.43041992 192.031509399 -62.6468162537 1573.57507324 625.402587891 -460.449584961 1290.10058594
0.0321021080017 8 635.938781738 -130.780853271 1544.80102539 684.82232666 253.453521729 1573.14526367 647.003479004 37.1669082642 1697.83813477 658.292297363 12.3651580811 1369.41894531 435.81439209 -118.637519836 1684.60021973 693.831604004 -161.669876099 1368.4901123 191.640594482 -90.2168197632 1568.50012207 637.768920898 -444.405700684 1284.13757324
0.0359358787537 8 631.638549805 -128.227935791 1536.8828125 684.420776367 253.618759155 1573.49133301 643.182128906 33.8863830566 1699.59741211 660.279663086 25.0661010742 1367.8527832 441.304107666 -137.698883057 1690.46557617 699.174560547 -160.40574646 1367.14770508 188.525177002 -121.11315918 1566.45202637 641.946655273 -439.836608887 1285.2890625
0.032007932663 8 635.436035156 -122.798835754 1538.60913086 684.018981934 254.673828125 1573.72961426 649.462280273 37.7808532715 1703.92089844 672.88269043 47.7582855225 1387.55029297 445.02822876 -150.953216553 1689.39025879 701.778747559 -152.667022705 1368.06762695 188.178710938 -146.085067749 1560.91296387 649.479919434 -431.634887695 1284.7479248
0.0319550037384 8 633.724609375 -117.627044678 1533.67871094 682.995239258 255.187103271 1572.99450684 645.073425293 32.8720474243 1703.25585938 670.54119873 52.6070480347 1388.07568359 442.534545898 -159.228973389 1689.40722656 702.973510742 -151.022216797 1368.3137207 193.049316406 -170.788391113 1557.91125488 653.131896973 -428.40838623 1283.69763184
0.0360500812531 8 632.126037598 -118.197540283 1535.18688965 681.99017334 254.668197632 1572.70214844 644.217102051 33.1515426636 1706.98742676 665.626037598 52.3275527954 1385.63000488 444.808959961 -171.346496582 1688.29431152 701.785888672 -153.826385498 1365.79711914 201.003540039 -193.619338989 1562.11975098 655.37677002 -426.255096436 1283.35656738
0.0320029258728 8 637.691101074 -120.901596069 1537.5657959 680.62902832 254.722808838 1572.88110352 652.606018066 34.2043762207 1709.96081543 653.36932373 49.893371582 1380.77355957 467.97467041 -185.851196289 1693.40759277 692.395568848 -155.957778931 1362.77294922 216.382751465 -206.850326538 1558.11950684 643.353393555 -430.614746094 1282.34289551
0.0321559906006 8 635.034484863 -119.63710022 1539.23913574 679.471923828 254.673583984 1572.8671875 650.545837402 37.6156311035 1713.65991211 651.705993652 54.3804016113 1381.65795898 473.307067871 -191.608535767 1694.89648438 693.621948242 -156.962310791 1358.99182129 216.239013672 -219.303482056 1555.53442383 647.988647461 -428.368103027 1284.04150391
0.0358581542969 8 632.816650391 -127.512268066 1539.25256348 677.889465332 254.484329224 1572.4107666 649.309814453 36.1493225098 1717.18469238 650.533691406 55.4476623535 1381.36340332 473.144439697 -194.575500488 1697.64990234 695.872253418 -158.113174438 1358.14147949 219.370758057 -229.777023315 1553.99536133 652.714355469 -428.409973145 1283.88977051
0.0319919586182 8 633.241638184 -128.853683472 1544.53015137 676.338928223 254.527923584 1572.82312012 646.44543457 37.4554748535 1722.76074219 649.945678711 52.0140686035 1381.4128418 464.860900879 -190.183044434 1698.71435547 697.145812988 -165.026687622 1354.35668945 215.845535278 -229.839935303 1548.11914062 651.994812012 -434.593139648 1283.06530762
0.0361218452454 8 628.044433594 -125.888320923 1539.78234863 674.956298828 255.000167847 1574.00671387 639.742248535 35.5979156494 1718.29772949 655.547180176 53.7715301514 1381.51501465 456.628967285 -194.134811401 1698.66699219 704.514465332 -164.83744812 1356.24035645 210.760192871 -240.923995972 1546.89746094 661.153991699 -436.082702637 1283.6854248
0.0318491458893 8 627.519775391 -127.498550415 1539.69799805 673.690979004 255.15713501 1575.75866699 640.950866699 37.9576873779 1716.97790527 649.99810791 53.958656311 1379.84631348 456.969360352 -193.716903687 1700.08764648 703.03314209 -168.034973145 1356.12719727 214.04914856 -247.144073486 1544.62902832 657.805603027 -440.592712402 1283.63354492
0.0320529937744 8 627.674560547 -127.190177917 1540.82104492 668.873046875 255.326171875 1578.57434082 640.81262207 36.3073577881 1720.13305664 649.187255859 53.9843673706 1380.29052734 456.5703125 -200.845123291 1695.2947998 702.281982422 -167.902984619 1357.12573242 211.614852905 -254.603103638 1544.37585449 654.72668457 -442.676757812 1285.30786133
0.0360798835754 8 630.125183105 -127.418067932 1543.48168945 668.084899902 254.97253418 1579.60656738 642.342346191 37.3641815186 1722.72924805 645.053894043 52.8930130005 1380.08837891 459.496887207 -195.105651855 1696.39355469 700.402709961 -170.076080322 1357.95507812 217.796676636 -254.118927002 1543.0411377 648.713500977 -449.376861572 1288.76074219
0.0318222045898 8 631.555725098 -125.865478516 1543.53137207 666.936706543 255.425506592 1581.3503418 644.505615234 38.7988128662 1720.14038086 644.446777344 53.639289856 1382.0234375 463.024475098 -193.972763062 1699.40490723 695.640686035 -167.650970459 1358.82617188 227.147445679 -253.331420898 1545.33581543 645.987121582 -450.097869873 1288.41455078
0.0320889949799 8 631.135742188 -117.978897095 1540.60705566 666.401794434 255.835983276 1582.32775879 645.648376465 54.8993301392 1719.28625488 641.187561035 65.3449020386 1372.33557129 465.045196533 -179.347686768 1702.52722168 695.003601074 -181.601165771 1358.16784668 219.116119385 -243.718460083 1540.54553223 645.346130371 -465.340423584 1288.38952637
0.0359389781952 8 630.858520508 -119.585678101 1540.59338379 665.616394043 255.927566528 1583.39904785 646.182067871 53.0155487061 1717.86682129 640.093811035 62.7566070557 1372.90905762 465.776916504 -181.3878479 1702.24060059 694.251220703 -177.104110718 1357.71716309 221.023101807 -247.468032837 1539.45336914 645.30291748 -463.526428223 1289.19616699
0.0321278572083 8 631.097229004 -119.971511841 1540.43798828 664.772766113 255.949432373 1584.95300293 648.716064453 52.2021255493 1718.54638672 638.6640625 61.1595993042 1370.69921875 467.678344727 -181.418884277 1702.88500977 695.639343262 -171.852874756 1358.33056641 221.696228027 -248.659927368 1537.46643066 638.684326172 -475.944396973 1287.53649902
0.0318100452423 8 633.162597656 -115.427848816 1545.93493652 662.225891113 256.722564697 1588.83276367 653.396911621 54.8252105713 1736.97485352 639.778991699 71.9824829102 1370.64770508 469.208862305 -196.584030151 1702.47351074 697.248962402 -159.653793335 1357.66784668 215.862564087 -271.724487305 1535.8190918 648.704956055 -447.481079102 1288.83459473
0.0359830856323 8 634.665222168 -110.342575073 1552.8614502 661.551696777 256.422973633 1589.72290039 653.964050293 46.303894043 1746.63305664 651.452697754 73.6464538574 1384.56274414 482.414978027 -210.83493042 1697.09326172 700.475158691 -150.655914307 1357.89794922 218.613342285 -288.968933105 1534.59887695 648.481201172 -438.678070068 1289.54101562
0.0320348739624 8 633.775634766 -112.971481323 1549.08679199 660.297241211 256.504516602 1592.20996094 653.647155762 48.5770111084 1737.41577148 646.838317871 68.144821167 1378.83081055 491.038482666 -206.374313354 1693.50585938 699.044189453 -158.068618774 1357.97412109 223.747894287 -293.470275879 1529.09191895 649.21496582 -441.824951172 1291.04943848
0.0320060253143 8 631.791259766 -111.900398254 1546.09362793 660.788513184 256.413482666 1591.93066406 648.706665039 44.7195281982 1731.890625 650.532226562 61.0561828613 1375.59008789 492.711791992 -208.709823608 1691.87219238 699.865478516 -186.584960938 1367.12866211 227.005126953 -307.013671875 1534.9206543 652.197143555 -437.850952148 1290.61352539
0.0359609127045 8 630.075073242 -106.029434204 1544.87536621 661.218994141 256.440490723 1591.41992188 644.72277832 45.4932861328 1732.66015625 656.719970703 62.6522521973 1373.78027344 492.227416992 -214.024078369 1692.34143066 699.90222168 -186.975784302 1363.69628906 231.300872803 -328.73840332 1545.29272461 651.440368652 -439.628051758 1276.5703125
0.0321202278137 8 634.881408691 -107.238601685 1549.95324707 661.848022461 256.035980225 1590.77685547 644.820373535 40.9205627441 1731.07385254 676.945739746 62.3338928223 1393.9708252 498.508178711 -226.316162109 1690.66662598 701.222717285 -167.895523071 1360.75549316 247.198501587 -348.239868164 1538.49401855 649.97265625 -423.711547852 1233.26464844
0.0318219661713 8 638.40814209 -106.578887939 1551.71520996 661.70111084 255.964447021 1592.01513672 644.826049805 45.1819915771 1729.28015137 687.063842773 62.3834991455 1397.81140137 502.343078613 -228.326156616 1689.44189453 709.569641113 -135.236923218 1371.59057617 263.09262085 -361.999450684 1571.92248535 633.916870117 -412.491882324 1223.56140137
0.0361459255219 8 645.749328613 -113.109489441 1556.07043457 661.632019043 255.653167725 1592.31726074 644.539245605 43.2431411743 1728.1262207 710.855895996 50.4536514282 1404.21777344 511.885620117 -238.819671631 1687.17333984 705.330078125 -144.279541016 1367.95874023 269.346862793 -422.278900146 1555.63989258 625.661621094 -419.34677124 1225.93395996
0.0319349765778 8 646.148254395 -122.633117676 1557.22741699 662.172241211 255.513900757 1592.75036621 642.401306152 43.2046051025 1728.54846191 707.991516113 52.0747528076 1407.16125488 538.048706055 -250.753097534 1681.12719727 706.039978027 -140.366516113 1363.65100098 285.129425049 -462.763671875 1556.22546387 627.337646484 -410.962341309 1222.56201172
0.0320119857788 8 646.016357422 -134.884216309 1560.39331055 662.430847168 255.140792847 1594.38256836 646.268127441 40.2595672607 1728.39685059 701.913391113 46.1310882568 1408.70373535 532.339233398 -244.724777222 1684.39782715 701.384521484 -150.912719727 1360.86169434 332.058807373 -486.370391846 1572.14294434 624.121826172 -419.684234619 1213.09912109
0.0360391139984 8 646.721984863 -142.334777832 1553.47412109 662.709960938 254.552963257 1594.58996582 642.453125 32.1920318604 1724.10583496 701.673095703 46.5906219482 1408.97229004 546.438842773 -270.614624023 1683.74597168 710.512817383 -171.181762695 1354.4786377 363.717041016 -518.509887695 1581.25354004 619.25213623 -418.233337402 1210.18273926
0.0319859981537 8 644.925964355 -127.902587891 1540.40905762 661.846069336 254.133575439 1596.04541016 643.637878418 29.8558044434 1722.20532227 682.530822754 54.8015823364 1388.27587891 558.979797363 -283.672393799 1680.87939453 704.216003418 -158.713867188 1354.76403809 403.1902771 -554.93145752 1597.56799316 613.462890625 -408.760314941 1206.71984863
0.0319528579712 8 635.592956543 -116.486206055 1545.05761719 660.960998535 254.141952515 1597.52624512 636.623840332 34.4765014648 1724.0838623 684.566833496 50.7801818848 1388.64489746 576.995422363 -252.391174316 1706.64587402 705.790161133 -162.777801514 1343.47766113 425.862182617 -582.479858398 1603.86999512 612.891845703 -409.685699463 1205.42724609
0.0361750125885 8 635.608215332 -124.297401428 1545.16845703 658.073364258 253.793487549 1602.03674316 634.705078125 31.9288482666 1724.29064941 681.494384766 49.5455322266 1389.71594238 580.346069336 -249.929855347 1697.58129883 691.194091797 -182.606185913 1318.63061523 506.743225098 -505.625640869 1655.38916016 610.823364258 -409.505432129 1208.1730957
0.031702041626 8 635.80255127 -132.238174438 1540.35998535 655.268981934 253.922958374 1605.65002441 633.936645508 33.9418334961 1717.09863281 681.914428711 36.3671569824 1372.12817383 588.551696777 -242.182617188 1705.3416748 689.634033203 -191.548812866 1303.29455566 514.219543457 -489.773193359 1712.65222168 608.234863281 -400.089660645 1207.13122559
0.0321450233459 8 627.602233887 -124.861694336 1535.57177734 646.373901367 255.278701782 1614.29321289 629.925292969 56.7302703857 1708.07397461 654.706665039 51.7914886475 1360.08032227 608.357543945 -182.988571167 1732.2947998 692.914794922 -204.26335144 1310.11999512 504.260253906 -468.200195312 1717.23596191 607.391601562 -427.875427246 1215.40063477
0.03595495224 8 610.650085449 -104.358726501 1537.23132324 640.794494629 256.531494141 1619.65869141 629.78338623 94.8737792969 1703.66577148 622.804748535 60.462387085 1336.11816406 605.416748047 -127.798278809 1767.53027344 680.16607666 -198.13243103 1316.85327148 508.996948242 -428.999725342 1729.97460938 603.587158203 -466.342895508 1215.92895508
0.0318810939789 8 599.863769531 -93.6872940063 1537.12207031 637.395812988 257.136627197 1623.10412598 636.588745117 100.611946106 1699.71252441 609.253295898 62.0911331177 1334.1895752 616.039123535 -93.7392349243 1768.2722168 666.25390625 -181.19720459 1318.41137695 515.397399902 -414.772003174 1741.72351074 573.594848633 -462.49407959 1200.90393066
0.0320060253143 8 595.374389648 -86.5122375488 1539.26184082 631.185852051 257.013763428 1630.96936035 631.338317871 114.323913574 1688.07836914 604.09161377 57.6540222168 1332.10229492 616.397094727 -74.7453460693 1746.86560059 665.799743652 -177.602371216 1323.27502441 515.174987793 -391.938659668 1756.78723145 565.597106934 -474.491882324 1202.70654297
0.035984992981 8 588.06854248 -77.1960983276 1536.11682129 629.885314941 256.249206543 1634.83630371 635.316162109 119.736160278 1681.99987793 592.934936523 60.0112304688 1327.67736816 625.13293457 -72.4566497803 1747.2010498 660.147033691 -169.422424316 1325.44934082 521.686462402 -374.824890137 1767.00708008 596.10760498 -417.973480225 1228.94885254
0.0318629741669 8 595.156005859 -93.0329284668 1539.57458496 626.688720703 255.309127808 1640.80200195 638.526550293 91.0434417725 1683.78283691 613.71307373 29.3158416748 1336.47961426 652.13671875 -125.234130859 1757.83959961 660.741271973 -198.206390381 1318.8684082 524.584716797 -385.766235352 1778.73730469 582.340454102 -461.984466553 1228.60046387
0.0320529937744 8 603.77130127 -106.898506165 1539.47302246 624.676208496 254.876525879 1645.42480469 625.216186523 75.8674621582 1680.82458496 632.208251953 16.26902771 1344.88439941 652.5 -153.324188232 1761.87878418 666.693908691 -208.290054321 1309.1496582 508.775848389 -378.14642334 1781.39355469 567.912902832 -450.33013916 1210.30712891
0.0360469818115 8 611.160217285 -120.153465271 1548.46923828 622.827270508 254.052001953 1650.10021973 627.316223145 61.3790817261 1696.34509277 642.260681152 3.94541931152 1351.7088623 648.42779541 -155.927886963 1763.33105469 669.567443848 -218.0806427 1302.97900391 501.809020996 -363.584960938 1782.10668945 574.731384277 -450.936462402 1213.58508301
0.031909942627 8 623.545532227 -138.03225708 1552.66223145 622.320373535 252.494003296 1651.89501953 620.484558105 42.6433410645 1705.42724609 662.82598877 -3.36694335938 1362.10375977 638.070922852 -165.849258423 1765.21130371 681.714538574 -219.771774292 1303.57324219 484.071105957 -364.879272461 1778.01623535 596.95111084 -444.614257812 1224.15649414
0.0320739746094 8 626.234985352 -140.094573975 1567.46264648 622.627990723 250.000411987 1657.14050293 613.273071289 33.0516967773 1736.9934082 675.775634766 12.8688049316 1385.70361328 637.417907715 -171.848526001 1761.39111328 681.667358398 -211.59677124 1304.60998535 481.668395996 -364.267944336 1785.61755371 604.052307129 -436.393066406 1231.8692627
0.0359020233154 8 629.058959961 -142.884017944 1578.26416016 622.945861816 249.114624023 1661.01159668 619.848266602 38.8309860229 1737.12597656 677.368896484 5.40573120117 1393.82275391 639.029418945 -152.023712158 1762.88378906 680.827880859 -219.709121704 1303.89221191 554.018615723 -215.318847656 1617.5279541 697.404052734 -484.565368652 1326.8828125
0.0319681167603 8 632.957946777 -145.254974365 1578.0300293 622.85748291 248.713134766 1663.82629395 627.707580566 37.1103820801 1731.45092773 680.872741699 3.81771850586 1398.29614258 637.881958008 -146.193283081 1746.3704834 679.908813477 -215.385055542 1303.30664062 519.756469727 -252.778381348 1632.1652832 587.058532715 -447.178131104 1221.12182617
0.0321559906006 8 651.253112793 -147.499801636 1554.11328125 621.677612305 248.742584229 1665.19360352 653.762817383 -3.2255859375 1733.83618164 671.258300781 23.0422363281 1400.36962891 654.172119141 -174.850204468 1740.04211426 663.655944824 -179.426315308 1302.04003906 580.297729492 -266.946105957 1645.70629883 603.934143066 -340.439147949 1245.49108887
0.036031961441 8 642.110778809 -143.705154419 1569.16455078 620.941223145 249.681686401 1666.97424316 636.682250977 0.777770996094 1760.63623047 690.052368164 26.1842041016 1406.66650391 631.701843262 -171.203964233 1734.71252441 686.627380371 -168.83972168 1308.97241211 555.318603516 -265.360412598 1651.26147461 618.061523438 -416.421264648 1241.09875488
0.0320138931274 8 639.077453613 -145.745407104 1575.35583496 619.82611084 250.313171387 1670.42675781 636.589172363 10.0174865723 1754.99255371 686.59979248 17.2803649902 1408.91662598 627.938781738 -163.352767944 1732.00927734 687.550109863 -176.739746094 1312.52160645 515.556762695 -307.426635742 1688.33215332 617.941650391 -425.145904541 1240.85412598
0.0358331203461 8 627.496337891 -154.402633667 1572.55761719 618.776733398 248.932418823 1674.68371582 637.853637695 15.1332550049 1749.99743652 669.84387207 7.38163757324 1392.64855957 628.685974121 -159.545211792 1737.31591797 687.156066895 -188.268920898 1313.9934082 517.92175293 -313.128234863 1710.38195801 625.987609863 -444.496337891 1251.09204102
0.0319628715515 8 623.119506836 -157.783843994 1572.76379395 617.988464355 246.93359375 1677.79968262 633.710205078 24.5860137939 1734.73815918 664.178466797 -4.17887878418 1387.48986816 628.530151367 -149.235168457 1740.93078613 687.223999023 -204.697647095 1316.30053711 519.457885742 -314.902770996 1727.3581543 623.47454834 -463.282409668 1253.12658691
0.0321321487427 8 620.377441406 -149.971160889 1573.73913574 616.501098633 244.86869812 1683.09985352 633.522644043 40.1832427979 1721.54663086 657.851501465 -7.83039855957 1382.50537109 624.986694336 -134.089950562 1705.0222168 683.938964844 -217.31137085 1315.57885742 522.867858887 -319.793029785 1750.27758789 617.114074707 -466.069213867 1242.0871582
0.0362498760223 8 621.204528809 -151.89163208 1576.15100098 615.578613281 242.408676147 1686.12231445 637.271240234 40.3012924194 1729.52368164 656.622924805 -7.49032592773 1379.64819336 622.68963623 -141.454467773 1721.5501709 686.898376465 -228.28225708 1320.24645996 528.04486084 -326.345703125 1764.65795898 617.095458984 -478.750915527 1250.234375
