0.0302209854126 8 658.481384277 -102.591362 1570.46362305 658.620422363 260.435516357 1599.9284668 658.643066406 83.090423584 1697.92553711 725.332641602 44.2253570557 1413.30078125 557.084106445 -103.208328247 1746.1953125 707.289611816 -161.361328125 1343.70739746 489.517211914 -278.386779785 1753.98181152 655.225952148 -432.042327881 1219.99108887
0.034166097641 8 660.791259766 -103.061477661 1567.99987793 659.435119629 259.992553711 1599.56274414 661.218078613 77.5234909058 1701.16821289 720.406677246 48.033821106 1413.20581055 561.73034668 -103.690376282 1749.72485352 704.103881836 -155.200378418 1346.76916504 490.026000977 -282.102935791 1753.81945801 662.31628418 -404.760986328 1223.19372559
0.0355560779572 8 660.805664062 -105.539337158 1567.2421875 659.741760254 259.135437012 1599.0447998 665.366516113 71.3472442627 1703.74719238 714.096374512 47.6393890381 1413.48986816 564.817260742 -111.462127686 1751.48815918 698.892333984 -152.244033813 1349.17883301 490.977539062 -285.813171387 1754.45898438 655.25012207 -416.004943848 1220.51025391
0.0321228504181 8 659.112915039 -105.226013184 1568.7010498 660.271484375 258.473999023 1597.56445312 663.666625977 76.3490447998 1695.63549805 716.672119141 43.0013275146 1414.36938477 562.697814941 -113.103103638 1748.02392578 700.143920898 -157.998901367 1345.69519043 485.889526367 -284.080383301 1754.23742676 659.574829102 -414.333465576 1220.35253906
0.0320761203766 8 661.407287598 -109.08114624 1565.18591309 660.335021973 258.002807617 1596.9921875 661.402526855 72.6025924683 1693.3795166 725.450622559 40.0286331177 1413.17468262 562.066955566 -122.713600159 1746.95373535 702.899597168 -156.25567627 1345.79638672 486.052612305 -298.711303711 1764.86035156 646.609191895 -432.996704102 1229.6072998
0.0359890460968 8 662.245605469 -108.741912842 1560.64770508 660.826904297 257.997741699 1596.73388672 659.039367676 75.5537414551 1684.15075684 728.324279785 42.1094055176 1411.96765137 565.263061523 -114.425354004 1719.14501953 709.083679199 -190.916702271 1337.0769043 485.287109375 -292.91394043 1749.87316895 663.071044922 -402.809631348 1224.12414551
0.0318169593811 8 662.277099609 -109.437324524 1558.24267578 661.539123535 257.577545166 1596.33691406 658.295166016 74.7750473022 1681.51586914 727.801147461 41.39818573 1409.57641602 564.391357422 -119.768501282 1723.57836914 705.029968262 -184.766967773 1342.81604004 483.73449707 -291.56362915 1748.62854004 674.846984863 -356.26776123 1237.08361816
0.0322070121765 8 660.229064941 -110.262161255 1563.6192627 661.712646484 257.65234375 1595.66125488 674.491821289 63.3821258545 1700.91149902 700.166625977 50.7382659912 1416.34777832 572.814758301 -115.65385437 1729.12329102 697.701477051 -180.057815552 1341.61193848 487.978424072 -291.46105957 1756.22521973 668.459228516 -350.217315674 1239.08227539
0.0402948856354 8 663.671264648 -114.862846375 1564.95629883 662.458129883 257.453460693 1594.87658691 681.390930176 52.7176742554 1710.39257812 704.24029541 43.5704269409 1413.95263672 574.898742676 -112.908226013 1733.08850098 694.810424805 -173.598937988 1343.66345215 499.873474121 -281.298370361 1751.68579102 668.597717285 -344.851074219 1241.5925293
0.0327780246735 8 665.352661133 -116.539230347 1564.58300781 663.461242676 256.767791748 1594.54968262 681.838562012 49.217124939 1711.47485352 707.860046387 40.4825820923 1413.38256836 580.702331543 -145.267028809 1740.5802002 694.505310059 -167.099243164 1344.64648438 499.332397461 -276.9765625 1753.1048584 659.92956543 -345.494110107 1240.7064209
0.0313069820404 8 671.773010254 -118.790336609 1564.89245605 663.860778809 256.248748779 1594.32885742 685.534484863 41.9953384399 1712.51269531 717.20513916 40.0609207153 1421.59057617 592.726074219 -156.558044434 1741.12524414 691.10925293 -137.050476074 1332.00561523 505.215393066 -284.852600098 1760.18725586 665.005615234 -339.27923584 1241.54223633
0.0352020263672 8 672.309936523 -119.217132568 1566.31323242 664.625671387 256.376037598 1594.7076416 679.328430176 41.3233642578 1712.3717041 729.84197998 37.0882263184 1426.97766113 590.620239258 -161.066665649 1743.63708496 694.563110352 -118.399841309 1325.89331055 501.128967285 -293.589019775 1765.23071289 670.479736328 -342.302886963 1239.88000488
0.0317530632019 8 673.367675781 -116.247406006 1572.32543945 665.334411621 256.382049561 1594.93164062 682.640014648 42.8150405884 1714.15063477 727.887451172 34.2732772827 1431.35571289 592.301696777 -161.910064697 1748.55371094 689.520202637 -108.462440491 1326.33117676 500.837341309 -283.945617676 1764.66479492 665.593994141 -351.003814697 1235.77941895
0.0316648483276 8 671.711181641 -117.585960388 1568.95092773 665.961914062 256.644805908 1594.1105957 684.091003418 41.4534683228 1715.81921387 720.739929199 39.248878479 1427.47229004 593.658691406 -165.206298828 1751.26379395 688.786193848 -101.992744446 1327.78466797 497.959960938 -279.396881104 1763.19006348 663.704650879 -348.304382324 1234.21240234
0.0351960659027 8 670.227478027 -113.831062317 1568.93054199 666.612915039 255.88973999 1593.43640137 681.38458252 47.605140686 1718.87414551 721.969421387 45.2964248657 1425.15808105 589.323303223 -172.800720215 1751.18383789 695.169433594 -103.58731842 1332.51049805 446.314086914 -362.504272461 1791.9128418 664.771057129 -351.122924805 1232.7175293
0.031553030014 8 668.600463867 -109.737304688 1571.7479248 667.20123291 255.493682861 1593.47717285 677.115478516 54.4561386108 1719.12512207 719.375366211 50.2701797485 1428.31970215 587.278076172 -171.830749512 1747.17553711 699.020080566 -106.296791077 1335.52709961 504.56048584 -295.512329102 1787.29016113 665.710632324 -359.357818604 1229.54431152
0.031888961792 8 665.362426758 -109.195999146 1577.87353516 667.992004395 255.740737915 1593.76037598 676.096435547 60.7967224121 1716.68115234 713.231933594 47.5221862793 1431.48925781 586.908081055 -164.320877075 1750.15795898 699.127258301 -116.315353394 1337.28881836 507.034484863 -289.730834961 1790.21496582 664.501281738 -365.743743896 1232.55859375
0.0355861186981 8 665.020507812 -109.928146362 1580.18225098 668.78692627 255.936340332 1593.81201172 674.28717041 61.6180038452 1717.3815918 714.819885254 48.5589065552 1436.16967773 585.219421387 -163.577911377 1751.44311523 700.782409668 -113.779472351 1338.74157715 497.733886719 -293.207397461 1792.99853516 667.337036133 -343.446594238 1243.09155273
0.0318808555603 8 662.305786133 -105.107147217 1578.96081543 669.047058105 256.515869141 1594.52392578 671.268127441 71.6866760254 1712.2064209 713.069641113 57.9053955078 1437.74890137 584.432922363 -162.315917969 1750.49682617 701.176879883 -116.626876831 1340.7454834 495.654541016 -292.590942383 1789.38183594 668.15222168 -352.718658447 1238.58605957
0.0357141494751 8 662.361328125 -108.191078186 1579.25427246 669.061767578 257.037963867 1594.37927246 670.344055176 68.8364105225 1716.21154785 718.810241699 53.0332336426 1434.40930176 584.452209473 -161.875045776 1752.32983398 703.635375977 -112.852584839 1341.86767578 487.798583984 -294.168334961 1789.10656738 654.99609375 -408.914245605 1225.89013672
0.0319089889526 8 661.30859375 -111.452453613 1577.76074219 669.401123047 257.121520996 1594.4465332 671.447021484 65.3653182983 1717.17944336 721.756713867 48.5969619751 1431.01196289 585.735046387 -164.433990479 1753.37463379 703.109619141 -107.811439514 1341.71923828 482.35647583 -283.863494873 1776.87646484 655.535949707 -403.818878174 1224.93981934
0.031977891922 8 659.293029785 -111.52646637 1579.10437012 669.672485352 257.867034912 1594.65307617 673.216552734 65.154838562 1717.89648438 717.180053711 50.5026168823 1433.95214844 587.703491211 -163.95880127 1754.90917969 700.887573242 -106.368034363 1340.65649414 477.862182617 -271.507537842 1768.05810547 656.065917969 -399.703704834 1225.02526855
0.0358819961548 8 653.312255859 -113.105331421 1581.34655762 669.555847168 258.205200195 1595.02600098 676.016479492 65.707359314 1719.79638672 712.847045898 50.8195266724 1435.59960938 591.633850098 -154.827270508 1760.00500488 698.486755371 -109.011726379 1340.88269043 476.568756104 -269.433044434 1765.71875 648.997619629 -404.80355835 1222.31604004
0.0315790176392 8 651.147949219 -112.554862976 1583.84082031 669.761535645 259.304840088 1595.43188477 676.317016602 68.1733169556 1720.14135742 712.579345703 50.3249282837 1436.97192383 593.730529785 -151.242523193 1762.9786377 698.539794922 -110.949729919 1341.3034668 479.54208374 -283.373321533 1753.38415527 651.526489258 -404.195343018 1221.65917969
0.0319321155548 8 649.645202637 -109.803115845 1582.11938477 670.382446289 260.088562012 1595.9095459 683.067504883 64.5512466431 1722.13037109 707.723754883 51.9298629761 1435.1875 602.219726562 -154.653686523 1766.61083984 691.416870117 -107.007209778 1339.25646973 490.791748047 -455.898529053 1637.53088379 646.781066895 -398.211151123 1220.14172363
0.0362458229065 8 655.104248047 -113.256736755 1587.70129395 671.607543945 259.923034668 1595.73242188 694.163024902 65.1722564697 1723.77709961 697.884216309 50.6954345703 1435.48828125 614.956970215 -154.336303711 1770.26159668 680.695556641 -107.268386841 1340.07861328 502.132720947 -453.438110352 1637.6673584 633.824584961 -404.362060547 1218.63134766
0.0316050052643 8 655.155029297 -112.031555176 1582.03149414 673.59765625 258.914581299 1594.96740723 687.123474121 61.9853286743 1723.99255371 707.124694824 53.5570602417 1435.96130371 609.192321777 -158.241882324 1772.34521484 687.817016602 -103.960868835 1342.19458008 448.909790039 -442.722564697 1646.18115234 637.078979492 -417.231109619 1209.36254883
0.0320730209351 8 655.061645508 -112.918243408 1583.50927734 677.272521973 257.462158203 1592.71276855 686.892150879 62.69165802 1724.53747559 709.851013184 50.344078064 1434.90026855 607.832580566 -161.935821533 1776.53759766 688.060852051 -104.785606384 1342.15332031 433.218261719 -410.052368164 1653.42016602 637.294616699 -407.471374512 1213.00830078
0.0360450744629 8 658.844665527 -118.405403137 1584.91894531 679.737609863 255.764801025 1590.45568848 689.505126953 57.7112350464 1726.28637695 716.718017578 37.50730896 1429.0859375 613.153259277 -174.823486328 1780.9284668 685.242614746 -99.6569061279 1342.72045898 422.794372559 -377.342132568 1654.96789551 636.483825684 -402.245178223 1210.77172852
0.0319330692291 8 657.85357666 -114.86428833 1580.7088623 686.910217285 248.326446533 1583.31530762 676.732788086 53.3572998047 1725.72753906 735.730224609 30.4562988281 1430.70019531 601.206726074 -183.561431885 1782.33959961 697.918518066 -95.2394714355 1345.83935547 386.197967529 -344.668762207 1656.8972168 657.137573242 -373.840301514 1217.81616211
0.0322759151459 8 663.248168945 -112.501228333 1580.79089355 690.96887207 242.953796387 1577.17089844 659.583984375 56.532875061 1720.55419922 757.17175293 26.5228347778 1439.47387695 581.877746582 -182.374633789 1772.85266113 715.722961426 -98.3709411621 1352.42016602 353.541259766 -306.967498779 1653.93078613 668.307739258 -396.048553467 1218.95849609
0.0416340827942 8 657.007995605 -110.080848694 1575.05908203 692.710693359 241.928192139 1575.00561523 640.245178223 49.6907043457 1715.00939941 767.836120605 21.041519165 1448.89172363 552.335388184 -191.756591797 1746.41223145 732.498413086 -111.116638184 1360.43652344 309.831359863 -255.013809204 1646.02282715 681.497558594 -413.339874268 1226.68164062
0.0321259498596 8 658.523071289 -114.346847534 1571.45874023 693.428833008 240.986236572 1574.95324707 640.58203125 35.8921661377 1715.33642578 777.588134766 7.85859680176 1451.10986328 530.514709473 -212.781341553 1751.29589844 732.406860352 1.25102329254 1495.93725586 282.704956055 -213.844772339 1642.07373047 687.156433105 -385.621154785 1241.57324219
0.0284299850464 8 661.550292969 -123.236099243 1561.87255859 695.562988281 240.764022827 1574.95214844 641.423034668 18.8942642212 1718.61791992 785.045593262 12.801109314 1455.01708984 527.012573242 -214.567901611 1761.07116699 739.265014648 4.16786289215 1489.97631836 261.629455566 -188.002853394 1634.97802734 703.425048828 -325.430450439 1264.52246094
0.0347108840942 8 668.028686523 -119.417243958 1563.18273926 697.123596191 241.48324585 1574.6340332 649.002807617 16.8016433716 1725.35717773 788.909790039 20.9090042114 1458.71020508 526.42388916 -218.302886963 1751.88354492 747.743530273 -23.4201202393 1456.65991211 249.648956299 -159.129272461 1634.13195801 679.004638672 -264.459350586 1272.8026123
0.0321002006531 8 663.005615234 -101.388397217 1575.32922363 698.603637695 241.793411255 1574.21008301 651.207885742 35.792137146 1721.84606934 785.723022461 6.96118927002 1458.59973145 514.847839355 -183.871063232 1744.58618164 745.510253906 -50.0097961426 1418.7298584 240.986602783 -113.073654175 1626.21276855 695.198242188 -299.657958984 1298.45959473
0.0314548015594 8 656.433898926 -94.6227645874 1581.14660645 699.536621094 242.089538574 1574.17980957 660.70526123 52.538394928 1697.94885254 774.217956543 -13.0858306885 1459.50720215 518.851928711 -149.526473999 1737.81970215 730.279846191 -98.9771881104 1389.33837891 249.860473633 -62.3720397949 1617.72412109 668.895507812 -403.406677246 1241.86975098
0.0362200737 8 660.424682617 -96.3855514526 1588.36230469 701.242858887 242.210388184 1573.36376953 657.182189941 56.9543952942 1704.60119629 784.695739746 -17.4267578125 1464.43737793 504.754516602 -139.838058472 1729.88891602 736.874633789 -125.356117249 1379.7019043 240.847351074 -33.1016998291 1608.58874512 681.511352539 -409.632171631 1254.41027832
0.0315680503845 8 665.991271973 -98.6070098877 1609.04516602 701.790100098 242.455993652 1573.38000488 646.610473633 69.4439849854 1724.43896484 807.861816406 -26.0973434448 1480.40771484 492.162902832 -132.113235474 1718.86340332 743.152587891 -143.32421875 1381.51989746 230.679992676 -2.41226196289 1592.73449707 688.502197266 -428.027954102 1263.19641113
0.0319530963898 8 668.797363281 -95.5288619995 1609.02868652 702.860839844 243.649963379 1573.38537598 647.641906738 76.5295562744 1723.71435547 799.26361084 -6.18811035156 1474.11645508 501.344848633 -145.093704224 1728.50939941 729.369567871 -141.009292603 1370.55187988 234.87979126 12.8145294189 1592.31506348 669.865722656 -435.648864746 1243.44873047
0.0358159542084 8 661.21862793 -98.9941940308 1603.19006348 704.039306641 245.044952393 1574.41662598 657.207397461 71.0181732178 1733.41918945 759.998291016 18.6878967285 1453.94702148 500.743347168 -150.60559082 1758.56201172 706.948974609 -130.796279907 1355.29455566 251.229736328 7.158203125 1598.45666504 644.590332031 -434.131591797 1244.80078125
0.0316038131714 8 655.328735352 -111.381103516 1584.92346191 705.105529785 246.553710938 1575.48815918 666.800964355 60.9437179565 1720.67785645 735.842590332 35.9243240356 1443.23571777 503.630645752 -133.004821777 1764.0111084 690.404052734 -135.461273193 1352.71533203 260.80456543 34.7474365234 1598.33081055 634.508544922 -430.14352417 1247.3795166
0.0321052074432 8 649.462890625 -124.37865448 1576.47070312 704.981445312 246.75201416 1576.19934082 665.471740723 52.6672973633 1713.44677734 702.35369873 30.7929534912 1423.21142578 495.621337891 -127.85585022 1757.45043945 688.073913574 -143.977005005 1359.04516602 256.316680908 52.0028991699 1589.0612793 637.828735352 -424.499206543 1258.71813965
0.0360720157623 8 635.103515625 -137.321212769 1567.60083008 705.775390625 247.100036621 1576.01477051 646.603088379 34.4666137695 1705.32739258 667.24395752 12.8147888184 1409.36621094 467.059509277 -106.983276367 1733.87585449 692.501647949 -173.825714111 1362.86010742 246.612243652 71.8196868896 1585.38769531 629.810546875 -440.531646729 1264.0123291
0.0319178104401 8 628.383911133 -145.145126343 1559.17541504 707.157958984 247.267105103 1576.57385254 645.284667969 24.8681793213 1705.28540039 651.99206543 8.99501037598 1397.24365234 437.572021484 -87.5597457886 1722.41247559 692.770141602 -186.722167969 1359.13586426 234.448944092 91.1905441284 1576.75109863 633.185974121 -445.775695801 1276.9876709
0.0320901870728 8 624.85925293 -151.253570557 1552.20837402 707.750488281 247.015609741 1576.72290039 644.460144043 16.6287231445 1705.37353516 641.992736816 7.4494934082 1389.27246094 410.400024414 -60.4220275879 1699.73925781 693.129760742 -194.815628052 1357.06530762 224.883865356 113.892181396 1570.31787109 663.453491211 -394.241455078 1302.37670898
0.0360038280487 8 623.804382324 -154.221664429 1545.0559082 708.72265625 246.657836914 1576.37841797 641.707763672 11.8813018799 1703.45275879 639.101196289 10.2044830322 1384.64880371 397.606445312 -46.2774505615 1698.60290527 693.709228516 -199.386062622 1359.43457031 221.205627441 122.89225769 1569.08483887 662.596435547 -397.88873291 1301.28527832
0.032154083252 8 624.386291504 -145.329483032 1544.50744629 709.245056152 246.817260742 1575.59545898 642.199035645 27.5386505127 1700.86340332 640.511413574 30.0140533447 1390.74597168 394.179260254 -20.7565193176 1698.37988281 690.10723877 -214.760925293 1362.18945312 209.581481934 149.006484985 1540.60974121 651.811706543 -435.957946777 1287.26367188
0.0319349765778 8 625.331237793 -136.834732056 1538.36804199 709.212219238 247.143081665 1574.78820801 642.102111816 42.8129730225 1686.44104004 640.651916504 38.3074798584 1384.84020996 393.756713867 -12.7874183655 1696.24255371 688.088134766 -212.732131958 1363.63195801 203.258010864 170.196731567 1528.39941406 648.113769531 -452.073547363 1285.29089355
0.0363230705261 8 624.508239746 -140.003540039 1534.59777832 709.606445312 247.413406372 1574.02392578 640.909057617 41.8648376465 1680.45983887 639.069091797 37.394317627 1383.14172363 393.357177734 -20.0570793152 1693.54541016 684.922241211 -202.147567749 1364.76647949 201.362228394 176.966094971 1536.37573242 638.351379395 -452.21685791 1286.99023438
0.0314860343933 8 630.273864746 -141.872848511 1540.8939209 709.618347168 247.492858887 1572.57141113 645.466369629 34.0799102783 1686.42138672 659.702575684 36.7244415283 1400.87426758 396.344360352 -20.4051780701 1695.37145996 678.495178223 -197.091598511 1363.64746094 205.130584717 186.260528564 1549.71508789 629.856262207 -460.259094238 1277.44848633
0.0321369171143 8 628.765869141 -138.731796265 1539.81958008 709.359008789 248.0599823 1571.00183105 643.96270752 36.8072357178 1689.48510742 654.094421387 40.5127105713 1396.03271484 392.836242676 -7.35316085815 1695.5847168 676.914672852 -168.861358643 1382.87597656 200.387710571 200.334381104 1551.44885254 633.948242188 -455.34161377 1284.43579102
0.0360889434814 8 629.722290039 -130.381622314 1539.43115234 709.526123047 248.917221069 1570.3001709 644.332519531 45.7311553955 1691.70593262 657.117553711 52.6569671631 1397.43371582 386.645874023 14.5967102051 1702.12792969 682.985046387 -161.211624146 1385.8067627 210.006530762 217.776504517 1562.07824707 633.733947754 -468.112915039 1282.44958496
0.0318520069122 8 632.453369141 -126.75769043 1541.91943359 710.565429688 250.31829834 1569.48974609 646.499145508 52.7692260742 1692.97314453 664.122314453 59.3768005371 1401.93530273 391.101318359 34.087272644 1707.15698242 681.77911377 -160.897949219 1386.48242188 195.595245361 226.454620361 1561.47436523 630.618286133 -474.490356445 1279.86047363
0.0320670604706 8 629.859375 -123.86289978 1546.0291748 710.847351074 251.205276489 1568.65905762 646.438659668 53.7732009888 1691.25231934 659.368469238 50.0156478882 1398.33093262 396.356628418 45.9765205383 1710.7902832 679.467529297 -161.408233643 1387.0324707 201.893966675 230.330596924 1564.17346191 628.285095215 -477.980194092 1281.32958984
0.036180973053 8 631.389282227 -128.49331665 1546.18334961 711.185791016 251.838668823 1568.16271973 645.441040039 55.8379974365 1692.03027344 661.79309082 51.0449371338 1396.88989258 402.882598877 55.8295211792 1715.89111328 680.04296875 -166.158340454 1386.65344238 197.904022217 240.216827393 1559.08972168 627.515686035 -480.202453613 1282.29174805
0.03169298172 8 632.895202637 -124.446502686 1541.83728027 711.538452148 252.214797974 1567.57128906 646.003845215 49.8822097778 1692.39562988 662.157409668 52.6779403687 1396.92028809 404.98638916 51.2007255554 1719.44494629 680.667785645 -162.92489624 1384.30895996 232.167098999 260.642547607 1588.68884277 627.252807617 -473.897094727 1275.5703125
0.0362889766693 8 637.237792969 -121.829856873 1542.48474121 711.301818848 253.574401855 1567.2388916 653.20715332 44.154876709 1692.33850098 668.766235352 51.4336090088 1403.74768066 416.826293945 42.2334289551 1726.04040527 678.171508789 -154.955169678 1383.80175781 223.0078125 259.07623291 1599.79272461 624.913024902 -458.922332764 1272.64318848
0.0318739414215 8 637.343200684 -122.68145752 1544.71594238 711.452087402 254.284759521 1567.62219238 651.294433594 48.8252792358 1691.5201416 669.126708984 51.9718704224 1404.5489502 422.588409424 43.2122116089 1731.13049316 677.649291992 -158.605316162 1379.99890137 228.391326904 258.680389404 1603.00793457 620.047668457 -466.488189697 1273.74560547
0.0320880413055 8 639.104187012 -125.397918701 1546.5513916 712.203552246 255.23374939 1567.80078125 652.741210938 46.6016159058 1692.7947998 672.899291992 49.8986282349 1407.67712402 423.424957275 39.453918457 1729.2668457 675.479370117 -158.63861084 1376.9597168 225.515090942 256.664550781 1600.30395508 614.723205566 -464.207580566 1266.2800293
0.0358240604401 8 639.508178711 -123.284683228 1546.49023438 712.8359375 256.511169434 1568.30993652 651.951477051 49.451171875 1694.28955078 672.433776855 53.1143798828 1406.35986328 421.222839355 42.442855835 1727.77490234 678.681396484 -158.512634277 1374.77282715 232.971954346 244.423797607 1585.35778809 593.942565918 -461.146057129 1185.88598633
0.0320429801941 8 640.503295898 -118.773910522 1538.68615723 712.973876953 257.731140137 1568.80712891 647.944091797 40.2587661743 1693.87805176 683.031738281 57.2507858276 1409.69763184 414.683349609 33.666759491 1724.56274414 663.455444336 -121.914390564 1373.69604492 210.04725647 245.648544312 1573.68530273 661.932983398 -361.652435303 1308.93505859
0.0320780277252 8 644.279846191 -119.284805298 1545.28234863 712.834411621 258.464233398 1569.08190918 652.098632812 43.7814559937 1697.0760498 686.033691406 56.2411880493 1414.36096191 412.579162598 44.9231567383 1715.80688477 667.462158203 -134.455200195 1373.36706543 208.992965698 240.504440308 1552.6105957 596.491943359 -470.821594238 1168.98339844
0.0361499786377 8 640.389587402 -113.073997498 1542.01550293 712.706359863 258.958862305 1569.06225586 649.703063965 55.1006546021 1698.65795898 671.17767334 70.0581436157 1406.29101562 406.106201172 61.5292701721 1706.18444824 674.457336426 -149.446990967 1373.40979004 214.736724854 234.428726196 1535.27539062 595.85925293 -461.294372559 1187.25085449
0.031888961792 8 637.802001953 -108.443473816 1544.1036377 712.526733398 259.486846924 1569.53930664 649.012145996 64.6184921265 1700.63208008 662.443908691 75.2488937378 1401.88110352 405.878326416 65.2169494629 1706.64941406 690.770812988 -143.800384521 1377.70153809 197.419464111 241.249649048 1525.18786621 598.539978027 -460.941131592 1184.96984863
0.03191614151 8 636.522705078 -105.85635376 1550.81982422 712.142700195 259.624664307 1569.50561523 647.437988281 65.7220153809 1701.71337891 672.046386719 66.7341308594 1404.95043945 414.723236084 59.6546020508 1699.22705078 686.115539551 -124.93397522 1361.00305176 185.553268433 230.363983154 1521.03015137 598.39654541 -469.466796875 1173.62243652
0.0359988212585 8 639.595825195 -102.733917236 1553.58752441 711.981323242 259.844421387 1568.66931152 651.61907959 66.9996948242 1701.26696777 684.895202637 56.3157348633 1400.56945801 416.206878662 62.487701416 1705.40771484 682.452331543 -119.12928772 1352.20324707 206.088790894 220.756134033 1499.02050781 594.029541016 -469.280334473 1181.47570801
0.0321190357208 8 640.152709961 -99.2942810059 1556.19250488 712.247741699 259.564819336 1568.3157959 657.221130371 63.4591598511 1702.68164062 678.550354004 54.7425308228 1404.41162109 420.667419434 59.249042511 1706.61608887 680.013427734 -124.619911194 1360.55285645 210.773239136 207.839584351 1491.54016113 590.069458008 -451.740997314 1186.55126953
0.0319709777832 8 643.318664551 -100.362716675 1561.31054688 712.336730957 259.25012207 1568.27294922 662.269775391 63.8705215454 1707.82043457 679.528442383 54.6877670288 1408.19250488 420.911743164 57.3670082092 1699.0814209 680.905212402 -129.334411621 1364.7845459 193.674255371 203.359451294 1477.3815918 588.129455566 -455.609619141 1182.43115234
0.0363800525665 8 643.152160645 -90.7309646606 1557.78198242 711.881958008 259.804168701 1569.19042969 660.051391602 79.2767715454 1692.32885742 679.205810547 64.4225540161 1409.73242188 422.96307373 50.9061431885 1696.30114746 678.534912109 -125.531166077 1367.07226562 214.047973633 186.745803833 1476.11547852 584.938781738 -456.176574707 1178.38330078
0.0314469337463 8 645.785217285 -81.0260391235 1558.26000977 711.391235352 259.631774902 1569.35559082 663.760131836 74.8163986206 1698.27160645 683.152099609 61.2269515991 1407.98986816 420.745300293 50.600944519 1695.10131836 680.778991699 -128.92074585 1369.7130127 208.028503418 181.412750244 1480.70690918 647.076782227 -402.39276123 1300.25415039
0.032243013382 8 648.951965332 -79.8320770264 1562.12255859 711.148864746 259.647827148 1569.4486084 668.118041992 73.9328155518 1702.02233887 683.67956543 56.4825592041 1407.8651123 422.052886963 48.834438324 1692.9810791 678.442504883 -131.598266602 1369.59655762 196.28326416 182.694824219 1480.1673584 644.536315918 -411.322021484 1299.23242188
0.0357441902161 8 647.579711914 -84.3949813843 1557.25512695 710.808105469 260.244903564 1568.9074707 661.389038086 79.6164932251 1697.45129395 680.072143555 61.1526870728 1400.71228027 413.39956665 35.9866867065 1685.74243164 689.433532715 -156.112854004 1371.4621582 176.257598877 171.771484375 1471.34057617 648.389465332 -403.652160645 1299.35522461
0.0320069789886 8 648.467102051 -85.0738601685 1557.35217285 710.447509766 261.316955566 1568.58789062 661.732543945 86.1245498657 1699.94140625 678.445678711 68.2163467407 1397.91552734 409.02734375 22.8903770447 1686.47497559 692.409545898 -161.299346924 1370.46960449 178.426559448 150.852493286 1478.07641602 587.740722656 -447.6925354 1180.36291504
0.032007932663 8 644.614074707 -91.9071044922 1555.66503906 710.041381836 261.453796387 1568.64440918 657.604858398 83.69140625 1699.18725586 667.118652344 63.380645752 1391.40429688 404.997375488 21.5885887146 1683.88708496 692.961608887 -169.029708862 1368.17272949 167.374771118 154.001571655 1496.37854004 642.409912109 -420.971893311 1270.59057617
0.0360488891602 8 635.87121582 -90.4399795532 1548.43139648 709.77355957 260.534057617 1568.21655273 653.184082031 85.6740493774 1700.14123535 652.936889648 74.5074539185 1384.62365723 399.242858887 10.4475631714 1682.93688965 698.776794434 -150.180206299 1369.40380859 156.422073364 139.561676025 1508.45910645 631.059448242 -439.704589844 1271.59143066
0.0319859981537 8 634.191955566 -90.0962753296 1545.37133789 709.620605469 259.429473877 1567.21557617 652.709411621 86.7650299072 1699.57507324 645.448669434 77.7236938477 1380.71569824 397.43838501 9.50186157227 1683.91674805 700.13494873 -145.165237427 1370.31640625 156.346618652 140.806259155 1518.36730957 622.382019043 -457.324401855 1276.13977051
0.032044172287 8 635.352478027 -88.4493179321 1543.55029297 709.213867188 258.668487549 1566.76916504 655.542175293 85.452041626 1701.79150391 651.818786621 80.1359558105 1379.2409668 395.403381348 -1.23352050781 1690.5222168 703.605163574 -141.0078125 1368.74804688 152.046981812 130.271392822 1546.55664062 632.175598145 -440.297912598 1273.0546875
0.0355739593506 8 634.654785156 -82.5597457886 1546.37365723 708.855224609 257.031005859 1566.55993652 656.543518066 85.5366897583 1701.75585938 651.722106934 74.6819839478 1379.45141602 396.221435547 0.215873718262 1691.72924805 699.904602051 -132.05847168 1363.69714355 135.905334473 124.904693604 1564.01989746 646.578674316 -427.45904541 1276.55200195
0.0321409702301 8 626.475097656 -109.529838562 1546.9296875 708.293823242 255.507263184 1566.58642578 637.342102051 70.7068405151 1691.76477051 645.73248291 44.9653244019 1375.6373291 397.275390625 12.6876335144 1700.69689941 697.963562012 -153.899047852 1365.16796875 135.255279541 140.569229126 1572.46057129 653.828674316 -432.287811279 1278.60021973
0.0318648815155 8 625.335998535 -115.79499054 1551.19799805 707.383544922 254.165924072 1567.11486816 630.657836914 69.1444015503 1694.8861084 642.981079102 39.3967285156 1376.60852051 378.878509521 18.1846313477 1700.72741699 697.733093262 -165.286193848 1365.16540527 131.830322266 146.353271484 1581.7310791 657.460327148 -441.133300781 1287.76318359
0.035914182663 8 625.196777344 -120.336906433 1551.40136719 700.849182129 248.127655029 1575.30407715 629.580505371 59.9585418701 1699.57592773 641.481994629 35.7041320801 1378.5793457 372.140472412 17.1829338074 1702.45776367 695.476989746 -166.299301147 1365.05126953 128.576858521 144.039520264 1589.13659668 643.450256348 -443.331604004 1275.38867188
0.0320098400116 8 626.408996582 -123.971260071 1551.23120117 701.998046875 249.539825439 1573.39306641 631.112121582 55.4564819336 1700.72485352 641.867736816 33.7102508545 1379.58496094 383.151062012 13.1424407959 1726.62133789 693.691833496 -174.576065063 1363.08837891 123.935241699 143.088317871 1602.1282959 599.254760742 -466.667236328 1168.3972168
0.0320801734924 8 626.377563477 -124.560287476 1551.35546875 702.103088379 249.711257935 1573.07336426 632.00189209 56.7921600342 1700.93310547 638.056335449 35.6319122314 1379.61157227 387.927307129 14.6879730225 1737.60046387 694.937316895 -177.847961426 1363.31530762 116.093414307 140.847229004 1618.37976074 601.485107422 -467.374755859 1162.53747559
0.0360507965088 8 626.485046387 -123.808425903 1550.8182373 700.598754883 246.902587891 1576.14855957 632.220092773 59.7625198364 1700.83605957 634.438110352 37.6761627197 1377.33581543 388.939331055 17.0747528076 1741.3692627 696.524902344 -178.29637146 1362.89147949 117.91104126 141.558807373 1622.69836426 594.68939209 -475.535461426 1199.4440918
0.0319831371307 8 627.482299805 -125.203346252 1551.60571289 697.091491699 245.305114746 1584.84521484 632.407104492 59.2083587646 1699.97155762 633.979614258 33.0712585449 1375.67565918 389.06918335 21.0979881287 1744.87646484 695.773620605 -179.257492065 1362.06677246 128.702911377 144.522399902 1633.71801758 593.244750977 -460.338439941 1168.26843262
0.0317919254303 8 625.245727539 -119.816467285 1551.41320801 697.768798828 244.652938843 1584.22509766 629.535827637 65.9401931763 1700.09509277 626.34967041 31.9951324463 1368.1583252 390.05255127 29.8326644897 1746.51342773 696.775024414 -186.856781006 1362.62768555 116.549499512 151.882843018 1644.46374512 602.101196289 -504.560913086 1143.70141602
0.0361170768738 8 622.505065918 -127.933486938 1552.96179199 696.79675293 242.750076294 1587.5012207 618.353149414 54.9843673706 1706.11535645 628.294555664 23.31300354 1368.50769043 390.634887695 33.0960731506 1749.51843262 695.177856445 -189.742248535 1361.09777832 113.418426514 150.184265137 1662.37475586 588.132141113 -499.338104248 1179.45507812
0.0362050533295 8 621.014221191 -130.518737793 1553.34716797 695.894226074 241.365478516 1590.56530762 614.169311523 50.6982040405 1708.09191895 628.822509766 22.1948547363 1370.45349121 386.684295654 33.0598907471 1751.38842773 695.788391113 -188.799880981 1359.34887695 105.389221191 150.022247314 1673.78820801 592.536437988 -489.427856445 1186.33056641
0.032742023468 8 622.770019531 -131.064300537 1554.77526855 695.71105957 240.175994873 1591.2520752 618.057250977 52.3000030518 1707.23901367 629.843261719 24.0582427979 1373.73120117 382.044616699 25.5152206421 1755.15551758 696.228149414 -186.841018677 1359.39343262 106.032470703 144.390533447 1678.22155762 617.375732422 -397.192504883 1195.56970215
0.0344858169556 8 623.295043945 -137.305511475 1559.35302734 694.799987793 239.166412354 1596.10180664 618.623291016 42.5782318115 1714.51513672 633.289428711 24.1594696045 1385.32836914 376.179718018 14.1484012604 1759.17895508 692.99786377 -179.260177612 1355.7623291 111.026031494 135.484054565 1685.81286621 603.17779541 -414.912841797 1176.15270996
0.0318601131439 8 628.570983887 -145.286300659 1566.57226562 694.03894043 238.741195679 1597.71716309 624.426025391 24.6725616455 1720.08154297 649.520507812 20.8610992432 1410.28857422 374.890716553 -7.92325210571 1760.43579102 684.571533203 -180.463790894 1344.85571289 118.282623291 117.614456177 1689.2947998 571.411437988 -464.612182617 1165.39208984
0.0433330535889 8 631.520507812 -149.101898193 1571.54492188 693.641967773 237.994262695 1600.98266602 626.346679688 17.9074401855 1725.02807617 660.50769043 20.3729248047 1423.51074219 373.453582764 -13.8312225342 1764.29882812 681.873779297 -194.0574646 1337.51171875 112.335845947 106.985488892 1700.19360352 586.46496582 -411.186798096 1164.81103516
0.0375249385834 8 634.871887207 -154.894714355 1574.44030762 692.988891602 237.814605713 1604.07922363 631.377075195 15.8800354004 1722.40246582 673.981323242 16.2366333008 1432.12487793 380.13494873 -15.6458473206 1766.18322754 677.28527832 -200.618499756 1337.45251465 111.839019775 98.6878967285 1707.89758301 577.645935059 -436.179138184 1144.56591797
0.0309009552002 8 626.519714355 -159.507476807 1565.7532959 692.800109863 237.816696167 1606.60791016 620.64050293 6.65679931641 1720.60424805 683.122192383 16.9471130371 1434.28466797 371.540588379 -21.2585315704 1771.69482422 682.956848145 -205.470306396 1341.4786377 111.366455078 96.4309844971 1714.32116699 583.881164551 -436.657287598 1171.11499023
0.0318429470062 8 617.235534668 -161.57623291 1554.19885254 692.745483398 236.764602661 1610.86022949 609.664916992 2.07695007324 1720.39294434 667.17199707 9.24263000488 1403.24328613 363.120727539 -23.5708713531 1772.63110352 690.329101562 -202.866317749 1342.99865723 103.845245361 88.5266342163 1717.63500977 618.185852051 -366.222106934 1191.11474609
0.0351181030273 8 614.501342773 -158.689727783 1550.3704834 692.732910156 236.506744385 1612.01306152 606.387268066 -0.528747558594 1724.84729004 661.776916504 10.0140991211 1392.80432129 361.660003662 -27.4621772766 1774.83557129 686.194885254 -199.571258545 1342.30505371 94.1378479004 75.3647003174 1728.20117188 602.262573242 -400.897277832 1167.03845215
0.0330729484558 8 615.710693359 -151.426376343 1551.04272461 692.565917969 236.438140869 1613.3157959 610.22644043 4.09928894043 1730.22180176 662.650024414 18.3364105225 1391.98010254 386.428924561 -48.1880950928 1786.11901855 688.385437012 -190.365951538 1340.13745117 89.4002380371 64.9535675049 1726.7388916 636.972412109 -351.087982178 1198.74597168
0.033970117569 8 617.666381836 -147.138763428 1551.37109375 680.220397949 222.155929565 1638.46337891 614.475585938 14.9804992676 1723.56176758 663.408081055 18.1387023926 1388.47949219 388.546478271 -44.3401184082 1790.7644043 685.13885498 -164.384674072 1325.57226562 93.6252441406 57.6427688599 1730.21630859 600.030090332 -402.084075928 1163.82763672
0.0363450050354 8 618.440979004 -149.227920532 1557.16357422 685.26953125 227.315719604 1634.96044922 617.162109375 17.0430603027 1722.90795898 660.490600586 8.00274658203 1387.96142578 387.106842041 -33.4218635559 1786.60021973 673.208435059 -179.733200073 1327.0333252 93.6713562012 64.7604522705 1728.36682129 597.482299805 -410.546295166 1171.13366699
0.0302839279175 8 621.115783691 -151.301544189 1566.5567627 681.981933594 223.182723999 1647.87182617 628.866943359 6.9418182373 1725.26306152 669.403320312 3.64768981934 1411.80578613 396.828338623 -42.6579818726 1786.43908691 657.364624023 -170.063140869 1324.32592773 107.570281982 54.2730026245 1726.85583496 581.627929688 -405.764892578 1163.40368652
0.0295000076294 8 630.095458984 -145.062576294 1565.07421875 684.17755127 226.032272339 1641.53515625 644.860717773 23.5499267578 1701.9855957 683.3203125 14.5013427734 1426.87329102 412.217102051 -41.4898147583 1788.2010498 654.308959961 -168.404006958 1319.13964844 110.837097168 60.4516906738 1717.21582031 582.761230469 -411.214416504 1167.76867676
0.0300998687744 8 629.148010254 -144.412826538 1567.74316406 684.819641113 228.601760864 1639.15490723 644.398010254 23.2731018066 1708.91833496 684.906921387 16.2730407715 1428.62927246 420.93548584 -49.1916351318 1789.71105957 653.104736328 -159.620773315 1316.44030762 112.695526123 56.5139846802 1707.77819824 581.915344238 -407.574523926 1167.05236816
0.0305950641632 8 630.710571289 -144.531326294 1569.11291504 684.621459961 229.186035156 1640.78161621 645.026000977 23.9064331055 1711.22888184 687.411254883 16.5879821777 1429.11706543 425.960357666 -54.3524475098 1790.04833984 653.103881836 -161.320236206 1316.48474121 121.380828857 53.4426040649 1700.27404785 581.045715332 -417.508544922 1171.34790039
0.0348100662231 8 633.094177246 -142.653488159 1569.95947266 685.012634277 230.106018066 1640.16333008 646.937011719 28.2275390625 1711.74255371 690.723022461 19.870513916 1429.39147949 430.852874756 -55.9365386963 1789.9753418 649.995727539 -158.59147644 1315.56481934 185.818435669 22.1532974243 1638.80212402 573.84765625 -429.296081543 1160.33935547
0.0315809249878 8 635.686279297 -145.856063843 1563.26538086 684.961853027 230.572128296 1640.28466797 649.274230957 25.6650085449 1704.51074219 688.434143066 19.9938354492 1424.46362305 431.219940186 -61.1396179199 1789.85571289 650.206298828 -158.677444458 1317.02563477 128.287139893 57.4402770996 1672.82568359 569.20123291 -437.767944336 1163.93151855
0.0314009189606 8 633.178222656 -149.234573364 1569.26794434 685.038330078 231.478027344 1640.19470215 642.619812012 18.4155883789 1717.99536133 688.292419434 14.2936096191 1425.96191406 432.877929688 -53.4690628052 1791.30712891 646.895019531 -164.307403564 1316.61413574 126.644073486 69.4082260132 1658.22338867 576.16784668 -422.653015137 1166.44482422
0.0355620384216 8 624.431152344 -154.93572998 1571.91662598 685.039123535 231.665283203 1639.9161377 611.479431152 6.10749816895 1730.39562988 681.932556152 5.69129943848 1423.21911621 396.436096191 -38.5746459961 1776.40588379 640.864685059 -173.642776489 1314.21813965 124.397186279 82.8126831055 1639.828125 575.826477051 -422.961303711 1165.78076172
0.0314621925354 8 625.778930664 -152.423217773 1571.99328613 683.924987793 233.304031372 1638.33081055 614.863098145 3.93476867676 1730.93273926 681.154602051 6.05805969238 1424.86730957 383.735229492 -33.5060577393 1764.56506348 640.977539062 -170.128967285 1314.75390625 134.657150269 84.1307296753 1618.13513184 580.56652832 -429.305755615 1176.40820312
0.0318448543549 8 626.127075195 -154.577194214 1572.85852051 681.304748535 238.203018188 1620.80493164 615.918945312 5.86012268066 1728.53686523 679.948242188 4.77247619629 1425.24023438 379.963562012 -33.0281181335 1756.50866699 641.443908691 -172.758987427 1316.02038574 162.579269409 87.6509399414 1588.86975098 570.77130127 -437.453308105 1180.44604492
0.0435769557953 8 623.69128418 -148.021377563 1575.47363281 680.899414062 237.232635498 1625.6607666 621.564453125 15.0842132568 1721.06494141 672.430297852 -0.93098449707 1421.22119141 383.532592773 -26.6376228333 1752.3815918 638.580688477 -181.748062134 1321.52282715 143.491546631 105.091339111 1576.46679688 562.275085449 -464.934387207 1173.22546387
0.0393221378326 8 615.990112305 -146.186035156 1562.98449707 677.708129883 239.234924316 1615.57739258 609.060302734 28.997177124 1706.78417969 650.910888672 -4.07911682129 1389.77416992 375.708251953 -11.5553321838 1741.5847168 648.233703613 -197.349884033 1328.53039551 155.019577026 113.668426514 1633.69506836 579.897949219 -454.197052002 1187.27368164
0.0301518440247 8 613.514465332 -143.435562134 1555.54455566 675.507629395 241.942581177 1611.04223633 604.252258301 37.3291854858 1699.3927002 644.824890137 -2.36108398438 1375.0682373 370.303283691 0.556529998779 1729.66516113 653.284851074 -204.942153931 1329.33154297 157.338821411 126.065582275 1606.5645752 578.850585938 -467.879943848 1199.19116211
0.0366430282593 8 611.728942871 -141.829025269 1546.06555176 674.203491211 243.685897827 1608.35791016 601.612976074 33.0619659424 1699.49853516 644.63861084 9.28895568848 1371.96411133 362.641296387 -1.05688476562 1717.46789551 667.027160645 -200.210647583 1332.68237305 153.063293457 123.737983704 1594.59350586 634.839294434 -385.706115723 1212.09216309
0.030524969101 8 610.171264648 -141.594329834 1541.3046875 674.022033691 244.445037842 1605.08007812 598.429870605 32.6201019287 1690.89196777 642.985534668 12.2310333252 1373.59680176 359.943054199 0.804119110107 1697.12841797 668.579406738 -194.590057373 1335.96643066 146.157043457 116.470932007 1493.00439453 605.997375488 -493.713317871 1153.90942383
0.0282380580902 8 614.973083496 -129.143539429 1539.59753418 673.016784668 246.963180542 1601.05700684 602.861572266 33.8772888184 1690.37402344 635.724975586 18.7841491699 1374.84643555 361.716369629 3.71265411377 1676.06811523 668.580749512 -184.116607666 1339.23535156 144.547103882 116.690620422 1469.5645752 585.468566895 -471.402374268 1171.26062012
0.033833026886 8 613.831298828 -120.087593079 1539.27368164 673.33001709 249.28237915 1598.28149414 602.938964844 52.2127075195 1684.87548828 635.002197266 28.2824249268 1370.32348633 356.52166748 14.3652496338 1665.54467773 674.578186035 -186.076721191 1338.30944824 141.07749939 123.803092957 1448.29309082 598.044799805 -484.451965332 1168.90576172
0.0306029319763 8 614.375915527 -113.105064392 1534.70715332 673.442565918 249.712921143 1594.64501953 602.175537109 67.2797851562 1680.69470215 631.068115234 37.2702789307 1358.33068848 352.400390625 26.1884880066 1660.31030273 678.422119141 -189.071655273 1337.34460449 135.922927856 136.923706055 1433.83666992 638.92364502 -498.079040527 1287.65881348
0.0310010910034 8 615.022094727 -108.878196716 1533.98083496 674.448242188 249.161773682 1591.20690918 600.205566406 70.5082015991 1677.59802246 630.530639648 40.3250045776 1359.27282715 348.248718262 31.9831581116 1653.47485352 682.450927734 -175.782073975 1336.62182617 133.024612427 133.444076538 1422.12097168 636.664001465 -493.061218262 1286.96862793
0.0351939201355 8 617.555969238 -99.2544937134 1534.26464844 676.573120117 251.060089111 1582.53344727 609.406799316 83.3470916748 1683.41015625 629.652770996 57.2417297363 1358.14868164 347.360717773 21.5395774841 1646.65454102 684.325805664 -168.886108398 1339.7878418 135.454528809 118.749847412 1408.35449219 644.561645508 -483.016784668 1288.37121582
0.0314259529114 8 618.632873535 -99.3831481934 1536.37084961 677.494812012 254.064224243 1575.31945801 617.690795898 86.9471588135 1684.19067383 629.004760742 60.2285308838 1360.33911133 350.113830566 18.5184326172 1642.13623047 685.969238281 -163.420227051 1342.69165039 134.260726929 120.31111145 1403.78674316 647.096984863 -470.556640625 1285.28552246
0.0315420627594 8 619.477844238 -98.2131576538 1536.51672363 680.054260254 256.103515625 1567.41955566 621.412719727 92.1064300537 1681.828125 629.050415039 62.1369018555 1358.93017578 356.447479248 19.5823364258 1634.13708496 687.791748047 -162.223403931 1344.62817383 138.072479248 113.321434021 1398.92565918 646.570800781 -470.032043457 1283.51525879
0.0352740287781 8 620.250366211 -89.4593658447 1533.98535156 680.269592285 258.424713135 1565.91223145 624.153259277 101.56716156 1675.53381348 629.154968262 70.112739563 1357.91760254 361.490203857 13.4717102051 1625.1184082 687.978027344 -158.59387207 1345.23864746 129.848373413 109.184516907 1401.97766113 645.600585938 -466.05090332 1283.0489502
0.0444140434265 8 620.760986328 -86.7705993652 1532.9309082 680.080383301 259.009338379 1560.33276367 624.757202148 101.779533386 1675.56091309 628.595947266 70.4040603638 1356.45056152 364.096343994 14.7535171509 1616.48974609 688.433105469 -160.258911133 1345.74597168 139.582901001 106.797935486 1403.40979004 642.184997559 -467.635375977 1280.99536133
0.0300240516663 8 616.53894043 -74.5561828613 1536.6685791 680.596496582 258.963989258 1557.55639648 618.608337402 109.097045898 1677.63024902 631.732727051 68.555847168 1355.30944824 355.750915527 23.4581069946 1604.80297852 693.002258301 -165.557403564 1346.6114502 130.162200928 105.78351593 1407.59423828 644.088989258 -473.244476318 1280.23730469
0.0307190418243 8 614.72467041 -68.2982635498 1532.70422363 681.243530273 261.126831055 1552.57641602 617.766418457 115.813232422 1679.59790039 630.650817871 81.3601379395 1351.50585938 353.485443115 17.0001296997 1607.59594727 697.461181641 -156.107330322 1347.46057129 113.300430298 100.671310425 1425.37121582 643.767822266 -469.454193115 1278.1027832
0.0299258232117 8 619.866455078 -62.8826942444 1526.25744629 681.144287109 260.280212402 1551.42736816 622.332458496 109.681167603 1679.73571777 629.907409668 88.2958145142 1351.94665527 357.237762451 5.62097167969 1611.44726562 695.617553711 -146.832397461 1347.26696777 115.570983887 87.5958786011 1443.91540527 645.421264648 -457.578430176 1274.65722656
0.0315279960632 8 619.562988281 -63.8049697876 1525.38415527 679.744140625 259.890808105 1553.90014648 624.790588379 111.54246521 1681.04589844 629.56072998 92.5243530273 1350.83935547 368.953552246 -8.66976928711 1625.20043945 695.602722168 -141.448532104 1346.99401855 109.802978516 80.1399917603 1457.97729492 646.87713623 -451.358825684 1272.68286133
0.0347230434418 8 623.020019531 -58.6918449402 1532.94995117 678.301086426 259.988647461 1555.42749023 630.132568359 120.244537354 1681.56604004 625.100952148 87.9434585571 1352.25842285 378.572937012 -10.239654541 1636.5657959 689.750549316 -136.616485596 1347.26013184 99.8945922852 76.5884552002 1469.5045166 641.757202148 -456.13885498 1272.21972656
0.0317139625549 8 622.246398926 -62.1158981323 1534.21887207 677.342956543 260.080383301 1556.67590332 629.219543457 105.32964325 1704.28662109 624.113952637 90.2310714722 1350.38012695 384.848571777 -24.3130111694 1653.6640625 687.323486328 -129.68447876 1343.1685791 117.182159424 72.4701919556 1476.54125977 643.427307129 -448.212554932 1270.75219727
0.035285949707 8 619.452392578 -59.9827690125 1534.88366699 677.000183105 258.829711914 1559.90478516 625.618896484 99.8243865967 1718.41467285 624.421142578 99.5038299561 1351.03747559 388.751220703 -32.969543457 1661.88574219 685.106201172 -122.578521729 1339.67712402 99.2765808105 55.8384017944 1492.90026855 647.158691406 -440.094146729 1270.47290039
0.0317511558533 8 618.695068359 -58.9978637695 1530.64221191 676.678039551 258.576049805 1562.71228027 626.398071289 103.17868042 1703.61352539 625.099487305 96.8186950684 1351.86865234 390.671936035 -34.6474151611 1665.62963867 686.057983398 -128.824401855 1341.24975586 91.9533081055 53.0117645264 1507.84863281 644.934082031 -442.693267822 1269.58496094
0.0312268733978 8 616.507568359 -65.0121841431 1532.32080078 676.53894043 258.732940674 1564.51489258 620.869750977 85.4131774902 1708.4354248 633.858642578 92.7077178955 1363.54089355 383.62713623 -48.1208496094 1668.48266602 689.547607422 -120.088867188 1342.73242188 100.473083496 39.3375701904 1519.86730957 650.782470703 -430.755401611 1271.09484863
0.0356462001801 8 612.497253418 -68.9539794922 1530.52429199 675.263793945 257.606689453 1574.71582031 616.721557617 82.7306137085 1711.4453125 636.973266602 93.1891860962 1360.61523438 375.682678223 -45.8336257935 1671.23376465 693.966064453 -125.695396423 1342.87817383 74.458404541 33.2094116211 1536.87243652 651.992248535 -432.857849121 1271.10778809
0.0314548015594 8 611.91027832 -84.083190918 1538.50622559 675.108764648 254.704940796 1582.77490234 618.258911133 73.0889663696 1713.5065918 632.693237305 63.6212997437 1356.5168457 368.034362793 -24.9835357666 1679.32409668 691.376708984 -156.860107422 1341.1932373 87.5827331543 57.2976760864 1553.00708008 648.056030273 -470.384124756 1270.31005859
0.0315260887146 8 612.99786377 -101.49105835 1540.64404297 675.61505127 251.917663574 1588.4342041 617.124145508 69.5724334717 1712.52392578 626.961303711 53.1449432373 1354.32373047 368.44744873 -22.5544204712 1685.54382324 684.359313965 -171.83757019 1343.36901855 79.6274719238 55.2472229004 1578.66943359 635.129150391 -487.208129883 1268.93908691
0.0344479084015 8 613.683776855 -118.449607849 1542.28747559 674.800292969 245.01272583 1598.04321289 617.897644043 46.2457275391 1707.13305664 628.319274902 26.3419342041 1360.24975586 385.979919434 -42.5861358643 1703.83325195 677.041870117 -180.472747803 1344.15222168 72.841217041 38.311630249 1590.99560547 634.043701172 -471.470153809 1273.24633789
0.0322530269623 8 624.970275879 -132.973983765 1542.9173584 674.927856445 240.366989136 1603.40234375 619.752075195 23.1774749756 1707.01782227 654.345092773 20.5585479736 1378.89160156 383.93939209 -72.9458694458 1708.84863281 671.695129395 -174.86151123 1340.10339355 71.8569641113 -0.059211730957 1611.20397949 636.479125977 -444.298950195 1277.13049316
0.0318081378937 8 635.325500488 -120.574264526 1550.19995117 675.524841309 236.352966309 1609.65930176 633.305175781 35.9962005615 1715.44116211 689.009277344 71.6958694458 1440.77685547 397.717376709 -64.7827072144 1724.71740723 664.030456543 -169.354400635 1335.26330566 84.2763061523 5.31126403809 1629.68188477 621.125244141 -457.891265869 1267.37011719
0.0362718105316 8 636.797973633 -130.393829346 1544.78686523 676.454162598 234.472335815 1613.45825195 630.633056641 7.96853637695 1711.83117676 690.63659668 52.4442443848 1441.06750488 386.308135986 -93.0239181519 1725.15673828 663.875610352 -151.246582031 1334.89489746 77.1521606445 -28.9046859741 1649.55859375 605.387695312 -443.387969971 1291.20617676
0.0317671298981 8 637.563720703 -130.494476318 1549.35961914 675.958312988 231.247268677 1620.46887207 633.148864746 -0.833358764648 1715.57397461 684.787902832 40.6147003174 1435.56005859 383.343017578 -100.391662598 1729.72619629 663.545410156 -138.015655518 1336.95532227 73.5971069336 -47.3063163757 1667.10021973 595.972412109 -446.829193115 1303.65002441
0.0321710109711 8 639.83984375 -129.400299072 1555.39648438 675.635925293 230.085494995 1630.45471191 634.724060059 -8.57406616211 1729.18261719 682.769592285 42.2862167358 1439.17407227 380.734558105 -107.572021484 1732.26367188 664.123291016 -132.042724609 1339.96936035 66.3083496094 -59.0980072021 1683.64624023 599.702941895 -435.745910645 1303.74560547
0.0357570648193 8 641.128601074 -128.743911743 1562.93969727 674.720581055 228.244430542 1632.60620117 636.342590332 -7.84881591797 1737.08007812 683.942321777 48.3538208008 1454.46435547 376.128234863 -111.169029236 1738.25488281 664.450622559 -130.715927124 1339.8684082 60.9034729004 -63.1726875305 1686.67041016 602.602416992 -442.700195312 1288.90100098
0.0319998264313 8 641.59173584 -135.081207275 1567.11560059 675.111694336 226.780136108 1638.28356934 637.399230957 -10.7055206299 1746.58776855 683.148620605 46.3233795166 1452.8236084 376.454467773 -116.599151611 1744.66052246 666.007141113 -131.420593262 1341.29602051 60.919342041 -65.9414825439 1696.2947998 638.680847168 -402.419067383 1293.49658203
0.0319581031799 8 641.082702637 -138.008346558 1568.5736084 674.852966309 225.847549438 1641.63586426 637.835266113 -13.9139404297 1751.015625 680.274108887 45.5601577759 1452.54858398 377.134368896 -120.573379517 1748.85559082 667.297912598 -133.351287842 1342.40966797 60.7296447754 -72.6252670288 1708.18200684 631.222473145 -411.658081055 1298.35473633
0.0360980033875 8 636.944091797 -138.397644043 1564.38366699 674.690612793 225.900848389 1640.93762207 634.751525879 -12.2937469482 1756.87805176 666.077331543 45.2410125732 1428.77648926 381.977783203 -125.45098877 1757.47009277 674.463317871 -150.978515625 1349.10913086 62.1855773926 -71.9413604736 1705.91101074 636.913513184 -411.48638916 1299.24694824
0.0320029258728 8 638.151977539 -139.144134521 1567.80908203 675.908752441 225.657485962 1644.37097168 636.047485352 -13.5629577637 1760.43615723 668.644775391 47.4302902222 1436.88708496 391.892822266 -130.195053101 1763.67211914 679.798522949 -147.355712891 1350.88500977 63.5807495117 -72.515914917 1707.22888184 670.69342041 -344.474517822 1326.85241699
0.0320611000061 8 635.40045166 -136.798171997 1564.97814941 676.537231445 225.693237305 1651.08166504 633.786682129 -4.29724121094 1758.42590332 660.148254395 47.6917495728 1422.38684082 394.762084961 -124.650131226 1768.16015625 685.262451172 -153.456329346 1352.72851562 60.5916748047 -64.318649292 1707.4342041 634.758178711 -429.266082764 1302.14160156
0.0362570285797 8 629.596557617 -127.58416748 1559.02734375 675.80682373 225.767440796 1654.54956055 628.950927734 5.48876953125 1756.55297852 657.27722168 49.0111999512 1401.63232422 396.48651123 -119.491645813 1773.73144531 694.71697998 -165.2762146 1355.6706543 54.9018249512 -53.9270782471 1701.55480957 644.44744873 -435.905792236 1303.56018066
0.03187084198 8 628.000793457 -125.609397888 1563.22167969 675.842407227 225.76159668 1654.09643555 625.921020508 11.2277984619 1755.23791504 657.446411133 41.5512771606 1399.54699707 396.396728516 -115.558349609 1777.3782959 700.407897949 -172.852294922 1357.32299805 58.057220459 -46.27003479 1695.19177246 629.865600586 -460.07208252 1297.14318848
0.0317649841309 8 627.219848633 -121.497962952 1564.48730469 676.120727539 226.368499756 1657.6204834 627.843505859 21.1652984619 1756.44067383 651.293823242 35.7837219238 1385.93115234 397.445068359 -107.818466187 1779.16772461 702.172790527 -180.963684082 1359.61254883 57.5640869141 -36.5896148682 1690.20593262 644.856994629 -446.056945801 1306.58007812
0.0380899906158 8 635.148803711 -118.995506287 1556.19433594 676.518493652 226.895263672 1657.51782227 638.794494629 9.59860229492 1754.88867188 643.043518066 48.4070968628 1389.03173828 407.339599609 -120.703613281 1778.45263672 694.002746582 -171.333465576 1364.94348145 119.667907715 -48.4190444946 1626.99255371 641.776245117 -436.94619751 1302.8079834
0.031455039978 8 632.065246582 -117.096725464 1561.6887207 677.127929688 228.031295776 1655.97094727 636.200134277 17.2993164062 1752.56469727 644.66973877 41.0349121094 1390.37426758 405.683044434 -114.684951782 1776.87231445 696.261901855 -177.901489258 1365.29626465 146.315063477 -53.3866653442 1649.27734375 643.012573242 -449.785400391 1302.05053711
0.0316450595856 8 629.505126953 -124.570106506 1560.42541504 676.949890137 228.484069824 1655.46948242 636.215209961 20.4805908203 1747.69189453 648.224487305 40.3200149536 1391.26733398 403.197937012 -115.295074463 1773.80944824 700.399536133 -177.876159668 1365.67504883 95.5024414062 -32.5120849609 1624.36914062 642.870849609 -458.479644775 1301.82019043
0.0360209941864 8 629.186767578 -120.387390137 1560.97314453 676.867004395 228.472061157 1653.56616211 638.192810059 26.1245346069 1743.4979248 645.36920166 37.5446243286 1388.75842285 405.946472168 -110.928108215 1772.42163086 703.100097656 -180.170562744 1367.3092041 92.3681640625 -28.1880722046 1613.77868652 644.259399414 -462.851226807 1303.58276367
0.0316560268402 8 629.801513672 -116.061912537 1562.4152832 676.697265625 229.169006348 1651.28833008 641.168151855 29.0843963623 1740.11535645 644.264099121 35.5076904297 1390.39318848 416.006866455 -108.769989014 1763.46325684 701.551635742 -179.371810913 1365.87805176 96.4784240723 -32.7289581299 1597.67199707 647.921875 -463.142822266 1301.83410645
0.0315520763397 8 628.66619873 -115.350662231 1564.95800781 676.637634277 229.563873291 1650.14831543 639.254394531 29.55418396 1741.00720215 642.889038086 32.7315826416 1391.83288574 416.625244141 -106.600997925 1757.09057617 701.983093262 -177.185760498 1368.21496582 97.6678161621 -31.6761703491 1581.48461914 644.306640625 -469.517669678 1301.58496094
0.0358738899231 8 627.785827637 -114.649200439 1566.17492676 677.222106934 233.158325195 1641.9720459 640.007995605 30.9942703247 1737.73510742 641.389587402 29.5615158081 1393.51171875 402.371154785 -105.469825745 1736.91943359 700.67767334 -178.920135498 1367.48522949 95.2798461914 -34.8357696533 1556.53515625 647.674316406 -471.279449463 1300.38110352
0.0320580005646 8 627.164306641 -116.956451416 1565.66687012 677.81842041 235.929916382 1636.53125 637.798034668 31.2603302002 1736.70483398 642.034362793 30.0364837646 1393.88989258 382.719085693 -102.735305786 1722.52624512 702.032043457 -179.154190063 1366.98510742 90.684387207 -36.8032608032 1537.46984863 653.5234375 -467.125671387 1302.10595703
0.0316979885101 8 626.043212891 -117.302871704 1566.93444824 679.275756836 242.366531372 1620.74926758 634.494750977 32.7538604736 1734.79553223 641.652954102 29.0306854248 1396.32165527 365.697479248 -93.9256515503 1711.72399902 701.626831055 -182.029586792 1367.09716797 95.53515625 -42.4283790588 1510.85778809 652.889831543 -461.477844238 1302.99780273
0.0360679626465 8 631.156982422 -115.252822876 1565.59521484 678.943115234 246.11730957 1611.6204834 634.150817871 29.5319519043 1735.64709473 655.186340332 41.3388671875 1408.14367676 380.774414062 -106.01020813 1684.23425293 701.114013672 -178.139144897 1366.12939453 97.9903564453 -48.9587059021 1495.23474121 650.018188477 -462.639282227 1300.69482422
0.0319540500641 8 634.028442383 -115.27116394 1569.71813965 677.08416748 249.59715271 1606.94189453 637.292602539 29.9261856079 1735.20068359 665.13269043 44.6350631714 1421.59643555 385.102539062 -108.116355896 1672.81359863 699.21661377 -175.358398438 1368.05102539 104.412200928 -59.2790985107 1469.65148926 642.791809082 -467.895965576 1298.03491211
0.0320770740509 8 634.982421875 -116.166893005 1564.11547852 676.445007324 250.790496826 1601.80932617 636.879089355 35.3992843628 1722.4642334 671.914245605 37.3205184937 1412.03649902 391.657653809 -116.61315155 1664.88342285 700.003417969 -170.152191162 1369.72033691 115.595001221 -72.3198852539 1453.10205078 641.606079102 -464.627563477 1296.66320801
0.0364668369293 8 635.828674316 -112.893547058 1561.24316406 674.188354492 251.156921387 1594.1262207 641.645874023 42.7525939941 1718.88598633 673.588867188 50.6550445557 1416.54711914 406.335510254 -119.95489502 1659.65283203 699.611999512 -161.122787476 1369.31262207 113.028137207 -87.7886962891 1432.30603027 645.278381348 -452.700195312 1296.95532227
0.0314180850983 8 632.476867676 -110.17111969 1555.4395752 673.020935059 251.507324219 1589.2244873 640.362915039 50.6337509155 1716.89550781 661.719726562 54.7165756226 1400.6965332 413.88671875 -111.794090271 1653.84802246 700.983398438 -166.99331665 1370.29016113 114.707519531 -88.5232315063 1403.95288086 646.342590332 -457.124206543 1294.30883789
0.0320320129395 8 630.769897461 -106.165603638 1551.31164551 672.162963867 251.731842041 1583.67297363 639.825561523 60.6024703979 1712.38220215 654.158813477 58.299079895 1389.31848145 415.279663086 -107.47983551 1647.15942383 701.39630127 -171.559448242 1370.44506836 125.486236572 -89.342124939 1386.08557129 646.607299805 -461.061767578 1292.64123535
0.036288022995 8 629.097473145 -104.378753662 1551.02307129 672.182312012 251.576889038 1575.58349609 637.374755859 66.510887146 1711.44360352 649.455322266 56.8720169067 1381.93603516 408.643554688 -103.141105652 1629.40319824 701.968444824 -177.977142334 1369.96130371 134.038085938 -86.8166351318 1372.9206543 647.085693359 -463.78616333 1291.79223633
0.0317399501801 8 623.868041992 -103.265686035 1543.85400391 671.418151855 251.54750061 1570.95678711 622.040100098 65.5352020264 1697.52490234 646.312316895 52.0612030029 1378.07788086 405.7159729 -95.4903869629 1619.64465332 699.126098633 -185.111206055 1368.8067627 130.244720459 -82.3845901489 1351.22302246 643.915161133 -471.736938477 1289.84936523
0.035884141922 8 623.682678223 -100.396598816 1535.06542969 669.426147461 252.448944092 1565.87512207 623.423034668 74.6023712158 1673.38366699 647.27130127 54.6836547852 1376.47644043 404.476745605 -95.0066375732 1611.8170166 699.927612305 -181.827590942 1367.89257812 132.7706604 -83.849861145 1349.80029297 635.808654785 -488.729187012 1284.625
0.0322639942169 8 624.129211426 -99.0208282471 1535.51269531 665.939941406 256.387145996 1556.70410156 625.586914062 72.2633132935 1684.78674316 649.234008789 59.7743453979 1374.96032715 398.323791504 -96.9592514038 1604.69445801 701.751464844 -177.5496521 1367.18847656 127.734802246 -90.6748123169 1341.64074707 643.584289551 -468.549591064 1284.48364258
0.0318098068237 8 626.187011719 -100.616828918 1537.27197266 664.948303223 257.837249756 1550.17285156 626.091369629 57.9976654053 1690.37365723 666.721496582 59.8583984375 1391.65783691 398.819580078 -111.270950317 1603.04846191 696.19708252 -153.7394104 1356.24890137 127.708984375 -109.577941895 1338.78735352 641.833129883 -454.106262207 1284.52990723
0.0360960960388 8 625.565673828 -102.417228699 1537.30151367 665.809326172 257.704101562 1547.84191895 623.51776123 50.4743041992 1691.67224121 675.923522949 53.929397583 1395.0682373 396.674072266 -119.139480591 1601.64477539 683.829711914 -164.63243103 1331.03955078 125.157409668 -119.190757751 1340.54443359 642.89276123 -445.547668457 1282.19616699
0.0319509506226 8 630.327270508 -101.550956726 1538.27392578 665.661193848 258.51663208 1545.85852051 624.479248047 51.6602630615 1688.88928223 695.604370117 52.9319763184 1403.86071777 399.297058105 -121.132141113 1599.01708984 679.792053223 -159.465423584 1334.10339355 116.594268799 -121.036109924 1342.57641602 637.592651367 -446.861999512 1279.74829102
0.0320560932159 8 626.616271973 -97.8751907349 1536.63903809 665.086181641 257.495544434 1543.94030762 622.668518066 57.2406082153 1690.53051758 682.547546387 59.398109436 1395.5859375 394.602905273 -115.993598938 1596.35839844 687.518798828 -160.292388916 1343.14123535 117.018035889 -116.622024536 1350.89172363 638.834106445 -453.453887939 1277.67175293
0.035838842392 8 618.567626953 -91.0191497803 1530.27758789 664.466674805 256.971130371 1542.77905273 617.451171875 72.3008956909 1688.44970703 653.080566406 62.2966690063 1365.97192383 389.703063965 -104.059928894 1594.79980469 688.179870605 -174.270812988 1337.14147949 100.336242676 -109.480651855 1364.50769043 641.947631836 -465.277069092 1274.57348633
0.032210111618 8 613.610046387 -84.3735351562 1530.01220703 662.834106445 257.032165527 1540.6998291 614.60559082 85.2435913086 1690.26916504 642.569335938 75.2685852051 1362.2947998 384.914306641 -92.2352142334 1595.15039062 692.784729004 -183.919464111 1338.8515625 85.5271911621 -100.929298401 1386.34265137 644.842041016 -478.164581299 1271.62475586
0.031877040863 8 608.8125 -78.7354125977 1524.52429199 662.697021484 256.644470215 1541.57556152 611.09552002 99.2056808472 1689.00964355 624.851013184 78.1998672485 1340.5736084 382.396759033 -81.3793411255 1598.46008301 693.699279785 -192.330230713 1335.88977051 107.156951904 -92.5924224854 1408.93481445 646.668701172 -489.976776123 1268.55200195
0.0363669395447 8 607.433532715 -76.8801116943 1520.47167969 663.04119873 255.978256226 1543.75097656 613.292175293 97.2884292603 1689.47497559 621.326599121 81.8241500854 1337.30187988 383.386962891 -89.2630233765 1598.42944336 692.643554688 -168.053894043 1332.39477539 78.4442138672 -113.455177307 1447.1003418 644.671081543 -487.61706543 1266.64697266
0.0318369865417 8 610.101623535 -82.7987976074 1518.09545898 662.34375 255.736541748 1545.68737793 615.684448242 95.9543304443 1689.41137695 617.310546875 83.6764068604 1334.88208008 385.864440918 -99.5977935791 1604.94946289 689.052307129 -161.838562012 1335.80957031 82.7777709961 -125.221603394 1465.59997559 642.750488281 -483.877563477 1265.52624512
0.0319120883942 8 609.188171387 -93.9634246826 1515.52661133 660.66595459 255.294113159 1546.80651855 615.579223633 88.6663284302 1691.62414551 617.267089844 83.0934066772 1333.89367676 389.513061523 -112.576194763 1613.35107422 688.967041016 -169.135955811 1335.32617188 89.9491271973 -136.587142944 1478.70922852 642.326660156 -483.301696777 1262.94189453
0.0359499454498 8 608.08404541 -92.8037872314 1511.00549316 658.05090332 254.790390015 1551.54370117 613.886901855 81.05027771 1693.65539551 616.560852051 84.9364471436 1332.24133301 388.914123535 -122.019088745 1623.96435547 687.937194824 -161.78729248 1336.16125488 137.184814453 -149.293045044 1499.37756348 633.576660156 -492.371765137 1267.5369873
0.031986951828 8 614.21295166 -98.7943649292 1517.34289551 659.171875 254.891113281 1552.28833008 621.520263672 85.5493240356 1694.23400879 607.923950195 76.3862380981 1331.33532715 399.372802734 -119.864830017 1635.1496582 680.263671875 -164.680023193 1336.73852539 82.1594543457 -159.99017334 1526.55615234 636.608398438 -488.043395996 1261.46435547
0.0321390628815 8 614.223510742 -101.963729858 1518.63476562 657.250915527 254.642196655 1558.11450195 621.165466309 81.0171203613 1696.58972168 607.89654541 70.2141113281 1330.18566895 396.552185059 -118.607635498 1647.25842285 680.815429688 -166.02116394 1336.2166748 77.073059082 -165.152938843 1541.51940918 636.895446777 -494.300720215 1258.94750977
0.0358629226685 8 616.615478516 -98.8806381226 1524.7277832 657.468200684 253.875579834 1557.15625 613.735290527 82.9425811768 1696.91455078 613.179992676 57.4495849609 1329.11230469 389.49597168 -111.211868286 1658.71252441 686.369262695 -175.816162109 1334.91186523 76.7036743164 -174.685379028 1573.13464355 639.101257324 -504.475128174 1262.95410156
0.0320470333099 8 613.721374512 -101.936897278 1525.4317627 656.73223877 252.85357666 1561.76660156 615.502624512 77.1638793945 1696.94213867 607.646911621 55.2718658447 1333.74267578 390.324188232 -120.502304077 1668.05310059 687.82598877 -163.613647461 1339.94812012 68.8301696777 -185.586105347 1588.66882324 641.140991211 -505.139526367 1256.62548828
0.0319969654083 8 612.502990723 -104.382270813 1525.00524902 656.17388916 250.063903809 1568.31384277 617.723632812 73.6433334351 1695.17492676 605.68347168 50.2652206421 1333.39147949 390.35925293 -122.285331726 1678.48217773 686.838562012 -171.842559814 1338.49487305 73.3047485352 -198.232788086 1607.19665527 638.083129883 -509.345245361 1259.24157715
0.0358400344849 8 609.732971191 -98.9887084961 1532.69787598 655.48449707 248.073532104 1573.68518066 636.510864258 67.5943908691 1723.8840332 598.165039062 62.5791625977 1335.76831055 404.86340332 -140.373641968 1687.87438965 679.135986328 -162.210067749 1338.53918457 83.1598205566 -218.077865601 1620.49682617 652.294799805 -482.014587402 1254.72851562
0.0321600437164 8 612.066894531 -91.8303756714 1534.90722656 653.440917969 246.418701172 1578.19677734 649.471618652 65.7195281982 1730.86645508 594.114074707 69.7538146973 1339.48583984 428.469604492 -150.617080688 1699.85961914 673.742614746 -156.173034668 1339.22485352 102.71862793 -232.54057312 1626.85473633 641.44152832 -478.629516602 1255.21716309
0.0318660736084 8 616.813720703 -92.4283676147 1546.00390625 650.037902832 244.991851807 1587.99780273 646.611022949 45.0685501099 1733.28527832 601.013244629 63.1232376099 1371.58557129 457.508453369 -179.777679443 1704.87597656 673.67956543 -160.577789307 1332.80078125 106.074829102 -261.391693115 1643.15576172 654.900024414 -416.40411377 1270.78601074
0.0359230041504 8 617.188720703 -85.1361846924 1542.6619873 648.498413086 244.1222229 1593.30749512 644.759643555 56.2568054199 1734.80285645 600.859619141 66.7721252441 1357.3848877 458.654296875 -167.235931396 1711.62597656 676.790039062 -159.906982422 1334.48596191 99.8756408691 -253.722198486 1655.86804199 656.262512207 -442.393829346 1266.47644043
0.0319769382477 8 614.880493164 -65.8694458008 1540.07470703 645.734741211 243.976760864 1598.59375 641.930053711 57.6140365601 1734.76391602 603.157226562 72.943611145 1354.39379883 456.308654785 -164.826629639 1716.22851562 681.503173828 -134.505950928 1338.79736328 120.180969238 -247.65486145 1656.56347656 660.386657715 -443.102325439 1265.82446289
0.0319650173187 8 615.908203125 -61.6186485291 1540.85424805 644.846679688 244.726196289 1601.78466797 644.786621094 62.5967330933 1736.36767578 600.5 75.3345794678 1352.4519043 456.225219727 -158.579772949 1718.10009766 678.938964844 -124.471862793 1341.34082031 132.61428833 -245.647247314 1665.80981445 659.20098877 -448.46307373 1265.71447754
0.0358870029449 8 615.735534668 -60.3312683105 1539.02294922 644.76965332 245.312591553 1604.5748291 646.559875488 64.4482498169 1736.40222168 598.141296387 81.0515670776 1351.45935059 454.425842285 -157.323516846 1719.35766602 678.195861816 -119.415153503 1341.68225098 130.553894043 -254.71937561 1639.12219238 659.692016602 -442.282165527 1268.38757324
0.0321419239044 8 615.221496582 -65.0716705322 1539.39440918 645.260192871 245.076248169 1607.06921387 646.508056641 66.4467926025 1736.59423828 597.591430664 81.4365997314 1351.27636719 454.490356445 -155.871963501 1722.10192871 679.062011719 -119.609695435 1342.68359375 104.8203125 -252.640075684 1680.11279297 659.737731934 -448.434326172 1267.9197998
0.032016992569 8 617.136047363 -64.3650131226 1554.04699707 645.563049316 244.9765625 1608.48059082 629.968566895 73.0744400024 1757.65356445 602.934265137 72.7829971313 1350.33447266 448.565216064 -146.163696289 1725.57641602 685.051574707 -130.082397461 1343.85754395 95.0802001953 -239.33984375 1663.22180176 666.499450684 -459.594360352 1268.70690918
0.0356969833374 8 618.499389648 -66.2820587158 1550.59216309 645.991638184 243.385787964 1610.14489746 634.513366699 76.6817016602 1748.88012695 602.794250488 72.9800415039 1349.66235352 448.340332031 -144.576721191 1728.69458008 685.662536621 -131.161117554 1345.38513184 119.531341553 -230.355331421 1646.94055176 664.544677734 -475.668884277 1265.05957031
0.0319049358368 8 619.909912109 -75.9778518677 1547.6529541 645.856323242 242.392089844 1610.6640625 637.220947266 78.2379302979 1745.09912109 601.424072266 75.8495178223 1348.46948242 449.108917236 -144.281692505 1730.4152832 685.506713867 -131.349472046 1346.25427246 125.398193359 -220.767333984 1703.56408691 671.73840332 -427.746765137 1278.59814453
0.0321931838989 8 619.280334473 -77.8610076904 1543.96630859 645.141174316 242.609283447 1610.92822266 636.523193359 76.0827713013 1743.44519043 601.147460938 80.7627792358 1348.26843262 447.265075684 -147.70526123 1730.10900879 685.930236816 -129.122161865 1347.11608887 128.266021729 -226.257263184 1684.93237305 670.823364258 -441.126373291 1276.39758301
0.0357348918915 8 619.285827637 -76.34034729 1543.82763672 645.209960938 243.922027588 1608.93811035 632.208374023 82.211517334 1745.06835938 601.942260742 88.3273010254 1347.90063477 442.457366943 -142.892822266 1730.79223633 689.444274902 -141.624923706 1342.53405762 123.981567383 -225.473617554 1663.36096191 675.019226074 -446.295715332 1275.45568848
0.0321431159973 8 619.208190918 -75.8472824097 1550.02453613 645.430725098 245.061279297 1605.4777832 632.080932617 91.8417129517 1742.05090332 603.068237305 79.3006668091 1347.96472168 442.166412354 -134.798492432 1728.15490723 689.952941895 -148.465362549 1345.50683594 167.936309814 -211.747817993 1614.47216797 674.994812012 -453.600219727 1276.44226074
0.0318689346313 8 618.089477539 -74.0242843628 1552.10205078 644.306335449 245.539428711 1606.90808105 627.924560547 101.560974121 1734.12561035 604.261108398 75.388130188 1348.27770996 422.117156982 -121.660476685 1706.11157227 691.582946777 -154.111846924 1347.21936035 118.757080078 -222.794036865 1637.71569824 649.155029297 -517.895751953 1267.95410156
0.0360059738159 8 613.31463623 -71.4050598145 1542.95068359 644.087646484 246.30859375 1605.58032227 629.887817383 90.7013244629 1734.15490723 604.916015625 85.7823181152 1347.16003418 412.843688965 -126.103134155 1694.50097656 693.211853027 -152.315216064 1345.04711914 91.9359130859 -241.496429443 1554.05236816 657.763671875 -501.889160156 1263.68762207
0.0321140289307 8 614.93536377 -67.2420196533 1540.51416016 642.765441895 247.647262573 1604.92614746 629.438476562 85.6558380127 1733.57568359 613.877197266 87.2052154541 1348.14501953 408.629272461 -131.559356689 1686.1574707 694.673706055 -147.389633179 1344.62426758 84.4096374512 -250.894012451 1535.75292969 659.992919922 -497.914672852 1265.8861084
0.0320329666138 8 619.249267578 -72.3177108765 1545.03845215 642.273193359 248.271087646 1603.73986816 629.229187012 80.2018661499 1728.00622559 627.508850098 79.8849716187 1361.72106934 406.745910645 -139.514038086 1679.5090332 695.870300293 -148.430450439 1345.41845703 116.426513672 -257.818603516 1493.03076172 660.309753418 -491.164489746 1267.1706543
0.0361099243164 8 617.32232666 -92.6029510498 1543.92407227 641.748168945 248.8878479 1602.4864502 627.922485352 61.2261810303 1714.67834473 629.595581055 58.1255340576 1370.53674316 407.892578125 -159.248703003 1670.40063477 688.496826172 -163.952468872 1335.05493164 110.490905762 -280.180725098 1477.87841797 666.885009766 -463.359680176 1273.3503418
0.0321390628815 8 611.973999023 -99.8903198242 1531.73339844 639.642456055 251.742202759 1597.40429688 622.119567871 66.13256073 1692.52307129 623.907043457 54.8443374634 1360.16784668 403.360168457 -161.052185059 1635.52416992 685.368103027 -180.155273438 1335.78125 106.217803955 -277.03503418 1466.60925293 665.502868652 -466.370727539 1273.73596191
0.0355999469757 8 611.819824219 -107.71685791 1525.99560547 638.123413086 253.378982544 1590.3572998 622.628845215 61.7278747559 1680.32531738 625.258972168 51.9297790527 1361.7442627 404.368713379 -166.054672241 1630.84680176 686.626953125 -181.752029419 1340.46142578 118.017211914 -284.847290039 1442.43334961 662.181335449 -464.489440918 1272.99475098
0.0319581031799 8 614.753601074 -110.362129211 1526.64794922 635.586547852 253.464996338 1573.2935791 625.758911133 55.0223236084 1685.27160645 628.860351562 48.6099243164 1361.83410645 403.934204102 -171.922698975 1621.6328125 684.697387695 -209.129486084 1349.43945312 120.502471924 -293.786804199 1421.03466797 665.616027832 -455.525787354 1275.8125
0.0320510864258 8 628.224487305 -104.729454041 1524.44494629 635.033447266 254.258850098 1571.7454834 632.987121582 44.7075119019 1685.9597168 640.667175293 43.1679000854 1361.92480469 405.190979004 -188.600708008 1613.01391602 683.77532959 -208.836029053 1354.59057617 126.78527832 -312.76940918 1401.20275879 667.860656738 -413.232269287 1283.60314941
0.0359468460083 8 625.910400391 -107.220237732 1525.1036377 634.659973145 254.32510376 1572.94177246 630.581359863 44.0204925537 1688.16247559 642.250183105 44.8288879395 1363.55505371 410.52935791 -184.75692749 1594.68615723 690.152587891 -198.466796875 1356.0880127 97.2974853516 -307.475189209 1422.77380371 671.027893066 -361.837768555 1287.94140625
0.0318961143494 8 624.319091797 -106.092720032 1520.38513184 633.921569824 254.669006348 1569.29003906 628.454711914 44.1103897095 1680.89916992 641.903930664 47.7716140747 1364.30981445 410.056793213 -184.310394287 1585.6184082 693.200805664 -191.714202881 1355.72644043 101.783782959 -310.612548828 1406.73608398 671.936645508 -365.099243164 1290.4284668
0.032194852829 8 618.791442871 -105.321640015 1527.04504395 631.806762695 254.280227661 1561.84533691 629.299560547 56.9619445801 1676.29125977 635.950073242 43.0711364746 1364.5456543 415.237976074 -177.35194397 1581.38195801 690.295715332 -197.123580933 1356.48059082 141.440551758 -311.382781982 1370.14868164 664.481994629 -390.820983887 1287.40368652
0.0359899997711 8 616.32208252 -100.111801147 1530.7467041 631.245544434 253.480255127 1562.29016113 630.23248291 77.7706451416 1673.06396484 631.223327637 31.8162078857 1345.10473633 414.07635498 -154.263214111 1572.56628418 688.978271484 -215.004821777 1354.71862793 144.41986084 -289.77545166 1358.76953125 663.551818848 -414.296203613 1290.75390625
0.0320620536804 8 616.115539551 -91.2292633057 1542.7355957 630.358947754 253.374435425 1561.84057617 631.1875 89.3818435669 1689.02697754 636.362670898 44.5047225952 1354.54650879 403.727416992 -174.461517334 1567.078125 695.467895508 -191.420715332 1349.0859375 138.90737915 -304.362762451 1360.21081543 665.087585449 -421.484619141 1283.59350586
0.0319159030914 8 615.213867188 -82.8987884521 1545.1192627 629.030822754 253.343490601 1558.17541504 627.665405273 99.1365585327 1692.13452148 637.948974609 52.4851760864 1355.22509766 403.508300781 -179.002716064 1567.91149902 698.315551758 -186.280761719 1349.00878906 137.950653076 -309.836425781 1359.64782715 666.599243164 -425.550537109 1280.0168457
0.0360000133514 8 615.175964355 -89.8381347656 1544.60693359 628.827758789 252.934326172 1555.73779297 621.566711426 90.8884124756 1671.8079834 639.097595215 29.2173309326 1359.8458252 403.524719238 -159.020385742 1571.33557129 700.060791016 -209.241165161 1352.79724121 127.144561768 -287.038269043 1366.27539062 644.358459473 -486.243835449 1272.09448242
0.0318160057068 8 614.729919434 -58.7245063782 1502.4630127 629.67956543 253.484680176 1558.86694336 602.659545898 51.7000045776 1674.98950195 648.87902832 82.292388916 1357.36694336 389.938415527 -201.323974609 1574.57067871 715.61114502 -164.054702759 1351.02832031 113.77557373 -328.808868408 1369.15283203 660.114013672 -443.692504883 1269.43664551
0.0322711467743 8 612.806396484 -57.2001533508 1500.81799316 629.236450195 253.985214233 1555.76013184 602.786682129 55.5681915283 1674.17724609 641.05670166 86.3263702393 1354.2824707 393.770080566 -196.223342896 1572.38586426 709.965576172 -160.162109375 1346.2421875 107.518768311 -324.004089355 1377.87731934 662.517211914 -444.845153809 1266.42907715
0.0354850292206 8 617.886047363 -61.9592247009 1509.2010498 629.344970703 253.846817017 1553.97521973 620.287109375 62.4320220947 1676.83496094 642.246337891 74.289604187 1352.92236328 396.473388672 -187.728088379 1573.34741211 709.893432617 -169.522674561 1322.52661133 124.719818115 -316.530761719 1390.4005127 670.454223633 -438.857971191 1266.32006836
0.0371680259705 8 617.053771973 -76.0440979004 1505.82556152 629.826049805 253.25843811 1553.24316406 609.388183594 56.1865692139 1674.32495117 648.866333008 74.7937164307 1356.92358398 392.716552734 -193.312667847 1572.73498535 713.884155273 -175.012313843 1311.85192871 101.092895508 -324.753570557 1408.83618164 680.383544922 -390.372589111 1279.19702148
0.0419039726257 8 623.729064941 -81.744720459 1507.87695312 630.697753906 252.779434204 1555.30908203 610.396728516 29.4995956421 1670.93310547 671.889770508 70.686958313 1391.31958008 390.11138916 -214.98147583 1572.28466797 716.419799805 -161.405029297 1310.07043457 92.9513549805 -352.306243896 1426.44995117 685.708740234 -344.126403809 1286.39538574
0.0263538360596 8 618.671142578 -89.4859848022 1504.80383301 630.037536621 252.483886719 1554.28588867 600.642578125 19.5844116211 1671.53381348 677.892456055 65.1735992432 1392.5826416 390.852966309 -229.386001587 1582.59008789 710.121826172 -176.341903687 1325.33007812 83.4909362793 -375.196411133 1458.76977539 689.703430176 -320.973754883 1289.45056152
0.0325989723206 8 615.119873047 -96.1461029053 1501.84484863 629.847106934 251.950958252 1555.78381348 595.638427734 9.61107635498 1672.4309082 679.00012207 54.2426834106 1383.66552734 397.142272949 -242.40020752 1601.13415527 691.994506836 -173.999450684 1352.44934082 63.0758056641 -401.952484131 1492.05895996 694.333374023 -293.481811523 1294.24475098
0.0314562320709 8 614.559509277 -102.138885498 1505.33398438 629.248413086 251.303375244 1557.66796875 593.177856445 -0.651336669922 1680.10961914 677.925292969 51.9033508301 1388.88964844 404.101257324 -250.304428101 1608.41027832 691.475219727 -203.964736938 1349.46154785 60.9298706055 -416.938293457 1521.8638916 710.325439453 82.0976104736 1411.57324219
0.0353119373322 8 620.198242188 -137.723770142 1524.35510254 629.078613281 250.172088623 1559.20251465 623.87677002 11.3371734619 1688.72753906 645.668884277 29.6883392334 1380.91333008 440.111083984 -231.218215942 1618.15319824 658.403442383 -234.469985962 1344.42114258 95.1912231445 -407.769226074 1560.67907715 685.718383789 51.0467376709 1336.41516113
0.0313529968262 8 616.064086914 -144.520431519 1529.65612793 629.559082031 248.584899902 1560.47753906 624.178466797 21.2844238281 1684.46411133 643.232666016 20.3289794922 1376.00317383 441.518798828 -229.311080933 1619.81787109 660.888916016 -233.836761475 1343.52026367 125.797454834 -403.919281006 1568.57067871 681.190185547 65.3128662109 1416.703125
0.0318670272827 8 617.455200195 -142.357940674 1529.07324219 629.712036133 245.032745361 1567.90185547 626.192749023 22.0126037598 1684.87988281 643.303710938 22.7613220215 1375.98071289 442.584411621 -231.283889771 1621.6965332 662.809509277 -238.886444092 1342.54064941 117.756591797 -416.545501709 1596.01208496 682.66986084 63.9642944336 1409.20166016
0.0352728366852 8 619.101989746 -140.809051514 1519.58691406 629.931213379 241.384979248 1575.63659668 622.902770996 10.6726531982 1689.46826172 644.352600098 33.9946136475 1375.96582031 442.608154297 -242.927276611 1624.62756348 666.359008789 -229.751693726 1344.4732666 119.034912109 -434.960968018 1621.98132324 694.011962891 101.179122925 1457.16259766
0.0395941734314 8 613.940612793 -129.940353394 1518.12145996 629.901672363 242.915435791 1571.58398438 623.145751953 27.2417602539 1693.20568848 625.232543945 45.751701355 1361.75524902 449.995300293 -230.800231934 1636.21191406 675.547363281 -213.349273682 1345.71533203 127.448516846 -429.910095215 1641.90075684 702.579711914 78.0662536621 1411.56689453
0.0310089588165 8 608.199645996 -113.003829956 1518.64733887 630.669250488 242.15196228 1575.88122559 617.871826172 51.1805496216 1694.72631836 614.434692383 57.7669906616 1348.78735352 446.580871582 -214.103637695 1651.17651367 682.924987793 -215.590026855 1341.81628418 124.408874512 -415.556152344 1663.09240723 726.76965332 82.659362793 1443.93359375
0.0336329936981 8 610.837646484 -97.4993438721 1527.10339355 631.717895508 242.574966431 1578.87634277 617.833740234 67.3754119873 1696.96948242 614.378051758 56.5558319092 1347.26538086 441.354949951 -207.709762573 1670.07214355 685.818481445 -219.24571228 1341.78991699 132.196868896 -399.483398438 1677.578125 673.992797852 -381.362121582 1283.92663574
0.0310170650482 8 617.408447266 -93.7924194336 1543.98986816 632.293701172 242.17565918 1579.75671387 635.46697998 55.0416641235 1737.55725098 621.875549316 64.3544235229 1357.13220215 437.031768799 -213.646179199 1681.02746582 690.817382812 -206.430267334 1338.52392578 112.872558594 -430.680786133 1718.95239258 676.173400879 -395.467163086 1279.65673828
0.0311548709869 8 611.499084473 -82.303527832 1544.34008789 633.959289551 241.780059814 1584.65820312 650.668945312 40.0793151855 1750.72143555 617.373535156 85.1742858887 1368.2097168 442.090637207 -221.990722656 1682.93701172 689.762817383 -177.29598999 1334.94128418 124.390472412 -421.883148193 1706.91394043 672.28515625 -407.952758789 1274.77233887
0.0350759029388 8 615.576782227 -87.1473617554 1542.8079834 634.432312012 241.430511475 1591.37402344 650.643066406 42.3128051758 1734.19165039 621.627319336 73.2912139893 1372.98364258 444.448608398 -209.237472534 1689.96203613 693.665527344 -181.05897522 1329.52722168 125.735900879 -418.217590332 1715.12744141 659.619873047 -461.411010742 1262.31408691
0.0314500331879 8 627.443359375 -111.319152832 1528.43933105 634.175048828 241.17350769 1593.6204834 663.426940918 32.7877044678 1724.47827148 607.179382324 82.5715179443 1378.4765625 465.368927002 -218.199127197 1689.8873291 678.631591797 -159.286483765 1329.60839844 161.581085205 -430.256225586 1719.73413086 632.717956543 -457.767944336 1262.31311035
0.0318531990051 8 623.572570801 -116.325469971 1528.67956543 633.933654785 241.579452515 1595.43481445 659.15234375 40.9454956055 1722.73388672 605.118286133 82.2086486816 1374.08032227 469.83480835 -215.407775879 1694.19226074 675.644104004 -158.874389648 1325.2989502 189.49710083 -373.169555664 1731.76977539 629.278869629 -461.129516602 1264.26403809
0.0353138446808 8 621.681945801 -108.560523987 1532.96972656 633.558288574 243.457824707 1599.53881836 639.447753906 52.7439804077 1721.14428711 609.362182617 82.3703842163 1374.41943359 471.856292725 -222.42666626 1695.90734863 678.00378418 -148.265441895 1323.34143066 201.7449646 -377.643157959 1734.01318359 631.962158203 -454.976867676 1266.29699707
0.03165102005 8 621.395568848 -93.6044692993 1531.90576172 632.731750488 244.904174805 1602.19067383 625.988586426 69.7547988892 1713.55944824 615.50189209 88.423500061 1369.00500488 482.162322998 -216.809356689 1698.91699219 680.621765137 -146.491210938 1323.76098633 245.383544922 -407.907714844 1696.34155273 655.296508789 -395.309143066 1286.79602051
0.0317099094391 8 617.913330078 -92.0454788208 1532.42907715 631.480529785 244.504211426 1602.15197754 626.035461426 65.1405487061 1713.41479492 599.902770996 77.6876220703 1363.91894531 507.793457031 -213.958755493 1688.22094727 687.160827637 -138.663162231 1330.54455566 277.748596191 -420.534912109 1688.94140625 609.608093262 -503.23815918 1251.72668457
0.0354812145233 8 608.491943359 -127.597824097 1504.84118652 630.96685791 244.301971436 1601.58312988 622.423095703 39.8618469238 1677.31420898 592.884277344 60.8380432129 1355.73632812 522.672851562 -214.938949585 1689.82324219 676.553527832 -164.80847168 1337.68066406 303.140075684 -438.413330078 1685.39477539 611.929382324 -485.068389893 1131.11047363
0.0314848423004 8 608.98046875 -138.22869873 1503.86437988 630.849121094 243.653106689 1601.88439941 619.316711426 21.6714324951 1685.5447998 619.760314941 55.711227417 1359.10974121 546.406738281 -271.114746094 1665.04272461 684.061462402 -129.489898682 1345.03771973 329.946502686 -480.30569458 1672.75488281 606.295776367 -447.051483154 1183.96569824
0.0318760871887 8 615.776000977 -148.258163452 1506.93054199 630.58581543 243.715042114 1601.56665039 609.469238281 7.84880065918 1687.73376465 654.622802734 42.0955047607 1367.80627441 548.026550293 -284.029296875 1660.50292969 695.077758789 -100.521652222 1358.36352539 346.107543945 -515.211730957 1656.22192383 625.571777344 -398.950439453 1174.91137695
0.0356290340424 8 624.092102051 -137.486953735 1517.77380371 629.413269043 245.64302063 1604.42041016 633.870910645 27.3000335693 1693.18518066 675.262268066 51.3559188843 1377.27575684 548.09765625 -298.59173584 1652.14233398 710.268981934 9.26424407959 1408.35229492 367.866699219 -550.709472656 1652.1862793 640.116943359 -344.602905273 1198.78479004
0.0317878723145 8 624.534667969 -149.272277832 1518.11706543 625.854003906 246.683853149 1606.43737793 626.443847656 17.2665557861 1687.57897949 690.176025391 28.630355835 1374.94519043 556.213867188 -281.533691406 1656.31237793 702.183166504 -1.2996673584 1410.45788574 409.293884277 -564.80078125 1641.98864746 638.38067627 -400.868713379 1170.81384277
0.0407049655914 8 622.099609375 -137.145492554 1511.92663574 620.911437988 247.363891602 1604.53588867 635.038146973 39.9778442383 1667.6114502 692.006164551 36.6654663086 1368.11828613 571.043395996 -272.784118652 1664.25463867 692.60760498 0.0627593994141 1406.02404785 448.171905518 -489.879516602 1687.07177734 629.525024414 -399.454223633 1167.46105957
0.032909154892 8 622.305847168 -124.806175232 1514.8248291 616.820983887 248.708282471 1603.00866699 636.69744873 60.8508911133 1657.28759766 682.839660645 56.064956665 1378.46972656 622.486694336 -169.521835327 1743.0 679.7265625 -92.0201873779 1344.67529297 491.269439697 -453.434814453 1771.4777832 637.793334961 -407.072509766 1165.44677734
0.0419850349426 8 622.25378418 -111.583526611 1523.07727051 613.320861816 249.992034912 1603.05505371 644.365539551 85.2490615845 1653.60083008 679.201965332 68.1882858276 1379.17626953 608.581848145 -14.5772323608 1790.42822266 680.857910156 -101.609596252 1336.70007324 494.990844727 -455.262451172 1758.56494141 623.860900879 -374.060058594 1199.94140625
0.0345149040222 8 623.514160156 -105.555557251 1531.84521484 604.965148926 254.671386719 1601.99926758 644.212158203 84.39453125 1662.27307129 677.280151367 66.9311218262 1387.35119629 605.151367188 -16.2843551636 1787.73364258 683.13269043 -113.032104492 1335.22814941 487.787628174 -423.020629883 1754.4206543 623.745422363 -402.819976807 1197.23339844
0.0314600467682 8 623.759765625 -104.841789246 1548.64868164 600.767822266 256.976837158 1600.58984375 647.356018066 67.6180114746 1702.10119629 671.501159668 72.3808441162 1406.66320801 602.689147949 -40.9588928223 1783.99682617 681.698364258 -103.898956299 1330.75610352 484.965637207 -418.283233643 1755.87255859 622.715637207 -399.866638184 1194.87658691
0.0277440547943 8 623.496398926 -108.040229797 1548.63659668 597.018859863 258.427429199 1597.90075684 648.885192871 64.2279815674 1701.27697754 669.296936035 65.9409790039 1402.85241699 603.667053223 -45.3464050293 1776.71484375 678.185913086 -110.079589844 1323.18347168 491.09375 -407.479492188 1760.6640625 614.379211426 -412.083435059 1205.79345703
0.0337469577789 8 624.586364746 -116.355484009 1548.37683105 600.43359375 256.889831543 1597.19226074 655.553283691 49.7544708252 1698.30847168 664.562927246 45.8496246338 1396.31604004 535.333618164 209.825912476 1679.3548584 682.523742676 -93.096786499 1349.70336914 607.251647949 -29.5042419434 1500.15429688 629.897949219 -361.559570312 1212.90014648
0.0303049087524 8 626.282165527 -113.233024597 1551.00708008 598.847045898 258.810394287 1595.32202148 656.828430176 54.6972503662 1701.1496582 663.68572998 49.1669006348 1396.3984375 534.937744141 217.864852905 1674.13183594 677.700439453 -103.033126831 1340.30273438 626.098144531 7.54154968262 1501.33691406 631.081237793 -348.142822266 1223.78393555
0.0307800769806 8 627.068908691 -113.632072449 1550.16662598 602.47064209 257.63949585 1596.52905273 655.679931641 56.1831283569 1700.99816895 666.270996094 47.4012069702 1392.25036621 538.322692871 200.271789551 1675.99951172 675.121520996 -106.931983948 1335.68066406 610.288513184 -32.9563140869 1472.69470215 611.72467041 -426.317382812 1215.89953613
0.0354528427124 8 631.303710938 -114.857643127 1553.63464355 604.327148438 257.46862793 1596.83251953 646.623779297 60.9015197754 1695.32092285 671.134643555 38.2342071533 1391.84020996 535.317260742 169.612518311 1683.15722656 694.004516602 -127.121353149 1340.02001953 580.753051758 -18.5417785645 1561.57629395 629.087463379 -384.460754395 1206.89099121
0.0312471389771 8 632.070007324 -116.236938477 1555.38574219 603.843322754 257.051116943 1596.47497559 646.569824219 60.3460617065 1694.13903809 670.053588867 33.8034820557 1392.01647949 537.822570801 145.918731689 1685.95043945 686.63067627 -130.917388916 1339.5480957 569.946838379 -54.8059082031 1592.06164551 622.362609863 -427.759033203 1211.38781738
0.0316438674927 8 626.43927002 -114.611030579 1544.9152832 603.381103516 256.61114502 1596.03271484 620.892211914 72.1004714966 1646.89978027 665.993652344 22.8944854736 1387.36999512 551.476806641 116.194793701 1687.75695801 676.21282959 -142.893478394 1338.92382812 565.297668457 -81.6920013428 1617.72180176 616.154052734 -428.72076416 1213.578125
0.0470771789551 8 632.082092285 -109.433326721 1540.8182373 602.629272461 256.336395264 1596.16430664 631.786376953 85.9188766479 1624.27880859 667.488769531 24.9642486572 1380.15722656 556.058654785 98.8415985107 1695.85339355 671.6875 -140.408813477 1338.19055176 562.960021973 -112.83303833 1637.36547852 625.563171387 -411.239379883 1193.52246094
0.0305969715118 8 632.983398438 -108.175643921 1544.80639648 602.716125488 256.457336426 1596.7277832 632.434020996 87.4308319092 1633.73535156 668.327941895 26.9998016357 1381.5612793 557.935546875 93.9917984009 1705.5916748 672.02935791 -136.619644165 1340.08508301 561.507324219 -132.546905518 1654.9486084 628.453613281 -401.683776855 1196.26257324
0.0280530452728 8 638.088256836 -98.5357666016 1545.98657227 602.143798828 257.998565674 1596.48901367 637.552978516 87.43775177 1640.42504883 664.979125977 30.9429550171 1384.68798828 573.734985352 91.0940933228 1717.47595215 672.032714844 -118.531776428 1340.52868652 562.595397949 -152.042144775 1673.20678711 631.324523926 -331.4637146 1225.09362793
0.0339798927307 8 642.804016113 -94.4345855713 1549.43884277 602.655334473 258.455383301 1596.23986816 648.068847656 87.9025726318 1654.4543457 667.641235352 35.9794158936 1386.10424805 574.441650391 88.8240737915 1719.99133301 674.769042969 -95.7797088623 1331.26538086 561.697143555 -168.02331543 1696.70153809 640.330200195 -338.657897949 1212.35852051
0.0312900543213 8 643.432312012 -89.3817901611 1559.97290039 602.797546387 259.582061768 1596.44006348 644.60559082 87.1927642822 1685.04211426 670.192382812 52.5467681885 1398.84411621 580.491760254 51.5269165039 1729.64379883 689.07623291 -103.124237061 1328.6138916 558.821899414 -184.601730347 1716.0345459 638.932128906 -290.324645996 1231.81469727
0.0306429862976 8 636.395629883 -57.572467804 1549.68908691 605.679016113 260.256378174 1598.27709961 638.155822754 141.58303833 1634.44665527 640.91998291 108.776245117 1411.27819824 590.538879395 72.7677688599 1727.48181152 681.44543457 -135.094619751 1337.05944824 556.188293457 -160.096221924 1712.55773926 637.084228516 -337.502075195 1235.45544434
0.0357348918915 8 634.329406738 -46.3668899536 1550.45361328 605.836486816 260.636871338 1598.42736816 639.729187012 142.110351562 1641.0994873 633.312316895 105.731925964 1406.80651855 592.517333984 61.1990890503 1727.27941895 677.719543457 -137.921356201 1336.6953125 551.829406738 -166.472290039 1709.87585449 637.77947998 -367.154968262 1221.72277832
0.0315511226654 8 626.176147461 -31.1047687531 1533.1673584 608.691162109 259.967895508 1600.45703125 624.947570801 162.825057983 1621.43322754 607.068664551 99.2942886353 1365.73913574 588.978027344 -50.9700622559 1731.43847656 688.58190918 -154.690216064 1336.64440918 537.807922363 -145.393249512 1718.84326172 648.454040527 -409.903076172 1209.92529297
0.0344929695129 8 628.206420898 -35.0173797607 1536.97094727 611.244506836 259.744384766 1602.05749512 622.927001953 158.683319092 1612.64477539 618.344604492 94.738067627 1374.67285156 610.379333496 -79.5817260742 1594.46325684 690.721374512 -153.243637085 1333.84863281 531.157775879 -162.161773682 1756.31994629 651.607055664 -396.546386719 1218.07250977
0.0437190532684 8 629.299377441 -36.0856399536 1536.80651855 616.45111084 260.9012146 1604.66882324 630.177001953 163.330184937 1614.34277344 615.37097168 86.8576049805 1362.24902344 597.077880859 -61.5615386963 1617.24633789 694.298278809 -167.156814575 1330.87524414 529.119262695 -167.696212769 1763.87609863 649.501281738 -398.800933838 1226.41760254
0.0282728672028 8 614.502868652 -31.4239635468 1540.18969727 620.067810059 261.697875977 1606.69799805 666.237731934 156.756774902 1645.8203125 598.43572998 94.3787002563 1358.08569336 616.125732422 -67.8300018311 1664.4161377 679.362243652 -163.096221924 1331.34985352 540.565673828 -182.836334229 1765.9005127 626.290161133 -460.053924561 1200.45556641
0.0295281410217 8 606.666015625 -34.07970047 1542.71765137 620.380310059 261.762451172 1606.16320801 675.565002441 147.703887939 1667.64123535 592.878234863 100.708457947 1355.52697754 591.885925293 -74.0222473145 1705.82653809 675.308776855 -159.151580811 1332.34143066 541.579589844 -196.760742188 1770.53808594 622.885864258 -451.323150635 1198.74963379
0.0350818634033 8 624.096496582 -35.2559814453 1532.97595215 627.566223145 261.269226074 1608.3651123 676.321289062 129.029266357 1691.50317383 603.249511719 117.778106689 1356.92480469 589.71673584 -72.4673919678 1721.37609863 695.950744629 -152.987915039 1340.28881836 603.06842041 -178.98739624 1681.16430664 636.823913574 -379.993225098 1223.89160156
0.031054019928 8 659.481445312 -66.0172958374 1545.35290527 631.87109375 260.979522705 1608.98242188 699.95715332 75.714881897 1691.83374023 677.940551758 69.4965591431 1388.89746094 611.843322754 -120.413322449 1722.7902832 665.058776855 -128.174499512 1343.19628906 600.142700195 -387.48614502 1693.10986328 626.647033691 -313.272521973 1244.31677246
0.0313210487366 8 657.117004395 -79.3142547607 1553.31176758 631.18572998 261.138000488 1608.54455566 694.141540527 75.1752471924 1690.8704834 674.372131348 72.5693206787 1409.11071777 616.370300293 -114.185943604 1736.02441406 679.093566895 -116.2396698 1373.58508301 590.073120117 -397.595672607 1698.6817627 615.508178711 -360.869750977 1212.35339355
0.0354878902435 8 665.006774902 -91.6837158203 1554.44238281 634.499145508 260.270263672 1609.19335938 689.87713623 67.3181152344 1691.97692871 698.274108887 57.077545166 1407.54333496 613.570007324 -135.364349365 1719.43371582 681.97479248 -71.6843261719 1393.51611328 583.865234375 -406.148345947 1711.6541748 640.49822998 -283.922058105 1267.13781738
0.030816078186 8 668.133239746 -97.7651748657 1549.9239502 637.349304199 259.661804199 1609.92236328 682.40032959 61.489982605 1692.52478027 719.239318848 57.5624008179 1411.49572754 602.809692383 -131.031738281 1713.02563477 691.508483887 -37.3980941772 1410.51794434 570.438537598 -410.717224121 1714.35083008 651.581787109 -287.620880127 1265.04956055
0.0316741466522 8 679.561340332 -107.594116211 1564.89941406 642.139526367 259.052246094 1610.28759766 692.071533203 58.5077285767 1702.43371582 713.833251953 41.8842086792 1412.76867676 635.710571289 -193.855041504 1747.85290527 691.656860352 -28.0920562744 1421.47436523 593.151000977 -507.668334961 1708.96899414 648.980529785 -285.464355469 1255.21899414
