0.03133893013 8 640.344177246 -30.9028606415 1555.12658691 685.184753418 255.602645874 1604.71777344 706.221740723 126.067817688 1730.90661621 631.499450684 121.85824585 1364.17126465 631.322692871 7.19368743896 1769.61608887 707.468994141 -103.755661011 1355.31469727 557.526306152 -242.593139648 1783.70068359 675.950378418 -423.036987305 1288.24060059
0.0329239368439 8 641.321838379 -31.8760852814 1556.61816406 684.653442383 256.305175781 1604.25024414 706.649475098 123.369186401 1731.17443848 633.782653809 123.92930603 1370.85900879 629.397888184 5.05583190918 1766.45800781 706.698852539 -101.580612183 1354.85839844 557.641418457 -240.439987183 1787.69677734 675.806091309 -420.553283691 1288.58520508
0.0354950428009 8 641.70892334 -31.6490840912 1556.14587402 684.621948242 257.211517334 1602.77880859 707.534790039 124.503295898 1731.35388184 632.182006836 125.218826294 1369.82336426 632.757263184 0.827621459961 1764.74255371 705.454406738 -100.977859497 1354.16015625 557.169799805 -235.553375244 1792.24157715 675.576293945 -413.081787109 1289.85412598
0.0321450233459 8 642.137573242 -31.9577503204 1555.4041748 684.87701416 257.621826172 1600.95666504 708.293334961 124.295166016 1731.35583496 631.065307617 125.658081055 1368.89660645 633.23046875 4.65490722656 1765.54125977 704.749206543 -99.6352844238 1353.41748047 557.711486816 -233.911392212 1796.19775391 674.692810059 -412.888183594 1289.83825684
0.0363039970398 8 642.29675293 -29.8905639648 1555.3269043 684.340759277 258.442687988 1599.7442627 707.552734375 125.563171387 1731.95410156 631.081787109 126.464630127 1368.11425781 636.215026855 3.89937591553 1771.1940918 704.670410156 -98.7056274414 1352.60681152 557.178039551 -230.561859131 1798.27026367 674.587585449 -413.300354004 1289.99902344
0.0362520217896 8 643.102661133 -29.0344085693 1555.01171875 684.40435791 258.923095703 1598.51916504 708.443969727 127.067749023 1731.24255371 629.165771484 126.962036133 1367.48718262 639.971740723 1.13730621338 1771.49169922 702.734558105 -98.1209564209 1352.51672363 558.252075195 -228.872283936 1800.05126953 672.515808105 -413.350891113 1289.77099609
0.0312190055847 8 636.972595215 -24.2658309937 1551.65808105 683.778625488 259.435638428 1597.70556641 700.485412598 124.946510315 1731.85461426 635.907897949 130.412902832 1364.99743652 637.167236328 -10.082649231 1776.44970703 709.306213379 -95.0171661377 1350.98425293 551.486816406 -229.882751465 1803.3918457 679.029541016 -410.203063965 1287.60620117
0.0315260887146 8 637.092651367 -23.214723587 1550.95776367 683.0078125 259.424560547 1596.82873535 700.556945801 124.899757385 1731.6809082 635.683288574 131.118270874 1364.39477539 637.749450684 -9.60224151611 1771.53173828 708.630126953 -95.1560516357 1350.5390625 553.285522461 -230.043243408 1808.00146484 678.415039062 -409.685913086 1287.13061523
0.035325050354 8 639.36328125 -25.1122493744 1551.90148926 682.653076172 258.867706299 1594.80151367 703.345153809 126.724281311 1731.36816406 632.358825684 129.602249146 1363.83081055 642.791870117 -11.1506118774 1771.51623535 705.155578613 -96.6096343994 1351.4720459 560.463378906 -228.189025879 1813.46020508 676.035339355 -411.855834961 1288.80786133
0.0311629772186 8 638.959411621 -28.8044986725 1548.64978027 681.992004395 258.308013916 1593.75256348 703.532531738 123.716781616 1732.10693359 630.996765137 133.36932373 1362.30297852 640.281555176 -7.71408081055 1765.77453613 703.348999023 -91.8536071777 1351.42163086 560.871154785 -226.236450195 1807.33337402 674.683837891 -408.849822998 1287.8092041
0.0315089225769 8 639.170349121 -29.8200263977 1549.43054199 681.691589355 258.142028809 1592.6015625 704.259765625 126.002449036 1731.8671875 629.294921875 132.268264771 1361.20141602 631.570739746 20.3611984253 1759.67114258 701.749633789 -92.0781402588 1351.96594238 568.725463867 -210.104095459 1794.01843262 673.819091797 -411.424621582 1288.02380371
0.0361170768738 8 643.598571777 -41.040348053 1552.03393555 681.896789551 257.836303711 1590.66931152 704.735473633 104.324401855 1727.94287109 644.668823242 113.551544189 1373.39282227 624.697814941 20.0788879395 1750.62341309 701.381774902 -72.9174499512 1358.43103027 637.07208252 -53.9624862671 1579.89343262 673.390319824 -390.117401123 1292.0098877
0.0409359931946 8 646.682312012 -46.277923584 1553.72180176 682.228637695 257.759887695 1589.44384766 705.78326416 94.4307174683 1724.78796387 654.722106934 104.143409729 1380.90930176 617.217773438 22.1356582642 1745.62548828 700.861877441 -65.9591903687 1359.57080078 637.284545898 -68.7083358765 1591.19091797 673.585876465 -372.386413574 1295.1081543
0.0386018753052 8 662.63684082 -63.8466873169 1554.22583008 682.349914551 257.530914307 1588.31750488 721.231018066 68.9637298584 1721.34326172 663.075866699 101.064483643 1406.56347656 625.733154297 -2.51152038574 1736.32861328 685.433776855 -42.6800231934 1362.84545898 634.492919922 -133.603302002 1633.44458008 656.560058594 -351.134765625 1295.51318359
0.0315849781036 8 665.333435059 -72.6108779907 1555.47424316 682.576843262 256.733337402 1587.17028809 720.23248291 56.1987228394 1722.04858398 676.175598145 93.4163742065 1415.22387695 621.308349609 -26.5572891235 1736.26721191 686.140808105 -60.0320968628 1342.88293457 621.738830566 -166.472351074 1643.45617676 658.630432129 -334.511901855 1296.96972656
0.030168056488 8 665.545776367 -76.8019943237 1554.46594238 681.839599609 255.447387695 1586.22363281 719.867675781 53.0626220703 1722.03186035 679.406738281 89.5833892822 1412.98205566 619.240539551 -37.7780380249 1736.94421387 686.649902344 -59.6991119385 1349.28222656 615.377441406 -185.828399658 1659.35571289 657.091918945 -339.801269531 1293.49768066
0.0333878993988 8 666.78302002 -93.4510955811 1556.3972168 682.063049316 253.801101685 1584.65551758 717.586669922 42.7463684082 1724.3248291 687.229125977 67.0186767578 1404.20739746 612.245117188 -27.1997146606 1741.13586426 682.679992676 -82.7141418457 1337.7088623 617.990661621 -191.78805542 1662.20349121 659.153320312 -329.455474854 1290.12402344
0.0296621322632 8 668.496582031 -102.738510132 1561.80310059 682.131958008 252.752578735 1583.85498047 714.416992188 43.0313873291 1726.35327148 686.827514648 53.4707183838 1401.50073242 611.528869629 -14.5113563538 1736.39758301 693.300231934 -52.0719528198 1376.01855469 620.34588623 -189.339614868 1669.66052246 661.625 -335.365966797 1287.77954102
0.0318610668182 8 667.683349609 -104.801132202 1562.61743164 682.088684082 252.255645752 1582.75012207 711.675964355 47.4102172852 1725.80334473 687.612487793 54.5857543945 1401.5838623 607.273925781 -10.9076957703 1735.85253906 693.736572266 -68.3050842285 1368.34094238 617.93737793 -198.846817017 1689.53527832 663.684814453 -343.975372314 1286.79931641
0.0352640151978 8 666.222900391 -104.379806519 1560.48632812 681.468566895 252.34727478 1582.0526123 710.235351562 46.9608917236 1725.7244873 688.53527832 57.41355896 1400.8939209 605.316833496 -13.3449325562 1736.2355957 691.78894043 -79.5846405029 1363.8614502 622.08807373 -210.884674072 1714.51062012 664.415161133 -343.05657959 1285.5682373
0.0315148830414 8 662.323059082 -104.436187744 1555.94018555 681.139343262 252.15083313 1581.41772461 703.716674805 44.9645233154 1725.77478027 696.123291016 61.4923248291 1400.36706543 622.327270508 -157.504577637 1770.90393066 697.435913086 -87.0034790039 1360.02087402 601.280761719 -219.567092896 1712.25231934 666.938293457 -363.849609375 1277.62121582
0.0317590236664 8 661.060546875 -106.801338196 1546.1998291 681.741149902 251.111694336 1581.23083496 698.826782227 31.6046142578 1730.30041504 701.169921875 71.923538208 1401.54821777 616.287902832 -189.066833496 1771.5682373 700.239074707 -84.1039733887 1356.82080078 459.865142822 -487.202636719 1653.01550293 658.826049805 -381.667022705 1275.85852051
0.0353400707245 8 673.80291748 -116.382675171 1546.87072754 683.368774414 248.756378174 1579.75817871 694.974975586 -2.1826171875 1735.05322266 741.875854492 60.1649780273 1432.41772461 608.208984375 -220.292617798 1773.22839355 703.647888184 -88.746673584 1356.81225586 393.187225342 -455.848297119 1595.7779541 659.833557129 -383.892028809 1282.86254883
0.0314660072327 8 669.555114746 -106.39176178 1544.65515137 685.789672852 244.807373047 1576.97143555 711.99822998 13.2824859619 1715.27172852 718.145324707 61.2431945801 1423.12011719 606.045288086 -210.50843811 1740.22900391 692.55847168 -112.590393066 1345.5456543 377.773193359 -367.804718018 1603.19213867 660.674804688 -391.000732422 1274.3470459
0.0315330028534 8 660.66998291 -59.7767906189 1549.77111816 687.545654297 244.711761475 1576.12072754 747.09753418 48.8252410889 1717.03479004 667.177734375 114.774002075 1420.42346191 628.508178711 -177.066772461 1726.03076172 666.72869873 -124.378433228 1343.08447266 372.296112061 -284.394958496 1616.64196777 629.848022461 -465.88079834 1273.30004883
0.0356698036194 8 662.454650879 -57.2083511353 1538.10925293 688.404418945 245.097991943 1575.42041016 739.950378418 36.9671783447 1719.34533691 658.538269043 128.026916504 1422.37854004 621.814941406 -195.026596069 1715.0279541 667.1953125 -95.9049682617 1351.40661621 339.75881958 -257.791381836 1608.89624023 591.607849121 -465.085662842 1190.18237305
0.0318081378937 8 656.734069824 -57.2792167664 1525.02880859 690.854858398 244.425262451 1573.56018066 713.417114258 34.3631896973 1719.58703613 651.229980469 135.47328186 1414.21252441 595.689453125 -199.313156128 1722.95483398 676.860473633 -80.8240814209 1354.05187988 312.668243408 -231.722015381 1610.59143066 651.372253418 -379.795288086 1284.67272949
0.0315020084381 8 657.536132812 -54.6630210876 1502.60070801 692.258483887 244.843231201 1572.77526855 714.834350586 42.827255249 1698.75854492 633.188476562 137.441711426 1385.26293945 587.528503418 -172.630661011 1737.40722656 669.066894531 -95.3433837891 1350.25598145 312.402587891 -178.755981445 1618.88342285 594.376953125 -467.792907715 1183.11169434
0.0353858470917 8 662.861206055 -43.9039535522 1520.99816895 694.734191895 243.949829102 1570.92419434 727.290283203 59.3671264648 1708.57775879 621.051635742 142.048751831 1404.05554199 585.230773926 -157.648040771 1741.78027344 669.152893066 -87.4950561523 1358.48181152 297.59362793 -127.353179932 1614.46569824 585.590270996 -462.934295654 1186.09130859
0.0313971042633 8 660.284301758 -37.797744751 1526.27319336 702.264099121 242.738250732 1567.33642578 725.59576416 69.1477813721 1715.82788086 618.64276123 147.880172729 1402.08203125 577.168762207 -148.80078125 1748.73046875 678.084899902 -83.7299804688 1357.47692871 285.057037354 -92.1495361328 1620.70397949 588.1484375 -474.809814453 1170.74914551
0.0319681167603 8 648.016662598 -48.4172859192 1555.9407959 708.095947266 245.435745239 1565.51428223 714.059875488 99.9423980713 1725.97290039 632.08770752 125.728675842 1398.77026367 562.579223633 -111.947723389 1764.8671875 694.596862793 -104.148460388 1353.62268066 254.623199463 -25.478767395 1611.93212891 656.413818359 -407.021453857 1271.80126953
0.0365109443665 8 654.011291504 -44.6101531982 1569.17004395 705.271484375 245.69682312 1567.73266602 701.012084961 99.4208526611 1760.95422363 660.225708008 144.692520142 1414.70031738 547.612121582 -99.5465240479 1780.00976562 711.443664551 -99.5861358643 1358.76379395 240.456115723 0.947525024414 1629.5802002 668.10559082 -395.974243164 1265.07678223
0.0320658683777 8 649.182250977 -58.1044540405 1571.97460938 709.400024414 246.004302979 1566.37548828 686.006774902 82.0003738403 1761.32250977 672.135559082 130.54385376 1428.02026367 537.821899414 -121.690666199 1765.984375 708.391357422 -84.846206665 1355.25891113 232.918212891 -7.78071594238 1609.63427734 679.966674805 -335.708282471 1302.08325195
0.031937122345 8 647.664916992 -52.1036186218 1581.37988281 707.71697998 246.334945679 1567.8215332 677.411254883 76.6566467285 1786.97583008 662.524902344 134.799667358 1424.59985352 524.102416992 -105.105773926 1766.74853516 702.38293457 -98.0720062256 1341.89404297 227.860137939 20.174949646 1611.2052002 664.786376953 -395.133911133 1277.80212402
0.0357990264893 8 643.760009766 -39.3394432068 1573.41638184 711.372436523 246.262588501 1566.69384766 674.893676758 98.2039413452 1752.97058105 668.543457031 135.580917358 1428.7935791 504.800048828 -86.3165054321 1758.15893555 709.060058594 -95.4304199219 1348.62487793 216.965270996 42.1442642212 1604.50817871 670.379760742 -409.109375 1275.55749512
0.0319879055023 8 641.647644043 -49.9174690247 1556.51794434 710.582275391 246.400558472 1566.0703125 661.478820801 98.4009246826 1714.59436035 664.121398926 106.271896362 1406.58630371 502.655761719 -75.0523834229 1740.0592041 706.094116211 -122.005065918 1353.27880859 226.197235107 45.9211883545 1596.1595459 664.367797852 -414.808197021 1280.30444336
0.0320360660553 8 638.470153809 -80.0278244019 1544.8494873 711.975036621 246.60723877 1564.23120117 653.795043945 84.8101348877 1691.72680664 641.426879883 14.1979980469 1344.61962891 474.05291748 -57.648147583 1730.51330566 707.838623047 -147.281387329 1368.79663086 227.470443726 49.2118606567 1585.18188477 648.601989746 -452.521118164 1280.70605469
0.0357358455658 8 641.341796875 -84.83253479 1553.30297852 712.374450684 247.012298584 1562.65112305 647.336853027 73.737487793 1683.81689453 653.143615723 13.760559082 1373.42993164 452.761505127 -23.8345336914 1718.35546875 690.006408691 -180.523147583 1342.2746582 233.352218628 81.1949615479 1585.06298828 639.42199707 -451.103942871 1253.14807129
0.0323421955109 8 643.217773438 -89.0343856812 1555.81958008 713.906066895 247.51260376 1559.63293457 644.237854004 69.792678833 1678.69433594 660.271789551 10.1086730957 1382.02368164 441.391052246 -5.8946762085 1711.40710449 681.241088867 -201.705200195 1336.00610352 248.593109131 98.0592498779 1599.35839844 630.274353027 -461.57598877 1242.33679199
0.0366418361664 8 641.027526855 -92.8665390015 1556.41210938 713.413635254 247.101257324 1558.61962891 634.172119141 69.128616333 1677.88647461 657.068359375 0.786743164062 1377.47875977 419.992675781 10.8993606567 1702.58874512 682.492797852 -214.972167969 1337.10510254 234.425033569 137.257522583 1583.94677734 628.293212891 -514.112792969 1270.29516602
0.0366530418396 8 643.053833008 -95.261428833 1555.38464355 712.985229492 247.040206909 1557.78894043 621.634399414 68.7891082764 1675.20507812 660.147094727 -2.50895690918 1374.18554688 403.132080078 21.2286300659 1698.64343262 693.318908691 -215.970748901 1343.11462402 219.18800354 156.341949463 1585.92248535 637.155212402 -518.017578125 1275.87255859
0.0306539535522 8 639.192382812 -96.2844467163 1554.93103027 712.556518555 246.688934326 1556.6673584 616.790466309 72.1500244141 1674.95812988 651.973693848 -3.72834777832 1369.05871582 390.984558105 33.3607826233 1693.23913574 695.722839355 -218.166381836 1349.2043457 214.029891968 176.758987427 1580.66699219 641.972412109 -519.188537598 1280.94274902
0.0315749645233 8 640.147583008 -96.8511199951 1555.84606934 713.274841309 247.855758667 1555.44372559 622.634338379 73.9585876465 1675.79052734 651.416931152 -1.54623413086 1369.67602539 392.092529297 41.752166748 1692.24108887 692.855834961 -216.071762085 1353.45324707 215.00038147 191.832229614 1579.11462402 638.471374512 -520.2578125 1281.24084473
0.0354280471802 8 643.93157959 -92.7631454468 1554.81652832 714.116210938 248.899017334 1553.56652832 639.553100586 82.012512207 1671.84387207 648.992919922 6.70457458496 1369.50158691 396.736755371 42.1224212646 1691.84436035 691.64440918 -209.390274048 1355.45825195 212.018081665 201.433456421 1577.87695312 636.965515137 -513.011474609 1282.02697754
0.0314331054688 8 645.403442383 -89.2286605835 1555.16223145 714.606201172 249.438995361 1552.75036621 646.688659668 89.4901123047 1674.36743164 647.283630371 17.0870513916 1368.49316406 401.727508545 45.6173858643 1693.33337402 691.499572754 -201.983947754 1356.71374512 214.097396851 207.457061768 1576.75500488 634.040283203 -512.302490234 1284.71923828
0.0316960811615 8 641.264343262 -92.4658050537 1552.8963623 714.923522949 249.655914307 1551.9855957 640.723999023 85.4417114258 1676.81652832 641.442993164 14.4304504395 1364.26794434 405.454406738 58.6230621338 1691.54138184 688.339904785 -206.318267822 1356.9786377 218.186813354 227.243438721 1576.77770996 632.444152832 -514.511657715 1284.30407715
0.0356919765472 8 645.770935059 -93.2796707153 1555.93347168 716.143798828 249.88772583 1551.17602539 647.299133301 76.5314102173 1680.71679688 656.206115723 25.1858901978 1381.9621582 413.42175293 66.2448272705 1691.00195312 678.704040527 -200.982879639 1353.01037598 225.969421387 244.507995605 1572.93078613 623.047546387 -510.402069092 1281.08007812
0.0308818817139 8 643.428222656 -64.6891403198 1562.85974121 717.258850098 249.727294922 1550.68005371 654.373840332 106.498313904 1700.24841309 651.539123535 89.9413986206 1406.89782715 419.927856445 105.519943237 1710.36706543 669.204956055 -188.64743042 1328.35876465 234.544784546 278.78024292 1600.26477051 619.560791016 -528.961303711 1254.66333008
0.0320699214935 8 640.87689209 -67.0393066406 1553.39245605 718.409484863 249.447265625 1550.94091797 653.222290039 100.157470703 1696.17163086 647.924560547 73.9395828247 1384.37084961 422.194335938 109.512397766 1704.69665527 667.368530273 -167.035003662 1333.58789062 244.998519897 285.779022217 1599.14782715 628.791870117 -502.453826904 1256.36279297
0.0351440906525 8 637.653503418 -77.3008575439 1540.95092773 719.894287109 248.787750244 1550.28918457 648.590515137 81.2979431152 1689.82519531 643.581970215 65.6464233398 1376.73291016 409.331970215 106.513755798 1693.53198242 671.206054688 -143.971038818 1341.1217041 219.099243164 285.517913818 1571.30273438 638.700439453 -460.719604492 1277.16247559
0.0319359302521 8 632.545227051 -107.761581421 1527.25317383 720.378967285 248.37020874 1549.88598633 641.155944824 37.73777771 1677.84814453 632.910705566 2.23870849609 1348.86376953 398.410461426 72.1398849487 1676.94177246 692.520935059 -73.9269561768 1376.16650391 217.657836914 254.220184326 1564.76708984 650.243408203 -391.973022461 1295.25732422
0.0362551212311 8 632.97052002 -94.9729003906 1531.1973877 720.557128906 247.38684082 1550.13208008 644.00567627 53.4859008789 1679.15429688 636.145812988 34.9813842773 1366.41040039 400.482452393 94.354347229 1678.28588867 691.531677246 -77.6975784302 1377.96020508 214.821014404 269.420349121 1556.66601562 646.469238281 -398.448303223 1294.51867676
0.0320019721985 8 632.827941895 -90.0840072632 1528.74951172 721.179260254 247.000610352 1550.10900879 645.356384277 59.895652771 1676.86132812 639.625061035 48.2920761108 1369.39526367 404.081237793 103.814071655 1679.89550781 684.788635254 -88.8236160278 1366.82727051 221.902389526 277.854187012 1566.68078613 646.098266602 -392.964996338 1292.8157959
0.0319490432739 8 634.109619141 -90.2421951294 1528.1965332 722.180358887 246.671966553 1549.2947998 644.740234375 62.1018981934 1676.79797363 644.415039062 52.8593292236 1370.65344238 402.90234375 109.704078674 1679.63647461 681.727844238 -93.979675293 1358.71655273 208.062347412 294.86630249 1560.54150391 646.862731934 -397.51071167 1291.52563477
0.0360579490662 8 641.0546875 -82.5125808716 1541.58068848 723.274169922 246.736846924 1548.46350098 649.929870605 78.1067276001 1680.04272461 645.141052246 48.5336990356 1374.66992188 408.566467285 129.874694824 1680.09204102 674.773986816 -111.713859558 1353.08532715 198.784301758 307.127075195 1570.95556641 641.715576172 -413.938110352 1290.53527832
0.0319890975952 8 639.509155273 -64.6448898315 1541.79992676 724.282470703 246.632049561 1548.32043457 648.805358887 88.9337768555 1691.35253906 646.268859863 86.0776519775 1389.23608398 408.409973145 139.515625 1689.9083252 675.342407227 -119.952896118 1341.6361084 202.133850098 316.118286133 1568.74169922 641.629455566 -427.083251953 1279.58068848
0.0319428443909 8 638.163574219 -60.2763786316 1533.79675293 725.617614746 247.299789429 1547.69580078 646.395812988 87.4092712402 1696.46655273 647.242492676 109.717315674 1394.65673828 406.575714111 139.205474854 1693.99841309 677.632873535 -116.333175659 1334.32922363 194.863357544 310.961914062 1572.78613281 644.445495605 -427.234619141 1273.9317627
0.0360310077667 8 635.673583984 -51.1848335266 1526.20385742 726.778320312 248.171142578 1546.79968262 641.783813477 104.382659912 1699.65905762 637.403320312 129.740997314 1379.27526855 403.242492676 151.637908936 1703.34008789 682.092529297 -125.379623413 1323.58215332 183.722702026 327.341186523 1584.34570312 651.344543457 -430.052368164 1266.69213867
0.036052942276 8 631.730834961 -49.370426178 1534.24975586 727.183288574 248.315139771 1545.62902832 637.621887207 106.191665649 1705.45532227 628.164733887 134.098480225 1393.28173828 401.908966064 159.077941895 1706.60534668 684.319458008 -125.392944336 1317.54577637 166.124298096 322.604492188 1586.00854492 654.385131836 -434.074035645 1260.8972168
0.0421221256256 8 628.498474121 -46.355632782 1534.24523926 727.678405762 248.008209229 1544.50549316 634.698242188 105.9012146 1713.37683105 628.462280273 138.995849609 1389.49230957 401.695861816 164.4168396 1708.80578613 682.938964844 -114.742294312 1315.70153809 162.833053589 319.809082031 1588.08227539 657.6640625 -438.392578125 1257.85827637
0.0317959785461 8 623.391723633 -53.9851760864 1544.47375488 728.708862305 247.450378418 1544.2109375 633.011230469 93.5266265869 1708.80419922 632.724609375 114.775024414 1402.0324707 400.111907959 155.950195312 1698.20825195 685.00769043 -109.40171814 1322.71105957 170.205154419 310.401123047 1578.61523438 658.434814453 -438.391601562 1265.03662109
0.0313971042633 8 620.608642578 -53.6028175354 1540.07116699 729.500793457 247.447280884 1543.51989746 607.049926758 94.6226119995 1712.56201172 639.697143555 121.703155518 1395.81079102 402.50567627 156.377212524 1698.40283203 681.22454834 -110.548538208 1318.45080566 164.920059204 303.833587646 1579.74719238 655.653930664 -438.35333252 1264.20349121
0.0362849235535 8 615.745727539 -41.4454536438 1537.61425781 730.476379395 247.30380249 1542.74902344 595.998046875 133.84425354 1694.7791748 627.247436523 119.803588867 1365.3248291 395.625183105 186.166381836 1696.6114502 687.875 -137.763977051 1315.16125488 159.575271606 321.683959961 1581.52380371 660.398620605 -465.389953613 1259.37670898
0.034551858902 8 615.215026855 -35.4873924255 1537.11645508 730.914245605 247.512451172 1542.05200195 602.38482666 142.097518921 1707.33056641 621.924377441 122.990585327 1348.66625977 388.328582764 202.245147705 1700.72644043 692.790222168 -145.360855103 1313.18518066 147.269897461 325.27911377 1582.98571777 664.479858398 -480.120361328 1254.12390137
0.0273711681366 8 617.277832031 -39.7964172363 1539.70861816 730.844787598 247.490066528 1541.50769043 595.001342773 131.653488159 1701.24035645 629.562744141 117.450790405 1363.3392334 387.801361084 191.852767944 1697.97253418 693.19909668 -130.648330688 1318.68786621 146.643264771 315.139770508 1579.31079102 662.609375 -469.950012207 1256.53271484
0.0304698944092 8 619.218688965 -33.8047485352 1549.05712891 731.229064941 247.022476196 1540.80700684 588.830932617 132.647338867 1704.6262207 636.850463867 130.489440918 1389.2824707 381.73223877 190.782623291 1705.97277832 719.087890625 -72.3136138916 1389.84216309 152.614105225 303.110656738 1583.80285645 671.869689941 -431.756896973 1256.66186523
0.0343351364136 8 622.642700195 -35.0788192749 1549.83911133 731.803833008 245.773895264 1540.03588867 585.207519531 132.765396118 1698.3092041 645.295043945 128.338928223 1393.64074707 375.23449707 189.016860962 1702.66235352 731.748413086 -89.4375305176 1400.27685547 140.836120605 291.795654297 1576.97253418 678.687133789 -413.429168701 1261.8840332
0.0317449569702 8 627.391967773 -34.7099266052 1548.67626953 732.269165039 245.790985107 1539.34741211 589.80645752 135.311706543 1710.7454834 654.698181152 140.183013916 1389.7635498 373.636871338 193.817626953 1707.20361328 732.238891602 -89.2614593506 1392.76647949 141.403518677 299.108734131 1578.66125488 681.855102539 -397.900024414 1260.93334961
0.031229019165 8 625.542480469 -33.6431922913 1546.58666992 732.752624512 245.745666504 1538.10925293 589.728515625 142.800857544 1714.36645508 651.926025391 146.997497559 1381.54736328 369.529693604 200.909729004 1707.78393555 735.515258789 -79.0115661621 1390.38659668 145.274490356 297.493377686 1576.68908691 683.027770996 -392.997283936 1259.37536621
0.0495979785919 8 622.234802246 -27.8978328705 1547.51391602 732.823181152 245.502182007 1537.54980469 581.801025391 142.993637085 1712.25476074 657.692749023 144.245147705 1382.93029785 359.976135254 201.750305176 1701.57104492 742.217041016 -64.2499237061 1415.97888184 139.976837158 293.561431885 1571.77929688 690.36114502 -381.507324219 1263.82617188
0.0321710109711 8 622.641845703 -28.7757396698 1545.11560059 732.985290527 245.713348389 1537.81225586 580.625671387 147.26789856 1711.33728027 654.838928223 144.778030396 1374.15148926 359.136199951 204.996154785 1700.98632812 746.580871582 -56.9723815918 1424.47546387 131.744415283 288.294433594 1566.31286621 699.305236816 -334.671478271 1277.37817383
0.0286059379578 8 626.42590332 -19.3480529785 1543.30981445 733.102661133 245.594650269 1537.74780273 570.825683594 150.896514893 1707.07177734 666.837036133 143.941558838 1368.39282227 347.135192871 206.370483398 1697.65014648 762.266845703 -59.0382080078 1427.28283691 120.717758179 290.659667969 1557.15429688 711.343505859 -336.929351807 1276.43859863
0.0291800498962 8 628.030578613 -13.1315202713 1533.4708252 733.423461914 245.477355957 1537.31481934 569.901245117 153.577865601 1708.4197998 666.845581055 152.221664429 1352.00500488 345.696716309 207.786193848 1700.26794434 769.605163574 -55.7755737305 1422.61767578 120.638427734 291.775848389 1553.10302734 717.707519531 -311.226989746 1277.30102539
0.0303330421448 8 625.739501953 -7.05836677551 1541.2421875 733.809387207 245.778503418 1536.78601074 569.489562988 163.322952271 1724.51965332 658.906799316 167.064407349 1355.86242676 346.587524414 213.459274292 1710.10900879 769.97088623 -59.5656890869 1407.62243652 123.737945557 298.67779541 1559.7121582 717.783508301 -294.634277344 1262.47766113
0.0307188034058 8 631.260681152 -20.5882453918 1547.53320312 733.934570312 245.685791016 1536.1998291 587.372375488 139.241195679 1709.18798828 663.652526855 139.400161743 1383.34326172 362.279205322 181.004272461 1674.60705566 750.984008789 -37.292755127 1425.18383789 151.296798706 275.933959961 1533.14208984 698.75201416 -275.382049561 1276.9510498
0.0349740982056 8 628.423706055 -25.5756988525 1519.36633301 733.761352539 246.110519409 1535.29064941 589.102050781 97.1000442505 1709.68115234 663.057617188 176.642150879 1415.81152344 364.157348633 134.300140381 1663.67272949 747.848999023 1.35040283203 1420.31896973 144.856781006 226.21647644 1525.21191406 697.098999023 -233.912399292 1276.59606934
0.0317690372467 8 623.371765137 -15.4103422165 1513.72766113 733.671020508 245.934967041 1533.56213379 584.052734375 107.687759399 1709.94567871 656.941162109 182.543243408 1391.71105957 359.218933105 142.89630127 1656.60583496 752.394226074 -7.89358520508 1413.88342285 147.681488037 238.31880188 1519.25756836 701.618835449 -237.097839355 1270.86364746
0.0313038825989 8 624.260375977 -26.0276851654 1522.23144531 733.56628418 246.233276367 1532.81347656 574.830871582 117.006942749 1707.34936523 666.693786621 171.593688965 1394.49731445 351.085083008 148.432647705 1647.18652344 758.833679199 -18.6106414795 1415.42797852 142.773590088 242.5078125 1503.14477539 707.857849121 -262.591369629 1270.81188965
0.0355880260468 8 628.940490723 -35.7498283386 1526.17346191 733.352294922 247.436477661 1532.17773438 549.887756348 121.43812561 1677.36108398 697.708557129 153.141571045 1410.38891602 332.449768066 146.606109619 1625.87536621 768.734191895 -52.800567627 1405.87719727 122.307281494 235.575668335 1482.69934082 721.895935059 -274.326385498 1284.01464844
0.0315690040588 8 635.472167969 -38.6202278137 1517.85705566 733.072753906 248.486633301 1532.09436035 530.046325684 113.570854187 1653.68054199 722.014709473 152.80682373 1425.17004395 314.411071777 139.449890137 1607.82299805 786.816589355 -40.0691986084 1422.91479492 102.550491333 228.048156738 1450.00793457 738.746948242 -286.157470703 1297.13232422
0.0317039489746 8 640.823364258 -30.899728775 1521.93884277 732.734741211 248.776626587 1530.55529785 512.094665527 118.361587524 1638.88244629 751.125183105 157.339324951 1451.75695801 295.665771484 145.152999878 1590.87585449 806.470153809 -43.2994689941 1436.72851562 93.297454834 236.762664795 1430.44140625 756.192565918 -284.317382812 1305.59887695
0.0353691577911 8 635.700866699 -15.7784309387 1526.14941406 732.377929688 250.266326904 1529.78222656 492.156097412 130.893157959 1634.6126709 754.776794434 166.662612915 1446.03552246 277.279724121 151.927581787 1554.41149902 825.340454102 -53.5059356689 1437.3338623 78.7412872314 250.942016602 1419.15136719 774.729919434 -307.742004395 1305.71142578
0.031350851059 8 626.809509277 13.5531616211 1561.39794922 731.359802246 251.584014893 1528.58288574 498.043792725 166.223770142 1644.63964844 744.927185059 136.368789673 1428.04614258 283.273742676 192.106750488 1555.35424805 821.825012207 -85.3874053955 1424.59594727 82.1931152344 286.806335449 1423.43432617 764.538879395 -344.121765137 1293.31799316
0.0318200588226 8 622.964538574 11.4211168289 1563.0012207 731.331115723 252.477813721 1528.19311523 476.541259766 157.453582764 1588.69250488 765.093261719 152.639419556 1505.71057129 274.073760986 171.454177856 1509.85717773 832.567321777 -61.0088195801 1465.20983887 80.0343780518 263.097106934 1367.97436523 780.573486328 -332.612670898 1324.09484863
0.0362889766693 8 623.428283691 12.3936681747 1549.74719238 732.039550781 252.269165039 1529.17944336 477.028106689 152.097763062 1602.35559082 762.299377441 155.516418457 1486.90856934 273.310882568 171.68737793 1511.73632812 833.335205078 -60.0244445801 1458.12329102 80.9148864746 256.74597168 1367.63012695 783.207458496 -331.44442749 1316.79821777
0.0318460464478 8 621.405273438 10.8684768677 1549.50085449 732.519897461 251.873443604 1530.27807617 471.126617432 153.190933228 1595.33728027 763.345092773 155.885772705 1488.15344238 268.605163574 175.947357178 1501.3927002 838.460571289 -60.1738891602 1465.41564941 74.4348602295 256.290527344 1350.04187012 784.243469238 -328.282043457 1327.92431641
0.0361740589142 8 625.836364746 4.55568647385 1540.46533203 733.191894531 251.922821045 1531.48706055 487.780181885 146.813140869 1629.7746582 744.601501465 162.475112915 1449.75024414 286.210021973 171.656051636 1532.66247559 819.940307617 -55.2042388916 1429.31835938 92.7728424072 259.528289795 1382.13891602 772.961425781 -310.923217773 1289.74975586
0.0360028743744 8 628.087219238 1.76154482365 1532.37475586 733.478088379 251.690582275 1532.98657227 485.510864258 140.161117554 1622.54577637 736.266845703 169.306121826 1443.83459473 285.772399902 165.286209106 1518.40014648 819.38293457 -45.6316070557 1428.77746582 90.0063171387 249.826934814 1374.30529785 772.483886719 -298.399902344 1289.10412598
0.0309929847717 8 636.567016602 4.40310001373 1525.44995117 733.213012695 252.246658325 1533.35339355 498.322357178 128.611694336 1637.08911133 726.087402344 178.049636841 1431.45117188 321.470794678 148.925491333 1532.61047363 809.235839844 -33.1269226074 1414.59118652 110.292892456 229.237731934 1389.38879395 762.323791504 -280.137481689 1276.25732422
0.0348551273346 8 628.672790527 9.47927474976 1532.85803223 732.312744141 253.051452637 1533.13879395 490.58013916 138.823745728 1634.88037109 730.397399902 171.03338623 1434.06225586 304.966949463 161.584289551 1527.28173828 818.382385254 -40.8785400391 1416.33850098 92.9268493652 237.569534302 1390.64074707 770.633666992 -295.851501465 1275.75341797
0.0315449237823 8 629.102600098 10.032333374 1536.07226562 731.527404785 254.26739502 1532.3515625 482.788757324 141.634262085 1629.23583984 734.882019043 172.12437439 1436.35644531 294.43762207 164.928115845 1519.41210938 826.285949707 -40.8124084473 1422.67443848 89.0010681152 242.284500122 1385.47131348 779.976989746 -294.909179688 1284.13867188
0.0313091278076 8 624.073913574 7.20383501053 1534.56640625 730.991943359 255.14453125 1531.50683594 442.696868896 147.184234619 1554.42175293 768.965576172 180.234054565 1490.36779785 253.233108521 168.893630981 1445.88110352 866.19354248 -42.2702178955 1494.06652832 42.9205932617 239.649200439 1317.78112793 818.30078125 -308.765319824 1353.33105469
0.0357658863068 8 621.049438477 7.06472682953 1529.52539062 731.055175781 255.70892334 1531.19067383 438.821960449 156.352676392 1561.76000977 773.630554199 181.382369995 1475.99633789 247.408111572 176.223419189 1454.79870605 872.403503418 -48.4334869385 1487.68762207 36.2109069824 244.613693237 1331.25280762 821.705871582 -320.47076416 1348.47058105
0.0326991081238 8 618.122436523 3.30489134789 1525.06481934 731.127441406 256.419189453 1530.61315918 433.566467285 147.969009399 1529.74890137 771.497131348 175.644638062 1482.80432129 239.898498535 166.891769409 1424.4588623 880.722290039 -38.7734832764 1520.53967285 22.0584869385 233.97277832 1308.56652832 830.252075195 -304.373535156 1381.55761719
0.0311489105225 8 621.125061035 -2.24452400208 1538.83996582 730.129150391 256.893737793 1530.07543945 452.815826416 125.401832581 1494.87548828 754.619445801 167.104232788 1531.43212891 246.792358398 138.00793457 1419.48620605 863.250061035 -19.2403717041 1552.37927246 35.8906097412 204.337493896 1284.50439453 810.562927246 -289.392883301 1414.67224121
0.0365281105042 8 621.048522949 -6.59746599197 1537.55822754 730.138061523 256.458953857 1530.57470703 462.452148438 123.795425415 1499.06176758 750.833129883 157.067474365 1534.91577148 256.621124268 131.480728149 1424.30175781 855.95715332 -18.933303833 1547.03869629 44.9324951172 194.771118164 1299.3737793 803.604003906 -293.280273438 1405.85949707
0.0318009853363 8 634.683166504 -10.0879945755 1509.70776367 729.258361816 256.80480957 1531.10058594 449.089385986 109.839385986 1540.59851074 757.674377441 176.062316895 1511.53308105 253.415298462 125.049705505 1479.25354004 851.133789062 -16.9674835205 1504.02185059 47.7444610596 184.005447388 1355.74804688 800.585876465 -265.104003906 1369.29260254
0.0311839580536 8 636.565429688 -14.369644165 1515.2923584 729.249084473 256.903442383 1531.95544434 460.415344238 118.375175476 1571.70397949 762.039550781 175.577301025 1518.28039551 251.672653198 128.718429565 1517.95983887 849.221069336 -23.6962585449 1473.19775391 42.56980896 183.792098999 1395.81604004 799.708068848 -272.319763184 1331.34533691
0.0371699333191 8 630.425415039 -18.4939880371 1528.1505127 729.506958008 256.783081055 1532.30847168 454.062103271 112.568244934 1604.44909668 758.115539551 175.063995361 1509.8873291 246.73600769 127.728416443 1557.26574707 844.977050781 -28.0278930664 1444.56103516 41.0645294189 178.686416626 1442.56445312 793.765930176 -293.947357178 1299.0847168
0.0326890945435 8 627.42779541 -24.6379108429 1531.80700684 730.086791992 255.881591797 1532.66271973 464.121307373 93.7241287231 1625.44494629 734.124511719 166.926010132 1494.84899902 247.20539856 109.797470093 1582.21081543 827.503540039 -19.7970581055 1428.97021484 52.4000091553 155.744003296 1478.27246094 775.787231445 -275.452636719 1282.94995117
0.031455039978 8 621.833984375 -24.9712924957 1529.4588623 731.020874023 254.544189453 1532.7722168 489.451263428 81.092956543 1665.85449219 701.746582031 166.363021851 1463.24829102 272.379821777 95.3449554443 1617.3815918 793.783813477 -13.9218139648 1399.41418457 96.5320892334 135.060058594 1521.93432617 742.574401855 -260.916870117 1254.43591309
0.0345768928528 8 629.22076416 -18.9037380219 1523.01867676 732.355529785 253.404632568 1534.421875 486.351623535 88.8448257446 1665.37768555 714.660217285 171.086044312 1428.72363281 267.223510742 102.983604431 1613.7088623 793.641113281 -22.7964630127 1405.69018555 74.4087524414 139.855316162 1529.74145508 742.919250488 -272.304626465 1261.28564453
0.0349640846252 8 633.115539551 -22.859331131 1512.70666504 736.926025391 249.763946533 1537.49609375 479.17388916 93.8943939209 1633.90209961 733.074035645 151.527389526 1404.93139648 254.298049927 105.061500549 1587.53283691 805.356262207 -35.7034454346 1440.07507324 59.9866790771 135.284973145 1518.02368164 753.551147461 -273.476013184 1290.48510742
0.0330379009247 8 636.862731934 -19.781288147 1525.65246582 738.709106445 248.706085205 1538.03894043 495.561706543 103.005645752 1656.23986816 734.530212402 149.76109314 1408.1270752 268.077056885 89.75365448 1611.63354492 807.267150879 -37.2731781006 1439.74267578 62.1320343018 131.823257446 1528.80224609 756.271057129 -269.315612793 1291.7722168
0.0353920459747 8 642.588317871 -19.950510025 1529.62841797 738.52545166 248.370391846 1537.60888672 523.556274414 107.253822327 1663.703125 725.90612793 150.588745117 1418.72216797 289.979309082 78.582862854 1657.02832031 802.616943359 -33.7232513428 1424.84008789 61.3709259033 115.931129456 1568.59265137 752.40612793 -258.634918213 1279.60913086
0.0284469127655 8 637.421386719 -25.087934494 1542.95727539 738.152832031 247.90222168 1538.42993164 524.053833008 108.860412598 1680.94042969 722.605712891 148.492858887 1431.390625 293.381164551 78.5070953369 1680.92626953 803.156494141 -38.5811767578 1415.98608398 54.9254150391 110.392539978 1600.078125 751.489440918 -273.154785156 1268.95092773
0.0362560749054 8 637.092224121 -27.2278709412 1554.45410156 739.02722168 246.756469727 1540.63867188 523.179992676 88.8602294922 1707.61108398 717.117126465 155.529449463 1453.92871094 293.232543945 68.8386459351 1706.72424316 807.449768066 -34.6565856934 1402.65332031 59.0218658447 93.9658050537 1631.62890625 755.714538574 -263.99029541 1255.10461426
0.0317649841309 8 639.316589355 -30.5282058716 1554.84960938 738.314697266 247.299804688 1541.24536133 524.960449219 82.7163467407 1716.0423584 716.137695312 156.909484863 1450.6842041 297.532348633 63.8715667725 1711.15026855 806.196472168 -32.1298217773 1406.39245605 57.6590118408 82.0036315918 1651.01928711 752.81048584 -271.329589844 1255.27453613
0.0368530750275 8 641.686645508 -36.4617767334 1558.92675781 737.487182617 247.063339233 1541.85241699 527.397705078 74.4461364746 1724.40979004 711.643432617 156.972381592 1456.76745605 301.476196289 58.6525268555 1721.85766602 804.264709473 -31.5056304932 1401.35473633 59.5201721191 71.1474609375 1664.56494141 749.931396484 -273.246704102 1248.8314209
0.0431230068207 8 641.867004395 -34.1364212036 1561.31091309 737.225463867 246.852935791 1542.64160156 531.575927734 69.685798645 1733.84436035 709.879760742 159.777740479 1458.92663574 307.661682129 52.481262207 1739.22387695 802.031494141 -28.3908081055 1398.4296875 70.864654541 61.9392585754 1689.49084473 747.836120605 -276.491577148 1245.80932617
0.0325360298157 8 649.34375 -38.8596000671 1558.8059082 736.719848633 246.434875488 1543.99841309 556.628356934 63.5815887451 1743.8145752 718.106384277 148.721694946 1443.03234863 333.131622314 46.7239990234 1755.42980957 781.780822754 -29.0067596436 1407.4251709 90.3790740967 48.8441467285 1691.79748535 727.305480957 -275.874664307 1252.1920166
0.0287258625031 8 643.784973145 -39.1709632874 1564.39013672 735.868774414 243.747070312 1548.13464355 556.930419922 67.6010437012 1751.62768555 709.061889648 150.699798584 1447.38623047 335.52734375 43.9988250732 1769.94934082 783.650146484 -33.7668304443 1403.01342773 89.5126647949 44.809677124 1700.49206543 727.807312012 -292.448059082 1244.62756348
0.037605047226 8 641.317321777 -27.4942054749 1566.72399902 735.148132324 242.747055054 1550.45251465 561.779968262 94.0964660645 1740.33728027 709.419494629 154.227706909 1450.14221191 339.821472168 43.2619819641 1773.70678711 781.992980957 -37.7052154541 1404.58166504 86.4217529297 43.141254425 1705.73535156 724.860595703 -313.888000488 1243.58203125
0.0325710773468 8 640.34954834 -33.2436637878 1588.4239502 734.549865723 242.683563232 1553.56884766 648.622497559 121.142486572 1760.82470703 644.810119629 135.581100464 1429.98242188 406.983947754 63.1522216797 1797.79150391 722.161315918 -62.9889678955 1387.28173828 195.440216064 68.5939788818 1684.42858887 659.892822266 -344.395935059 1228.52807617
0.0339360237122 8 656.92401123 -51.0269508362 1609.53393555 733.683654785 243.069396973 1553.69689941 685.456481934 113.252212524 1772.2644043 640.593078613 121.162483215 1453.43481445 438.858032227 53.2382774353 1802.30224609 711.317443848 -62.766242981 1392.46154785 166.101745605 59.4321250916 1722.68237305 651.127807617 -342.558898926 1229.00097656
0.0269088745117 8 655.585327148 -49.5989837646 1601.42321777 731.885009766 243.433776855 1556.08972168 658.039123535 114.151199341 1769.85876465 654.562683105 125.2552948 1444.52990723 429.923156738 46.4459533691 1805.59594727 730.737426758 -62.4035949707 1394.80078125 130.306335449 45.8076705933 1738.80578613 670.59362793 -308.254638672 1238.81054688
0.0350611209869 8 658.425537109 -53.8456802368 1598.18237305 732.026611328 243.32800293 1558.44958496 654.506347656 105.836273193 1763.39660645 657.098999023 119.237411499 1447.02087402 428.448852539 34.7322387695 1795.26818848 739.361328125 -55.138961792 1406.53393555 143.301391602 37.6901702881 1723.92236328 682.285705566 -296.926879883 1249.77819824
0.0409398078918 8 663.682678223 -56.3004722595 1590.34375 732.699829102 243.274642944 1558.78637695 626.61907959 96.3906173706 1764.29663086 679.684020996 129.31678772 1448.08325195 405.877197266 27.5954666138 1794.83300781 760.049316406 -49.4024505615 1404.51672363 146.723876953 43.0921096802 1707.62634277 703.006652832 -285.802185059 1249.14160156
0.0309240818024 8 663.708435059 -60.094997406 1589.82873535 732.760498047 242.365585327 1559.8059082 607.99230957 86.4766159058 1770.05212402 688.435302734 129.138046265 1446.13659668 393.086486816 29.5647277832 1792.96350098 767.53326416 -53.658706665 1401.29199219 114.371002197 30.5747375488 1703.68029785 709.994384766 -286.55480957 1250.14257812
0.0305399894714 8 666.571716309 -60.0956230164 1593.4720459 732.361022949 241.431152344 1560.33728027 614.903381348 88.8799057007 1772.34057617 687.66986084 128.224838257 1448.73950195 391.821472168 28.1708526611 1789.67260742 767.195922852 -56.3386688232 1399.13171387 129.126495361 32.4323730469 1690.58129883 709.606445312 -291.445922852 1250.9251709
0.0305290222168 8 664.717895508 -57.2836418152 1594.52893066 731.733276367 241.369873047 1562.20422363 613.690063477 88.0858917236 1768.5333252 688.972045898 125.758598328 1453.38757324 385.68762207 12.6367874146 1776.68920898 765.926025391 -53.3113021851 1399.45129395 116.847869873 21.7442245483 1681.99926758 707.275695801 -298.04876709 1249.4473877
0.0317170619965 8 668.190307617 -49.0410804749 1585.03405762 730.840454102 241.384994507 1563.40332031 618.626525879 86.5020599365 1755.14404297 714.712219238 114.761230469 1440.91455078 385.823974609 6.47714996338 1759.47375488 760.533447266 -50.800567627 1413.63647461 121.503417969 20.0075531006 1658.53967285 702.165039062 -294.842834473 1263.54052734
0.0339479446411 8 668.252197266 -55.5048828125 1582.77429199 729.233581543 242.099014282 1564.02404785 615.343200684 85.2433776855 1751.04443359 728.13092041 110.047698975 1441.59667969 382.711181641 3.3717956543 1750.37255859 767.449645996 -55.1492156982 1416.06591797 116.0625 11.4759216309 1638.82824707 707.456359863 -301.588226318 1270.80993652
0.0311319828033 8 667.555175781 -49.4167442322 1587.09741211 727.92767334 242.793243408 1564.83691406 626.711242676 84.5911026001 1764.00598145 719.326721191 124.900482178 1453.47058105 384.202636719 -7.36220550537 1745.46337891 767.069152832 -49.4437561035 1415.11096191 165.066940308 8.42858886719 1588.94335938 707.656860352 -295.660125732 1273.06396484
0.03116106987 8 669.266479492 -46.0524978638 1587.84350586 727.407470703 242.203186035 1565.68701172 641.649841309 78.2599563599 1776.49584961 709.284606934 138.674682617 1461.03540039 394.411743164 -18.4111709595 1743.828125 761.08416748 -39.8336029053 1417.13464355 135.751800537 -15.0491256714 1606.77502441 701.979919434 -283.173736572 1275.40588379
0.0351779460907 8 664.48046875 -47.4468345642 1573.46032715 726.353637695 242.023788452 1565.53723145 630.391784668 68.6574554443 1767.68994141 709.569519043 145.638305664 1459.21313477 391.160888672 -25.2535858154 1739.5657959 763.531738281 -31.9589233398 1418.96789551 172.898345947 -11.3505849838 1560.27758789 705.190307617 -278.283935547 1274.2434082
0.0317420959473 8 656.224182129 -43.2364349365 1573.58728027 725.210266113 241.845062256 1564.63146973 654.370788574 74.003112793 1773.62683105 674.67767334 149.29019165 1445.6920166 420.004058838 -18.002822876 1747.38696289 732.062683105 -39.8106231689 1406.21142578 188.675506592 -14.9926605225 1573.73925781 673.786682129 -282.835144043 1259.42211914
0.0379898548126 8 651.566467285 -43.3693656921 1565.7869873 724.174743652 242.190856934 1563.20397949 633.873291016 74.1546630859 1761.92028809 678.67199707 145.232940674 1438.16418457 406.847167969 -8.13459014893 1740.77929688 740.153564453 -47.0141448975 1395.44055176 167.358779907 -5.43143463135 1584.19042969 682.995361328 -290.61517334 1249.08557129
0.0415449142456 8 651.789733887 -42.9034461975 1551.89953613 723.467041016 242.259124756 1561.67346191 623.315307617 75.8015670776 1745.18408203 686.038330078 151.34085083 1436.32836914 399.407714844 -9.3854598999 1731.18505859 746.719543457 -45.8360900879 1387.16577148 173.654129028 -7.52764129639 1572.43395996 689.813903809 -287.983184814 1242.65551758
0.0293500423431 8 647.80682373 -42.0918388367 1536.43371582 722.979370117 242.28024292 1560.64855957 589.394958496 87.1323394775 1719.97521973 692.787902832 148.690856934 1412.42980957 367.908447266 12.6096725464 1743.34558105 779.676452637 -61.4026641846 1363.74023438 142.591201782 15.3722305298 1576.69799805 724.122070312 -304.017211914 1217.37463379
0.0329411029816 8 641.597717285 -43.844619751 1543.64782715 722.35333252 242.455276489 1559.57214355 562.222167969 88.4443206787 1724.47583008 695.415161133 140.958786011 1404.18115234 357.396362305 28.1513023376 1737.43518066 791.558532715 -74.8178405762 1364.02380371 122.760284424 31.9194755554 1553.49169922 734.627868652 -317.262329102 1216.44030762
0.0307900905609 8 645.25982666 -47.9956512451 1551.4888916 721.651000977 242.805557251 1558.6920166 561.30078125 97.5732879639 1720.01940918 693.430541992 125.573501587 1395.94030762 366.202484131 37.4363059998 1703.83166504 790.174072266 -85.1640167236 1369.30493164 116.450836182 30.6797370911 1535.54199219 731.741516113 -336.444580078 1218.93530273
0.0314269065857 8 642.577880859 -51.0861778259 1558.45263672 720.99810791 243.391921997 1557.52429199 597.169189453 113.242782593 1721.09082031 667.083618164 111.920562744 1390.09179688 401.438568115 47.1939697266 1704.63891602 758.620056152 -95.8146209717 1354.0637207 155.853668213 47.5337142944 1521.85888672 693.41003418 -399.280334473 1190.05957031
0.035227060318 8 644.880432129 -59.1178779602 1551.60852051 720.612304688 243.76423645 1555.98132324 608.453796387 114.93711853 1699.78845215 663.815979004 95.9030151367 1380.7598877 413.28717041 46.8458557129 1684.30175781 750.388793945 -93.762588501 1370.32995605 185.516494751 44.2390670776 1493.87792969 690.375305176 -368.198059082 1214.14001465
0.0309369564056 8 643.421630859 -59.4506988525 1552.13781738 718.584594727 244.64503479 1551.85266113 623.476501465 120.997550964 1687.76416016 658.545593262 81.652015686 1375.4597168 427.013397217 50.8927383423 1669.43310547 735.828430176 -98.184135437 1378.16259766 205.505371094 43.1547622681 1463.97033691 672.895141602 -360.511779785 1229.61853027
0.0314750671387 8 635.158813477 -47.0089263916 1551.56713867 717.260803223 245.892944336 1548.98864746 613.67376709 133.775894165 1677.4074707 655.339538574 98.68019104 1386.19506836 422.454681396 36.0051803589 1649.2434082 731.645996094 -86.9403686523 1381.86633301 200.052505493 32.0461044312 1445.58117676 673.236816406 -355.152282715 1228.00354004
0.0354027748108 8 634.36730957 -41.3716011047 1551.91333008 716.995910645 246.527832031 1547.94616699 615.85760498 155.040237427 1680.69250488 656.708435059 98.9706115723 1364.00598145 416.581542969 60.2800598145 1645.88757324 732.639648438 -110.492034912 1372.23669434 202.870574951 58.9575119019 1431.50817871 672.822814941 -372.807281494 1223.62890625
0.030935049057 8 628.295776367 -46.8817939758 1552.28356934 715.663452148 246.410003662 1543.30334473 595.002197266 148.796829224 1666.64868164 659.81640625 81.5009002686 1365.19458008 392.072692871 67.2282333374 1645.60888672 753.200866699 -115.288879395 1357.22351074 180.014831543 63.2657241821 1430.46679688 694.50177002 -387.337402344 1205.87512207
0.031378030777 8 631.93359375 -42.0442962646 1562.01281738 714.228759766 246.268173218 1539.2097168 671.890625 149.476318359 1678.47631836 603.946289062 95.2233352661 1382.52832031 454.839019775 62.7117843628 1650.43286133 694.690673828 -104.41040802 1342.6472168 252.147537231 53.2335281372 1430.56274414 635.330627441 -376.121643066 1191.01403809
0.0356800556183 8 630.133117676 -44.0960922241 1572.40722656 711.695251465 247.251983643 1532.87341309 630.659362793 139.17628479 1712.62231445 636.163024902 87.6447067261 1383.04711914 428.056518555 74.8011779785 1650.1484375 729.529846191 -104.675804138 1326.38500977 225.674697876 58.6301879883 1430.1842041 670.358093262 -377.739196777 1182.69909668
0.0348279476166 8 630.609680176 -41.2542686462 1568.98632812 711.831115723 247.567398071 1535.4420166 621.295410156 131.677215576 1713.06018066 645.854736328 87.2585220337 1384.59191895 427.667266846 69.8245697021 1629.81494141 740.051696777 -96.0314407349 1326.1192627 201.175582886 57.467376709 1407.51062012 680.394287109 -377.41583252 1186.60754395
0.0281050205231 8 632.544250488 -39.3700942993 1561.97216797 712.018066406 247.627105713 1535.91455078 613.169311523 134.506744385 1697.36572266 663.827514648 83.0257415771 1380.36669922 419.274658203 53.1559524536 1600.11376953 742.876953125 -100.108291626 1327.41345215 223.531021118 53.2972793579 1404.38781738 685.942077637 -368.065185547 1190.42871094
0.043016910553 8 621.017272949 -31.9080123901 1548.4519043 711.733642578 247.576477051 1533.91748047 502.359008789 141.238372803 1632.67431641 729.366943359 95.6870269775 1396.35717773 338.913330078 41.8822937012 1555.51953125 817.765625 -102.929031372 1358.27001953 134.183059692 50.0697937012 1360.89306641 761.920654297 -362.619567871 1220.23852539
0.0327191352844 8 618.210571289 -29.3705291748 1547.42224121 711.37512207 246.946563721 1532.97973633 477.100585938 139.181533813 1608.50268555 744.693115234 100.230880737 1408.64770508 316.652282715 38.1151885986 1531.0670166 836.559814453 -102.467147827 1378.66027832 116.173828125 46.4458312988 1336.72619629 781.263427734 -361.775878906 1239.828125
0.0302269458771 8 618.720153809 -25.784740448 1540.31396484 711.273376465 246.625869751 1531.69042969 463.013061523 146.955230713 1573.03125 765.253540039 97.9114074707 1404.73535156 302.011230469 42.9132614136 1494.88256836 848.033691406 -110.195480347 1411.16113281 100.95401001 55.9422073364 1297.1394043 792.700073242 -361.040405273 1272.14990234
0.0389559268951 8 613.74798584 -23.5186710358 1530.01257324 710.166381836 246.310668945 1526.84790039 446.317230225 143.573669434 1534.96826172 767.121704102 100.901130676 1399.72900391 284.137481689 34.36743927 1460.95288086 860.651306152 -105.413322449 1440.53356934 87.7873077393 42.5464401245 1269.67614746 803.918518066 -365.255584717 1298.42871094
0.02689909935 8 604.303527832 -20.4902877808 1527.75866699 710.603637695 245.770904541 1526.80993652 464.134368896 170.668395996 1561.78442383 742.357971191 82.2559051514 1361.23217773 303.207580566 58.5456466675 1488.31066895 840.405883789 -127.881896973 1410.06225586 159.089096069 52.2144699097 1338.68078613 784.698181152 -389.287872314 1270.10351562
0.0316009521484 8 603.40222168 -8.45322322845 1523.78894043 710.57434082 245.272491455 1526.10913086 451.439331055 179.412658691 1537.3692627 743.2734375 114.829597473 1369.48962402 303.391479492 39.013961792 1473.07531738 842.009460449 -107.865760803 1427.66235352 117.98034668 39.4111938477 1284.42150879 786.222229004 -369.838256836 1287.33044434
0.0350389480591 8 603.356933594 -16.1860141754 1525.45678711 709.978149414 244.655670166 1523.26416016 483.378356934 171.952484131 1558.6739502 713.428283691 95.5420684814 1363.29772949 334.92175293 29.737411499 1492.26525879 812.444152832 -97.1921844482 1413.46691895 135.874649048 28.5049438477 1302.85668945 754.345336914 -372.446716309 1268.28076172
0.0312950611115 8 606.194152832 -19.0005016327 1523.24768066 709.410400391 244.810806274 1521.48425293 493.531463623 173.297103882 1578.06713867 709.363220215 88.7784347534 1348.84472656 341.661651611 42.194732666 1509.28479004 806.444152832 -109.844078064 1395.60388184 171.263259888 41.7651977539 1372.06665039 747.668823242 -388.85748291 1250.15258789
0.0318379402161 8 597.48059082 -3.07460236549 1517.20141602 708.705078125 244.883010864 1521.82470703 538.825317383 182.207199097 1614.19189453 685.37902832 60.663028717 1329.08349609 361.476501465 69.9825210571 1531.04663086 786.032592773 -138.388153076 1376.17687988 150.229095459 49.8355178833 1350.33605957 727.355529785 -412.113616943 1229.91784668
0.0351431369781 8 602.918334961 -3.31416797638 1512.04138184 708.156494141 245.472381592 1521.01196289 584.845397949 183.418487549 1617.60290527 655.20098877 67.6294174194 1315.6427002 391.420593262 64.2979507446 1546.9440918 756.912597656 -131.783508301 1363.76171875 179.887878418 41.9423446655 1377.15283203 697.812561035 -405.270599365 1214.4552002
0.0322308540344 8 606.74786377 -2.47888731956 1513.71203613 708.018859863 246.244720459 1520.33947754 591.997070312 179.881896973 1620.10742188 652.588500977 78.6134490967 1323.67089844 397.888366699 52.5513076782 1554.14025879 752.840454102 -118.602111816 1364.89538574 178.194961548 17.4123764038 1383.55639648 695.177856445 -388.263793945 1215.85205078
0.0349130630493 8 611.699462891 6.34160470963 1520.99780273 707.482177734 247.084487915 1519.73657227 597.241271973 179.258071899 1645.23840332 649.542175293 107.589294434 1336.9822998 399.822174072 31.4097137451 1542.81164551 752.41973877 -94.07862854 1380.19189453 175.553085327 -14.1663475037 1379.80212402 697.358764648 -352.515197754 1235.19458008
0.0322229862213 8 612.672241211 12.3093585968 1523.33117676 706.893371582 247.365570068 1519.80627441 596.052490234 186.011520386 1659.72570801 641.422973633 124.707382202 1334.67224121 410.630981445 22.7201843262 1567.16235352 761.239501953 -87.4425201416 1384.67248535 163.501678467 -27.8550567627 1389.97265625 707.736999512 -342.76385498 1242.98388672
0.037896156311 8 616.09576416 11.0029087067 1525.09631348 706.413574219 247.385925293 1520.13134766 609.469177246 185.900238037 1664.50073242 636.854187012 126.864967346 1334.80273438 428.356689453 14.4452362061 1583.84179688 753.230285645 -83.9070053101 1386.91796875 175.966079712 -34.1876525879 1409.58300781 700.188110352 -330.300323486 1244.47241211
0.0325808525085 8 613.731689453 -0.104854755104 1522.34057617 705.531616211 247.533279419 1520.38989258 594.93347168 175.863937378 1659.85046387 642.282836914 102.202087402 1324.99450684 425.377441406 25.2800750732 1612.05065918 754.308349609 -103.166824341 1373.57214355 167.414642334 -33.5284957886 1434.45703125 700.997436523 -364.23626709 1227.68920898
0.0344190597534 8 610.163513184 -9.53698062897 1522.71948242 704.975158691 247.398406982 1520.21740723 584.003601074 173.19670105 1657.05712891 643.031799316 86.3617553711 1318.1574707 415.000061035 29.0714874268 1626.85583496 753.901550293 -117.258834839 1365.78723145 224.822113037 -34.0864562988 1491.36621094 700.658203125 -377.915161133 1218.55432129
0.0343899726868 8 602.368896484 -22.3069667816 1525.12145996 704.457092285 246.676605225 1520.80151367 530.207885742 160.568222046 1660.80102539 671.772460938 56.794380188 1310.67895508 354.725402832 41.2826385498 1640.7800293 782.929504395 -145.928985596 1356.05163574 131.324874878 -14.9898033142 1486.04321289 730.284240723 -411.708343506 1208.36901855
0.0273540019989 8 600.854492188 -27.8553924561 1531.37182617 703.576721191 246.014602661 1521.92565918 501.54309082 150.050430298 1658.66809082 692.452636719 50.3099517822 1323.48352051 322.190795898 33.9866104126 1647.97766113 803.579589844 -149.383361816 1358.0847168 128.943252563 -25.809551239 1507.11743164 750.565307617 -414.819702148 1208.39416504
0.0351319313049 8 602.21307373 -33.8734359741 1548.9810791 703.609558105 245.172332764 1523.25732422 482.184967041 131.613845825 1657.84655762 705.191894531 51.4043579102 1359.85778809 293.994262695 16.5189971924 1648.82202148 826.506408691 -133.843322754 1371.95922852 106.731201172 -53.5842666626 1517.61499023 775.715209961 -395.433105469 1215.87243652
0.0314090251923 8 604.271606445 -35.2864494324 1558.5567627 703.450073242 245.010147095 1523.96826172 447.637451172 121.564102173 1633.04077148 743.105712891 58.1054153442 1395.1940918 259.816345215 8.11327362061 1633.51647949 859.95513916 -128.144226074 1398.36657715 51.9909515381 -72.2674942017 1509.57531738 807.717529297 -398.494812012 1241.12548828
0.0316751003265 8 624.117370605 -56.2536888123 1561.55041504 702.513183594 244.366119385 1526.9798584 477.360870361 107.34437561 1667.64941406 717.296508789 71.0750579834 1375.36791992 289.155151367 -11.5001220703 1671.40270996 831.514465332 -113.717025757 1369.17126465 83.4911346436 -97.9549942017 1559.84655762 775.362182617 -382.511108398 1215.11279297
0.0357389450073 8 632.157775879 -65.0300674438 1552.24365234 701.735046387 242.462615967 1531.77624512 553.502685547 107.584709167 1689.69787598 683.260009766 51.9229660034 1355.80871582 374.618591309 -30.8924636841 1698.94360352 748.859680176 -133.684387207 1330.37634277 161.105651855 -118.423797607 1602.30090332 703.378051758 -371.605651855 1193.0111084
0.0319039821625 8 641.392883301 -81.6751708984 1560.75036621 701.786987305 242.08972168 1533.56286621 588.662536621 88.6685028076 1711.45861816 692.777038574 21.9147796631 1357.92224121 408.17364502 -28.522026062 1723.16833496 716.168212891 -155.894287109 1306.40698242 189.900421143 -115.935020447 1635.54931641 672.509033203 -384.912780762 1175.36743164
0.0356121063232 8 637.647399902 -100.306770325 1545.24658203 702.210693359 240.691009521 1534.60925293 577.641357422 64.1327972412 1691.55187988 683.038574219 7.62448120117 1349.4486084 401.111968994 -53.1335144043 1713.39648438 726.046630859 -148.907348633 1330.2923584 191.871688843 -140.200790405 1622.31335449 682.415100098 -375.7215271 1197.21118164
0.0410408973694 8 639.199279785 -99.0157928467 1541.16479492 702.501647949 239.58203125 1535.80090332 579.51751709 61.1029052734 1692.06652832 673.061096191 26.0020751953 1353.56115723 410.46395874 -74.409362793 1724.84814453 724.103271484 -137.206771851 1329.58935547 191.044708252 -155.731796265 1638.8638916 679.690124512 -387.38394165 1195.95935059
0.028813123703 8 637.68359375 -80.8221664429 1546.4942627 702.715332031 238.127471924 1538.79870605 591.969299316 89.9626922607 1700.87634277 643.559631348 62.65625 1360.83190918 422.979095459 -71.8017120361 1744.44848633 728.783752441 -128.72328186 1326.67785645 192.511581421 -170.087051392 1654.84191895 682.611877441 -394.984680176 1183.50305176
0.0350208282471 8 648.35144043 -68.6219787598 1552.98291016 703.372619629 237.789459229 1540.9786377 653.058898926 110.808181763 1702.73999023 618.638244629 82.8255462646 1377.41186523 481.646057129 -63.8073730469 1758.51879883 702.66809082 -113.630157471 1331.484375 225.988708496 -173.650863647 1665.19897461 653.804138184 -398.45098877 1181.39599609
0.0300481319427 8 648.164550781 -66.9895782471 1553.10632324 704.371032715 238.033462524 1545.41113281 656.727539062 112.683395386 1705.10388184 613.692504883 83.5756378174 1375.3404541 488.515258789 -60.317199707 1764.85131836 703.318359375 -110.995788574 1332.98339844 224.44543457 -169.604782104 1681.07189941 653.513244629 -393.882507324 1179.25634766
0.0313799381256 8 618.303100586 -54.4671592712 1551.68347168 704.53326416 238.619506836 1545.64953613 664.790283203 122.661598206 1680.85876465 608.511230469 88.0322265625 1378.99914551 497.426574707 -77.1842422485 1723.61083984 706.293212891 -85.4118041992 1385.36633301 205.101470947 -217.548278809 1647.17675781 659.133544922 -354.672424316 1229.17175293
0.0389950275421 8 616.581298828 -40.003818512 1551.13232422 705.069152832 238.390899658 1546.37145996 685.765441895 134.795959473 1681.98120117 578.653259277 106.037185669 1378.80639648 512.508666992 -80.3878936768 1713.46655273 698.38482666 -77.7559051514 1400.55993652 266.814758301 -197.727264404 1676.91931152 646.616394043 -384.137512207 1232.15783691
0.0275819301605 8 629.368225098 -13.8139781952 1529.49841309 705.36529541 237.756561279 1547.32397461 688.125854492 108.636154175 1707.94030762 570.205688477 149.298294067 1387.43493652 515.981689453 -114.582229614 1704.43933105 700.473937988 -38.0619506836 1413.50012207 253.299804688 -236.243652344 1612.31896973 650.520996094 -331.129730225 1247.0546875
0.0314869880676 8 624.856506348 -10.0437498093 1520.61633301 705.269226074 237.678985596 1547.81713867 686.479309082 100.87272644 1696.62634277 575.122741699 153.530792236 1387.01574707 517.791381836 -96.3907012939 1709.75195312 701.992919922 -24.3124389648 1419.55444336 271.298461914 -252.55531311 1665.66833496 656.219116211 -289.56036377 1260.81799316
0.0359661579132 8 623.526428223 -4.57838630676 1529.64404297 704.409179688 238.239624023 1548.05395508 686.454040527 93.7760391235 1725.4128418 579.62689209 177.03074646 1399.06958008 519.87487793 -121.218955994 1697.3236084 708.060913086 -3.61143493652 1430.94018555 264.452758789 -261.655151367 1587.01818848 664.624206543 -240.182373047 1275.67114258
0.0317578315735 8 623.561889648 -1.70527112484 1534.41491699 704.035888672 238.567138672 1548.16430664 687.975219727 85.3505249023 1744.19592285 582.544311523 192.29057312 1406.27868652 520.586853027 -136.823287964 1690.53747559 713.716491699 9.92739868164 1435.9552002 250.993530273 -280.436645508 1576.17834473 670.614196777 -223.049316406 1283.00305176
0.0375411510468 8 622.866333008 0.0488006100059 1538.53833008 703.634094238 238.430801392 1548.5300293 693.41204834 79.9495925903 1753.90014648 582.50994873 200.632965088 1412.52734375 526.045410156 -144.200927734 1686.69763184 713.728027344 16.6135406494 1439.22375488 234.355773926 -294.197601318 1550.85266113 670.110534668 -216.944671631 1287.74609375
0.0361678600311 8 623.559143066 10.4464349747 1547.32177734 704.027038574 238.421142578 1549.00195312 737.391113281 89.462059021 1732.93261719 557.782714844 195.498901367 1424.51513672 570.825256348 -133.871032715 1655.13366699 689.756835938 10.9791870117 1449.19250488 261.183227539 -284.496948242 1531.12573242 645.750854492 -231.709899902 1297.31884766
0.0303499698639 8 621.775085449 15.3208684921 1555.48498535 704.103393555 238.374954224 1548.76696777 742.058898926 85.8805236816 1739.01098633 553.665100098 195.411560059 1428.76928711 575.36315918 -133.824813843 1657.9699707 684.937805176 10.8934631348 1453.54248047 352.686035156 -266.023101807 1550.00134277 641.572143555 -231.307174683 1301.3190918
0.0346059799194 8 627.152038574 15.3301105499 1547.66699219 704.087219238 238.536270142 1548.33654785 725.370056152 78.0398254395 1747.61755371 576.472961426 199.738204956 1417.34191895 557.31829834 -131.216812134 1663.09960938 707.117370605 14.0439605713 1442.31665039 256.370269775 -286.865783691 1491.62121582 663.176818848 -245.47819519 1287.5501709
0.0314691066742 8 615.388183594 8.27418518066 1534.62695312 704.345947266 238.157836914 1548.08129883 695.933654785 79.9496612549 1734.28674316 575.748352051 195.151016235 1412.17468262 542.258728027 -129.173782349 1648.76342773 705.829589844 8.28102111816 1436.47692871 247.787322998 -278.67565918 1480.52392578 661.190551758 -246.303482056 1282.44677734
0.0315480232239 8 618.845092773 -6.08598041534 1569.85742188 704.262939453 239.170776367 1548.75073242 708.094360352 117.897842407 1750.82995605 577.571044922 162.345199585 1408.56335449 538.777404785 -95.0842437744 1646.57556152 703.592834473 -28.5354003906 1429.03686523 256.003509521 -240.222259521 1464.48266602 659.019714355 -269.797668457 1277.80554199
0.0317058563232 8 632.08392334 -43.4373855591 1555.99328613 704.323364258 239.256195068 1549.60620117 698.800964355 71.6857299805 1722.66467285 626.996154785 98.87059021 1397.22839355 521.673583984 -144.347717285 1608.72583008 716.64465332 19.7770996094 1463.76635742 262.755615234 -289.618774414 1410.75952148 672.34185791 -217.026138306 1313.87548828
0.0351572036743 8 631.61517334 -49.7135238647 1548.1920166 704.128417969 239.539154053 1550.70263672 694.769836426 62.6521682739 1725.41992188 633.174743652 108.872840881 1396.95678711 522.704650879 -155.666168213 1612.04980469 723.129760742 31.810546875 1465.70715332 242.967651367 -303.123199463 1384.55749512 678.614379883 -200.585906982 1316.00354004
0.0349318981171 8 630.77746582 -51.6381378174 1544.3782959 703.267578125 239.749832153 1551.25109863 690.962890625 60.5543518066 1733.73681641 634.175415039 117.209594727 1390.93505859 533.419799805 -164.606948853 1587.2869873 728.582580566 44.6084594727 1470.12683105 248.035919189 -314.023712158 1369.24047852 683.788635254 -187.90687561 1320.61499023
0.0283720493317 8 630.037109375 -54.7475357056 1535.25671387 703.039794922 239.613891602 1552.19628906 693.415161133 54.4660339355 1729.95825195 631.317749023 116.44972229 1378.59521484 536.664978027 -161.229049683 1580.39978027 730.185058594 46.9361190796 1471.99267578 251.611053467 -314.543579102 1352.94287109 684.918029785 -182.175415039 1321.45385742
0.0361268520355 8 626.473937988 -48.9028739929 1529.83276367 703.13470459 239.28062439 1552.60241699 692.563659668 70.4543457031 1739.7623291 618.587341309 120.808540344 1345.93029785 535.051696777 -147.102981567 1584.78918457 731.414672852 38.0295410156 1472.37792969 263.770294189 -297.833374023 1336.5435791 686.314758301 -195.464813232 1320.26696777
0.0314910411835 8 626.174438477 -48.7846031189 1530.19055176 702.893859863 239.884078979 1552.95446777 691.486450195 68.0281066895 1742.66174316 620.182861328 125.072547913 1349.1036377 540.440673828 -147.990097046 1605.25634766 732.889831543 44.9565505981 1475.74902344 265.286621094 -306.25 1323.70141602 687.286499023 -185.501647949 1321.81054688
0.0316100120544 8 622.917053223 -54.0585365295 1519.85522461 702.623535156 240.29737854 1552.89868164 682.644897461 69.0704421997 1707.76342773 617.812988281 109.940414429 1355.1862793 543.216491699 -128.115905762 1613.75976562 729.580444336 25.0092163086 1469.93066406 268.886871338 -286.782958984 1318.23657227 684.394104004 -201.184753418 1316.00634766
0.0359499454498 8 630.533508301 -56.3989486694 1525.13342285 702.628723145 240.754882812 1554.14538574 688.475036621 55.5743560791 1716.81469727 643.318664551 117.209960938 1375.68994141 536.227478027 -149.323913574 1567.3659668 730.250671387 47.4493865967 1479.01379395 270.695098877 -307.621917725 1308.78503418 684.662353516 -179.422088623 1323.97851562
0.0318040847778 8 631.239562988 -55.3504562378 1528.18359375 702.698303223 241.202453613 1554.75939941 689.215942383 51.5014190674 1722.07568359 646.520385742 125.240997314 1388.44873047 546.872375488 -151.706588745 1569.43603516 734.838317871 58.4639129639 1482.06274414 271.84185791 -316.840576172 1301.72583008 687.607421875 -182.594772339 1323.65356445
0.0319421291351 8 628.941223145 -49.4737434387 1524.89196777 702.77545166 241.852035522 1554.92175293 691.396850586 62.0869369507 1726.79333496 640.299194336 134.702056885 1373.03430176 555.079650879 -149.464172363 1558.78833008 735.236755371 47.9420852661 1479.02490234 274.378845215 -308.43157959 1309.46899414 688.874572754 -193.181518555 1321.36791992
0.0390918254852 8 627.27154541 -47.2047653198 1524.82885742 702.746582031 242.172088623 1554.63806152 688.429382324 56.6411895752 1727.08276367 647.504943848 138.49105835 1381.51660156 545.157470703 -152.199020386 1573.67480469 730.149047852 30.6892166138 1450.74633789 270.576049805 -318.67300415 1306.6574707 688.81640625 -233.109771729 1312.46142578
0.0288619995117 8 626.125732422 -43.0603752136 1520.77783203 702.499328613 242.623748779 1554.38452148 689.62902832 59.2191925049 1723.48730469 647.055419922 140.708053589 1374.57275391 538.582946777 -151.162460327 1578.75354004 732.04876709 25.0207977295 1441.5369873 263.542938232 -323.118896484 1307.58422852 691.946350098 -245.714706421 1311.36242676
0.0320510864258 8 624.60369873 -41.8614234924 1519.01306152 702.24407959 242.965240479 1554.29748535 688.160827637 61.2754669189 1721.48632812 644.890441895 137.442199707 1366.9909668 535.135437012 -148.956192017 1566.80957031 738.653503418 32.8663482666 1457.58789062 264.508758545 -325.528198242 1312.80895996 691.42956543 -262.042053223 1306.57116699
0.0360028743744 8 626.514465332 -48.401473999 1518.50549316 702.16217041 242.884185791 1553.82897949 689.508789062 65.1288604736 1719.93591309 635.470825195 128.969802856 1357.5994873 536.212463379 -145.902618408 1560.45898438 737.782165527 34.8099517822 1465.90026855 273.208709717 -327.028198242 1319.12084961 685.91796875 -271.154663086 1303.83288574
0.0320470333099 8 631.199523926 -56.2001991272 1519.52160645 702.627441406 242.598052979 1553.77209473 687.007202148 50.0171508789 1716.62060547 656.266479492 114.777770996 1366.60766602 536.530883789 -159.456893921 1551.67199707 735.982299805 38.3928375244 1465.40905762 283.161621094 -349.343200684 1321.2208252 687.648254395 -244.603408813 1314.49914551
0.0358090400696 8 624.840881348 -59.6528434753 1516.23986816 703.184875488 242.383071899 1553.23254395 678.874145508 40.7806243896 1716.23706055 639.63269043 105.944320679 1356.97900391 532.679931641 -168.649108887 1551.43945312 741.715026855 44.2117347717 1462.80529785 286.630371094 -366.958282471 1332.99035645 692.20690918 -239.64151001 1313.36877441
0.0323169231415 8 625.477355957 -62.9329833984 1516.28356934 703.776306152 241.673187256 1553.04052734 678.770629883 41.9884262085 1717.17199707 638.617797852 104.012428284 1354.53918457 537.412536621 -165.163085938 1591.5357666 744.112243652 47.5302085876 1464.14282227 297.652252197 -373.710693359 1349.33251953 695.22845459 -227.230712891 1315.9954834
0.0321671962738 8 625.914794922 -60.0791549683 1518.88793945 704.505065918 241.421966553 1552.98522949 682.13092041 43.1162719727 1729.63635254 639.741271973 114.116378784 1352.4876709 534.258666992 -141.083526611 1609.22229004 749.662231445 57.7027053833 1467.1986084 313.500549316 -388.926055908 1368.24279785 700.652893066 -212.105682373 1319.03027344
0.0361409187317 8 626.099731445 -56.9359931946 1520.38476562 704.848937988 241.62322998 1552.94946289 684.093261719 41.645690918 1737.66992188 637.450927734 120.660644531 1351.19580078 545.078125 -137.781311035 1632.30175781 753.214355469 64.4546203613 1468.23657227 337.942626953 -402.03213501 1388.2565918 701.21697998 -204.252075195 1320.08691406
0.0313909053802 8 629.551757812 -55.8647766113 1527.66601562 705.052246094 241.848022461 1553.32128906 689.776123047 50.2868118286 1743.24804688 631.879272461 113.983818054 1347.34228516 561.650878906 -131.22442627 1644.92089844 752.471496582 61.495891571 1469.68652344 361.639282227 -411.55670166 1411.05505371 699.187744141 -198.390518188 1321.17004395
0.034548997879 8 645.516113281 -52.9576721191 1546.18188477 705.62298584 241.938934326 1553.78759766 706.678405762 57.7493591309 1754.52172852 637.125427246 133.088775635 1388.96069336 595.375061035 -123.074447632 1656.20178223 740.040344238 50.7768478394 1468.7545166 395.680633545 -422.116271973 1433.16296387 686.477172852 -211.996185303 1319.36413574
0.0333821773529 8 657.056213379 -34.2465858459 1556.23840332 706.60559082 242.852005005 1554.39953613 725.405090332 95.8690643311 1738.20788574 654.42755127 142.938034058 1403.55212402 613.981384277 -103.998672485 1674.69335938 745.218994141 11.647354126 1447.78588867 423.856018066 -417.612365723 1459.6640625 683.125061035 -222.503921509 1315.24658203
0.0319328308105 8 647.645935059 -7.06352853775 1570.99072266 707.291137695 243.391021729 1554.71020508 774.170715332 107.567077637 1725.02526855 616.309875488 163.540237427 1420.03503418 666.840332031 -105.738845825 1670.07141113 697.365600586 -14.9401092529 1448.59631348 504.376831055 -410.092224121 1486.9387207 627.884643555 -298.868591309 1304.34216309
0.0320370197296 8 649.37286377 23.7100505829 1578.31091309 707.712646484 244.511779785 1554.82373047 766.567932129 148.245300293 1725.45446777 615.683898926 197.563262939 1438.54333496 663.027038574 -93.9673919678 1681.1541748 700.722839355 -11.6321105957 1450.0489502 515.83001709 -429.606994629 1504.23413086 634.905639648 -299.381378174 1300.5135498
0.0360109806061 8 652.679626465 32.023651123 1582.80786133 708.403503418 245.487091064 1555.5234375 763.617675781 157.758468628 1736.85412598 611.462890625 203.633682251 1438.94055176 661.677307129 -76.7082061768 1694.05212402 703.26763916 -21.5805206299 1440.72900391 534.877075195 -436.109985352 1534.2121582 639.024047852 -309.576599121 1290.65930176
0.0349040031433 8 655.323730469 44.5210151672 1584.97912598 708.720581055 246.558197021 1556.5324707 759.761230469 163.927352905 1741.80847168 608.163085938 204.985824585 1437.37390137 660.035217285 -54.4141693115 1709.72851562 703.958618164 -27.6167907715 1437.01525879 670.328796387 -28.3124847412 1921.02270508 637.578369141 -314.422821045 1291.61999512
0.0355520248413 8 652.95111084 35.5761795044 1593.58947754 708.812316895 247.439117432 1557.57312012 773.859863281 175.962982178 1727.14697266 593.222045898 199.215698242 1445.87548828 688.208557129 -12.3676147461 1715.82775879 685.026000977 -28.624710083 1450.95129395 683.530029297 -55.2353401184 1460.30004883 621.53503418 -324.748718262 1301.41320801
0.0408580303192 8 657.424255371 23.6069049835 1563.49060059 708.949157715 253.201248169 1561.67333984 745.748840332 153.830001831 1739.15222168 626.765197754 216.654754639 1431.54846191 659.267700195 2.06468200684 1721.92504883 709.639709473 -10.1790313721 1436.06188965 700.188659668 -43.8159179688 1513.44348145 652.793640137 -302.213928223 1289.40539551
0.0289709568024 8 658.425048828 21.4439220428 1558.09985352 708.447814941 254.879669189 1563.79870605 746.516357422 149.50680542 1738.41101074 627.040283203 223.02331543 1435.40979004 692.545471191 13.6135559082 1703.77722168 708.852355957 -8.05326843262 1434.39221191 690.557067871 -62.4391326904 1559.44360352 655.115661621 -300.872619629 1287.93945312
0.0298931598663 8 656.031066895 36.5717124939 1553.88537598 707.921264648 254.76171875 1563.81616211 738.544433594 146.639160156 1739.57470703 633.55871582 234.39163208 1436.55688477 686.415466309 3.08190917969 1701.66650391 716.775512695 2.2317199707 1434.95874023 680.170288086 -85.6650466919 1582.43981934 672.984191895 -232.820632935 1308.3392334
0.0349259376526 8 651.390930176 50.8535995483 1529.09240723 706.840942383 258.835968018 1567.59399414 718.386535645 101.33518219 1722.65344238 657.492858887 243.904174805 1444.25817871 659.766540527 -50.0700149536 1679.9362793 733.703613281 38.301361084 1420.60754395 655.58013916 -152.863601685 1575.2869873 693.425598145 -208.016845703 1324.36340332
0.0347390174866 8 652.058166504 22.993473053 1535.7019043 706.054504395 257.777099609 1567.31420898 719.231689453 110.032806396 1721.43969727 653.630493164 214.068572998 1435.33081055 654.18572998 -45.1607971191 1685.59814453 716.261413574 19.0570373535 1392.52526855 654.29888916 -163.256973267 1585.51672363 690.994445801 -224.705841064 1321.22888184
0.0270009040833 8 659.031677246 5.79107046127 1554.96032715 703.649047852 261.356872559 1572.36901855 723.856079102 133.092224121 1724.6427002 643.157836914 183.940261841 1423.77087402 650.584655762 -64.3869781494 1713.33544922 702.455444336 -18.1244506836 1379.02307129 637.696044922 -101.690093994 1558.06555176 681.127624512 -275.033843994 1312.87768555
0.0334391593933 8 653.387695312 6.41075515747 1546.62963867 700.284973145 264.2059021 1578.41784668 720.239562988 145.569961548 1724.59423828 624.070495605 180.132339478 1390.21020508 644.759460449 -67.30128479 1718.05908203 701.038330078 -42.652633667 1370.45275879 652.077331543 -119.704368591 1628.25500488 679.821411133 -304.502258301 1306.11987305
0.031329870224 8 652.197998047 3.69623780251 1547.72692871 699.588134766 263.16696167 1579.96264648 718.436035156 149.14364624 1724.70812988 623.053833008 176.665756226 1386.1817627 642.50567627 -51.450668335 1742.42663574 696.20513916 -62.5485839844 1358.19714355 646.791320801 -124.152122498 1646.98864746 680.293884277 -314.027770996 1305.8692627
0.0320580005646 8 647.077331543 4.29648923874 1548.6060791 697.956848145 262.548706055 1581.98864746 714.088195801 150.634353638 1726.12792969 626.007873535 174.858337402 1381.62158203 634.17388916 -42.7613525391 1756.73913574 697.313110352 -74.1990814209 1351.75939941 630.627563477 -100.680633545 1567.85070801 680.813964844 -343.716674805 1297.35205078
0.0393741130829 8 643.514526367 -7.73630571365 1546.69250488 697.08795166 262.698974609 1583.67321777 713.097351074 147.203109741 1725.16711426 624.821472168 170.820281982 1377.96447754 632.255859375 -45.5445251465 1757.0723877 694.930480957 -89.8628845215 1349.49682617 629.432739258 -98.0678863525 1585.17419434 682.428955078 -342.982910156 1299.70715332
0.0441539287567 8 641.301757812 -11.8367452621 1544.18640137 695.786743164 262.007629395 1584.49230957 712.125793457 142.924560547 1725.05297852 624.340515137 169.300933838 1375.12670898 629.999816895 -49.724029541 1757.77050781 693.665405273 -90.8586730957 1347.28271484 628.955200195 -108.410079956 1575.08752441 683.798339844 -338.900512695 1301.57067871
0.0357708930969 8 648.774963379 -6.82459115982 1532.33837891 695.492980957 261.129943848 1584.62573242 720.765197754 129.497940063 1721.62817383 614.610168457 177.31968689 1375.74804688 637.048034668 -62.9991760254 1754.24182129 683.996337891 -80.1890716553 1349.87939453 636.838500977 -155.058807373 1622.21826172 673.894836426 -332.584533691 1303.53674316
0.0309472084045 8 646.821899414 -9.57088375092 1531.90270996 694.032897949 259.953918457 1587.5020752 719.960510254 127.020317078 1722.22375488 614.452941895 174.449890137 1372.78967285 631.691772461 -51.4001846313 1752.38256836 684.818725586 -79.7023468018 1349.61535645 632.604064941 -162.407287598 1625.23266602 675.83972168 -332.49987793 1305.41003418
0.0278129577637 8 638.835998535 -9.24757480621 1537.33422852 693.261108398 259.419342041 1589.98498535 710.331237793 129.916503906 1725.74645996 623.261779785 166.336669922 1367.31994629 620.03692627 -43.3147277832 1755.90197754 694.761047363 -85.5992584229 1347.02124023 616.619506836 -165.090454102 1641.56298828 681.618041992 -356.416687012 1294.92724609
0.0299549102783 8 635.799072266 -8.87150764465 1541.59765625 692.183959961 259.698181152 1592.14807129 705.911560059 133.72428894 1727.6217041 627.223083496 159.152511597 1363.9786377 614.301635742 -38.2701721191 1757.92944336 700.159545898 -90.7545318604 1345.859375 607.906555176 -169.18196106 1655.2545166 685.356323242 -369.293151855 1291.44421387
0.0352020263672 8 635.23815918 -10.1880588531 1542.54248047 690.616882324 260.05166626 1594.88586426 705.964477539 133.74407959 1727.91967773 626.897705078 155.794921875 1362.36669922 616.138793945 -39.5299987793 1760.68762207 699.815917969 -92.518447876 1346.13928223 604.107910156 -182.343414307 1667.01599121 685.438232422 -387.470581055 1291.43688965
0.0407350063324 8 634.755554199 -10.74842453 1544.67810059 690.721679688 259.873840332 1596.16003418 707.06628418 133.8828125 1729.21850586 625.715942383 152.238891602 1361.49658203 616.312438965 -38.3240966797 1761.80029297 699.304626465 -94.0218353271 1347.06860352 602.765258789 -192.297561646 1684.25134277 684.604370117 -397.100585938 1291.62182617
