0.03133893013 8 -334.447174072 -86.8640213013 1476.0078125 -352.450927734 253.084503174 1580.58898926 -353.01776123 77.1680984497 1387.31787109 -355.404174805 -39.7423400879 1656.16772461 -301.332489014 -189.168945312 1264.06933594 -239.331878662 -178.139953613 1377.69824219 -310.209655762 -285.943664551 1255.1895752 -229.05078125 -487.702514648 1222.68737793
0.0329239368439 8 -334.461853027 -86.978477478 1476.46374512 -351.56262207 253.270233154 1580.33215332 -354.139587402 77.1620178223 1387.66320801 -354.009887695 -36.9145965576 1656.25891113 -300.396881104 -190.347930908 1266.55212402 -249.453063965 -171.227294922 1393.91442871 -302.445129395 -294.104309082 1250.35339355 -244.353302002 -527.537780762 1271.62976074
0.0354950428009 8 -334.395446777 -87.5781097412 1476.96484375 -351.526062012 252.901672363 1579.03198242 -355.911529541 76.1374969482 1387.77124023 -353.114776611 -36.5344009399 1656.59033203 -297.558654785 -190.955032349 1270.15698242 -244.145690918 -174.443664551 1391.85437012 -309.695037842 -286.247192383 1253.07055664 -244.026397705 -523.080566406 1264.18127441
0.0321450233459 8 -333.124786377 -92.1014785767 1487.82043457 -351.755950928 252.573135376 1578.61096191 -355.76550293 61.1105880737 1382.77478027 -353.299072266 -24.6985092163 1661.23034668 -294.767028809 -205.425567627 1266.52502441 -242.692016602 -164.163543701 1396.70092773 -288.978179932 -331.623779297 1240.9486084 -215.526306152 -492.725708008 1331.04333496
0.0363039970398 8 -335.152587891 -93.2300109863 1486.22338867 -351.04107666 252.776885986 1578.40612793 -351.347290039 59.5029067993 1380.73217773 -355.444885254 -27.5328292847 1659.39990234 -289.615783691 -209.824462891 1267.96789551 -234.310409546 -191.569091797 1404.4699707 -316.136199951 -383.459960938 1244.2467041 -237.666259766 -511.128997803 1285.21008301
0.0362520217896 8 -339.116790771 -96.0859375 1482.49023438 -350.067993164 253.1534729 1577.96203613 -358.806396484 60.9344139099 1379.70739746 -349.106994629 -28.5710525513 1658.41442871 -289.120025635 -212.019287109 1274.41223145 -220.303619385 -198.643371582 1408.23083496 -292.052032471 -330.598876953 1241.41955566 -240.968109131 -518.517150879 1279.31774902
0.0312190055847 8 -341.106872559 -97.8781967163 1477.94677734 -348.515655518 253.591369629 1576.93554688 -361.97467041 64.8383255005 1380.60791016 -346.045166016 -31.0225982666 1656.53271484 -293.211730957 -208.035766602 1275.82495117 -221.455780029 -189.568588257 1404.1036377 -293.36138916 -320.646789551 1244.19274902 -233.884628296 -517.756286621 1282.06921387
0.0315260887146 8 -338.707611084 -96.0929870605 1478.20288086 -347.678344727 253.516860962 1577.4342041 -358.970153809 65.3227005005 1380.41162109 -348.579040527 -31.3734588623 1656.36767578 -288.610778809 -212.316986084 1280.55944824 -221.730026245 -188.472167969 1409.44104004 -295.063110352 -318.071136475 1243.36621094 -237.275817871 -522.88848877 1281.9119873
0.035325050354 8 -337.279052734 -96.1974487305 1477.41052246 -347.015838623 253.246994019 1577.98693848 -355.309204102 65.4367370605 1378.36523438 -348.903564453 -32.2373657227 1656.39282227 -287.341064453 -213.652770996 1283.2130127 -228.363830566 -178.36869812 1397.41540527 -293.347412109 -315.576751709 1242.39367676 -234.876937866 -521.49206543 1285.95446777
0.0311629772186 8 -337.182647705 -96.1054611206 1476.86364746 -346.807678223 253.061340332 1579.20336914 -353.789794922 66.667175293 1378.84118652 -349.738220215 -32.2326812744 1656.14489746 -287.715026855 -210.393463135 1281.57324219 -228.243728638 -180.313674927 1399.44946289 -293.588562012 -322.701446533 1245.61108398 -377.036010742 -548.327575684 1272.54199219
0.0315089225769 8 -337.123718262 -96.1222839355 1477.01257324 -346.150756836 253.032775879 1579.68774414 -353.563354492 68.6988830566 1380.61193848 -350.349365234 -31.5187606812 1656.95935059 -293.249847412 -183.122650146 1272.7220459 -225.758850098 -181.81451416 1403.85522461 -293.421783447 -309.12979126 1248.49487305 -236.478637695 -518.147888184 1280.03613281
0.0361170768738 8 -337.821746826 -89.0037078857 1484.91662598 -345.722351074 253.22769165 1580.05529785 -354.034118652 71.4813842773 1391.17932129 -353.544616699 -20.9662246704 1657.91564941 -300.414764404 -178.025634766 1272.9309082 -227.610534668 -171.512359619 1407.42480469 -284.981079102 -316.427947998 1247.71984863 -239.254684448 -506.595031738 1278.46020508
0.0409359931946 8 -331.001586914 -91.3229522705 1481.14465332 -345.28012085 253.056350708 1580.25939941 -342.353363037 77.0157089233 1392.5838623 -358.22958374 -23.4271850586 1657.09509277 -300.868347168 -167.363922119 1271.65332031 -233.640686035 -171.996749878 1407.11010742 -275.844085693 -304.421508789 1252.45898438 -239.180664062 -512.516662598 1241.09716797
0.0386018753052 8 -329.326416016 -94.2025604248 1478.52746582 -345.111938477 253.222900391 1580.14697266 -342.04901123 76.0185089111 1388.93640137 -358.629821777 -27.3563308716 1656.95544434 -295.789428711 -166.463684082 1273.44445801 -234.635681152 -174.671417236 1407.67541504 -267.224456787 -297.636474609 1260.29528809 -220.954727173 -511.881134033 1240.75354004
0.0315849781036 8 -327.994049072 -98.552192688 1477.24584961 -345.377288818 253.358428955 1579.56176758 -339.526489258 71.4953079224 1386.578125 -357.090820312 -28.5573501587 1654.79541016 -291.019012451 -172.563812256 1273.63037109 -237.040267944 -169.455108643 1406.74157715 -220.4740448 -323.459472656 1263.79492188 -206.942657471 -516.126464844 1250.89160156
0.030168056488 8 -330.211639404 -99.2168273926 1473.52502441 -345.020172119 253.790100098 1579.49645996 -335.917724609 75.7691497803 1388.66210938 -359.011474609 -32.1733627319 1653.88598633 -286.003356934 -171.368423462 1275.29467773 -250.800628662 -167.993286133 1382.48022461 -233.998413086 -298.599121094 1209.08850098 -160.38470459 -467.0496521 1255.83862305
0.0333878993988 8 -327.77230835 -98.9655990601 1477.27038574 -344.724639893 254.241760254 1579.00158691 -335.881317139 72.9954376221 1388.24829102 -359.281402588 -29.0547180176 1655.26171875 -284.40612793 -172.111206055 1275.10095215 -261.419250488 -143.498626709 1371.98754883 -225.167236328 -302.110778809 1214.46557617 -341.545898438 -525.874145508 1241.59643555
0.0296621322632 8 -327.947601318 -96.3666534424 1475.18444824 -344.337280273 254.171478271 1578.77307129 -330.790710449 75.0430603027 1388.68835449 -362.864257812 -30.9315795898 1652.3001709 -289.990020752 -144.045013428 1266.7064209 -290.51663208 -134.514144897 1349.99987793 -92.44480896 -354.286407471 1300.95666504 -272.822479248 -514.213745117 1273.63244629
0.0318610668182 8 -328.576629639 -95.1662979126 1484.34594727 -344.421386719 253.739456177 1577.8972168 -334.916534424 63.3150062561 1382.7166748 -356.679412842 -18.7339248657 1654.2088623 -298.771759033 -151.499176025 1257.19799805 -299.282318115 -119.768013 1345.83874512 -71.6051940918 -345.230957031 1312.46594238 -242.836181641 -498.873016357 1298.16760254
0.0352640151978 8 -318.130371094 -90.167427063 1487.24951172 -344.876342773 253.379272461 1578.06542969 -359.896972656 48.8897781372 1379.56738281 -321.443603516 -8.39611053467 1648.43041992 -330.287750244 -167.108428955 1244.03491211 -278.460632324 -101.160293579 1340.67651367 -77.0807495117 -331.159698486 1321.76367188 -93.1324920654 -336.807769775 1292.45373535
0.0315148830414 8 -306.296936035 -86.0911941528 1492.26513672 -345.167694092 252.218811035 1578.47814941 -384.49520874 32.185043335 1379.07666016 -295.513397217 9.98751831055 1645.78540039 -337.559539795 -180.247344971 1234.3717041 -252.395141602 -84.0025939941 1342.32397461 -80.9249572754 -325.834136963 1338.359375 -182.157730103 -460.073272705 1306.54577637
0.0317590236664 8 -301.124420166 -84.5316772461 1495.46154785 -344.986877441 251.68536377 1579.99719238 -388.352203369 23.8873672485 1377.59204102 -290.813140869 18.6329727173 1645.48608398 -345.563964844 -161.892150879 1215.60083008 -251.416687012 -73.1962509155 1344.03198242 -146.807434082 -316.240600586 1297.29443359 4.72448730469 -289.112701416 1320.76196289
0.0353400707245 8 -300.662414551 -96.7853164673 1492.66870117 -345.112243652 251.501281738 1581.28637695 -372.657562256 32.5315170288 1373.58666992 -305.802276611 9.62133026123 1649.95166016 -323.518005371 -154.957794189 1212.64697266 -249.615997314 -70.4154510498 1372.26757812 -132.166625977 -289.693237305 1308.07873535 4.94058227539 -273.596801758 1336.05236816
0.0314660072327 8 -302.528106689 -101.866104126 1488.71447754 -345.526733398 250.758544922 1582.46398926 -367.015594482 38.4971694946 1372.55981445 -310.576629639 3.00470733643 1650.85571289 -310.905426025 -149.92755127 1210.9942627 -248.878845215 -73.401222229 1376.1854248 -45.489654541 -231.253448486 1364.40063477 -34.3068084717 -245.76373291 1327.32568359
0.0315330028534 8 -303.211120605 -102.59853363 1488.84008789 -345.52255249 250.275817871 1583.07531738 -362.254516602 39.3291625977 1371.40014648 -314.924072266 1.81880187988 1651.26416016 -302.119384766 -150.92805481 1210.17578125 -255.320648193 -82.0254211426 1426.1784668 -59.7421722412 -197.531097412 1358.6973877 57.1150512695 -216.475860596 1391.68395996
0.0356698036194 8 -304.566558838 -103.082618713 1495.68591309 -345.357574463 250.311431885 1583.1739502 -362.017669678 33.1287460327 1371.61071777 -309.428314209 10.5698165894 1651.59729004 -295.460876465 -156.957061768 1215.08203125 -247.57699585 -86.048210144 1466.81811523 -78.0579833984 -176.728042603 1356.2130127 60.005279541 -191.638153076 1389.35656738
0.0318081378937 8 -306.503448486 -106.69316864 1487.88256836 -346.074005127 250.02746582 1583.5168457 -359.25592041 42.9214630127 1373.08166504 -311.884277344 2.63363647461 1650.25671387 -286.802093506 -146.07421875 1220.79711914 -243.888244629 -102.711959839 1492.2154541 -15.7350769043 -138.832138062 1396.59411621 -24.9587249756 -163.852600098 1347.39208984
0.0315020084381 8 -310.032196045 -109.376647949 1488.45593262 -347.23236084 250.290084839 1584.03613281 -350.123382568 46.1240463257 1373.53686523 -321.299163818 1.32606506348 1651.58837891 -259.18182373 -137.419494629 1234.98205566 -242.905761719 -107.328086853 1514.54931641 -6.54751586914 -104.346817017 1403.84814453 -59.5968017578 -139.863311768 1334.4354248
0.0353858470917 8 -311.184387207 -107.71282196 1481.93615723 -347.897705078 250.527374268 1584.49597168 -353.469421387 54.1495056152 1376.85302734 -318.065124512 -4.65623474121 1650.34619141 -219.105789185 -128.234939575 1246.35864258 -233.201721191 -119.280517578 1532.36413574 4.32708740234 -68.3870544434 1424.60595703 -87.1039428711 -126.02117157 1305.50463867
0.0313971042633 8 -310.636352539 -106.247543335 1478.10998535 -348.303222656 250.47026062 1584.38085938 -352.648620605 60.153678894 1379.58776855 -319.48840332 -8.79672241211 1650.11584473 -198.796813965 -117.064277649 1253.09216309 -228.736053467 -128.576965332 1549.1529541 12.1594238281 -39.5272445679 1441.46386719 -95.2443847656 -122.341468811 1297.21960449
0.0319681167603 8 -312.126098633 -105.313011169 1484.29455566 -348.429962158 250.286773682 1583.66760254 -346.410339355 57.0690155029 1378.85119629 -325.919677734 -4.20947265625 1652.3704834 -142.630935669 -93.2425994873 1277.37097168 -223.000366211 -125.541183472 1571.38903809 17.5934753418 -19.5394439697 1447.86291504 -79.5939025879 -105.28212738 1312.64086914
0.0365109443665 8 -317.115692139 -105.512992859 1491.76757812 -348.881225586 250.411102295 1582.8927002 -349.649261475 51.2747192383 1378.16540527 -324.005584717 4.42805480957 1654.28479004 -140.396743774 -84.674407959 1268.81274414 -215.629943848 -115.865379333 1593.91723633 19.8493804932 -6.1907043457 1452.13427734 -11.5997467041 -90.225479126 1451.52111816
0.0320658683777 8 -316.40246582 -102.122215271 1492.02270508 -349.309967041 250.678161621 1582.94702148 -347.519042969 52.8489990234 1377.68786621 -326.80670166 5.19737243652 1654.59899902 -137.476928711 -81.2331848145 1270.74902344 -212.423217773 -113.1873703 1616.48474121 30.1503601074 10.6965866089 1459.38598633 -10.4961853027 -86.4819259644 1460.48461914
0.031937122345 8 -317.582427979 -99.2072906494 1493.75268555 -348.931793213 251.882385254 1583.35668945 -347.082397461 53.2050552368 1377.2401123 -329.093139648 8.24852752686 1654.98474121 -138.493515015 -70.7411346436 1269.38171387 -206.599487305 -102.226654053 1635.63122559 42.1539764404 28.7213897705 1466.78747559 -5.42074584961 -79.0481491089 1466.8470459
0.0357990264893 8 -316.483306885 -98.0435333252 1493.7857666 -348.388336182 253.228134155 1584.41369629 -344.524688721 55.9664764404 1377.39782715 -332.84072876 10.4998931885 1655.03820801 -140.919662476 -37.8468704224 1276.84448242 -203.329620361 -92.5837097168 1652.08813477 68.5233459473 47.1143417358 1492.69665527 -0.938598632812 -72.8576583862 1474.46374512
0.0319879055023 8 -319.211090088 -93.9488525391 1492.4753418 -349.035095215 254.274032593 1585.30114746 -347.139709473 66.3664855957 1376.70178223 -343.977722168 19.5653991699 1654.91223145 -135.639312744 -20.6934127808 1282.66088867 -195.398468018 -92.1745910645 1667.34301758 84.5700683594 68.8318023682 1494.97790527 66.9667663574 26.0010299683 1521.71179199
0.0320360660553 8 -313.400634766 -89.4812240601 1491.19458008 -350.114654541 255.034210205 1585.5447998 -340.827331543 74.0933837891 1375.89208984 -327.825927734 32.3439788818 1651.67553711 -82.0946044922 13.6300048828 1291.72583008 -190.965805054 -87.6156463623 1685.29699707 88.9104614258 99.7865447998 1493.75695801 79.0710601807 46.7687072754 1560.49841309
0.0357358455658 8 -311.936218262 -87.3518447876 1489.92248535 -350.413757324 256.054962158 1585.56555176 -337.375610352 76.8024597168 1374.57299805 -324.570800781 40.8334197998 1645.83374023 -85.6745452881 22.5953102112 1293.03222656 -191.119430542 -82.6028671265 1663.42102051 97.5458679199 121.683120728 1501.46923828 73.7188873291 45.0965423584 1579.37133789
0.0323421955109 8 -311.544250488 -83.7183532715 1491.66674805 -350.934417725 256.90057373 1585.75244141 -335.056640625 79.8115539551 1375.58251953 -324.392578125 48.4838256836 1643.74560547 -86.0570526123 36.0668983459 1291.46350098 -186.358230591 -74.5854110718 1662.19543457 95.4142150879 141.728881836 1500.46508789 74.6786346436 50.1340484619 1590.76733398
0.0366418361664 8 -310.862213135 -80.7914733887 1491.9083252 -351.207672119 258.037475586 1586.23242188 -334.110931396 84.466178894 1376.36938477 -322.565338135 51.2145767212 1645.65283203 -75.7304992676 58.6426620483 1299.62365723 -173.886489868 -67.6856155396 1670.36047363 91.7507171631 156.663223267 1496.60021973 78.4667816162 52.7660598755 1588.80004883
0.0366530418396 8 -310.299468994 -78.30493927 1491.03967285 -352.215698242 258.451293945 1586.70129395 -332.375671387 89.607925415 1375.56091309 -323.59552002 57.7374572754 1643.79187012 -76.2990722656 60.0521240234 1302.54345703 -100.950195312 3.70241546631 1735.67321777 84.6762695312 165.577011108 1491.96875 88.1701965332 74.9629440308 1569.33508301
0.0306539535522 8 -310.224121094 -74.6668243408 1491.79199219 -352.583557129 259.773284912 1586.36828613 -332.045715332 95.8806381226 1375.88293457 -326.875244141 62.0839309692 1646.77453613 -78.6178741455 63.7724151611 1304.39526367 -96.5563659668 4.66628646851 1741.85241699 55.3845672607 177.764480591 1473.84509277 142.626022339 87.590057373 1535.51391602
0.0315749645233 8 -310.746734619 -70.7728881836 1491.65698242 -353.879882812 262.503417969 1587.11083984 -334.107299805 98.7531433105 1377.11303711 -328.718200684 64.8603210449 1645.55908203 -80.563873291 63.9609794617 1306.53735352 -97.6786956787 11.1105194092 1748.00012207 94.6573791504 167.788131714 1466.39685059 131.873840332 100.842178345 1527.66809082
0.0354280471802 8 -311.143951416 -70.8880462646 1492.82263184 -354.26260376 264.041809082 1588.14904785 -334.79800415 98.8955764771 1380.96862793 -329.222015381 64.9584579468 1644.86315918 -80.5802001953 67.8120651245 1314.81555176 -101.939376831 19.1312332153 1758.79785156 107.353027344 206.029663086 1537.36853027 69.8905639648 105.67010498 1536.12805176
0.0314331054688 8 -312.497619629 -70.3753967285 1494.22570801 -354.011230469 266.247253418 1589.10681152 -336.402008057 99.1824951172 1384.01196289 -331.414520264 65.4287719727 1644.78417969 -81.5965270996 70.0174255371 1318.44042969 -107.123428345 25.412197113 1767.96594238 98.2585906982 216.760223389 1530.33972168 67.7559051514 106.629470825 1539.13635254
0.0316960811615 8 -313.656433105 -72.171333313 1494.77429199 -354.214996338 267.209625244 1589.87011719 -337.375854492 96.2663116455 1385.05273438 -333.880432129 60.5275268555 1646.2824707 -82.889755249 79.7628250122 1327.38757324 -112.097808838 31.8118457794 1773.80883789 97.6216583252 227.805450439 1529.25402832 66.725479126 111.170776367 1544.7598877
0.0356919765472 8 -315.647827148 -73.5664138794 1494.99572754 -354.950836182 267.90335083 1590.08410645 -338.770202637 94.1527252197 1387.14660645 -338.921508789 57.6236572266 1645.14025879 -82.0104980469 82.5488815308 1335.52404785 -113.540664673 41.074432373 1773.83007812 92.0228881836 233.530059814 1523.60205078 66.0974121094 118.366531372 1549.45532227
0.0308818817139 8 -316.424255371 -74.9672698975 1496.12646484 -355.657165527 267.926391602 1589.83728027 -338.159729004 93.3919372559 1391.47045898 -341.790771484 54.9358215332 1645.29736328 -80.061706543 84.5782699585 1340.05163574 -112.250350952 48.1062545776 1770.140625 87.5442504883 238.257354736 1518.97375488 70.0689544678 127.71131897 1552.55834961
0.0320699214935 8 -317.114715576 -75.4225997925 1496.66552734 -355.513397217 267.573028564 1589.08911133 -337.769714355 92.3799362183 1392.00048828 -344.429748535 52.8201522827 1646.15405273 -70.3747558594 90.7814483643 1350.63952637 -105.132202148 50.7839584351 1768.15222168 70.2964477539 233.59576416 1501.47387695 90.4653778076 153.8724823 1560.22290039
0.0351440906525 8 -318.664581299 -73.9187545776 1497.47070312 -355.91885376 266.593170166 1588.29211426 -339.38684082 92.7224502563 1393.25598145 -346.778015137 52.3481521606 1646.88879395 -73.1933288574 88.7261886597 1349.9901123 -105.415771484 54.8774490356 1767.37194824 70.4180908203 238.141601562 1509.53369141 80.0482177734 160.307632446 1571.9552002
0.0319359302521 8 -320.381988525 -71.8390274048 1499.53747559 -356.580780029 266.662506104 1587.07543945 -341.399810791 95.0344238281 1396.35461426 -350.056671143 53.167098999 1649.29772949 -74.9137268066 88.0020904541 1349.64770508 -105.747787476 57.5553131104 1767.11254883 82.4049072266 234.812759399 1512.7421875 83.0724334717 166.169784546 1579.45849609
0.0362551212311 8 -320.865142822 -72.2001190186 1499.40893555 -356.83795166 266.777862549 1586.19165039 -340.932922363 93.5869064331 1393.70654297 -352.12701416 51.3977127075 1650.43017578 -72.8986816406 93.2814254761 1353.43798828 -105.357757568 58.1480789185 1766.32885742 76.2981414795 230.02935791 1508.80822754 85.2777557373 168.122131348 1581.63330078
0.0320019721985 8 -321.208557129 -71.1224594116 1499.26879883 -356.606109619 267.205596924 1586.26623535 -343.090759277 92.8932342529 1393.01428223 -351.554748535 50.0520935059 1651.14343262 -74.7185058594 96.5242233276 1353.86450195 -103.574951172 58.1793518066 1765.03796387 76.1564331055 221.075042725 1506.43676758 107.782196045 179.097106934 1590.95202637
0.0319490432739 8 -322.943237305 -76.6310043335 1496.97753906 -356.324127197 267.118408203 1586.17712402 -344.29284668 93.1221389771 1392.71850586 -352.518859863 47.4538650513 1651.47729492 -78.1112060547 93.1002349854 1348.7565918 -101.326416016 59.8752288818 1761.75952148 92.4434051514 214.158843994 1509.48803711 140.154510498 185.404846191 1618.52844238
0.0360579490662 8 -323.69128418 -76.0265731812 1498.32653809 -355.92678833 267.522491455 1585.26794434 -344.737487793 91.5398178101 1392.44714355 -354.65246582 47.2873764038 1651.84216309 -78.2790222168 92.4220733643 1348.23266602 -100.55090332 64.2911224365 1758.5826416 104.338043213 203.322479248 1507.0994873 110.687637329 160.080566406 1570.19262695
0.0319890975952 8 -324.334594727 -75.6228942871 1499.74853516 -356.539123535 267.670593262 1584.45874023 -345.008850098 90.2478408813 1393.08312988 -356.621032715 47.4789962769 1651.80651855 -77.849609375 90.0041503906 1347.9395752 -101.166687012 67.7421646118 1755.76721191 102.572189331 186.206619263 1508.56347656 44.0500488281 111.858093262 1446.94934082
0.0319428443909 8 -324.951263428 -76.3427886963 1499.93969727 -357.608428955 268.730102539 1584.23132324 -345.792694092 88.4809875488 1393.9831543 -359.391082764 46.9267883301 1649.76171875 -76.8490905762 85.7895355225 1348.60546875 -103.449172974 73.4042816162 1752.07763672 105.775238037 169.849121094 1501.71398926 56.0914459229 104.552032471 1446.9621582
0.0360310077667 8 -319.062316895 -73.2309570312 1500.16503906 -357.811828613 269.399475098 1585.0970459 -340.425323486 92.9430999756 1394.61474609 -340.318389893 54.2089996338 1650.22631836 -69.0496826172 87.4717178345 1350.74572754 -107.244720459 68.7159194946 1753.18945312 117.982192993 166.175704956 1500.08227539 39.9860076904 94.1531143188 1438.86523438
0.036052942276 8 -316.846984863 -69.5169296265 1499.3951416 -358.297576904 269.293060303 1585.48815918 -338.325408936 98.8790588379 1393.09667969 -333.358917236 62.8173675537 1648.83740234 -74.9705505371 68.2136077881 1325.83654785 -111.191955566 61.4810333252 1760.52172852 116.87322998 158.504333496 1494.89746094 52.94090271 82.1302947998 1459.55029297
0.0421221256256 8 -317.318756104 -65.3486404419 1496.52331543 -358.985839844 269.329467773 1585.88085938 -338.401885986 103.242866516 1390.99926758 -333.722381592 70.4352798462 1642.45703125 -79.8570556641 59.5301971436 1323.46704102 -105.813232422 58.0842208862 1767.28295898 119.938156128 154.857040405 1493.01574707 48.0989227295 75.0630264282 1436.4888916
0.0317959785461 8 -316.498596191 -64.1287460327 1495.58898926 -359.20010376 269.381103516 1586.31677246 -337.824859619 104.609512329 1390.95373535 -331.032196045 70.4093322754 1642.43688965 -74.48828125 68.8252258301 1331.13720703 -105.025970459 50.0733718872 1764.0279541 120.848342896 146.533859253 1489.84326172 55.8612060547 67.1277923584 1441.09960938
0.0313971042633 8 -315.901641846 -62.8544654846 1494.92211914 -358.775390625 269.728973389 1587.125 -337.961364746 106.572525024 1391.25756836 -328.738342285 70.6925354004 1643.0402832 -76.0887145996 62.8201980591 1327.54418945 -104.111846924 46.4065322876 1765.09790039 118.619155884 143.71206665 1484.67333984 29.2704772949 50.0503082275 1415.39660645
0.0362849235535 8 -315.003997803 -63.1938247681 1484.82263184 -358.121490479 269.643249512 1588.40625 -337.289276123 96.0296325684 1391.20898438 -326.7706604 67.0814361572 1617.11865234 -75.6875915527 50.0363502502 1324.0402832 -104.151260376 52.6088256836 1761.87670898 124.289794922 125.54107666 1486.17333984 44.989944458 60.7757797241 1428.8034668
0.034551858902 8 -312.613708496 -63.1531982422 1484.00097656 -357.360595703 268.85559082 1589.76586914 -333.636413574 98.3277587891 1384.71179199 -324.246154785 67.3985824585 1622.55554199 -71.7665710449 55.8750572205 1321.98120117 -101.50100708 39.7076416016 1761.71191406 125.920272827 128.562179565 1487.41186523 95.0915527344 43.5705490112 1458.46484375
0.0273711681366 8 -309.53326416 -63.5020179749 1483.65808105 -357.194732666 268.286254883 1589.36157227 -327.865997314 98.7726745605 1380.64831543 -319.273468018 67.0912780762 1625.5411377 -52.2020874023 53.349773407 1331.57836914 -101.791748047 30.2500610352 1766.4732666 120.468963623 131.621307373 1474.94970703 139.067092896 29.651184082 1500.8449707
0.0304698944092 8 -309.059783936 -63.0670318604 1484.15063477 -356.605102539 267.731384277 1588.5324707 -328.843444824 100.934944153 1380.6394043 -318.024597168 67.8630599976 1628.30200195 -61.8494262695 39.5806999207 1341.07019043 -101.992263794 24.8550567627 1765.80871582 138.132095337 123.368591309 1489.67651367 112.917144775 22.3180389404 1481.85180664
0.0343351364136 8 -305.207763672 -63.641746521 1483.48522949 -356.530883789 267.903442383 1588.00439453 -324.860900879 99.2488098145 1380.07971191 -308.676208496 68.1568756104 1625.7154541 -59.6898498535 42.4278678894 1336.81323242 -105.562179565 23.4288787842 1764.87280273 145.27166748 114.437026978 1493.86169434 106.000335693 18.4500465393 1473.91870117
0.0317449569702 8 -305.020324707 -65.0643539429 1483.80566406 -355.898132324 268.312805176 1587.4954834 -323.136383057 97.7397460938 1377.5402832 -311.732147217 64.9440155029 1629.33422852 -63.1152038574 46.7775154114 1332.52954102 -108.600006104 14.2726783752 1765.86743164 121.103271484 107.664955139 1485.88110352 162.936859131 5.99197769165 1548.3651123
0.031229019165 8 -308.266967773 -62.5073623657 1484.40893555 -354.875427246 269.292816162 1586.74084473 -327.075836182 106.370803833 1372.90539551 -322.371368408 71.1147155762 1636.89807129 -67.4052124023 53.7555389404 1329.95275879 -112.468673706 0.722061157227 1773.76721191 123.108581543 108.073120117 1492.04858398 90.8803253174 1.26383972168 1521.2911377
0.0495979785919 8 -308.103851318 -65.4169921875 1485.86254883 -354.312988281 269.94744873 1586.81091309 -325.61541748 104.501075745 1372.48925781 -323.352539062 64.4814987183 1643.74291992 -70.570602417 45.2031211853 1330.44543457 -115.968978882 -9.48151397705 1770.20373535 118.435287476 103.518478394 1489.20410156 92.0662536621 4.38618469238 1532.41308594
0.0321710109711 8 -305.657409668 -68.1903839111 1484.32080078 -353.79598999 269.665100098 1587.01391602 -323.31427002 99.0374298096 1372.62182617 -315.940368652 62.155166626 1638.13232422 -70.1116638184 35.8994865417 1332.97741699 -119.58605957 -9.55435180664 1769.9420166 118.453735352 91.2447814941 1484.67163086 97.0224456787 8.63661193848 1545.9744873
0.0286059379578 8 -305.619720459 -70.692855835 1484.88220215 -354.023162842 268.54864502 1586.5 -321.812011719 96.3570404053 1372.53149414 -316.207580566 58.6992034912 1639.59545898 -69.6404571533 29.7846298218 1335.04492188 -121.613998413 -10.0296783447 1769.63134766 124.013473511 83.520111084 1488.22167969 100.422790527 10.6941356659 1559.09509277
0.0291800498962 8 -305.767211914 -73.0712280273 1484.39160156 -353.900390625 267.645935059 1585.20251465 -320.474822998 93.2236785889 1371.96643066 -317.242584229 55.8107452393 1638.55895996 -69.5319213867 23.6764831543 1334.36657715 -122.75982666 -13.5944671631 1768.52990723 127.842529297 72.8230133057 1489.77905273 104.48210144 12.2534141541 1570.55407715
0.0303330421448 8 -305.764282227 -75.7362518311 1484.08862305 -354.560668945 267.160766602 1583.95031738 -319.615631104 90.7121124268 1372.00488281 -320.343109131 51.8510284424 1638.90698242 -72.3669128418 13.7936248779 1332.85107422 -123.368057251 -17.7755432129 1767.70007324 126.853256226 65.0815658569 1483.03991699 107.26675415 11.2106189728 1579.95861816
0.0307188034058 8 -313.890686035 -80.9785385132 1484.46252441 -354.207458496 267.062408447 1583.37084961 -328.104095459 94.8326416016 1369.91320801 -352.28604126 45.9292144775 1647.72131348 -84.3892364502 5.7272567749 1323.93518066 -115.227783203 -28.7018127441 1769.96960449 124.023025513 66.6028213501 1472.56945801 118.923522949 4.09029388428 1591.01184082
0.0349740982056 8 -312.143218994 -85.9605026245 1483.65991211 -353.776031494 266.556274414 1582.70349121 -325.9453125 91.3805999756 1368.7130127 -350.865783691 42.1719970703 1647.78137207 -81.7582397461 1.7653427124 1319.90039062 -115.707244873 -35.9496231079 1770.12463379 132.705032349 67.1333694458 1457.78027344 120.087524414 -1.51920318604 1596.27783203
0.0317690372467 8 -312.357330322 -86.0339660645 1484.05126953 -353.566223145 266.607879639 1582.14038086 -324.150848389 86.6773986816 1367.48193359 -349.204437256 40.4027404785 1645.95507812 -79.7296600342 -5.84455871582 1317.21533203 -116.7706604 -38.7589111328 1768.77893066 137.20602417 57.4179573059 1446.90197754 121.288574219 -1.91765975952 1600.05200195
0.0313038825989 8 -312.333709717 -86.9936828613 1484.68481445 -352.910217285 266.679321289 1581.86584473 -323.738067627 82.6519851685 1367.31506348 -348.581451416 38.7063217163 1644.59436035 -78.0759429932 -17.2409057617 1314.20227051 -116.171798706 -45.0197601318 1764.24914551 137.125167847 49.5874404907 1430.38220215 120.986419678 -0.90055847168 1602.95117188
0.0355880260468 8 -312.531158447 -89.2733764648 1485.38317871 -353.043792725 266.264770508 1580.421875 -323.869018555 76.8291168213 1366.45397949 -347.599365234 34.628616333 1644.38415527 -75.3530883789 -21.5587692261 1311.01208496 -116.242340088 -50.4360351562 1762.70068359 138.176620483 46.5914535522 1416.04785156 121.378890991 -3.29483795166 1605.0637207
0.0315690040588 8 -311.898529053 -90.9902038574 1485.54968262 -352.254882812 266.027862549 1579.52001953 -323.471099854 75.2253799438 1366.51794434 -347.43838501 34.0366134644 1643.7755127 -74.1499328613 -26.5148544312 1308.29553223 -117.518844604 -51.006980896 1761.16967773 139.459747314 41.6749038696 1402.94885254 132.995773315 -32.525226593 1604.90124512
0.0317039489746 8 -312.63104248 -90.0437927246 1485.1887207 -351.474456787 266.385437012 1578.86877441 -325.118988037 75.7258682251 1365.40185547 -349.607940674 34.6458053589 1643.52294922 -76.1444244385 -30.3967285156 1301.35400391 -120.196899414 -52.6023788452 1763.07507324 143.329498291 37.2634124756 1392.4954834 135.840057373 -32.4637908936 1604.94238281
0.0353691577911 8 -312.844696045 -91.6726913452 1484.44995117 -349.895355225 266.822967529 1578.75341797 -323.30871582 74.3180999756 1364.03930664 -351.078613281 33.0679016113 1643.00341797 -74.7257995605 -31.3015518188 1299.67138672 -121.488235474 -54.3712463379 1761.48718262 145.691360474 33.0578308105 1382.73120117 136.88710022 -31.8051872253 1603.92028809
0.031350851059 8 -313.522216797 -92.5657806396 1483.66589355 -348.750854492 266.776184082 1578.02307129 -324.435333252 71.9535369873 1362.99523926 -352.826934814 30.7396087646 1641.77380371 -76.8740081787 -34.1992034912 1297.98498535 -119.354202271 -52.5816650391 1754.11962891 148.559906006 27.4675712585 1376.14941406 141.75932312 -29.1817302704 1603.59191895
0.0318200588226 8 -313.727996826 -93.6370925903 1482.57092285 -348.048400879 266.663391113 1577.17443848 -325.808654785 70.8010025024 1361.81420898 -352.648498535 29.0149002075 1641.34692383 -79.2804260254 -36.4027481079 1294.18237305 -117.310821533 -53.6496124268 1746.95983887 149.040878296 27.1890335083 1365.3873291 147.262634277 -26.8825283051 1602.00280762
0.0362889766693 8 -311.636352539 -95.047203064 1480.9185791 -346.841827393 266.608917236 1576.70117188 -329.319091797 70.3732757568 1360.96203613 -349.64453125 27.3545837402 1641.04187012 -85.0709075928 -37.1232299805 1286.86352539 -113.109863281 -54.1148147583 1740.74707031 149.344284058 26.3180885315 1354.41040039 156.224945068 -24.021944046 1599.82556152
0.0318460464478 8 -307.165924072 -97.7604598999 1481.58813477 -345.843200684 267.00390625 1576.45739746 -324.979980469 65.0098800659 1364.15844727 -337.275817871 20.9819564819 1641.57250977 -84.3868255615 -43.5460739136 1283.54089355 -113.131317139 -51.092376709 1726.0925293 156.031829834 25.6937179565 1345.46166992 163.651916504 -11.2597732544 1596.00756836
0.0361740589142 8 -305.286376953 -99.1790390015 1488.44067383 -345.717834473 267.311462402 1575.95361328 -326.724945068 66.7864532471 1378.98718262 -329.177093506 13.9200134277 1651.6036377 -83.3779296875 -46.1956481934 1284.47973633 -113.491256714 -49.6561927795 1712.07922363 164.874832153 26.4569168091 1342.1751709 159.476699829 -6.0637588501 1576.60180664
0.0360028743744 8 -305.331817627 -99.2798309326 1491.6763916 -345.567230225 266.822357178 1574.76879883 -327.238067627 69.3628692627 1386.4798584 -326.890594482 10.5009918213 1657.41711426 -91.9319000244 -51.0503616333 1279.24389648 -110.274337769 -50.1411895752 1692.29284668 169.143814087 24.3335494995 1334.4362793 114.916473389 -44.2688789368 1311.78894043
0.0309929847717 8 -306.121337891 -101.488670349 1495.3572998 -344.85546875 266.677185059 1574.11340332 -329.01361084 69.0554504395 1391.52832031 -326.975708008 8.40925598145 1662.32250977 -99.9437561035 -53.0679779053 1274.45593262 -107.731719971 -49.5825042725 1674.44433594 155.27281189 24.6330413818 1318.04248047 71.5299987793 -48.3437919617 1295.54736328
0.0348551273346 8 -311.154968262 -96.3536224365 1497.82312012 -343.87121582 266.606750488 1574.36694336 -335.004089355 81.0843048096 1394.88256836 -338.410827637 21.6999053955 1665.06640625 -107.39906311 -44.4140777588 1270.484375 -101.521057129 -55.0196228027 1660.62573242 164.471176147 32.4367294312 1307.05578613 44.447555542 -64.5309295654 1284.91308594
0.0315449237823 8 -311.090637207 -99.4212112427 1499.9954834 -343.219238281 266.551635742 1573.95019531 -334.641998291 78.3365859985 1396.09228516 -337.367523193 18.1809997559 1668.60058594 -107.950164795 -47.4312820435 1268.15869141 -101.043640137 -50.6111984253 1645.83459473 167.246032715 28.946105957 1296.13586426 40.5858917236 -70.6990509033 1275.38098145
0.0313091278076 8 -312.329803467 -99.5537261963 1499.96618652 -343.098266602 267.185424805 1572.84509277 -337.084472656 76.9254684448 1396.3104248 -337.853942871 20.2862319946 1665.76477051 -103.807846069 -51.785774231 1269.9642334 -101.396026611 -45.8935012817 1633.74206543 172.940811157 17.7997207642 1292.94128418 57.0512390137 -65.8441848755 1270.53723145
0.0357658863068 8 -314.125396729 -101.658966064 1490.69433594 -344.034301758 266.565734863 1571.40905762 -341.085784912 64.2233810425 1394.29724121 -323.211395264 12.0571060181 1647.29040527 -102.587219238 -63.05078125 1269.58947754 -99.8861541748 -38.0694580078 1617.92907715 171.593139648 3.64164733887 1289.79309082 65.9430847168 -56.7233352661 1269.08789062
0.0326991081238 8 -303.689331055 -104.564865112 1488.28393555 -344.590454102 265.482666016 1570.85424805 -327.358825684 56.3898010254 1386.78540039 -299.595153809 14.0511474609 1638.88989258 -95.8694000244 -67.7390518188 1266.96887207 -103.294723511 -41.3020935059 1601.11767578 177.2368927 -7.72663497925 1289.3840332 52.6964569092 -59.4787979126 1273.48034668
0.0311489105225 8 -301.945922852 -103.701339722 1488.96398926 -344.338867188 264.720214844 1569.66833496 -325.786376953 58.4492492676 1387.56225586 -295.236572266 19.7585754395 1636.80249023 -94.0757598877 -69.0191040039 1264.5645752 -99.744354248 -48.1535491943 1587.67773438 175.729141235 -17.6369171143 1296.4642334 35.0905914307 -76.0983428955 1277.76733398
0.0365281105042 8 -306.646209717 -104.05884552 1492.68859863 -344.747375488 265.063903809 1568.67871094 -328.528503418 60.4200363159 1388.93884277 -308.915222168 21.2408981323 1642.99182129 -96.6515808105 -69.4694442749 1264.16345215 -100.54057312 -55.2453613281 1591.5534668 176.274688721 -26.5774765015 1303.11425781 63.0699310303 -61.4794540405 1286.16357422
0.0318009853363 8 -316.093994141 -106.227104187 1498.05175781 -345.363769531 264.659393311 1568.15856934 -335.705932617 60.2899703979 1389.70117188 -334.993530273 16.7079772949 1654.19995117 -101.980056763 -70.6036758423 1264.375 -97.2417602539 -59.1780395508 1599.6439209 166.012802124 -35.6963768005 1312.73071289 67.6650695801 -67.7813262939 1292.56188965
0.0311839580536 8 -318.631225586 -105.680931091 1498.86889648 -345.5730896 264.134857178 1568.28930664 -338.033111572 61.0141906738 1388.69458008 -340.992340088 18.6881866455 1654.86401367 -103.646789551 -71.4821472168 1263.97021484 -100.135269165 -64.4398574829 1606.74206543 164.032104492 -46.8393554688 1327.24719238 16.0993652344 -70.7476730347 1293.08166504
0.0371699333191 8 -320.333831787 -105.637451172 1498.88659668 -345.362548828 263.278259277 1567.72998047 -338.841156006 60.9002456665 1385.61987305 -345.78036499 19.8547592163 1655.44628906 -104.274276733 -75.1921005249 1264.82885742 -102.527206421 -69.4155807495 1614.1776123 156.450637817 -57.9249038696 1344.33129883 126.694290161 -64.4641418457 1422.21276855
0.0326890945435 8 -322.724884033 -105.474105835 1497.70678711 -345.556640625 263.189849854 1566.64074707 -341.579223633 60.465965271 1381.10766602 -349.900634766 20.9677200317 1655.06298828 -101.976638794 -82.9032058716 1266.68029785 -106.016311646 -74.9736862183 1620.80603027 152.597488403 -66.8671798706 1356.19030762 100.351333618 -78.9741897583 1463.69165039
0.031455039978 8 -328.287200928 -100.695755005 1493.24865723 -345.749542236 262.739135742 1565.63110352 -344.128356934 65.7295837402 1377.70703125 -365.123168945 31.4985961914 1643.13549805 -105.42666626 -88.3287658691 1268.54345703 -106.688171387 -86.1604156494 1628.44604492 149.014801025 -70.9043502808 1372.61132812 82.0236663818 -134.694564819 1462.77990723
0.0345768928528 8 -328.566162109 -96.1936340332 1490.63330078 -346.110870361 262.850372314 1564.04382324 -343.403961182 71.5768432617 1375.91186523 -366.73526001 40.4310302734 1636.93774414 -106.15687561 -88.6861572266 1270.43518066 -112.85218811 -97.2576599121 1634.47363281 142.271377563 -72.790397644 1385.6451416 68.0825653076 -132.139694214 1437.31445312
0.0349640846252 8 -329.635467529 -93.0211257935 1489.99560547 -346.904937744 263.070404053 1563.58312988 -344.274597168 76.5436706543 1376.72290039 -369.332092285 37.0890960693 1642.61547852 -108.761001587 -90.7198486328 1276.3972168 -116.293777466 -105.314834595 1638.98901367 139.817230225 -79.4100112915 1403.23681641 67.8205566406 -135.151290894 1422.01269531
0.0330379009247 8 -329.009643555 -87.4555587769 1490.45300293 -347.804412842 262.953918457 1563.44592285 -342.123199463 79.5979614258 1376.35339355 -371.16885376 36.3321685791 1645.36218262 -107.543441772 -92.2423095703 1280.84033203 -126.707305908 -108.994018555 1659.2088623 136.098266602 -83.0176239014 1417.6328125 80.5674591064 -172.339767456 1413.41723633
0.0353920459747 8 -328.938934326 -85.6881332397 1490.74182129 -347.909210205 263.183044434 1563.58105469 -339.393615723 83.3780517578 1378.42980957 -370.264160156 38.8014984131 1645.9876709 -113.587127686 -98.4590148926 1290.65698242 -134.890045166 -111.088226318 1670.12634277 129.871520996 -91.5116119385 1430.75585938 82.3199005127 -169.872573853 1414.32922363
0.0284469127655 8 -330.071533203 -87.1720428467 1492.23510742 -348.568389893 263.32131958 1563.86962891 -341.554840088 82.2986373901 1379.31750488 -370.116424561 39.3221511841 1647.14880371 -124.165786743 -99.2966842651 1311.1348877 -141.561004639 -112.241706848 1685.2557373 124.092834473 -96.3097763062 1446.33691406 80.786819458 -167.480865479 1426.35595703
0.0362560749054 8 -333.758789062 -85.0547332764 1493.01940918 -349.605529785 263.244415283 1564.04992676 -345.264312744 81.7326507568 1379.97619629 -367.35824585 38.9160308838 1648.68444824 -128.539093018 -100.94644165 1321.20776367 -141.625473022 -113.37852478 1702.51538086 125.937438965 -100.536972046 1458.54589844 107.732681274 -174.45552063 1452.0715332
0.0317649841309 8 -332.37713623 -84.7761917114 1494.66491699 -350.354034424 263.930145264 1564.05334473 -344.040252686 84.5113601685 1380.88244629 -367.33493042 37.2151870728 1654.78015137 -117.343719482 -101.809562683 1334.03100586 -144.495300293 -117.198066711 1716.83911133 117.534408569 -101.821525574 1467.48376465 99.2230377197 -184.059906006 1461.49975586
0.0368530750275 8 -327.225952148 -92.549987793 1497.31811523 -350.302368164 264.823852539 1564.84326172 -338.066772461 72.7210922241 1382.81176758 -366.911193848 23.8559341431 1656.75024414 -111.097351074 -113.306770325 1339.73364258 -153.39831543 -108.268699646 1725.13757324 124.806549072 -119.080238342 1483.70007324 123.383361816 -178.205780029 1495.73449707
0.0431230068207 8 -318.723297119 -89.4172973633 1490.94506836 -350.017028809 265.691345215 1565.16748047 -349.170166016 76.6789169312 1383.14379883 -354.480224609 17.4644851685 1656.57666016 -118.866012573 -112.60735321 1341.63647461 -148.351089478 -118.642936707 1720.49523926 112.909851074 -119.304130554 1495.82702637 117.662979126 -194.324554443 1491.10791016
0.0325360298157 8 -317.586547852 -87.2956924438 1489.29162598 -349.484466553 265.772155762 1565.19946289 -349.375213623 78.6028823853 1383.73803711 -349.694122314 15.2956008911 1656.97753906 -121.478790283 -111.981163025 1344.73181152 -149.412506104 -124.306098938 1722.98962402 105.48979187 -128.08404541 1513.60778809 76.133895874 -186.62336731 1464.09802246
0.0287258625031 8 -315.155487061 -90.289024353 1490.82824707 -349.107421875 266.065338135 1565.8079834 -342.333465576 76.7993011475 1384.1529541 -351.966400146 13.9882507324 1657.58557129 -112.991470337 -112.12979126 1349.07922363 -156.961410522 -128.262115479 1727.53479004 100.931182861 -132.797958374 1522.26794434 53.7953033447 -172.947509766 1467.27844238
0.037605047226 8 -315.076904297 -94.3272399902 1491.515625 -348.607971191 266.211730957 1567.09924316 -337.403503418 74.3504714966 1383.71496582 -354.38079834 13.6649093628 1656.93811035 -95.3764190674 -117.212043762 1361.65478516 -161.010055542 -129.177459717 1727.17016602 98.5882415771 -141.418701172 1537.27282715 78.490234375 -201.011123657 1498.28527832
0.0325710773468 8 -316.325622559 -96.4498138428 1492.50732422 -348.091247559 266.255371094 1568.47058105 -336.875579834 73.4366912842 1383.04724121 -356.694793701 16.256729126 1656.61975098 -97.8625030518 -118.251922607 1360.71252441 -165.786651611 -128.316375732 1718.42199707 100.331054688 -149.123825073 1550.49462891 66.666885376 -192.670791626 1494.0246582
0.0339360237122 8 -316.127349854 -100.428779602 1494.3815918 -347.471710205 265.706970215 1569.11999512 -333.127929688 71.5990600586 1384.15673828 -358.69720459 17.9050140381 1656.29858398 -97.1189422607 -119.726272583 1361.47277832 -171.961242676 -131.523788452 1705.98657227 98.4824523926 -155.583618164 1558.83007812 90.8622131348 -163.492355347 1430.25036621
0.0269088745117 8 -317.04296875 -104.603515625 1497.82458496 -346.111114502 265.413238525 1569.78991699 -329.985900879 70.1233062744 1386.91064453 -363.886169434 19.6605377197 1657.08251953 -95.9638977051 -120.246856689 1361.03112793 -184.470001221 -134.268386841 1689.9588623 81.6473999023 -159.731674194 1561.09313965 56.6269989014 -172.016540527 1403.19665527
0.0350611209869 8 -318.363006592 -107.442565918 1498.88842773 -344.986419678 264.595336914 1570.98449707 -327.546936035 69.5548400879 1388.31469727 -365.908325195 20.765045166 1656.81665039 -96.4312286377 -119.846328735 1359.17687988 -199.388000488 -137.432540894 1687.75720215 83.2956237793 -164.93119812 1566.69250488 29.9236755371 -174.22366333 1414.45080566
0.0409398078918 8 -317.79788208 -109.093818665 1499.11621094 -344.114135742 264.526000977 1572.28466797 -321.465393066 69.3938751221 1391.05224609 -363.588134766 21.8992919922 1654.97924805 -95.2159118652 -122.498474121 1363.12890625 -199.9453125 -142.700042725 1670.2565918 81.4824829102 -166.701065063 1570.98303223 31.3370513916 -184.874938965 1409.42687988
0.0309240818024 8 -318.077484131 -106.954841614 1499.88220215 -342.996459961 264.969207764 1574.82092285 -317.914733887 73.9080047607 1393.31262207 -366.163146973 25.5389404297 1655.45129395 -95.5221557617 -117.486999512 1363.0802002 -197.51222229 -147.367614746 1645.71264648 82.2349243164 -168.338134766 1578.27734375 66.149520874 -212.83807373 1410.49890137
0.0305399894714 8 -314.471679688 -100.290481567 1503.03356934 -340.879943848 266.374847412 1576.47705078 -313.146484375 89.141746521 1394.33996582 -354.11932373 39.5326919556 1666.06188965 -92.1642456055 -97.073387146 1380.89050293 -199.84954834 -160.606689453 1626.22888184 82.7639465332 -157.847061157 1570.24304199 60.9165649414 -229.149017334 1419.2244873
0.0305290222168 8 -316.734222412 -103.723976135 1502.51721191 -341.040924072 266.972503662 1575.86010742 -314.943145752 82.6698379517 1395.56347656 -359.009185791 35.3507156372 1660.80834961 -90.4077911377 -101.822303772 1391.88867188 -175.140594482 -131.644195557 1443.64038086 85.7255706787 -168.067932129 1568.8425293 63.1908874512 -229.554077148 1460.56469727
0.0317170619965 8 -319.433868408 -106.635345459 1502.14208984 -340.795684814 266.831970215 1575.69384766 -317.662475586 79.1005706787 1395.14953613 -360.563293457 32.1853179932 1660.21057129 -93.2528839111 -110.175933838 1387.09362793 -165.823547363 -134.393310547 1440.70898438 84.0797729492 -173.346893311 1558.27111816 73.1041259766 -229.114196777 1456.15087891
0.0339479446411 8 -319.529571533 -107.958572388 1503.4934082 -340.187011719 266.135803223 1576.17285156 -317.671600342 75.9406433105 1394.81884766 -361.916717529 30.486907959 1660.55639648 -95.2076721191 -116.634918213 1389.05297852 -168.961013794 -137.933258057 1449.84960938 85.2381744385 -177.523544312 1551.5682373 79.0340270996 -233.268737793 1448.47070312
0.0311319828033 8 -321.383148193 -110.102355957 1504.8269043 -339.686981201 265.478424072 1575.93603516 -318.689453125 72.3515548706 1393.91357422 -362.45690918 30.2060089111 1660.47094727 -95.6395874023 -121.38028717 1385.7487793 -139.486175537 -159.15637207 1447.44934082 90.0142974854 -182.923583984 1538.50866699 89.8926239014 -242.289215088 1438.90197754
0.03116106987 8 -322.375823975 -111.670204163 1505.95507812 -339.165679932 265.166595459 1576.0994873 -319.780059814 69.2539367676 1394.18554688 -363.512176514 28.8076019287 1660.24902344 -97.1081848145 -124.881790161 1385.51147461 -142.11491394 -140.570892334 1462.95397949 63.192199707 -180.75453186 1511.95117188 148.219039917 -263.609069824 1533.09301758
0.0351779460907 8 -327.51373291 -109.878349304 1509.80578613 -338.607635498 265.430725098 1576.40625 -334.826599121 69.1163330078 1402.87268066 -362.821228027 30.9001312256 1659.67956543 -124.826705933 -106.537460327 1378.45263672 -150.377166748 -108.129348755 1455.88244629 45.696762085 -187.553695679 1489.46557617 142.39553833 -260.435791016 1511.26623535
0.0317420959473 8 -326.352203369 -104.853889465 1503.45336914 -337.587768555 265.889251709 1576.26049805 -332.536773682 73.8131637573 1400.40686035 -360.843231201 26.1033477783 1659.14343262 -138.752868652 -94.6004714966 1372.33288574 -167.601501465 -109.668457031 1497.60571289 36.3729400635 -181.082641602 1468.07202148 130.092803955 -267.642669678 1487.10754395
0.0379898548126 8 -325.871704102 -100.597801208 1498.2565918 -336.624786377 265.651702881 1576.03857422 -334.436553955 77.1971588135 1397.27966309 -361.15737915 23.3075256348 1657.2635498 -128.292770386 -104.24772644 1360.86242676 -170.092178345 -110.724380493 1494.86169434 20.4408569336 -155.425567627 1436.7623291 117.434646606 -271.476318359 1458.31286621
0.0415449142456 8 -325.767303467 -98.1210708618 1496.56799316 -335.574829102 265.003143311 1575.64086914 -331.960449219 78.3763046265 1395.48217773 -360.737243652 22.3022994995 1656.82836914 -126.359466553 -111.277458191 1357.24291992 -172.838775635 -105.850746155 1485.35913086 -1.00397491455 -161.31652832 1426.58068848 118.083099365 -273.79473877 1437.46655273
0.0293500423431 8 -322.729553223 -97.16381073 1497.4642334 -334.610321045 264.810302734 1575.74169922 -327.147674561 77.0826339722 1396.00671387 -350.497589111 22.3562545776 1657.52331543 -118.016769409 -116.421546936 1357.36535645 -201.511016846 -105.455627441 1503.4128418 -11.5948638916 -169.284942627 1383.41711426 122.06930542 -274.229492188 1417.93041992
0.0329411029816 8 -321.203460693 -94.5540390015 1502.7232666 -333.419281006 265.20489502 1576.33215332 -323.465087891 75.21144104 1395.55859375 -347.914489746 27.1365661621 1660.16430664 -114.10635376 -120.99017334 1353.6496582 -203.210617065 -103.606582642 1502.5559082 -17.2209396362 -168.456512451 1367.19445801 106.224014282 -272.481262207 1395.80456543
0.0307900905609 8 -323.993286133 -91.866645813 1506.6751709 -332.511688232 265.601837158 1576.07873535 -323.983215332 71.5860366821 1394.02648926 -356.596252441 31.3847122192 1658.83532715 -131.714767456 -132.829650879 1326.06542969 -201.183822632 -106.028297424 1511.23168945 -4.58959960938 -166.107940674 1358.60400391 108.84022522 -272.992553711 1381.03027344
0.0314269065857 8 -325.563720703 -90.1867752075 1507.88024902 -331.814239502 265.832061768 1575.18566895 -324.150878906 69.3128662109 1393.08154297 -361.255004883 32.369644165 1657.30249023 -142.261749268 -140.266159058 1313.49816895 -211.27255249 -113.413360596 1523.37939453 0.485382080078 -167.595596313 1340.01818848 106.918304443 -271.138122559 1361.85009766
0.035227060318 8 -324.274627686 -89.3514480591 1508.13500977 -331.217346191 265.870605469 1573.51879883 -322.490753174 69.7613143921 1392.62036133 -356.147857666 33.5851974487 1658.24975586 -146.877258301 -141.866912842 1307.77685547 -219.9037323 -121.852272034 1534.16247559 16.3162231445 -173.035888672 1333.6673584 108.806411743 -273.470947266 1347.33410645
0.0309369564056 8 -324.639312744 -89.9762802124 1507.9921875 -329.489715576 266.476959229 1572.20849609 -322.46786499 69.4174804688 1392.24731445 -354.392852783 32.7080535889 1659.22485352 -145.984298706 -140.098922729 1303.77526855 -220.808135986 -125.846343994 1551.9095459 34.0913085938 -191.720184326 1343.09985352 113.844055176 -272.894165039 1332.71069336
0.0314750671387 8 -324.898925781 -89.4817886353 1509.20593262 -328.220001221 266.456481934 1570.68579102 -323.406921387 67.6002426147 1390.96862793 -354.299987793 33.4532089233 1659.80383301 -143.224807739 -140.263458252 1299.18737793 -222.300262451 -129.631866455 1559.02783203 23.8554840088 -212.935241699 1318.65026855 128.59197998 -272.547821045 1321.41931152
0.0354027748108 8 -324.643218994 -91.5649337769 1507.71289062 -327.444335938 266.258148193 1569.10229492 -322.733947754 63.2044830322 1388.24316406 -353.270080566 31.1660766602 1657.20507812 -133.621002197 -141.710113525 1288.95910645 -216.085159302 -128.849990845 1548.79724121 102.750717163 -223.531341553 1310.1307373 40.2002410889 -232.658569336 1297.28662109
0.030935049057 8 -323.809661865 -95.6034545898 1506.19372559 -325.986419678 266.591918945 1567.30041504 -316.510498047 57.2246398926 1385.19665527 -351.568359375 28.0017700195 1654.52209473 -127.439361572 -144.054718018 1269.81982422 -138.724746704 -123.582702637 1428.85192871 115.795257568 -227.078460693 1298.47399902 60.4874420166 -243.655914307 1285.62878418
0.031378030777 8 -322.441467285 -99.05909729 1504.52758789 -324.40637207 266.213806152 1563.54711914 -312.894104004 52.1191558838 1382.00878906 -348.983825684 25.3000335693 1652.1328125 -127.842041016 -144.491439819 1269.92382812 -139.309585571 -121.788589478 1409.90588379 121.691238403 -227.107025146 1291.03308105 70.3650054932 -250.483856201 1279.22607422
0.0356800556183 8 -318.469940186 -102.221290588 1501.97045898 -321.939147949 266.761108398 1557.95324707 -310.842224121 43.571182251 1383.60595703 -335.151733398 22.7714538574 1641.3347168 -125.618606567 -152.552474976 1270.15380859 -156.445480347 -90.6479415894 1389.22473145 140.093154907 -239.325973511 1286.04846191 113.877975464 -251.046295166 1269.68908691
0.0348279476166 8 -315.315826416 -97.3198776245 1495.85766602 -320.87713623 266.501098633 1557.3605957 -301.901184082 48.010635376 1373.89489746 -331.10333252 39.9671936035 1626.54406738 -125.988449097 -138.013168335 1264.60693359 -165.146133423 -90.4875793457 1387.50805664 128.55632019 -219.941268921 1269.77514648 118.353347778 -265.111450195 1261.06811523
0.0281050205231 8 -314.750305176 -101.273086548 1494.78808594 -318.267822266 266.516235352 1554.11987305 -297.464019775 44.397064209 1370.81506348 -328.940948486 35.6765441895 1628.69641113 -126.025238037 -133.011260986 1259.81140137 -166.423522949 -86.317276001 1387.08984375 154.67098999 -216.49319458 1254.43896484 107.470947266 -267.368103027 1251.59692383
0.043016910553 8 -316.661804199 -102.595184326 1494.58911133 -315.715576172 266.611877441 1551.44799805 -300.824981689 45.6386489868 1371.89367676 -329.967987061 34.3113021851 1630.08044434 -128.874710083 -133.576812744 1259.79418945 -162.472824097 -81.4032745361 1384.91845703 149.10395813 -215.923431396 1237.59790039 81.1718444824 -257.920501709 1243.9276123
0.0327191352844 8 -315.991607666 -103.612304688 1494.58764648 -312.144866943 264.934783936 1548.09985352 -298.844299316 43.2008972168 1369.94067383 -329.818908691 32.1880187988 1631.52636719 -130.375671387 -134.011749268 1261.11218262 -159.555328369 -83.440788269 1381.91247559 32.6134338379 -208.170791626 1249.8996582 138.258239746 -266.878540039 1234.30725098
0.0302269458771 8 -315.774810791 -104.560897827 1492.93640137 -310.968719482 264.422729492 1547.67907715 -298.531921387 43.5701446533 1368.7331543 -328.502929688 29.2943572998 1632.89160156 -133.607711792 -131.761550903 1259.72436523 -152.254119873 -99.6232910156 1379.35644531 28.7978973389 -203.901000977 1239.95507812 139.457366943 -267.806060791 1226.58312988
0.0389559268951 8 -316.389312744 -106.98021698 1491.00793457 -309.255767822 264.329833984 1546.46472168 -298.633422852 44.708152771 1368.00927734 -326.381469727 22.4762496948 1637.95898438 -135.244338989 -130.533569336 1259.79516602 -151.248016357 -115.965263367 1374.08154297 23.946182251 -201.747116089 1237.04724121 137.34588623 -269.270141602 1222.01464844
0.02689909935 8 -315.439208984 -99.8956756592 1492.9708252 -306.889160156 263.332000732 1544.63708496 -298.087005615 44.2027511597 1367.92907715 -326.604095459 20.716835022 1641.39245605 -134.690139771 -130.841400146 1258.80285645 -150.208297729 -120.254310608 1407.68115234 34.6394195557 -207.743453979 1241.48999023 142.397872925 -272.052032471 1221.3236084
0.0316009521484 8 -314.496551514 -102.007011414 1493.40808105 -305.219085693 263.54309082 1543.67907715 -297.416870117 43.6319503784 1367.16491699 -326.411071777 21.3120346069 1642.03625488 -133.582244873 -132.237243652 1256.54907227 -157.775741577 -117.988700867 1416.07373047 49.7796783447 -207.709625244 1233.77893066 145.523666382 -274.892120361 1223.10546875
0.0350389480591 8 -313.763183594 -103.741867065 1493.21630859 -301.300170898 263.439941406 1540.8359375 -296.826416016 43.6162109375 1367.01965332 -325.891113281 20.4111022949 1642.76867676 -133.312133789 -133.508346558 1254.8170166 -152.259994507 -121.508163452 1416.10864258 74.0501098633 -216.072937012 1234.22766113 162.916641235 -285.151489258 1224.00732422
0.0312950611115 8 -313.346008301 -106.664825439 1491.84362793 -295.67376709 260.598602295 1538.3626709 -296.663208008 42.2128829956 1367.25085449 -324.538269043 14.9663162231 1643.65588379 -134.552459717 -136.151275635 1255.28271484 -144.377334595 -124.505027771 1411.25476074 81.1898803711 -222.985946655 1238.42272949 173.40083313 -295.397857666 1229.3536377
0.0318379402161 8 -311.773529053 -108.548286438 1494.01123047 -291.574401855 258.135955811 1538.63317871 -293.916931152 39.2216720581 1366.84716797 -322.686523438 15.3568649292 1645.18676758 -134.986877441 -138.880767822 1253.74401855 -143.652862549 -123.809745789 1409.81335449 95.4263000488 -234.552124023 1245.46240234 173.916931152 -303.744476318 1232.32214355
0.0351431369781 8 -311.524536133 -109.265388489 1495.63024902 -290.591094971 257.816650391 1538.66235352 -294.490844727 37.9889678955 1367.31799316 -322.059082031 16.4490356445 1645.70715332 -135.416503906 -141.530380249 1254.32385254 -148.229690552 -126.707885742 1408.57775879 60.9196166992 -229.957290649 1249.33227539 146.39604187 -306.330810547 1255.12658691
0.0322308540344 8 -312.804656982 -111.249649048 1499.55786133 -288.771331787 257.842254639 1537.77050781 -296.031677246 34.1781005859 1367.97265625 -320.657897949 19.2225036621 1646.73364258 -135.47984314 -145.427474976 1255.80102539 -180.558883667 -158.34425354 1423.48583984 73.3294372559 -254.672943115 1266.36022949 175.430465698 -319.587432861 1267.01428223
0.0349130630493 8 -313.698181152 -112.451583862 1502.25061035 -285.444335938 257.369262695 1536.34399414 -296.584136963 31.3800201416 1367.93579102 -319.743865967 21.4496002197 1647.35375977 -135.991271973 -150.185058594 1256.15844727 -175.405990601 -159.86668396 1431.45935059 100.445419312 -271.570068359 1277.84375 187.080581665 -326.46282959 1273.74816895
0.0322229862213 8 -313.237854004 -113.314559937 1501.19897461 -282.725463867 257.132720947 1536.42932129 -295.249572754 31.5758056641 1367.57531738 -319.733764648 19.2257080078 1648.04260254 -137.978439331 -156.643554688 1256.04602051 -169.573257446 -158.22164917 1422.69128418 98.7781677246 -277.876678467 1289.4354248 180.984970093 -334.835998535 1285.03259277
0.037896156311 8 -311.209503174 -112.818748474 1501.87280273 -278.315307617 256.762542725 1536.23046875 -288.898834229 30.4505310059 1364.03857422 -318.291534424 23.392868042 1648.22338867 -141.368240356 -165.423980713 1259.6472168 -130.445266724 -160.302322388 1434.64221191 109.314727783 -296.550415039 1305.52453613 66.1867980957 -315.372253418 1252.63842773
0.0325808525085 8 -307.76651001 -109.234680176 1503.34436035 -274.682434082 257.869445801 1536.8873291 -280.030181885 38.5026092529 1368.48327637 -316.629180908 30.635848999 1648.74353027 -151.643600464 -176.302154541 1275.05310059 -119.538391113 -157.891647339 1441.44360352 100.776397705 -312.280273438 1320.25317383 62.8408508301 -306.121856689 1254.00012207
0.0344190597534 8 -308.192749023 -111.263969421 1504.0802002 -269.783966064 258.579742432 1537.7355957 -283.676605225 34.3921966553 1368.91821289 -317.800689697 26.8645935059 1648.69628906 -146.585327148 -170.402191162 1267.72216797 -124.229980469 -163.339111328 1445.64758301 97.5865936279 -315.038848877 1337.16662598 63.2844390869 -316.098815918 1258.28674316
0.0343899726868 8 -307.791442871 -112.904174805 1504.65356445 -266.668579102 257.16809082 1538.70568848 -284.681640625 31.9334564209 1368.89379883 -318.673217773 25.2747955322 1648.63623047 -147.720932007 -177.153610229 1267.96008301 -126.551956177 -165.840164185 1448.19909668 96.5631561279 -322.570983887 1351.60522461 62.2723236084 -321.849945068 1261.53039551
0.0273540019989 8 -305.826202393 -114.967102051 1502.76000977 -259.811584473 255.90184021 1538.43615723 -284.16506958 32.6593780518 1368.67822266 -319.468902588 22.4289703369 1648.28320312 -149.351898193 -180.587646484 1270.56872559 -137.650054932 -169.736495972 1455.40344238 95.3704833984 -327.856689453 1368.86877441 60.901763916 -329.278747559 1267.59436035
0.0351319313049 8 -302.068237305 -121.329292297 1501.86462402 -254.931137085 255.672729492 1538.39025879 -273.919921875 28.5213012695 1367.3605957 -319.405761719 18.4224700928 1648.52026367 -149.103210449 -192.31338501 1273.22070312 -146.841506958 -174.779052734 1463.17590332 92.4258117676 -332.14831543 1381.21948242 51.41065979 -336.729431152 1288.83068848
0.0314090251923 8 -304.203765869 -120.839752197 1501.56616211 -251.568786621 255.757354736 1538.21936035 -277.701324463 28.7694015503 1367.57019043 -317.945709229 18.9428787231 1647.55358887 -150.53918457 -212.525360107 1279.33337402 -156.858947754 -175.124145508 1481.08691406 83.8731689453 -340.374023438 1394.92944336 46.8556518555 -342.594909668 1305.27185059
0.0316751003265 8 -305.017272949 -123.766983032 1499.94506836 -246.569885254 255.264022827 1538.80847168 -278.007171631 30.0520477295 1367.81311035 -316.654632568 18.2665252686 1646.70983887 -152.466964722 -215.402923584 1281.63378906 -172.920303345 -174.851623535 1505.6784668 79.0926513672 -341.993713379 1405.01782227 64.706161499 -387.155426025 1423.92675781
0.0357389450073 8 -305.826904297 -125.308914185 1500.5291748 -243.51260376 254.283950806 1540.01818848 -278.196655273 31.301071167 1368.42248535 -315.085510254 18.0339813232 1649.22180176 -153.454360962 -215.719299316 1286.19482422 -190.342147827 -174.233520508 1532.46765137 135.077285767 -388.56439209 1436.24035645 79.2877349854 -389.852294922 1432.4239502
0.0319039821625 8 -303.021759033 -117.274391174 1503.61804199 -235.798736572 252.308349609 1539.99560547 -267.68951416 44.593170166 1377.36254883 -311.613708496 30.9519500732 1649.71801758 -167.769210815 -225.672180176 1296.82055664 -193.796051025 -161.422775269 1541.38684082 -4.21907043457 -323.94152832 1391.9407959 111.250854492 -391.424438477 1448.30407715
0.0356121063232 8 -303.121429443 -118.294342041 1503.89367676 -229.49017334 250.705062866 1542.21289062 -266.533233643 41.8308563232 1378.51574707 -311.286102295 28.1642913818 1649.43322754 -166.658035278 -223.359451294 1295.00927734 -186.822341919 -161.624588013 1534.99438477 67.2019042969 -380.37298584 1451.14575195 156.784042358 -416.873413086 1467.74035645
0.0410408973694 8 -302.402862549 -119.633300781 1503.32177734 -216.141998291 244.733978271 1540.54724121 -265.727630615 37.313117981 1375.24267578 -311.500762939 25.8559494019 1648.68945312 -166.349517822 -223.75100708 1303.7947998 -186.222961426 -162.82699585 1531.61230469 95.3129882812 -398.550598145 1470.30969238 56.0330200195 -376.898498535 1379.05834961
0.028813123703 8 -298.314971924 -119.736228943 1502.72460938 -209.643844604 240.512176514 1538.15917969 -254.076629639 35.4621734619 1372.17248535 -309.04019165 27.2234802246 1648.92785645 -167.841842651 -228.734573364 1309.4901123 -192.732116699 -160.470535278 1539.37902832 93.7516326904 -407.572692871 1481.20288086 -12.4037475586 -364.081115723 1414.66882324
0.0350208282471 8 -295.253356934 -115.088737488 1504.07885742 -209.819915771 240.190704346 1539.19482422 -249.076477051 39.4565887451 1374.28552246 -308.337280273 32.6702270508 1648.5057373 -164.861694336 -233.546157837 1314.3770752 -196.601654053 -150.097824097 1547.22399902 91.9295654297 -417.94720459 1490.46508789 36.0281219482 -369.319519043 1365.45800781
0.0300481319427 8 -293.314666748 -115.538169861 1504.1739502 -204.741241455 237.929992676 1537.97045898 -244.599472046 39.6048355103 1372.9486084 -300.929412842 33.6318435669 1650.30090332 -159.276672363 -239.521820068 1321.90014648 -200.554931641 -150.521606445 1553.06213379 94.4778137207 -423.60345459 1499.9666748 38.4349822998 -371.381530762 1365.38671875
0.0313799381256 8 -291.383666992 -117.135490417 1503.43676758 -200.830718994 233.501800537 1536.8807373 -239.899581909 36.9008789062 1371.51281738 -297.26965332 32.2276153564 1649.8536377 -161.601531982 -245.307159424 1324.32019043 -202.653930664 -153.345550537 1555.10461426 83.1191711426 -421.862670898 1501.92675781 39.7228240967 -374.452636719 1365.7064209
0.0389950275421 8 -287.134124756 -123.411941528 1503.70336914 -197.486968994 228.048553467 1535.16003418 -227.403259277 23.2371520996 1372.74853516 -291.580444336 21.8887329102 1648.93066406 -163.470535278 -244.044555664 1325.81103516 -202.120635986 -165.675231934 1553.29150391 76.8583679199 -415.411987305 1498.05236816 43.454284668 -383.28137207 1369.90771484
0.0275819301605 8 -285.718902588 -127.086380005 1504.81176758 -194.363861084 225.322540283 1533.76745605 -221.078414917 18.4618377686 1377.72277832 -290.15512085 16.8544769287 1648.9498291 -165.129959106 -242.650375366 1329.34863281 -202.068359375 -174.558197021 1542.28771973 79.0084228516 -413.184082031 1499.5736084 54.9124145508 -406.242797852 1386.45922852
0.0314869880676 8 -286.077148438 -131.377319336 1504.84741211 -186.772216797 217.437911987 1531.85302734 -216.874313354 14.2266235352 1379.38842773 -287.874786377 13.1715087891 1649.18041992 -164.965164185 -241.399703979 1330.60168457 -202.435089111 -180.984588623 1538.57312012 71.5831604004 -407.575866699 1494.86328125 54.7804870605 -416.219116211 1395.78588867
0.0359661579132 8 -284.863891602 -132.664291382 1504.0736084 -185.601348877 218.150863647 1531.36010742 -213.941375732 11.5349121094 1378.03637695 -285.91317749 11.2979431152 1648.92773438 -163.351409912 -242.696517944 1329.59521484 -204.59576416 -184.857788086 1544.01647949 67.4707946777 -404.402587891 1488.75256348 -0.607208251953 -411.084716797 1440.42004395
0.0317578315735 8 -284.421569824 -132.571090698 1502.92602539 -177.365386963 213.077758789 1531.25708008 -212.734008789 12.4228515625 1376.01550293 -283.486816406 13.257019043 1647.84680176 -162.72505188 -244.784454346 1328.93920898 -198.651107788 -178.738357544 1540.7166748 81.0889282227 -418.637512207 1492.53686523 46.5780334473 -411.977478027 1389.86767578
0.0375411510468 8 -284.826263428 -136.041931152 1506.9107666 -167.822555542 208.285018921 1530.33422852 -216.651931763 7.92074584961 1375.13586426 -287.467346191 17.8085021973 1644.97180176 -158.891403198 -250.937194824 1331.61938477 -204.729766846 -174.315490723 1536.77197266 76.5803375244 -417.281860352 1481.08215332 -7.24284362793 -409.705871582 1437.58312988
0.0361678600311 8 -282.992340088 -139.040542603 1506.19763184 -164.402877808 207.404251099 1529.59277344 -211.114089966 4.79028320312 1375.78186035 -286.514221191 15.8226013184 1643.55554199 -162.996551514 -255.938842773 1326.02233887 -205.445083618 -175.649795532 1533.78649902 93.0502624512 -430.827819824 1482.29296875 -3.6568145752 -408.742126465 1423.60949707
0.0303499698639 8 -280.311248779 -142.034240723 1504.14282227 -161.052368164 204.010482788 1529.10400391 -204.763519287 -0.685943603516 1375.1907959 -287.096862793 12.4562988281 1639.79748535 -163.835678101 -274.256072998 1311.79553223 -207.128173828 -168.470901489 1535.15490723 98.7089385986 -433.126159668 1471.41564941 -4.63250732422 -413.230285645 1425.20288086
0.0346059799194 8 -279.441070557 -147.932037354 1497.84301758 -162.178726196 203.319000244 1528.72155762 -199.760101318 -14.4713745117 1361.38134766 -281.605926514 3.74703979492 1638.4543457 -171.75932312 -303.202362061 1291.63208008 -212.153015137 -174.629364014 1542.56604004 112.644760132 -437.447692871 1461.5111084 29.8665466309 -404.689849854 1358.38195801
0.0314691066742 8 -279.93637085 -149.297851562 1495.46630859 -158.852355957 201.452026367 1527.93432617 -202.149932861 -13.8283538818 1360.36425781 -277.954528809 2.35792541504 1635.65209961 -170.899688721 -302.237182617 1294.48034668 -208.470611572 -174.069244385 1538.27282715 114.746612549 -443.433837891 1445.72119141 -6.15107727051 -408.593383789 1398.52282715
0.0315480232239 8 -277.814239502 -152.182327271 1492.60913086 -154.121856689 197.155075073 1523.37207031 -197.172454834 -20.3831634521 1352.34387207 -277.318572998 0.818832397461 1634.52111816 -166.867996216 -301.231567383 1295.96008301 -218.174102783 -179.006149292 1547.55737305 110.30531311 -443.294281006 1425.33947754 26.1588287354 -411.286621094 1343.34863281
0.0317058563232 8 -277.803314209 -152.220550537 1492.60656738 -153.132537842 196.038864136 1522.19433594 -198.571182251 -19.3944091797 1356.17285156 -274.213500977 -1.11544799805 1632.92480469 -165.20690918 -300.77255249 1295.78259277 -224.601531982 -183.391952515 1555.41906738 112.64755249 -446.69342041 1404.64929199 22.0811920166 -404.571777344 1333.43896484
0.0351572036743 8 -274.906433105 -154.972564697 1492.0324707 -151.952392578 195.069580078 1521.0859375 -192.543640137 -26.3231964111 1352.72155762 -272.919677734 -2.15232849121 1631.25891113 -161.373794556 -306.70904541 1291.89294434 -232.365829468 -189.938201904 1566.13586426 120.177932739 -451.250427246 1385.24450684 2.72348022461 -352.85534668 1364.0892334
0.0349318981171 8 -273.1171875 -157.252929688 1491.3704834 -150.47543335 194.03024292 1520.56933594 -188.073974609 -29.8179168701 1351.45898438 -270.125427246 -3.55113220215 1630.70556641 -162.438720703 -309.743835449 1291.20300293 -244.939971924 -200.146728516 1581.0736084 124.512115479 -456.682250977 1363.74291992 -12.0407562256 -332.719696045 1350.56896973
0.0283720493317 8 -275.336334229 -162.790969849 1490.38208008 -148.988769531 193.384231567 1521.09240723 -188.71005249 -26.4968566895 1353.87475586 -266.162750244 -4.85620117188 1630.69262695 -164.897964478 -308.564331055 1291.28344727 -255.477844238 -209.9947052 1595.93701172 111.664474487 -450.083343506 1342.01977539 -17.7647399902 -321.183044434 1338.05419922
0.0361268520355 8 -272.033996582 -161.159698486 1491.90332031 -148.396026611 193.244354248 1521.62280273 -181.457366943 -23.0771026611 1359.53991699 -262.085906982 -1.38859558105 1630.34240723 -164.862442017 -310.218078613 1290.23583984 -262.633300781 -213.824935913 1609.31054688 113.365493774 -457.555969238 1319.95812988 -16.4425354004 -322.955596924 1328.13098145
0.0314910411835 8 -274.822998047 -165.60748291 1491.23266602 -145.814651489 192.486953735 1520.75292969 -185.658401489 -23.2142791748 1358.69104004 -262.132659912 -3.2993927002 1630.11633301 -158.201446533 -286.218322754 1288.03442383 -268.457489014 -217.769058228 1606.2512207 121.823059082 -461.776947021 1301.76306152 -15.7537994385 -319.303314209 1318.80847168
0.0316100120544 8 -273.302337646 -163.292495728 1491.49963379 -145.401580811 193.389755249 1520.64318848 -183.090057373 -19.9962615967 1359.52429199 -259.183135986 0.214920043945 1629.90368652 -160.854370117 -254.107086182 1294.08007812 -256.005706787 -207.085266113 1584.59448242 115.517425537 -463.375976562 1284.18737793 -1.56019592285 -318.414367676 1308.65197754
0.0359499454498 8 -274.862213135 -164.142669678 1489.85021973 -144.705963135 194.001312256 1520.10473633 -184.251358032 -15.6249847412 1358.93725586 -255.435317993 0.700119018555 1630.76025391 -157.813369751 -257.707824707 1290.1159668 -134.718353271 -156.74432373 1390.54870605 107.829818726 -463.130401611 1269.09313965 29.5986633301 -361.37298584 1291.46081543
0.0318040847778 8 -274.656860352 -162.496536255 1488.83093262 -144.121566772 195.055587769 1520.09033203 -185.723236084 -10.413848877 1359.1081543 -252.809173584 2.10336303711 1631.29516602 -155.793762207 -255.207580566 1285.22387695 -137.389831543 -151.732925415 1382.51403809 96.3289794922 -459.574035645 1256.90893555 27.8923339844 -360.534881592 1282.17272949
0.0319421291351 8 -273.528106689 -157.354721069 1490.44604492 -141.934005737 195.927719116 1519.54833984 -187.066558838 -3.12092590332 1361.89135742 -252.60496521 4.98210144043 1635.35668945 -152.841049194 -244.723617554 1284.83056641 -141.189819336 -148.349380493 1379.94372559 88.3969421387 -457.669616699 1245.84094238 23.8429870605 -371.748596191 1273.62719727
0.0390918254852 8 -273.448181152 -153.568893433 1490.67016602 -141.945007324 196.229125977 1518.83654785 -189.577972412 -0.91584777832 1361.05627441 -250.294662476 6.10426330566 1635.9473877 -155.649688721 -242.415618896 1282.89782715 -140.456359863 -146.992584229 1378.49279785 77.7436523438 -455.925842285 1236.68969727 18.2410125732 -374.997955322 1261.22363281
0.0288619995117 8 -273.933105469 -154.954833984 1491.16711426 -142.564956665 196.282775879 1518.66015625 -191.638381958 -4.63069152832 1360.18273926 -250.630203247 3.71806335449 1635.41247559 -180.316497803 -242.946990967 1265.26660156 -141.440338135 -148.0287323 1375.99572754 62.6368255615 -453.231750488 1228.30517578 -11.0068511963 -388.945159912 1253.95019531
0.0320510864258 8 -274.443603516 -156.015411377 1490.72644043 -143.336975098 196.188796997 1519.07385254 -193.099197388 -7.21096801758 1359.7590332 -251.250213623 1.39129638672 1634.24462891 -196.805099487 -250.275222778 1264.14306641 -142.887115479 -146.156860352 1371.09069824 52.6035003662 -457.14855957 1218.80786133 -17.8550567627 -399.714416504 1250.54040527
0.0360028743744 8 -281.207794189 -161.948959351 1485.52038574 -144.137084961 196.542053223 1519.30493164 -201.79473877 -3.80944824219 1359.6809082 -252.366256714 -5.54425048828 1633.3581543 -208.200256348 -261.104705811 1268.77233887 -143.732696533 -148.384887695 1366.71459961 40.7419586182 -447.920318604 1215.7878418 -33.8818130493 -398.895568848 1244.35009766
0.0320470333099 8 -286.12121582 -160.948532104 1485.40905762 -146.971618652 198.454391479 1519.6652832 -217.607177734 -4.24510192871 1360.43432617 -259.336853027 -9.37364196777 1630.9309082 -199.344863892 -257.058288574 1269.76904297 -156.133758545 -135.109085083 1357.07568359 33.1952362061 -450.500762939 1203.75463867 -44.2313232422 -404.928405762 1237.36791992
0.0358090400696 8 -287.016601562 -160.962402344 1485.3770752 -158.32723999 200.521850586 1524.43798828 -218.614776611 -4.90797424316 1361.94396973 -262.58694458 -9.46873474121 1629.32336426 -207.491348267 -261.885192871 1272.69970703 -162.451324463 -123.768623352 1352.72473145 6.35661315918 -455.857452393 1211.56921387 -23.9798126221 -420.380981445 1217.3449707
0.0323169231415 8 -290.535705566 -160.026611328 1485.4197998 -171.4402771 205.996704102 1529.09619141 -227.236099243 -2.20472717285 1364.08972168 -265.258789062 -9.53617858887 1628.07116699 -221.752716064 -241.716522217 1256.04541016 -171.734466553 -116.735328674 1348.41772461 -71.0440826416 -408.374847412 1242.97851562 -25.8106994629 -428.361572266 1208.34057617
0.0321671962738 8 -292.520080566 -159.020294189 1485.47375488 -179.735748291 208.965698242 1530.00476074 -232.05758667 -0.483932495117 1365.6373291 -266.906219482 -9.40013122559 1627.27697754 -229.403533936 -239.597366333 1259.63220215 -175.824035645 -116.328285217 1343.98852539 -95.8915863037 -415.818969727 1270.46313477 -43.0893249512 -425.303039551 1207.8659668
0.0361409187317 8 -297.014587402 -155.431427002 1486.45300293 -188.573822021 212.172515869 1530.68908691 -239.863525391 0.773452758789 1367.06188965 -271.688476562 -7.65232849121 1625.88220215 -226.887374878 -247.854721069 1262.66601562 -174.156463623 -111.841056824 1341.23303223 -110.113929749 -397.273071289 1239.05334473 -56.0547637939 -415.782012939 1204.98669434
0.0313909053802 8 -297.097167969 -155.625595093 1485.97473145 -201.238174438 217.37286377 1530.30603027 -240.119506836 1.33215332031 1367.39892578 -274.88458252 -7.18008422852 1625.30541992 -230.619293213 -245.681289673 1261.4510498 -181.57635498 -113.3775177 1333.29736328 -103.957725525 -437.42791748 1267.80041504 -65.3826446533 -423.661315918 1198.06164551
0.034548997879 8 -298.467498779 -154.846450806 1485.65356445 -204.905731201 220.89932251 1531.765625 -243.416259766 4.06100463867 1368.74633789 -278.911621094 -5.98333740234 1624.96264648 -233.894439697 -245.285095215 1262.95446777 -187.038146973 -117.423698425 1330.0958252 -106.194190979 -444.368988037 1266.9041748 -81.375617981 -421.934173584 1195.97009277
0.0333821773529 8 -300.589874268 -151.056518555 1486.16357422 -214.194198608 222.502349854 1533.84802246 -249.910797119 5.03294372559 1368.74609375 -281.666168213 -5.27409362793 1624.39770508 -232.156600952 -250.499053955 1263.49108887 -191.989898682 -121.748336792 1327.37585449 -110.934677124 -449.293457031 1266.08276367 -98.3653335571 -419.360900879 1192.56726074
0.0319328308105 8 -302.572174072 -149.780014038 1486.20739746 -223.224060059 224.779220581 1535.63500977 -254.720199585 5.59173583984 1368.20874023 -284.018249512 -4.71005249023 1623.91894531 -230.371520996 -252.144256592 1262.25769043 -194.644256592 -122.11214447 1327.8059082 -130.700424194 -473.880493164 1255.35620117 -109.04598999 -425.101379395 1186.09765625
0.0320370197296 8 -305.644927979 -149.834869385 1484.10266113 -236.843444824 224.184997559 1538.2298584 -263.504272461 7.23696899414 1363.44836426 -287.41619873 -3.70010375977 1623.08947754 -233.280944824 -250.747375488 1258.15893555 -205.975067139 -124.506828308 1326.25878906 -143.753921509 -514.794250488 1233.48803711 -128.745880127 -423.85925293 1185.58312988
0.0360109806061 8 -302.670898438 -151.952362061 1482.89001465 -247.905807495 227.201019287 1542.75219727 -263.44644165 7.63754272461 1361.36364746 -295.452178955 -2.16445922852 1621.77038574 -233.549957275 -251.526092529 1253.04101562 -226.779266357 -100.474960327 1325.86108398 -133.136627197 -449.92980957 1172.1817627 -160.111358643 -402.038574219 1192.73266602
0.0349040031433 8 -303.398162842 -146.296417236 1485.01025391 -255.923919678 233.64491272 1547.79418945 -269.628051758 10.2838134766 1362.77880859 -293.832824707 -1.5920715332 1624.89453125 -267.112426758 -231.253921509 1244.20532227 -235.024215698 -87.8291168213 1328.64416504 -156.907730103 -444.406311035 1175.2331543 -177.429122925 -384.204650879 1199.82983398
0.0355520248413 8 -301.783233643 -140.332046509 1489.01538086 -259.954040527 238.566833496 1552.33093262 -271.748321533 11.3403167725 1365.16174316 -294.574493408 0.817886352539 1627.83605957 -283.125549316 -218.95262146 1247.47717285 -240.521850586 -81.9349060059 1332.81921387 -246.133804321 -347.901794434 1227.08325195 -183.692047119 -418.606994629 1187.80419922
0.0408580303192 8 -301.825775146 -134.921218872 1493.49023438 -263.872528076 243.490203857 1557.79370117 -278.583740234 9.93309020996 1373.75952148 -297.30255127 -1.1277923584 1627.4206543 -292.411437988 -210.177154541 1257.2611084 -243.248809814 -78.7266387939 1333.94018555 -256.34274292 -344.495025635 1230.2331543 -240.479263306 -355.05847168 1218.26306152
0.0289709568024 8 -289.06942749 -115.523475647 1472.76525879 -268.496765137 248.089691162 1563.45397949 -303.784667969 33.6402130127 1375.55871582 -274.111694336 -21.4952087402 1623.92883301 -317.035095215 -126.917053223 1352.95019531 -218.947967529 -94.8221206665 1329.51501465 -292.246124268 -321.734375 1226.63293457 -212.603027344 -452.402923584 1201.82775879
0.0298931598663 8 -290.524993896 -112.16318512 1477.76025391 -271.686065674 248.135284424 1563.86523438 -305.128326416 34.3170547485 1381.27587891 -277.510284424 -18.2308197021 1626.03808594 -321.620330811 -151.804840088 1330.21765137 -220.429107666 -89.6748657227 1327.88024902 -372.645080566 -458.304290771 1261.47619629 -212.357635498 -447.291320801 1193.43945312
0.0349259376526 8 -294.929046631 -98.8006896973 1487.75683594 -274.535430908 248.217834473 1564.29125977 -309.1612854 52.1296310425 1386.13183594 -286.970550537 -0.419319152832 1641.27539062 -321.16885376 -150.300964355 1320.22924805 -224.486740112 -91.8466720581 1330.31713867 -369.63684082 -453.332824707 1263.94128418 -222.82093811 -445.808258057 1190.21740723
0.0347390174866 8 -302.832885742 -100.769714355 1497.65612793 -280.334411621 249.823455811 1566.49389648 -337.008544922 41.3346786499 1394.91601562 -285.356750488 -9.55680084229 1650.27319336 -331.547424316 -127.633201599 1313.88598633 -225.012237549 -94.8867340088 1343.10705566 -378.994140625 -431.805023193 1270.14160156 -225.337219238 -467.01348877 1193.96691895
0.0270009040833 8 -307.001159668 -99.6095581055 1504.80969238 -287.944458008 252.840560913 1567.24938965 -338.187683105 36.9773788452 1398.05566406 -290.42779541 -2.9884262085 1651.14746094 -336.220428467 -144.392120361 1314.49267578 -235.89024353 -78.8016738892 1352.81506348 -288.889343262 -333.438079834 1224.57385254 -236.380599976 -469.206115723 1192.8425293
0.0334391593933 8 -309.706848145 -95.4336166382 1511.62011719 -289.323944092 252.953964233 1566.89526367 -339.553375244 44.4649581909 1401.55053711 -296.260955811 0.941749572754 1663.63574219 -355.477386475 -145.768920898 1298.04138184 -240.455627441 -76.2722320557 1357.81848145 -294.446472168 -316.923187256 1231.26806641 -271.458099365 -475.006408691 1218.03137207
0.031329870224 8 -311.751251221 -98.0545043945 1513.89196777 -295.473205566 254.013977051 1564.66088867 -326.605651855 43.2712020874 1396.97473145 -312.427124023 -0.770393371582 1670.09265137 -337.040496826 -173.086029053 1268.22338867 -253.60144043 -77.5708084106 1364.79272461 -299.457580566 -323.5105896 1237.54260254 -279.822357178 -477.452301025 1225.06738281
0.0320580005646 8 -311.066864014 -100.874862671 1512.92150879 -298.279724121 253.945648193 1565.50695801 -327.798431396 45.6262207031 1399.76611328 -312.769866943 -1.53886413574 1670.00805664 -330.025024414 -169.527938843 1230.97045898 -260.039031982 -81.8759231567 1367.32470703 -321.848510742 -361.515075684 1242.84375 -264.135803223 -484.235229492 1226.70202637
0.0393741130829 8 -311.95690918 -97.5948944092 1515.77868652 -304.749420166 255.645996094 1565.44335938 -336.407073975 45.049156189 1402.81384277 -310.439666748 1.57004547119 1670.27868652 -340.83190918 -167.991577148 1249.62658691 -263.886260986 -88.7418518066 1369.58728027 -311.039459229 -330.08807373 1242.68774414 -273.105895996 -487.787109375 1243.63513184
0.0441539287567 8 -315.3019104 -93.2726287842 1515.6763916 -309.189361572 256.649078369 1565.82946777 -341.199127197 54.9483566284 1409.83178711 -314.463592529 0.729667663574 1673.80957031 -351.768493652 -159.460174561 1273.08898926 -252.746276855 -119.306289673 1389.11706543 -293.195556641 -321.813659668 1255.41943359 -287.967559814 -474.998901367 1234.56335449
0.0357708930969 8 -323.414611816 -84.5390396118 1524.91491699 -312.850830078 257.916015625 1567.19360352 -367.502471924 75.298324585 1430.18347168 -321.519622803 8.85631561279 1691.4666748 -361.652038574 -142.485794067 1286.98974609 -238.693023682 -147.338775635 1400.86254883 -343.544555664 -298.880523682 1241.37780762 -273.199768066 -495.308807373 1231.14746094
0.0309472084045 8 -326.676177979 -77.3392105103 1524.13830566 -320.175933838 259.019287109 1568.74865723 -384.243835449 71.1576004028 1442.09277344 -310.885742188 1.79961395264 1684.08984375 -368.679718018 -142.45602417 1284.13562012 -229.984069824 -144.982513428 1395.34301758 -414.523681641 -428.009887695 1307.12475586 -251.688323975 -473.85144043 1210.68408203
0.0278129577637 8 -328.704986572 -73.608505249 1522.49108887 -328.530822754 258.884429932 1571.84204102 -367.143707275 77.8340835571 1432.99291992 -330.048431396 -2.9337387085 1688.09765625 -353.606140137 -134.310211182 1280.46679688 -244.612304688 -161.32824707 1407.18737793 -432.649597168 -410.01574707 1323.1151123 -284.67980957 -436.179473877 1197.10217285
0.0299549102783 8 -330.701721191 -74.6775436401 1522.00830078 -327.842498779 258.349945068 1571.50915527 -349.111022949 78.8699188232 1427.84643555 -348.277404785 -5.79890441895 1688.52856445 -339.316375732 -125.279220581 1288.92199707 -260.634887695 -165.868103027 1409.609375 -314.499359131 -302.357116699 1229.9519043 -316.418701172 -391.90057373 1204.97485352
0.0352020263672 8 -334.277526855 -78.9029693604 1520.2668457 -333.909912109 256.995391846 1572.3260498 -384.100952148 66.870475769 1421.34936523 -329.402954102 -3.45011138916 1687.00024414 -360.949829102 -128.68548584 1293.8527832 -238.280883789 -165.554443359 1414.25195312 -338.655853271 -407.406921387 1250.95056152 -296.00869751 -387.167755127 1210.32702637
0.0407350063324 8 -334.613769531 -82.3854980469 1487.2442627 -342.587554932 253.719024658 1573.73364258 -374.700592041 31.946937561 1393.03649902 -338.409210205 32.4715194702 1588.96691895 -340.341888428 -145.213531494 1318.00610352 -260.420227051 -76.1133651733 1295.2989502 -293.801025391 -424.07699585 1224.48425293 -392.705078125 -489.412719727 1315.78515625
