0.0302209854126 8 -422.419677734 -66.3331222534 1487.60522461 -355.601928711 309.222595215 1660.68286133 -398.786071777 188.32585144 1437.10314941 -375.103820801 62.8997802734 1709.01037598 -398.785919189 -90.3288421631 1437.10314941 -375.103973389 -215.75491333 1709.01037598 -398.790679932 -368.983215332 1437.10314941 -375.098480225 -494.409301758 1709.01037598
0.034166097641 8 -421.653564453 -66.9127349854 1488.19799805 -354.74407959 308.344177246 1661.79797363 -396.32244873 187.674804688 1438.06945801 -375.720092773 61.932434082 1710.14025879 -396.322296143 -90.979888916 1438.06945801 -375.720245361 -216.722259521 1710.14025879 -396.327056885 -369.634277344 1438.06945801 -375.714752197 -495.376647949 1710.14025879
0.0355560779572 8 -421.867645264 -67.1062774658 1488.32312012 -356.142059326 308.102539062 1662.3515625 -398.376647949 187.737091064 1438.55029297 -374.916381836 61.510055542 1710.19628906 -398.376495361 -90.9176025391 1438.55029297 -374.916534424 -217.144638062 1710.19628906 -398.381256104 -369.571990967 1438.55029297 -374.91104126 -495.79901123 1710.19628906
0.0321228504181 8 -421.47265625 -66.4226837158 1488.40722656 -355.556518555 308.588378906 1662.63171387 -396.987854004 188.336227417 1438.64001465 -375.149902344 62.1310882568 1710.45788574 -396.987701416 -90.3184661865 1438.64001465 -375.150054932 -216.523605347 1710.45788574 -396.992462158 -368.972839355 1438.64001465 -375.144561768 -495.177978516 1710.45788574
0.0320761203766 8 -422.093170166 -66.1944732666 1489.8770752 -354.323516846 308.84979248 1663.25915527 -392.333557129 187.852325439 1439.53149414 -379.358459473 62.8320617676 1712.33154297 -392.333404541 -90.8023681641 1439.53149414 -379.358612061 -215.822631836 1712.33154297 -392.338165283 -369.456756592 1439.53149414 -379.353118896 -494.477020264 1712.33154297
0.0359890460968 8 -422.736999512 -66.7366485596 1489.87841797 -355.893310547 308.667480469 1663.58447266 -391.309814453 187.119674683 1439.50695801 -382.246704102 62.4472808838 1712.67883301 -391.309661865 -91.5350189209 1439.50695801 -382.246856689 -216.20741272 1712.67883301 -391.314422607 -370.18939209 1439.50695801 -382.241363525 -494.861816406 1712.67883301
0.0318169593811 8 -423.103759766 -66.6886367798 1489.28857422 -355.29888916 308.096923828 1663.25097656 -390.434448242 187.051116943 1439.05212402 -383.336975098 62.3509063721 1712.3182373 -390.434295654 -91.6035766602 1439.05212402 -383.337127686 -216.303787231 1712.3182373 -390.439056396 -370.257965088 1439.05212402 -383.331634521 -494.958190918 1712.3182373
0.0322070121765 8 -423.0027771 -68.3958129883 1487.0970459 -355.025817871 306.643798828 1659.5760498 -392.364379883 185.401489258 1435.88793945 -381.153564453 61.3703613281 1709.32104492 -392.364227295 -93.2532043457 1435.88793945 -381.153717041 -217.284332275 1709.32104492 -392.368988037 -371.907592773 1435.88793945 -381.148223877 -495.938720703 1709.32104492
0.0402948856354 8 -422.405944824 -68.5183181763 1487.35217285 -353.247375488 306.090515137 1660.74291992 -389.477081299 185.105682373 1436.69775391 -381.702606201 60.7200775146 1710.09863281 -389.476928711 -93.5490112305 1436.69775391 -381.702758789 -217.934616089 1710.09863281 -389.481689453 -372.203399658 1436.69775391 -381.697265625 -496.588989258 1710.09863281
0.0327780246735 8 -422.752807617 -68.5230560303 1487.7199707 -354.640930176 306.664489746 1661.85400391 -390.587341309 185.331420898 1437.6986084 -382.620178223 60.2936401367 1710.82189941 -390.587188721 -93.3232727051 1437.6986084 -382.620330811 -218.361053467 1710.82189941 -390.591949463 -371.977661133 1437.6986084 -382.614837646 -497.015441895 1710.82189941
0.0313069820404 8 -422.147338867 -69.4903793335 1486.54003906 -352.389526367 305.781097412 1658.88769531 -391.830352783 184.409942627 1435.67590332 -378.229034424 59.7120056152 1708.68762207 -391.830200195 -94.2447509766 1435.67590332 -378.229187012 -218.942687988 1708.68762207 -391.834960938 -372.899139404 1435.67590332 -378.223693848 -497.597076416 1708.68762207
0.0352020263672 8 -422.737243652 -68.0365142822 1489.24267578 -354.923278809 307.871673584 1660.91821289 -389.57208252 185.338134766 1437.66882324 -384.129638672 62.3586425781 1711.65002441 -389.571929932 -93.3165588379 1437.66882324 -384.12979126 -216.296051025 1711.65002441 -389.576690674 -371.970947266 1437.66882324 -384.124298096 -494.950439453 1711.65002441
0.0317530632019 8 -422.322631836 -69.1953735352 1489.37182617 -355.750915527 306.424194336 1661.90930176 -392.451782227 184.705612183 1438.33129883 -381.598083496 60.6900787354 1711.71020508 -392.451629639 -93.9490814209 1438.33129883 -381.598236084 -217.964614868 1711.71020508 -392.456390381 -372.60345459 1438.33129883 -381.59274292 -496.619018555 1711.71020508
0.0316648483276 8 -421.350646973 -69.6398696899 1488.19702148 -353.443267822 305.774932861 1659.41149902 -392.938354492 184.236984253 1436.18371582 -377.362182617 60.7709655762 1709.61096191 -392.938201904 -94.4177093506 1436.18371582 -377.362335205 -217.883728027 1709.61096191 -392.942962646 -373.07208252 1436.18371582 -377.356842041 -496.538116455 1709.61096191
0.0351960659027 8 -421.574188232 -71.1527328491 1487.12414551 -352.273864746 304.878875732 1657.16357422 -395.173095703 182.817260742 1434.50634766 -374.135742188 59.5449371338 1707.65551758 -395.172943115 -95.8374328613 1434.50634766 -374.135894775 -219.10975647 1707.65551758 -395.177703857 -374.491821289 1434.50634766 -374.130401611 -497.764160156 1707.65551758
0.031553030014 8 -421.439971924 -70.66796875 1486.56152344 -352.34942627 304.862609863 1656.03601074 -394.341308594 183.222366333 1433.83569336 -374.695739746 60.1100616455 1707.2121582 -394.341156006 -95.4323272705 1433.83569336 -374.695892334 -218.544631958 1707.2121582 -394.345916748 -374.086730957 1433.83569336 -374.69039917 -497.199035645 1707.2121582
0.031888961792 8 -421.324920654 -69.9163665771 1487.5098877 -354.058563232 305.188415527 1659.48144531 -393.549713135 184.207046509 1436.2824707 -376.706085205 59.755355835 1709.25024414 -393.549560547 -94.4476470947 1436.2824707 -376.706237793 -218.899337769 1709.25024414 -393.554321289 -373.102050781 1436.2824707 -376.700744629 -497.553710938 1709.25024414
0.0355861186981 8 -421.441955566 -69.7877502441 1487.67382812 -353.34942627 304.822753906 1661.20141602 -391.813140869 184.37071228 1437.66894531 -378.083526611 58.7931365967 1710.29882812 -391.812988281 -94.2839813232 1437.66894531 -378.083679199 -219.861557007 1710.29882812 -391.817749023 -372.938354492 1437.66894531 -378.078186035 -498.515930176 1710.29882812
0.0318808555603 8 -422.468994141 -68.4911499023 1488.01098633 -354.245605469 305.290710449 1662.05932617 -390.664428711 185.459976196 1438.29943848 -381.489990234 59.978225708 1711.14831543 -390.664276123 -93.1947174072 1438.29943848 -381.490142822 -218.676467896 1711.14831543 -390.669036865 -371.849121094 1438.29943848 -381.484649658 -497.330871582 1711.14831543
0.0357141494751 8 -421.746887207 -67.3562698364 1489.81567383 -353.592407227 305.964691162 1666.48449707 -391.894561768 187.040542603 1441.18237305 -378.897613525 60.0849304199 1713.19140625 -391.89440918 -91.614151001 1441.18237305 -378.897766113 -218.569763184 1713.19140625 -391.899169922 -370.268554688 1441.18237305 -378.892272949 -497.224151611 1713.19140625
0.0319089889526 8 -422.040344238 -64.6384811401 1491.98413086 -355.509918213 307.313598633 1671.69262695 -395.937286377 190.591278076 1445.71826172 -376.925445557 60.8479156494 1715.99731445 -395.937133789 -88.0634155273 1445.71826172 -376.925598145 -217.806777954 1715.99731445 -395.941894531 -366.717803955 1445.71826172 -376.92010498 -496.461181641 1715.99731445
0.031977891922 8 -421.975494385 -66.2363739014 1489.94641113 -352.809234619 306.258056641 1667.3170166 -398.991149902 189.213684082 1443.36169434 -371.349365234 59.294052124 1712.72937012 -398.990997314 -89.4410095215 1443.36169434 -371.349517822 -219.360641479 1712.72937012 -398.995758057 -368.095397949 1443.36169434 -371.344024658 -498.015014648 1712.72937012
0.0358819961548 8 -422.563537598 -66.4527740479 1491.23120117 -349.440032959 306.590515137 1664.60461426 -397.937408447 188.354034424 1441.96984863 -370.39743042 60.9258270264 1712.61999512 -397.937255859 -90.3006591797 1441.96984863 -370.397583008 -217.728866577 1712.61999512 -397.942016602 -368.955047607 1441.96984863 -370.392089844 -496.383239746 1712.61999512
0.0315790176392 8 -423.465148926 -68.2306137085 1492.38330078 -349.111114502 305.927429199 1663.7467041 -398.897033691 186.357086182 1441.88500977 -369.454956055 59.9727783203 1712.87207031 -398.896881104 -92.2976074219 1441.88500977 -369.455108643 -218.681915283 1712.87207031 -398.901641846 -370.95199585 1441.88500977 -369.449615479 -497.336303711 1712.87207031
0.0319321155548 8 -425.204711914 -66.8392181396 1493.30297852 -349.834411621 307.541748047 1663.32702637 -401.594696045 187.755844116 1442.33483887 -369.414642334 61.6827850342 1713.17419434 -401.594543457 -90.8988494873 1442.33483887 -369.414794922 -216.971908569 1713.17419434 -401.599304199 -369.553222656 1442.33483887 -369.409301758 -495.626281738 1713.17419434
0.0362458229065 8 -425.295043945 -67.0637207031 1494.3503418 -349.052185059 306.960174561 1663.08789062 -401.205230713 187.289550781 1442.37158203 -368.978546143 62.1793823242 1713.67285156 -401.205078125 -91.3651428223 1442.37158203 -368.97869873 -216.475311279 1713.67285156 -401.209838867 -370.01953125 1442.37158203 -368.973205566 -495.129699707 1713.67285156
0.0316050052643 8 -424.969421387 -67.6529312134 1493.3494873 -346.902709961 304.768798828 1663.51806641 -401.631866455 187.110290527 1443.06640625 -367.670257568 60.1183013916 1713.27807617 -401.631713867 -91.5444030762 1443.06640625 -367.670410156 -218.536392212 1713.27807617 -401.636474609 -370.198791504 1443.06640625 -367.664916992 -497.190795898 1713.27807617
0.0320730209351 8 -423.974060059 -64.7356643677 1493.76831055 -345.292449951 306.357818604 1667.2286377 -404.087554932 190.87689209 1446.60961914 -362.457672119 60.4813842773 1713.98095703 -404.087402344 -87.7778015137 1446.60961914 -362.457824707 -218.173309326 1713.98095703 -404.092163086 -366.432189941 1446.60961914 -362.452331543 -496.827697754 1713.98095703
0.0360450744629 8 -422.810241699 -60.2092857361 1490.89953613 -345.603790283 308.629272461 1668.07873535 -406.550231934 196.335159302 1447.64294434 -360.254333496 62.1951904297 1712.38195801 -406.550079346 -82.3195343018 1447.64294434 -360.254486084 -216.459503174 1712.38195801 -406.554840088 -360.973937988 1447.64294434 -360.24899292 -495.113891602 1712.38195801
0.0319330692291 8 -422.902709961 -57.5656433105 1481.2520752 -345.432067871 306.422790527 1668.51733398 -407.67074585 200.154846191 1445.81945801 -359.773529053 58.1419677734 1706.04919434 -407.670593262 -78.4998474121 1445.81945801 -359.773681641 -220.51272583 1706.04919434 -407.675354004 -357.15423584 1445.81945801 -359.768188477 -499.167114258 1706.04919434
0.0322759151459 8 -423.901580811 -50.5508499146 1471.66149902 -346.542785645 305.391204834 1672.2833252 -412.919311523 208.601333618 1447.3729248 -357.244140625 56.0423278809 1699.8392334 -412.919158936 -70.0533599854 1447.3729248 -357.244293213 -222.612365723 1699.8392334 -412.923919678 -348.707763672 1447.3729248 -357.238800049 -501.26675415 1699.8392334
0.0416340827942 8 -422.218902588 -45.4317169189 1467.16650391 -347.004364014 307.45993042 1675.17126465 -416.997375488 214.476409912 1449.70117188 -351.311096191 56.3678512573 1696.28100586 -416.9972229 -64.1782836914 1449.70117188 -351.311248779 -222.286834717 1696.28100586 -417.001983643 -342.832672119 1449.70117188 -351.305755615 -500.941223145 1696.28100586
0.0321259498596 8 -420.200683594 -41.570602417 1467.82080078 -346.655151367 308.615112305 1680.02124023 -416.944854736 218.613220215 1453.5958252 -349.567962646 57.8578720093 1698.11096191 -416.944702148 -60.0414733887 1453.5958252 -349.568115234 -220.796813965 1698.11096191 -416.949462891 -338.695861816 1453.5958252 -349.56262207 -499.451202393 1698.11096191
0.0284299850464 8 -417.910339355 -39.4096641541 1466.31799316 -348.489440918 309.710876465 1682.44116211 -417.505493164 220.940261841 1454.60498047 -349.510375977 58.5491333008 1697.93188477 -417.505340576 -57.7144317627 1454.60498047 -349.510528564 -220.105560303 1697.93188477 -417.510101318 -336.368835449 1454.60498047 -349.5050354 -498.75994873 1697.93188477
0.0347108840942 8 -413.12979126 -35.147315979 1462.57788086 -352.17010498 311.360656738 1687.32739258 -407.667755127 225.116821289 1454.95092773 -357.418914795 58.3779220581 1699.16772461 -407.667602539 -53.5378723145 1454.95092773 -357.419067383 -220.276763916 1699.16772461 -407.672363281 -332.192260742 1454.95092773 -357.413574219 -498.931152344 1699.16772461
0.0321002006531 8 -410.18637085 -37.7857437134 1462.95263672 -350.911590576 309.862670898 1685.6204834 -397.386505127 222.132369995 1453.33325195 -365.421417236 57.0111694336 1701.3293457 -449.61529541 -146.217422485 1381.85827637 -365.421569824 -221.64352417 1701.3293457 -385.177978516 -375.870483398 1313.54077148 -365.41607666 -500.297912598 1701.3293457
0.0314548015594 8 -404.779510498 -35.5639190674 1458.24475098 -350.831176758 306.561645508 1688.30395508 -386.867767334 224.169006348 1452.7644043 -370.237335205 55.3639831543 1699.80444336 -447.581298828 -99.1073913574 1328.7019043 -370.237487793 -223.290710449 1699.80444336 -303.056549072 -289.010925293 1244.67504883 -370.231994629 -501.945098877 1699.80444336
0.0362200737 8 -405.396209717 -42.4368362427 1480.35668945 -352.043395996 306.881958008 1697.62976074 -373.702606201 214.858840942 1462.1394043 -384.324859619 61.3048095703 1717.69848633 -429.127746582 -75.9485931396 1298.03796387 -384.325012207 -217.349884033 1717.69848633 -221.387588501 -219.865814209 1233.07885742 -384.319519043 -496.004272461 1717.69848633
0.0315680503845 8 -401.665466309 -55.3831367493 1502.6730957 -351.847686768 307.17666626 1698.32678223 -366.758056641 198.705429077 1463.90905762 -388.386962891 67.4389953613 1730.7532959 -406.982635498 -59.9113311768 1273.86633301 -388.387115479 -211.215698242 1730.7532959 -161.121688843 -157.99937439 1245.07202148 -388.381622314 -489.87008667 1730.7532959
0.0319530963898 8 -401.322998047 -59.302444458 1512.04443359 -353.874145508 306.255981445 1703.13671875 -361.662902832 193.418182373 1466.18164062 -394.357910156 70.8140640259 1736.91162109 -382.46484375 -43.3642578125 1256.30773926 -394.358062744 -207.840637207 1736.91162109 -118.604705811 -102.719863892 1267.58032227 -394.35256958 -486.495025635 1736.91162109
0.0358159542084 8 -402.826873779 -58.1229553223 1515.34350586 -355.918762207 305.112731934 1708.51184082 -367.087219238 195.50970459 1469.05944824 -392.418640137 71.64037323 1740.73693848 -362.866485596 -25.9440307617 1244.44250488 -392.418792725 -207.014312744 1740.73693848 -95.358215332 -54.9014968872 1293.65222168 -392.413299561 -485.668701172 1740.73693848
0.0316038131714 8 -405.042114258 -54.0527572632 1514.16870117 -357.035766602 306.337341309 1711.20898438 -367.457458496 199.994659424 1470.53271484 -395.82989502 73.4702224731 1741.12646484 -274.180084229 19.0536651611 1230.49902344 -395.830047607 -205.18447876 1741.12646484 -49.6066131592 54.6429328918 1386.87890625 -395.824554443 -483.838867188 1741.12646484
0.0321052074432 8 -405.526794434 -50.9432296753 1511.20153809 -356.263763428 305.149810791 1713.06140137 -367.268890381 203.690032959 1471.14746094 -395.839935303 73.259437561 1740.08129883 -246.093505859 31.0275726318 1240.76196289 -395.840087891 -205.395263672 1740.08129883 -28.9211273193 68.743927002 1412.0880127 -395.834594727 -484.0496521 1740.08129883
0.0360720157623 8 -405.578430176 -48.0422058105 1512.67736816 -356.141174316 307.298278809 1713.48254395 -369.869140625 207.131896973 1473.35290527 -392.695556641 75.0068664551 1742.08605957 -217.558181763 45.0109710693 1253.88439941 -392.695709229 -203.647827148 1742.08605957 -2.79313659668 85.2726593018 1432.59082031 -392.690216064 -482.302215576 1742.08605957
0.0319178104401 8 -405.121154785 -45.9626312256 1516.96728516 -356.925140381 309.031860352 1717.69213867 -374.52645874 210.004302979 1478.55957031 -386.872650146 75.6522750854 1746.76513672 -189.793869019 59.0035400391 1268.44458008 -386.872802734 -203.002410889 1746.76513672 22.0646972656 96.5513916016 1457.12939453 -386.86730957 -481.656799316 1746.76513672
0.0320901870728 8 -404.661682129 -43.5400924683 1519.47021484 -357.623321533 309.107177734 1723.30249023 -375.271514893 213.106536865 1484.67553711 -385.589202881 74.6687469482 1750.99755859 -167.412216187 72.5040588379 1284.73291016 -385.589355469 -203.985946655 1750.99755859 50.7045898438 105.402740479 1474.47692871 -385.583862305 -482.640319824 1750.99755859
0.0360038280487 8 -403.885559082 -38.2534980774 1519.50219727 -359.31463623 311.004272461 1726.11621094 -367.236663818 217.835845947 1488.48510742 -393.652679443 77.8984985352 1752.50634766 -149.628829956 82.2225952148 1300.37756348 -393.652832031 -200.756195068 1752.50634766 80.8010864258 114.183082581 1483.57678223 -393.647338867 -479.410583496 1752.50634766
0.032154083252 8 -403.91394043 -36.9132385254 1521.63452148 -359.915222168 310.905334473 1732.01098633 -363.621276855 218.953125 1492.92822266 -398.030639648 77.805229187 1755.55810547 -141.621276855 92.0832748413 1317.2734375 -398.030792236 -200.849456787 1755.55810547 104.716491699 127.020317078 1481.12817383 -398.025299072 -479.503845215 1755.55810547
0.0319349765778 8 -400.884033203 -42.3502807617 1523.72961426 -358.736358643 309.090698242 1730.46594238 -354.091766357 211.945068359 1491.73510742 -402.51651001 77.1332931519 1755.24707031 -135.700149536 100.287109375 1332.78625488 -402.516662598 -201.521392822 1755.24707031 120.811355591 141.861480713 1481.13635254 -402.511169434 -480.17578125 1755.24707031
0.0363230705261 8 -400.119689941 -44.1847114563 1524.84716797 -358.415618896 309.324951172 1729.68212891 -348.351501465 208.917922974 1490.85144043 -406.898193359 78.5054473877 1754.62487793 -124.123931885 109.525344849 1343.91906738 -406.898345947 -200.149246216 1754.62487793 134.439025879 158.726074219 1488.70593262 -406.892852783 -478.803649902 1754.62487793
0.0314860343933 8 -398.439453125 -44.7493667603 1525.50354004 -356.704223633 309.862548828 1729.78662109 -343.086853027 207.528198242 1490.61767578 -408.667907715 79.7882843018 1754.21875 -114.99961853 120.085220337 1351.08349609 -408.668060303 -198.866409302 1754.21875 141.725570679 172.928924561 1499.19848633 -408.662567139 -477.520812988 1754.21875
0.0321369171143 8 -395.673156738 -45.2114257812 1524.1081543 -354.942993164 308.455566406 1729.34399414 -339.269470215 206.947952271 1489.65063477 -407.106018066 79.2337493896 1752.87817383 -108.658660889 129.213577271 1355.72216797 -407.106170654 -199.420944214 1752.87817383 145.00642395 184.388381958 1508.81054688 -407.10067749 -478.075317383 1752.87817383
0.0360889434814 8 -394.383911133 -41.969909668 1524.5715332 -354.156616211 310.620269775 1733.63525391 -337.584594727 210.385742188 1492.09484863 -406.955627441 80.912071228 1754.15002441 -102.503677368 136.338134766 1360.27380371 -406.955780029 -197.742614746 1754.15002441 146.310577393 192.741088867 1520.86254883 -406.950286865 -476.397003174 1754.15002441
0.0318520069122 8 -393.059875488 -40.180770874 1523.8458252 -353.198669434 309.724853516 1735.77160645 -337.871154785 212.789642334 1493.41296387 -404.329772949 80.3253097534 1754.75109863 -100.88494873 139.865966797 1362.89550781 -404.329925537 -198.329376221 1754.75109863 145.133071899 197.642486572 1527.50744629 -404.324432373 -476.983764648 1754.75109863
0.0320670604706 8 -390.852722168 -37.7582092285 1523.35913086 -351.095092773 309.959960938 1737.34228516 -336.823486328 215.666748047 1494.61523438 -400.954040527 80.802696228 1755.33081055 -100.403961182 139.403015137 1365.34118652 -400.954193115 -197.851989746 1755.33081055 145.578491211 199.21472168 1529.46777344 -400.948699951 -476.506378174 1755.33081055
0.036180973053 8 -390.119720459 -36.3794746399 1522.5559082 -350.321533203 310.549621582 1737.12158203 -338.010955811 217.559387207 1494.7791748 -398.709564209 80.7616271973 1755.31335449 -100.493362427 135.517303467 1366.90405273 -398.709716797 -197.893066406 1755.31335449 146.679443359 198.301040649 1528.15893555 -398.704223633 -476.547454834 1755.31335449
0.03169298172 8 -390.054534912 -35.5011177063 1522.13378906 -350.680206299 310.228820801 1737.01342773 -339.488891602 218.848831177 1495.23120117 -397.467285156 80.4313049316 1755.54174805 -93.7623138428 126.261932373 1364.45837402 -397.467437744 -198.223388672 1755.54174805 152.831481934 182.723434448 1530.1427002 -397.46194458 -476.8777771 1755.54174805
0.0362889766693 8 -388.430541992 -36.2129898071 1522.84301758 -348.074615479 309.015899658 1736.95336914 -339.279388428 218.379150391 1495.57189941 -394.203826904 79.6024017334 1756.35998535 -91.8919372559 113.631767273 1363.22680664 -394.203979492 -199.05229187 1756.35998535 156.221557617 167.004394531 1530.14953613 -394.198486328 -477.706665039 1756.35998535
0.0318739414215 8 -390.754638672 -36.314655304 1523.72045898 -350.427032471 309.930664062 1736.9206543 -344.425231934 218.725585938 1495.76477051 -394.293395996 79.4761047363 1757.28723145 -92.4510498047 102.819549561 1361.61010742 -394.293548584 -199.178588867 1757.28723145 160.531768799 152.256668091 1525.5670166 -394.28805542 -477.832977295 1757.28723145
0.0320880413055 8 -390.320068359 -40.7130126953 1524.13500977 -349.97442627 308.578338623 1733.39697266 -345.138946533 214.15196228 1492.98022461 -392.845489502 77.705368042 1756.38232422 -95.724822998 88.9093017578 1360.29052734 -392.84564209 -200.949325562 1756.38232422 165.500305176 140.492477417 1514.63916016 -392.840148926 -479.60369873 1756.38232422
0.0358240604401 8 -390.801330566 -42.5511169434 1524.34802246 -349.864074707 308.640869141 1731.1361084 -346.737670898 212.252304077 1491.11669922 -391.955078125 77.4339447021 1755.80639648 -99.8644561768 72.9532165527 1359.13110352 -391.955230713 -201.220748901 1755.80639648 167.476089478 123.592285156 1504.15356445 -391.949737549 -479.87512207 1755.80639648
0.0320429801941 8 -391.596893311 -43.2445755005 1527.00561523 -350.609985352 310.831542969 1730.5 -347.493591309 211.18371582 1491.07434082 -392.458129883 79.1341400146 1757.20690918 -99.9328460693 63.4731750488 1360.04406738 -392.458282471 -199.520553589 1757.20690918 171.257156372 111.497390747 1499.82580566 -392.452789307 -478.174926758 1757.20690918
0.0320780277252 8 -392.597045898 -44.5827903748 1525.38354492 -351.203216553 309.327087402 1729.19726562 -346.201782227 209.468978882 1489.65527344 -395.817382812 78.2233123779 1755.33935547 -103.459365845 51.2347106934 1361.52270508 -395.8175354 -200.431381226 1755.33935547 172.534225464 97.1055755615 1493.22888184 -395.812042236 -479.085754395 1755.33935547
0.0361499786377 8 -392.118408203 -47.1049461365 1525.64013672 -350.920196533 309.321838379 1726.04443359 -342.844329834 206.066650391 1487.73083496 -398.354400635 78.5129089355 1753.98669434 -103.749450684 43.6148071289 1364.75769043 -398.354553223 -200.141784668 1753.98669434 175.364227295 86.0115356445 1491.84313965 -398.349060059 -478.796173096 1753.98669434
0.031888961792 8 -387.567016602 -45.8610458374 1526.796875 -346.135040283 312.69708252 1724.45214844 -338.793640137 207.079772949 1486.67590332 -393.264099121 81.5713653564 1754.16467285 -103.378738403 32.3045806885 1367.8548584 -393.264251709 -197.083328247 1754.16467285 177.150497437 72.9102783203 1492.20349121 -393.258758545 -475.737731934 1754.16467285
0.03191614151 8 -388.182495117 -52.6360435486 1526.18041992 -347.134338379 308.435241699 1719.16455078 -339.113220215 199.694274902 1482.76708984 -394.81628418 77.9251861572 1751.73046875 -109.699859619 20.6488342285 1370.4140625 -394.816436768 -200.729507446 1751.73046875 172.964263916 53.3716316223 1494.42041016 -394.810943604 -479.383911133 1751.73046875
0.0359988212585 8 -388.155639648 -55.1563262939 1526.6628418 -347.063751221 307.393188477 1716.52026367 -338.277099609 196.663040161 1481.20495605 -395.911315918 77.5182647705 1750.94958496 -112.853256226 10.3201141357 1376.69458008 -395.911468506 -201.136428833 1750.94958496 169.074691772 34.6844482422 1501.63061523 -395.905975342 -479.79083252 1750.94958496
0.0321190357208 8 -389.098754883 -57.0655441284 1527.9050293 -347.515441895 307.463806152 1715.20776367 -335.548583984 193.683013916 1480.87353516 -400.720214844 78.2484588623 1750.41235352 -113.949432373 -2.84352111816 1384.34570312 -400.720367432 -200.406234741 1750.41235352 167.584869385 15.0685157776 1512.19665527 -400.714874268 -479.06060791 1750.41235352
0.0319709777832 8 -390.423248291 -58.2066040039 1530.34606934 -348.562713623 308.314880371 1714.53466797 -337.58203125 192.331970215 1481.32177734 -401.209472656 78.5873718262 1752.01293945 -114.48034668 -14.4246673584 1392.14953613 -401.209625244 -200.067321777 1752.01293945 165.993133545 0.781949043274 1524.19482422 -401.20413208 -478.721710205 1752.01293945
0.0363800525665 8 -391.208862305 -58.4992103577 1531.49609375 -349.611724854 309.354187012 1714.21374512 -336.394836426 191.58706665 1482.27868652 -403.940612793 79.1113433838 1752.5645752 -119.234573364 -24.2148132324 1400.5736084 -403.940765381 -199.54335022 1752.5645752 158.133895874 -13.4104480743 1539.62597656 -403.935272217 -478.197753906 1752.5645752
0.0314469337463 8 -391.380859375 -59.8981666565 1532.56787109 -349.615386963 307.885498047 1714.55383301 -334.39364624 189.7421875 1483.53222656 -406.071990967 78.268661499 1753.17260742 -121.610031128 -33.6088104248 1408.78710938 -406.072143555 -200.386032104 1753.17260742 153.558761597 -20.7370853424 1553.74987793 -406.066650391 -479.040405273 1753.17260742
0.032243013382 8 -388.341369629 -63.1000061035 1532.36767578 -348.083557129 307.113342285 1710.74108887 -327.780303955 185.333251953 1481.79077148 -408.79019165 78.2660827637 1750.40942383 -121.348114014 -40.3258056641 1416.90148926 -408.790344238 -200.38861084 1750.40942383 151.578887939 -24.4167003632 1567.21350098 -408.784851074 -479.042999268 1750.40942383
0.0357441902161 8 -387.554962158 -64.7276306152 1534.2668457 -348.905975342 307.721038818 1708.31469727 -326.317230225 183.026855469 1481.15759277 -410.072967529 79.3441162109 1750.34362793 -118.690109253 -46.6691589355 1424.9432373 -410.073120117 -199.310577393 1750.34362793 151.473739624 -26.1221179962 1578.81384277 -410.067626953 -477.96496582 1750.34362793
0.0320069789886 8 -387.564147949 -66.2431182861 1534.28894043 -349.644439697 307.486938477 1707.10412598 -325.030761719 181.121032715 1480.76464844 -412.175354004 78.8617248535 1749.47070312 -116.343414307 -49.3397979736 1431.47070312 -412.175506592 -199.79296875 1749.47070312 151.308319092 -26.5685844421 1588.11633301 -412.170013428 -478.447357178 1749.47070312
0.032007932663 8 -386.859130859 -66.7009277344 1533.2019043 -349.338012695 306.179046631 1707.00244141 -321.152862549 180.168731689 1481.24316406 -414.910430908 78.4906311035 1747.89746094 -113.660736084 -51.1718902588 1435.23913574 -414.910583496 -200.1640625 1747.89746094 151.990997314 -27.0125865936 1594.77929688 -414.905090332 -478.818450928 1747.89746094
0.0360488891602 8 -387.097991943 -68.035446167 1533.63598633 -349.985412598 305.30480957 1706.41760254 -321.938171387 178.768432617 1480.59118652 -415.034179688 77.9118118286 1747.85705566 -113.352249146 -53.089050293 1438.07714844 -415.034332275 -200.742889404 1747.85705566 150.408584595 -26.1863746643 1599.34106445 -415.028839111 -479.397277832 1747.85705566
0.0319859981537 8 -387.30178833 -67.7367248535 1534.16479492 -350.311767578 305.669311523 1706.1550293 -321.479919434 178.923904419 1481.22229004 -416.326171875 78.4901275635 1748.06237793 -114.1612854 -53.0491333008 1440.04162598 -416.326324463 -200.16456604 1748.06237793 149.427093506 -25.9151058197 1601.8092041 -416.320831299 -478.818969727 1748.06237793
0.032044172287 8 -386.42376709 -67.4133834839 1533.05737305 -348.868103027 305.022277832 1707.52636719 -317.919677734 178.964141846 1482.28552246 -417.202514648 77.9726409912 1747.27233887 -113.563400269 -53.0207061768 1442.0255127 -417.202667236 -200.682052612 1747.27233887 149.405014038 -25.9569664001 1604.67871094 -417.197174072 -479.336425781 1747.27233887
0.0355739593506 8 -387.56350708 -66.818939209 1534.703125 -349.896881104 306.435791016 1706.68762207 -318.922119141 179.143997192 1482.11730957 -418.369689941 80.1656341553 1747.82556152 -112.781570435 -54.0173187256 1443.98352051 -418.369842529 -198.489059448 1747.82556152 149.58656311 -26.0807342529 1606.60778809 -418.364349365 -477.143432617 1747.82556152
0.0321409702301 8 -388.335266113 -66.0854644775 1535.02636719 -349.986999512 305.131103516 1710.29882812 -321.94631958 180.782897949 1483.89453125 -416.170074463 78.4679031372 1750.19018555 -111.915969849 -54.0125732422 1444.49499512 -416.170227051 -200.186798096 1750.19018555 149.770858765 -25.8838825226 1608.09008789 -416.164733887 -478.841186523 1750.19018555
0.0318648815155 8 -389.989196777 -64.6243133545 1536.47912598 -351.903900146 306.696105957 1712.24731445 -323.429412842 182.281494141 1485.66357422 -417.834320068 79.6784362793 1751.83056641 -111.359542847 -52.9920349121 1444.94702148 -417.834472656 -198.976257324 1751.83056641 148.767990112 -26.1585044861 1612.24572754 -417.828979492 -477.630645752 1751.83056641
0.035914182663 8 -390.174743652 -64.9347229004 1536.96203613 -351.936737061 306.564544678 1713.5892334 -323.024963379 181.928939819 1486.68200684 -418.49420166 79.135848999 1752.4161377 -116.146530151 -52.9991912842 1444.00390625 -418.494354248 -199.518844604 1752.4161377 144.248764038 -28.9622535706 1611.35302734 -418.488861084 -478.173217773 1752.4161377
0.0320098400116 8 -390.355133057 -64.2484207153 1536.29736328 -352.026031494 305.843261719 1713.76879883 -322.70211792 182.761795044 1487.42675781 -419.145355225 78.809387207 1752.36425781 -119.559692383 -54.4963989258 1442.53796387 -419.145507812 -199.845306396 1752.36425781 140.848083496 -30.2614059448 1609.67895508 -419.140014648 -478.499694824 1752.36425781
0.0320801734924 8 -388.080841064 -66.6277160645 1535.43640137 -351.657318115 305.203125 1709.82092285 -322.917724609 180.508377075 1483.94873047 -416.113830566 77.9575042725 1750.57055664 -119.282943726 -55.7409820557 1442.25439453 -416.113983154 -200.697189331 1750.57055664 143.148635864 -30.8313388824 1608.02026367 -416.10848999 -479.3515625 1750.57055664
0.0360507965088 8 -388.370849609 -67.6080474854 1532.54663086 -351.830566406 304.204803467 1707.86523438 -321.994415283 179.465530396 1482.30273438 -418.111968994 76.5488739014 1747.74389648 -121.128372192 -57.3722839355 1440.63830566 -418.112121582 -202.105819702 1747.74389648 143.375198364 -35.4218826294 1602.69470215 -418.106628418 -480.760192871 1747.74389648
0.0319831371307 8 -388.863586426 -68.2024078369 1530.01708984 -350.193878174 302.192871094 1708.38537598 -320.33581543 178.75642395 1482.18310547 -419.585144043 74.5969085693 1745.97387695 -123.54737854 -58.682510376 1438.82849121 -419.585296631 -204.057785034 1745.97387695 140.875411987 -44.1273422241 1601.25146484 -419.579803467 -482.712158203 1745.97387695
0.0317919254303 8 -389.074890137 -67.4561386108 1530.26452637 -350.735076904 303.289337158 1707.62744141 -319.950256348 179.274398804 1482.0637207 -420.536804199 75.9767150879 1745.70507812 -125.256591797 -60.3493041992 1437.9029541 -420.536956787 -202.677978516 1745.70507812 138.992645264 -49.9507141113 1601.36364746 -420.531463623 -481.332366943 1745.70507812
0.0361170768738 8 -389.711547852 -66.3176803589 1528.90625 -350.302978516 304.074035645 1707.26330566 -318.488494873 180.051681519 1481.93811035 -422.605560303 76.9233703613 1744.25842285 -126.613128662 -61.1745147705 1437.45715332 -422.605712891 -201.731323242 1744.25842285 137.785614014 -52.2971839905 1600.55639648 -422.600219727 -480.38571167 1744.25842285
0.0362050533295 8 -388.663391113 -66.3683166504 1529.56359863 -349.078674316 305.175720215 1707.5793457 -319.051574707 180.321807861 1481.86523438 -419.742126465 76.6796188354 1745.31420898 -127.315460205 -61.5861206055 1437.22436523 -419.742279053 -201.975067139 1745.31420898 137.072570801 -53.6874847412 1600.85595703 -419.736785889 -480.629455566 1745.31420898
0.032742023468 8 -389.667724609 -66.0739974976 1530.93212891 -351.202209473 306.166320801 1706.73095703 -322.257751465 180.743667603 1480.83654785 -418.848266602 78.1007995605 1746.18713379 -128.156143188 -61.7901153564 1436.10290527 -418.848419189 -200.553894043 1746.18713379 135.987289429 -54.191608429 1600.28161621 -418.842926025 -479.208282471 1746.18713379
0.0344858169556 8 -390.034240723 -64.5719909668 1530.0345459 -348.507293701 307.186157227 1707.31982422 -320.583831787 181.955245972 1481.29260254 -419.024749756 78.8659515381 1745.81188965 -129.556015015 -61.3943786621 1434.56237793 -419.024902344 -199.788742065 1745.81188965 135.144302368 -54.2154502869 1598.50671387 -419.01940918 -478.443115234 1745.81188965
0.0318601131439 8 -391.00088501 -63.7619400024 1530.4831543 -349.005218506 308.043487549 1707.11132812 -323.195587158 182.98739624 1480.57873535 -417.157196045 79.6807479858 1746.61560059 -130.280105591 -62.2012023926 1432.28051758 -417.157348633 -198.973937988 1746.61560059 134.406204224 -54.06199646 1596.51782227 -417.151855469 -477.628326416 1746.61560059
0.0433330535889 8 -391.087524414 -62.8476257324 1530.64477539 -348.8465271 308.864074707 1706.50695801 -325.197052002 184.269042969 1480.0057373 -414.552459717 80.2281188965 1747.32702637 -131.145645142 -63.1030273438 1429.64025879 -414.552612305 -198.426574707 1747.32702637 135.127578735 -54.4397964478 1591.91564941 -414.547119141 -477.080963135 1747.32702637
0.0375249385834 8 -391.105529785 -62.5823059082 1529.41271973 -348.333312988 307.855407715 1706.74853516 -324.840332031 184.607147217 1479.57470703 -414.471191406 79.831817627 1746.55273438 -132.545639038 -63.5470275879 1425.38037109 -414.471343994 -198.822875977 1746.55273438 135.655319214 -56.6870269775 1585.2590332 -414.46585083 -477.477264404 1746.55273438
0.0309009552002 8 -391.446411133 -63.0403289795 1527.99462891 -348.889831543 307.169555664 1706.3269043 -327.19909668 184.767074585 1478.61523438 -412.636474609 78.0837860107 1746.19067383 -133.286941528 -64.2729797363 1421.6920166 -412.636627197 -200.570907593 1746.19067383 135.634231567 -57.8358421326 1579.3170166 -412.631134033 -479.225280762 1746.19067383
0.0318429470062 8 -392.341491699 -62.5027923584 1527.50976562 -348.402282715 305.852294922 1707.12341309 -328.946990967 185.710296631 1479.05529785 -412.364776611 77.3745727539 1746.62121582 -136.157806396 -64.6332397461 1417.35681152 -412.364929199 -201.28012085 1746.62121582 134.376586914 -56.7657012939 1571.77832031 -412.359436035 -479.934509277 1746.62121582
0.0351181030273 8 -393.454101562 -64.2105407715 1523.60986328 -346.78805542 302.018554688 1706.52380371 -329.792724609 184.33744812 1477.30810547 -411.842346191 73.4493255615 1744.25512695 -139.587310791 -62.317565918 1412.19250488 -411.842498779 -205.205368042 1744.25512695 134.171173096 -58.8278121948 1560.63793945 -411.837005615 -483.859741211 1744.25512695
0.0330729484558 8 -392.565795898 -63.2410888672 1523.23828125 -345.228271484 301.889099121 1706.71459961 -331.585083008 185.915786743 1476.65637207 -407.493408203 73.4832611084 1744.71350098 -142.802719116 -60.6626586914 1405.59838867 -407.493560791 -205.171432495 1744.71350098 133.079788208 -60.7742385864 1550.2199707 -407.488067627 -483.825805664 1744.71350098
0.033970117569 8 -392.771240234 -61.9499511719 1521.9017334 -344.034301758 302.375366211 1706.81494141 -335.484375 188.099365234 1475.55603027 -402.855407715 73.045501709 1744.67712402 -147.418914795 -58.8407287598 1399.80480957 -402.855560303 -205.609191895 1744.67712402 131.685760498 -61.5793075562 1538.61535645 -402.850067139 -484.263580322 1744.67712402
0.0363450050354 8 -392.696746826 -59.4984779358 1520.2590332 -341.158294678 302.671630859 1707.87036133 -334.878173828 190.830917358 1476.06713867 -400.727966309 73.1766967773 1744.52124023 -151.21786499 -57.4232025146 1393.91638184 -400.728118896 -205.477996826 1744.52124023 130.497589111 -61.5925331116 1528.16748047 -400.722625732 -484.132385254 1744.52124023
0.0302839279175 8 -392.612243652 -56.0434646606 1520.8137207 -339.782073975 304.201263428 1710.89648438 -334.937072754 194.574676514 1478.0177002 -398.697387695 74.9402618408 1746.14367676 -154.117980957 -56.7134857178 1387.47094727 -398.697540283 -203.714431763 1746.14367676 129.307067871 -59.4018325806 1518.13671875 -398.692047119 -482.368835449 1746.14367676
0.0295000076294 8 -393.661621094 -55.9156570435 1516.02807617 -335.741455078 302.79864502 1709.40112305 -333.065460205 194.365264893 1475.38586426 -397.759735107 73.0469818115 1742.55847168 -154.051147461 -54.3544006348 1382.24157715 -397.759887695 -205.607711792 1742.55847168 131.449462891 -56.1297111511 1507.56298828 -397.754394531 -484.262084961 1742.55847168
0.0300998687744 8 -394.179931641 -58.5441970825 1512.8034668 -333.235168457 300.434875488 1707.66772461 -335.923675537 192.364501953 1472.72436523 -393.112213135 68.5825042725 1740.3840332 -157.044845581 -53.6964111328 1376.63244629 -393.112365723 -210.072189331 1740.3840332 129.646377563 -55.2439727783 1496.43505859 -393.106872559 -488.7265625 1740.3840332
0.0305950641632 8 -395.384765625 -57.9531326294 1511.21813965 -331.598999023 298.649597168 1706.7923584 -336.619995117 192.964279175 1471.81494141 -391.882263184 68.0565795898 1739.41699219 -157.022781372 -52.8539276123 1371.82495117 -391.882415771 -210.598114014 1739.41699219 131.002120972 -52.1589927673 1487.54431152 -391.876922607 -489.252502441 1739.41699219
0.0348100662231 8 -395.461242676 -57.792930603 1511.83496094 -330.725799561 298.704956055 1706.31835938 -336.669281006 192.989013672 1471.51782227 -390.961151123 68.821723938 1739.69897461 -161.509262085 -51.9346008301 1365.87463379 -390.961303711 -209.832977295 1739.69897461 127.793685913 -53.7175178528 1475.05981445 -390.955810547 -488.487365723 1739.69897461
0.0315809249878 8 -398.428222656 -59.2676467896 1509.75073242 -327.984954834 295.420135498 1706.56665039 -331.92868042 189.859664917 1471.60400391 -396.562713623 66.8748168945 1737.84350586 -166.221298218 -50.9209594727 1360.41137695 -396.562866211 -211.779876709 1737.84350586 124.736679077 -53.3175621033 1462.40539551 -396.557373047 -490.434265137 1737.84350586
0.0314009189606 8 -401.850006104 -57.2166557312 1506.98852539 -325.441986084 294.867126465 1706.66503906 -325.070678711 189.285308838 1471.88903809 -404.822387695 69.0188446045 1734.90515137 -168.056213379 -50.8846740723 1354.6640625 -404.822540283 -209.635848999 1734.90515137 124.434387207 -51.8066635132 1451.07336426 -404.817047119 -488.290222168 1734.90515137
0.0355620384216 8 -403.802185059 -56.3371887207 1504.95629883 -322.081604004 293.691070557 1707.24133301 -319.55279541 188.077651978 1472.33813477 -409.339294434 69.6068878174 1733.00878906 -169.495376587 -50.3967285156 1349.30761719 -409.339447021 -209.047805786 1733.00878906 124.253433228 -49.3476829529 1439.4576416 -409.333953857 -487.702209473 1733.00878906
0.0314621925354 8 -404.895446777 -53.2229995728 1503.55639648 -318.15246582 293.60925293 1708.0579834 -316.243041992 189.917053223 1472.70227051 -409.339599609 71.3994293213 1732.41833496 -171.729614258 -49.6851196289 1343.14892578 -409.339752197 -207.255264282 1732.41833496 123.098754883 -47.9293746948 1427.16918945 -409.334259033 -485.909667969 1732.41833496
0.0318448543549 8 -405.446960449 -55.6032142639 1500.23754883 -313.135559082 288.76348877 1706.95007324 -310.905059814 185.538696289 1471.14477539 -411.432342529 69.0905456543 1729.0378418 -173.340606689 -47.8136901855 1337.55944824 -411.432495117 -209.564147949 1729.0378418 122.800689697 -44.8300819397 1415.58105469 -411.427001953 -488.218536377 1729.0378418
0.0435769557953 8 -406.633117676 -55.3032913208 1498.27429199 -310.131347656 287.1355896 1706.93359375 -310.920135498 185.515365601 1470.03149414 -409.888458252 67.7542114258 1728.0534668 -172.170227051 -45.9156188965 1332.78808594 -409.88861084 -210.900482178 1728.0534668 124.409606934 -41.9206809998 1406.35302734 -409.883117676 -489.554870605 1728.0534668
0.0393221378326 8 -407.901489258 -54.5223007202 1498.05322266 -309.551818848 287.32232666 1706.41345215 -312.119934082 186.247680664 1469.37817383 -409.485839844 68.3194122314 1727.99658203 -172.583724976 -42.9623565674 1328.38696289 -409.485992432 -210.335281372 1727.99658203 124.456069946 -38.3665618896 1395.06933594 -409.480499268 -488.989685059 1727.99658203
0.0301518440247 8 -408.638061523 -54.2640609741 1498.0690918 -308.098632812 286.023223877 1707.16540527 -312.363769531 186.363739014 1469.72387695 -408.96661377 67.8748931885 1728.40771484 -169.77911377 -40.4873809814 1323.20373535 -408.966766357 -210.779800415 1728.40771484 126.226013184 -33.3366737366 1386.54101562 -408.961273193 -489.434204102 1728.40771484
0.0366430282593 8 -409.338623047 -53.5289001465 1496.81396484 -306.230499268 285.084472656 1707.54345703 -312.295379639 186.927612305 1469.72436523 -406.781646729 66.4395751953 1728.26928711 -168.897598267 -37.752532959 1318.11157227 -406.781799316 -212.215118408 1728.26928711 126.458938599 -28.69480896 1378.02197266 -406.776306152 -490.869506836 1728.26928711
0.030524969101 8 -412.025238037 -51.8961219788 1496.76318359 -307.119903564 287.528320312 1707.2142334 -314.972991943 188.492477417 1469.01831055 -407.798797607 68.069770813 1728.20629883 -168.947875977 -35.8809814453 1313.54333496 -407.798950195 -210.58493042 1728.20629883 125.93661499 -26.3070812225 1370.15185547 -407.793457031 -489.239318848 1728.20629883
0.0282380580902 8 -411.780700684 -52.1847686768 1496.65283203 -304.540496826 286.459960938 1707.06115723 -313.629699707 187.787017822 1469.12548828 -406.1328125 67.2065429688 1728.36743164 -168.949661255 -34.4513244629 1310.27697754 -406.132965088 -211.448150635 1728.36743164 125.50944519 -23.5749359131 1364.29663086 -406.127471924 -490.102539062 1728.36743164
0.033833026886 8 -410.507751465 -52.1311378479 1497.38378906 -304.766815186 288.337982178 1706.47607422 -316.905456543 189.424316406 1468.27209473 -400.457336426 66.5153808594 1729.28869629 -168.966430664 -34.223739624 1307.6361084 -400.457489014 -212.139312744 1729.28869629 125.094512939 -22.1146812439 1358.65197754 -400.45199585 -490.793701172 1729.28869629
0.0306029319763 8 -411.151428223 -53.3524551392 1500.04992676 -305.606262207 288.132354736 1706.18164062 -320.81942749 189.141418457 1468.53747559 -397.730010986 65.9412765503 1731.44787598 -168.971176147 -33.6117858887 1306.3137207 -397.730163574 -212.713409424 1731.44787598 124.862045288 -21.4023017883 1354.74353027 -397.72467041 -491.367797852 1731.44787598
0.0310010910034 8 -412.087982178 -54.5300445557 1500.67651367 -305.798553467 286.258300781 1706.53796387 -324.052429199 188.718063354 1468.37353516 -396.106994629 64.3414459229 1732.14477539 -168.989776611 -32.8054504395 1304.1550293 -396.107147217 -214.313247681 1732.14477539 124.696838379 -21.032989502 1351.5612793 -396.101654053 -492.967651367 1732.14477539
0.0351939201355 8 -410.711975098 -55.6875839233 1498.50561523 -304.053039551 285.703948975 1703.7121582 -324.074279785 187.941864014 1465.20141602 -393.04107666 63.3867111206 1729.76220703 -169.502761841 -32.4013214111 1303.07019043 -393.041229248 -215.267974854 1729.76220703 124.165481567 -19.9606704712 1349.35693359 -393.035736084 -493.922363281 1729.76220703
0.0314259529114 8 -411.692382812 -58.3706436157 1500.09814453 -305.772583008 286.387268066 1701.29016113 -326.154449463 185.159255981 1463.4630127 -393.611480713 63.5801391602 1729.80822754 -169.258392334 -32.700088501 1302.01647949 -393.611633301 -215.074554443 1729.80822754 124.138244629 -20.3064460754 1348.90441895 -393.606140137 -493.728942871 1729.80822754
0.0315420627594 8 -413.843414307 -58.6977615356 1502.81567383 -307.096801758 286.557250977 1704.07324219 -327.667907715 184.484817505 1465.27453613 -396.195251465 64.3089904785 1732.0123291 -169.614181519 -32.8598632812 1301.98413086 -396.195404053 -214.345703125 1732.0123291 123.724838257 -22.0767593384 1347.20861816 -396.189910889 -493.000091553 1732.0123291
0.0352740287781 8 -414.585754395 -57.2423667908 1504.96777344 -307.484283447 288.081665039 1705.48388672 -325.952484131 184.984985352 1467.01672363 -399.507843018 67.3244400024 1733.49768066 -169.306594849 -32.9331817627 1302.49157715 -399.507995605 -211.33026123 1733.49768066 123.621170044 -23.0298919678 1348.86950684 -399.502502441 -489.984649658 1733.49768066
0.0444140434265 8 -414.768096924 -58.7133026123 1506.02416992 -308.243652344 287.806549072 1705.67980957 -327.88104248 183.965438843 1466.88806152 -398.655273438 66.4055938721 1734.18981934 -170.666885376 -33.9610595703 1303.7331543 -398.655426025 -212.249099731 1734.18981934 121.866073608 -24.9910259247 1348.1229248 -398.649932861 -490.903503418 1734.18981934
0.0300240516663 8 -414.122009277 -60.5226135254 1507.49731445 -308.906433105 287.802124023 1705.7800293 -329.959533691 182.876098633 1466.9276123 -396.265686035 65.0856628418 1735.2598877 -170.336166382 -35.4747619629 1304.85852051 -396.265838623 -213.569030762 1735.2598877 121.187942505 -30.575881958 1350.05627441 -396.260345459 -492.223419189 1735.2598877
0.0307190418243 8 -413.820739746 -60.9502830505 1507.80444336 -308.553894043 287.508728027 1706.34729004 -330.020202637 182.619567871 1467.44946289 -395.079284668 64.1186828613 1735.80395508 -174.683059692 -38.2321472168 1306.93847656 -395.079437256 -214.536010742 1735.80395508 115.61390686 -38.3437309265 1350.54638672 -395.073944092 -493.19039917 1735.80395508
0.0299258232117 8 -413.88671875 -60.5749435425 1507.98144531 -308.180297852 287.440246582 1706.15454102 -329.534606934 182.878875732 1468.04052734 -395.342407227 64.2134857178 1736.15722656 -177.27911377 -42.6300506592 1310.01672363 -395.342559814 -214.441207886 1736.15722656 112.212432861 -45.105430603 1355.29467773 -395.33706665 -493.095581055 1736.15722656
0.0315279960632 8 -413.474975586 -59.2433700562 1507.89306641 -307.141448975 287.749938965 1706.5267334 -327.264984131 183.67515564 1468.68188477 -396.190948486 65.4676818848 1736.20751953 -180.121780396 -46.8184661865 1314.01330566 -396.191101074 -213.187011719 1736.20751953 109.146072388 -54.2785110474 1363.2935791 -396.18560791 -491.841400146 1736.20751953
0.0347230434418 8 -414.362854004 -59.4821662903 1506.98413086 -306.380401611 286.118530273 1706.21008301 -325.663574219 182.685287476 1468.72387695 -398.571838379 65.1218719482 1735.45922852 -181.544342041 -52.9099884033 1320.50915527 -398.571990967 -213.532821655 1735.45922852 106.751342773 -66.6338119507 1374.82446289 -398.566497803 -492.187194824 1735.45922852
0.0317139625549 8 -414.203552246 -60.6349868774 1508.84973145 -305.92590332 284.616760254 1710.05297852 -323.067962646 180.812805176 1471.80725098 -399.94052124 63.6497955322 1737.59558105 -182.754959106 -60.4560241699 1327.75854492 -399.940673828 -215.004898071 1737.59558105 103.671005249 -78.5455932617 1391.4621582 -399.935180664 -493.659301758 1737.59558105
0.035285949707 8 -412.391174316 -62.577419281 1508.70654297 -306.136871338 283.891723633 1707.96801758 -321.722595215 178.895553589 1470.67883301 -399.833740234 63.1684112549 1736.75549316 -182.88760376 -70.7304077148 1336.87023926 -399.833892822 -215.486282349 1736.75549316 101.577362061 -90.6260528564 1410.58874512 -399.828399658 -494.140686035 1736.75549316
0.0317511558533 8 -411.438903809 -65.891998291 1510.59326172 -306.780670166 282.747070312 1706.93359375 -320.021209717 174.993347168 1470.75610352 -401.4425354 62.5748901367 1737.234375 -183.95942688 -77.8721313477 1347.9329834 -401.442687988 -216.079803467 1737.234375 98.2808685303 -101.455055237 1431.93151855 -401.437194824 -494.734191895 1737.234375
0.0312268733978 8 -411.065643311 -66.9807739258 1512.53857422 -307.218536377 282.865631104 1706.41491699 -318.527618408 173.282867432 1471.55175781 -403.416351318 63.5789413452 1738.07226562 -186.487045288 -86.4425964355 1359.46447754 -403.416503906 -215.075744629 1738.07226562 92.4167327881 -115.761184692 1453.14489746 -403.411010742 -493.730133057 1738.07226562
0.0356462001801 8 -412.109039307 -69.7294387817 1513.47839355 -308.609710693 281.655548096 1706.16333008 -315.691314697 168.949584961 1472.40197754 -409.373138428 63.4769439697 1737.53161621 -189.758911133 -94.731048584 1371.23718262 -409.373291016 -215.177749634 1737.53161621 86.4425354004 -126.015319824 1473.60424805 -409.367797852 -493.83215332 1737.53161621
0.0314548015594 8 -412.504638672 -71.9022140503 1514.81665039 -310.436065674 280.116394043 1706.02734375 -315.318206787 166.441879272 1473.44091797 -411.468719482 62.3139953613 1738.31152344 -189.375473022 -101.871505737 1382.61706543 -411.46887207 -216.340698242 1738.31152344 82.2158660889 -136.552200317 1496.24194336 -411.463378906 -494.99508667 1738.31152344
0.0315260887146 8 -414.033966064 -71.696434021 1516.47705078 -310.376098633 278.956085205 1710.45812988 -313.56729126 165.671310425 1477.39245605 -414.136993408 61.4628295898 1740.60461426 -188.66696167 -106.930007935 1394.31018066 -414.137145996 -217.191864014 1740.60461426 78.5078430176 -142.277374268 1517.83581543 -414.131652832 -495.846252441 1740.60461426
0.0344479084015 8 -414.530334473 -70.4742736816 1523.43481445 -311.73828125 282.254821777 1716.17797852 -312.363800049 166.065231323 1483.71289062 -417.057403564 64.6108551025 1746.39746094 -188.838363647 -111.470718384 1405.15454102 -417.057556152 -214.043838501 1746.39746094 76.3950653076 -143.804916382 1536.91943359 -417.052062988 -492.698242188 1746.39746094
0.0322530269623 8 -414.729217529 -72.0849761963 1523.41149902 -310.8722229 280.077972412 1715.53222656 -309.150543213 163.02355957 1484.16040039 -419.834381104 64.4431762695 1745.44189453 -187.414642334 -114.733673096 1414.57519531 -419.834533691 -214.211517334 1745.44189453 76.2889404297 -144.320556641 1554.81591797 -419.829040527 -492.865905762 1745.44189453
0.0318081378937 8 -413.257629395 -73.281463623 1528.75524902 -311.751556396 279.75201416 1718.69873047 -320.210113525 166.00213623 1485.35168457 -406.093231201 60.5723953247 1751.98181152 -188.132980347 -116.859649658 1423.28027344 -406.093383789 -218.082305908 1751.98181152 72.678024292 -146.125305176 1572.91650391 -406.087890625 -496.736694336 1751.98181152
0.0362718105316 8 -414.775512695 -71.6555938721 1533.46704102 -314.840209961 281.5675354 1724.29064941 -327.410247803 169.756347656 1489.35961914 -402.804779053 60.0820846558 1757.87670898 -188.562393188 -116.423919678 1431.63598633 -402.804931641 -218.572601318 1757.87670898 72.8672027588 -146.562454224 1586.86816406 -402.799438477 -497.226989746 1757.87670898
0.0317671298981 8 -414.32220459 -70.8316421509 1537.72509766 -315.346252441 281.77041626 1727.58349609 -327.928222656 170.941741943 1492.98376465 -401.962219238 60.9713287354 1762.21398926 -189.814147949 -114.702270508 1438.30249023 -401.962371826 -217.683364868 1762.21398926 71.0178222656 -148.77532959 1601.88293457 -401.956878662 -496.337768555 1762.21398926
0.0321710109711 8 -414.451385498 -73.1932525635 1538.7166748 -316.880645752 280.316925049 1727.73498535 -329.297851562 168.964904785 1493.34362793 -401.098022461 58.5835266113 1763.23156738 -189.925033569 -114.845855713 1445.64257812 -401.098175049 -220.071166992 1763.23156738 68.7771148682 -146.134017944 1614.83166504 -401.092681885 -498.72555542 1763.23156738
0.0357570648193 8 -417.039733887 -74.58177948 1541.01184082 -321.007995605 278.791351318 1731.82434082 -330.792053223 167.457229614 1496.95812988 -406.28918457 56.9078063965 1765.86096191 -190.451873779 -115.92930603 1452.33166504 -406.289337158 -221.746887207 1765.86096191 65.8626708984 -146.984222412 1626.16064453 -406.283843994 -500.401275635 1765.86096191
0.0319998264313 8 -417.717712402 -74.3346481323 1544.2890625 -322.377929688 280.089477539 1735.35217285 -331.363006592 167.648452759 1500.02294922 -407.957672119 57.6530456543 1768.9140625 -200.264785767 -111.608444214 1455.64916992 -407.957824707 -221.001647949 1768.9140625 53.8110961914 -153.261001587 1625.93408203 -407.952331543 -499.656036377 1768.9140625
0.0319581031799 8 -419.392028809 -74.4754638672 1546.55090332 -325.297363281 280.793426514 1736.61364746 -332.706726074 167.295608521 1501.7265625 -410.699645996 58.4099884033 1770.69970703 -194.62713623 -112.810562134 1462.31274414 -410.699798584 -220.2447052 1770.69970703 56.9861450195 -151.944061279 1640.05603027 -410.69430542 -498.899108887 1770.69970703
0.0360980033875 8 -418.489898682 -70.8137054443 1550.5793457 -324.950256348 285.229431152 1740.75793457 -331.146759033 170.762969971 1505.95275879 -410.678741455 62.2682800293 1774.65026855 -189.290893555 -115.412963867 1468.16369629 -410.678894043 -216.386413574 1774.65026855 60.3796234131 -151.089782715 1651.32409668 -410.673400879 -495.040802002 1774.65026855
0.0320029258728 8 -419.093688965 -69.5734939575 1551.93286133 -326.798370361 284.454071045 1744.34631348 -331.247894287 172.20413208 1509.4621582 -412.302215576 61.9127349854 1776.97119141 -187.63734436 -117.20501709 1473.10742188 -412.302368164 -216.741958618 1776.97119141 62.3777313232 -150.715118408 1658.79211426 -412.296875 -495.396362305 1776.97119141
0.0320611000061 8 -419.396759033 -72.6658477783 1552.52185059 -327.308532715 280.617706299 1744.62182617 -328.220123291 167.932632446 1510.49328613 -415.967193604 60.1573638916 1776.82824707 -186.815689087 -117.105117798 1475.55480957 -415.967346191 -218.497329712 1776.82824707 61.5657958984 -149.670898438 1664.50720215 -415.961853027 -497.151733398 1776.82824707
0.0362570285797 8 -419.490356445 -74.8626251221 1553.23852539 -326.891998291 278.616760254 1745.23303223 -327.807067871 165.450134277 1510.59191895 -416.392700195 58.7122192383 1777.11999512 -183.884216309 -120.067443848 1478.24780273 -416.392852783 -219.942474365 1777.11999512 63.9022064209 -157.099761963 1665.09545898 -416.387359619 -498.596862793 1777.11999512
0.03187084198 8 -419.934082031 -77.2655715942 1553.5612793 -327.351013184 277.296844482 1745.05529785 -327.538299561 162.737487793 1510.66491699 -417.468841553 56.8789825439 1777.11804199 -183.918670654 -122.544921875 1479.11560059 -417.468994141 -221.77571106 1777.11804199 63.7045440674 -163.030166626 1664.50769043 -417.463500977 -500.430114746 1777.11804199
0.0317649841309 8 -420.698364258 -77.7743377686 1554.42492676 -328.140808105 277.022918701 1744.97216797 -327.143920898 161.731994629 1511.25927734 -419.468811035 57.2734832764 1777.44848633 -184.448364258 -123.278869629 1477.55505371 -419.468963623 -221.381210327 1777.44848633 63.5123748779 -167.960144043 1661.72827148 -419.463470459 -500.035583496 1777.44848633
0.0380899906158 8 -418.180114746 -79.5445175171 1555.33911133 -324.506286621 274.818725586 1746.45996094 -324.448852539 159.941833496 1512.42297363 -416.27532959 55.0568084717 1778.63244629 -181.707824707 -124.142456055 1476.30224609 -416.275482178 -223.597885132 1778.63244629 66.4748382568 -173.897750854 1659.46618652 -416.269989014 -502.252258301 1778.63244629
0.031455039978 8 -416.834655762 -80.1544799805 1556.13037109 -322.827270508 275.497161865 1746.12744141 -323.178222656 159.182281494 1512.22192383 -414.522827148 55.2085266113 1778.95996094 -182.859146118 -125.082366943 1471.08154297 -414.522979736 -223.446166992 1778.95996094 68.2918548584 -181.093734741 1646.09643555 -414.517486572 -502.10055542 1778.95996094
0.0316450595856 8 -415.450927734 -79.7647247314 1557.83032227 -321.038787842 276.827880859 1746.4810791 -322.324310303 159.52520752 1512.56860352 -412.679046631 56.5916442871 1780.04663086 -185.445678711 -125.543060303 1462.99816895 -412.679199219 -222.063049316 1780.04663086 68.6873931885 -190.738616943 1629.5793457 -412.673706055 -500.717437744 1780.04663086
0.0360209941864 8 -414.049255371 -79.4892272949 1557.42382812 -318.961120605 276.39831543 1746.69470215 -323.477539062 160.905029297 1512.94641113 -408.361938477 54.7119445801 1780.87072754 -185.241210938 -127.271179199 1454.0020752 -408.362091064 -223.942749023 1780.87072754 74.1702270508 -196.294128418 1610.77697754 -408.3565979 -502.597137451 1780.87072754
0.0316560268402 8 -411.786621094 -78.6355285645 1556.74645996 -316.537231445 276.721008301 1746.79980469 -322.781402588 162.40184021 1512.55871582 -404.343963623 54.4381561279 1780.82116699 -186.133880615 -127.132644653 1443.50341797 -404.344116211 -224.216537476 1780.82116699 79.5402526855 -199.923538208 1588.11010742 -404.338623047 -502.870910645 1780.82116699
0.0315520763397 8 -410.387268066 -76.4434051514 1557.28820801 -314.834777832 276.185577393 1750.35888672 -322.951568604 165.538604736 1515.27246094 -400.532867432 53.5652770996 1783.04516602 -190.092605591 -126.566711426 1431.25927734 -400.53302002 -225.089416504 1783.04516602 81.2527923584 -208.444946289 1560.2902832 -400.527526855 -503.743804932 1783.04516602
0.0358738899231 8 -408.430419922 -80.068145752 1554.09008789 -311.177032471 272.373809814 1747.63122559 -323.864593506 162.777389526 1511.22900391 -394.811737061 49.1483917236 1780.09887695 -195.04864502 -123.788009644 1419.13146973 -394.811889648 -229.50630188 1780.09887695 81.2755126953 -212.706695557 1531.20007324 -394.806396484 -508.160705566 1780.09887695
0.0320580005646 8 -407.902893066 -81.4853363037 1554.22070312 -309.068511963 271.921447754 1746.26342773 -319.493713379 159.980545044 1511.3927002 -397.977172852 49.4651641846 1779.40856934 -196.025848389 -121.894546509 1407.06481934 -397.977325439 -229.189529419 1779.40856934 84.1811523438 -213.07989502 1505.54406738 -397.971832275 -507.843933105 1779.40856934
0.0316979885101 8 -407.56338501 -80.6439056396 1553.02648926 -306.396331787 270.182434082 1747.0847168 -316.967376709 160.313339233 1511.82885742 -398.274993896 49.2688140869 1778.86181641 -196.492462158 -120.4478302 1396.54223633 -398.275146484 -229.385879517 1778.86181641 87.4490966797 -211.02935791 1480.1796875 -398.26965332 -508.040283203 1778.86181641
0.0360679626465 8 -407.408050537 -78.6775360107 1550.62768555 -305.398040771 270.946166992 1745.98278809 -311.448394775 160.497512817 1511.4699707 -402.569671631 51.8904266357 1776.18212891 -199.224334717 -117.717758179 1385.26745605 -402.569824219 -226.764266968 1776.18212891 88.4112854004 -208.382110596 1455.75109863 -402.564331055 -505.418640137 1776.18212891
0.0319540500641 8 -408.10723877 -76.4784622192 1547.06335449 -304.517578125 272.924133301 1741.93493652 -308.750274658 161.454833984 1508.70935059 -405.612579346 54.8307647705 1772.24475098 -200.101760864 -115.856140137 1375.63208008 -405.612731934 -223.823928833 1772.24475098 89.6124725342 -206.458267212 1433.39160156 -405.60723877 -502.47833252 1772.24475098
0.0320770740509 8 -409.182678223 -76.6011657715 1542.62695312 -302.283172607 271.158355713 1739.41479492 -307.076263428 160.395111084 1505.60070801 -406.518280029 53.8808898926 1768.30627441 -202.030456543 -112.927215576 1366.31982422 -406.518432617 -224.773803711 1768.30627441 89.7534790039 -201.43270874 1412.87634277 -406.512939453 -503.428192139 1768.30627441
0.0364668369293 8 -410.203979492 -77.5554885864 1541.62670898 -302.187927246 270.578460693 1738.62353516 -308.335784912 159.437744141 1503.80761719 -406.782440186 53.304901123 1767.09741211 -203.53036499 -109.465423584 1357.61083984 -406.782592773 -225.34979248 1767.09741211 89.8332519531 -196.288665771 1394.56689453 -406.777099609 -504.004180908 1767.09741211
0.0314180850983 8 -411.041259766 -76.0187225342 1540.4777832 -302.409698486 273.381958008 1737.68530273 -309.150970459 160.918182373 1502.29833984 -407.844024658 55.2633972168 1765.71801758 -206.261108398 -107.249145508 1350.7175293 -407.844177246 -223.391296387 1765.71801758 89.6513366699 -191.878387451 1378.97924805 -407.838684082 -502.045684814 1765.71801758
0.0320320129395 8 -412.500549316 -76.1105651855 1536.85498047 -302.667510986 272.481811523 1733.28344727 -311.007904053 160.93548584 1498.26855469 -408.3253479 55.0865783691 1762.13330078 -208.646011353 -104.121582031 1344.34326172 -408.325500488 -223.568115234 1762.13330078 87.6667022705 -184.503967285 1365.21020508 -408.320007324 -502.222503662 1762.13330078
0.036288022995 8 -414.137817383 -75.099899292 1534.57641602 -303.599273682 273.036010742 1731.10632324 -312.621002197 162.017150879 1496.48498535 -408.971038818 55.2356567383 1760.33508301 -211.324066162 -102.559906006 1339.18811035 -408.971191406 -223.419036865 1760.33508301 85.7632141113 -180.321838379 1354.37341309 -408.965698242 -502.073425293 1760.33508301
0.0317399501801 8 -414.522155762 -74.5188903809 1534.25219727 -304.353210449 274.5519104 1729.95446777 -313.371551514 162.633880615 1495.40734863 -409.582122803 56.5477218628 1759.59387207 -213.191955566 -100.277648926 1335.03369141 -409.582275391 -222.106964111 1759.59387207 84.4360351562 -177.899719238 1346.15686035 -409.576782227 -500.761352539 1759.59387207
0.035884141922 8 -416.351318359 -73.3303527832 1533.64819336 -305.281768799 275.313293457 1729.43395996 -315.474731445 163.976409912 1495.03381348 -410.172485352 56.9794921875 1759.39758301 -213.603881836 -100.137054443 1332.52282715 -410.172637939 -221.675201416 1759.39758301 83.5559387207 -179.624176025 1340.3079834 -410.167144775 -500.329589844 1759.39758301
0.0322639942169 8 -416.694885254 -71.5450897217 1531.59228516 -306.349334717 277.202392578 1726.64880371 -316.552612305 166.032943726 1492.72509766 -410.526306152 58.8691558838 1757.28344727 -214.376312256 -101.041305542 1330.7355957 -410.52645874 -219.78553772 1757.28344727 83.1875915527 -183.457977295 1335.50073242 -410.520965576 -498.439941406 1757.28344727
0.0318098068237 8 -416.414672852 -74.62059021 1531.39086914 -306.484436035 275.346008301 1724.7644043 -318.534790039 163.62322998 1490.93139648 -408.674255371 56.3012390137 1756.72851562 -214.693664551 -101.515350342 1329.85791016 -408.674407959 -222.35345459 1756.72851562 82.7640380859 -185.955963135 1333.78747559 -408.668914795 -501.007843018 1756.72851562
0.0360960960388 8 -416.590698242 -77.3553009033 1528.42236328 -303.809295654 272.314239502 1719.83190918 -319.24029541 160.893188477 1486.75500488 -405.953186035 53.523223877 1753.66271973 -214.346618652 -103.26574707 1330.42602539 -405.953338623 -225.131469727 1753.66271973 82.3968811035 -189.999206543 1334.45703125 -405.947845459 -503.785858154 1753.66271973
0.0319509506226 8 -415.201416016 -75.3631591797 1528.67578125 -302.583862305 276.313781738 1717.85668945 -316.286804199 162.036651611 1485.87158203 -405.637329102 57.2648620605 1752.9375 -214.169143677 -107.637268066 1331.2043457 -405.637481689 -221.389831543 1752.9375 81.1904754639 -197.836380005 1336.30175781 -405.631988525 -500.044219971 1752.9375
0.0320560932159 8 -415.250427246 -74.6147460938 1530.27514648 -301.916259766 277.315124512 1720.38989258 -316.231750488 162.811431885 1487.81970215 -404.527893066 57.246421814 1754.94372559 -215.58291626 -110.319610596 1334.1138916 -404.528045654 -221.40826416 1754.94372559 78.0727233887 -206.918563843 1340.4375 -404.52255249 -500.062652588 1754.94372559
0.035838842392 8 -416.294586182 -75.7832794189 1528.51098633 -301.735992432 275.418151855 1717.64807129 -317.714599609 161.799346924 1485.90795898 -403.524658203 55.3586578369 1753.49365234 -217.797729492 -113.662384033 1339.05761719 -403.524810791 -223.296035767 1753.49365234 72.8460388184 -219.136917114 1346.39331055 -403.519317627 -501.950439453 1753.49365234
0.032210111618 8 -417.577331543 -76.6421051025 1527.45910645 -300.224914551 272.93762207 1716.78381348 -317.740753174 160.529693604 1485.49328613 -403.600372314 53.6126403809 1752.88586426 -219.373809814 -120.340209961 1344.04199219 -403.600524902 -225.042053223 1752.88586426 69.0489807129 -234.70513916 1355.02734375 -403.595031738 -503.69644165 1752.88586426
0.031877040863 8 -418.106628418 -77.2797088623 1526.15185547 -298.688690186 270.511962891 1715.84143066 -316.012695312 159.072509766 1485.01208496 -404.042419434 52.511932373 1751.83825684 -219.661956787 -127.674194336 1350.52624512 -404.042572021 -226.14276123 1751.83825684 66.4962463379 -248.575775146 1367.74182129 -404.037078857 -504.797149658 1751.83825684
0.0363669395447 8 -417.732421875 -78.2996673584 1524.97387695 -296.604919434 269.555725098 1711.3572998 -311.856445312 156.192199707 1482.88793945 -405.128845215 53.6862945557 1749.44702148 -220.330963135 -134.828186035 1359.25415039 -405.128997803 -224.968399048 1749.44702148 61.4113464355 -264.511413574 1383.08129883 -405.123504639 -503.622802734 1749.44702148
0.0318369865417 8 -418.112792969 -80.4354400635 1522.95324707 -293.817108154 266.600830078 1708.60192871 -305.788757324 151.11605835 1481.63354492 -409.17767334 53.8114013672 1746.19750977 -220.656570435 -143.888580322 1368.11071777 -409.177825928 -224.843292236 1746.19750977 55.206161499 -283.013000488 1402.01525879 -409.172332764 -503.497680664 1746.19750977
0.0319120883942 8 -418.292480469 -83.5444412231 1522.74279785 -291.625732422 263.81842041 1708.23339844 -300.793029785 145.586135864 1482.34118652 -412.246765137 52.3559265137 1745.07971191 -220.817962646 -155.928451538 1378.0447998 -412.246917725 -226.29876709 1745.07971191 51.7505493164 -297.806488037 1424.21569824 -412.241424561 -504.953155518 1745.07971191
0.0359499454498 8 -417.884216309 -84.0561218262 1523.00170898 -288.45413208 261.901580811 1708.05895996 -297.390319824 143.642868042 1483.12329102 -411.58404541 51.8892669678 1745.34155273 -221.887573242 -165.964248657 1389.52026367 -411.584197998 -226.765426636 1745.34155273 46.065826416 -312.116516113 1448.98034668 -411.578704834 -505.419799805 1745.34155273
0.031986951828 8 -420.799926758 -85.6886825562 1524.21166992 -284.854064941 258.715301514 1705.07421875 -303.188354492 142.786956787 1481.0925293 -403.254760742 47.5330352783 1747.45361328 -223.934936523 -175.098876953 1401.82775879 -403.25491333 -231.121658325 1747.45361328 39.544128418 -325.656311035 1472.57849121 -403.249420166 -509.776062012 1747.45361328
0.0321390628815 8 -420.555847168 -92.3171005249 1524.2956543 -281.351745605 253.555114746 1702.50061035 -304.390869141 136.380279541 1478.21386719 -398.001953125 41.0616607666 1747.05493164 -227.450775146 -182.072052002 1413.92199707 -398.002105713 -237.593032837 1747.05493164 32.7862548828 -335.309570312 1496.20422363 -397.996612549 -516.247436523 1747.05493164
0.0358629226685 8 -419.534729004 -98.3995132446 1526.09350586 -279.10836792 249.508087158 1701.69116211 -304.51739502 130.356430054 1477.25134277 -394.732421875 36.3371582031 1747.8470459 -227.722595215 -189.039230347 1425.94824219 -394.732574463 -242.3175354 1747.8470459 27.1795959473 -345.019958496 1518.84313965 -394.727081299 -520.971923828 1747.8470459
0.0320470333099 8 -423.303222656 -99.7695159912 1531.76831055 -275.436187744 247.819839478 1701.35510254 -308.338867188 127.838150024 1478.07641602 -388.977966309 35.1590118408 1752.04272461 -230.813934326 -198.108016968 1437.01806641 -388.978118896 -243.495681763 1752.04272461 20.513671875 -354.507141113 1541.08837891 -388.972625732 -522.150085449 1752.04272461
0.0319969654083 8 -423.447387695 -105.745521545 1536.0 -270.542602539 245.046325684 1696.1229248 -308.223754883 119.873634338 1475.1036377 -385.431152344 34.3465423584 1752.37414551 -230.898666382 -202.559173584 1447.0045166 -385.431304932 -244.308151245 1752.37414551 15.8497924805 -363.359954834 1560.71850586 -385.425811768 -522.962524414 1752.37414551
0.0358400344849 8 -422.868591309 -106.111557007 1540.48510742 -264.914001465 246.409957886 1693.49694824 -304.986999512 116.846969604 1474.92346191 -382.668029785 37.7364044189 1754.01843262 -229.451049805 -209.273086548 1455.98937988 -382.668182373 -240.918289185 1754.01843262 13.5876464844 -369.659057617 1578.98925781 -382.662689209 -519.572692871 1754.01843262
0.0321600437164 8 -423.907562256 -109.23298645 1543.37280273 -262.818328857 243.754104614 1692.18212891 -301.551452637 110.580627441 1475.36987305 -385.620117188 38.6582336426 1754.50219727 -228.750640869 -215.615142822 1464.48168945 -385.620269775 -239.996459961 1754.50219727 12.2891540527 -373.757293701 1592.8269043 -385.614776611 -518.650878906 1754.50219727
0.0318660736084 8 -424.548461914 -111.19758606 1545.5 -259.122436523 241.500320435 1689.02062988 -298.439575195 105.624046326 1474.70544434 -384.709472656 39.1918334961 1754.59973145 -236.155059814 -207.333099365 1467.93725586 -384.709625244 -239.462860107 1754.59973145 -7.55290222168 -372.270629883 1598.69689941 -384.70413208 -518.117248535 1754.59973145
0.0359230041504 8 -428.087921143 -113.630729675 1547.36535645 -257.060791016 238.065246582 1687.40393066 -293.914794922 97.729347229 1475.1953125 -391.552307129 41.7383270264 1753.30102539 -242.796356201 -203.474121094 1470.19055176 -391.552459717 -236.916366577 1753.30102539 -20.1202087402 -369.821838379 1604.18383789 -391.546966553 -515.570739746 1753.30102539
0.0319769382477 8 -428.90423584 -117.907531738 1550.56835938 -254.942199707 235.263916016 1687.13708496 -289.840332031 89.5126190186 1476.22607422 -395.366210938 42.5171661377 1753.12109375 -245.597091675 -204.610122681 1472.07312012 -395.366363525 -236.137527466 1753.12109375 -25.6601409912 -370.028991699 1609.28869629 -395.360870361 -514.791931152 1753.12109375
0.0319650173187 8 -431.381622314 -118.038146973 1550.70947266 -251.972930908 233.586929321 1686.45129395 -283.408966064 83.5475921631 1477.74487305 -402.209014893 46.568069458 1750.48461914 -245.03503418 -208.980239868 1474.6763916 -402.20916748 -232.086624146 1750.48461914 -24.5330200195 -369.834350586 1615.14782715 -402.203674316 -510.741027832 1750.48461914
0.0358870029449 8 -431.36239624 -118.97114563 1552.04394531 -249.080749512 230.949996948 1687.14929199 -278.482116699 79.326499939 1479.89306641 -403.409118652 47.2149658203 1750.79174805 -235.003433228 -224.96963501 1480.31835938 -403.40927124 -231.439727783 1750.79174805 -12.0109100342 -384.753540039 1623.29614258 -403.403778076 -510.094116211 1750.79174805
0.0321419239044 8 -429.97479248 -119.038223267 1553.05578613 -245.989715576 231.337554932 1685.5135498 -275.528106689 77.714263916 1479.76916504 -402.343597412 48.9680175781 1750.40441895 -226.999755859 -237.489135742 1484.1505127 -402.34375 -229.686676025 1750.40441895 -2.42399597168 -396.94732666 1630.51123047 -402.338256836 -508.341064453 1750.40441895
0.032016992569 8 -432.317565918 -118.24760437 1555.92895508 -242.631011963 230.329208374 1682.19189453 -275.312744141 75.0698394775 1479.05200195 -400.897888184 51.8733673096 1750.87426758 -221.988693237 -242.749832153 1485.56530762 -400.898040771 -226.781326294 1750.87426758 2.97723388672 -403.925750732 1630.01037598 -400.892547607 -505.43572998 1750.87426758
0.0356969833374 8 -434.252624512 -119.897262573 1555.32531738 -238.78314209 228.423431396 1676.4375 -267.225463867 65.1595153809 1479.90441895 -406.645751953 56.4012451172 1745.03259277 -216.503173828 -247.776397705 1484.69274902 -406.645904541 -222.253448486 1745.03259277 8.6902923584 -412.61706543 1625.36804199 -406.640411377 -500.907836914 1745.03259277
0.0319049358368 8 -437.348083496 -118.579849243 1555.39355469 -235.152374268 225.528640747 1674.09362793 -263.293273926 59.9092254639 1479.94177246 -410.094909668 61.7867279053 1741.32727051 -214.753112793 -253.824172974 1482.2857666 -410.095062256 -216.867965698 1741.32727051 11.1127471924 -420.307617188 1616.33850098 -410.089569092 -495.522338867 1741.32727051
0.0321931838989 8 -440.881225586 -119.988212585 1555.54174805 -233.656799316 220.60736084 1675.94726562 -261.056365967 53.4945297241 1481.73986816 -414.314544678 62.638999939 1739.44714355 -213.35357666 -258.877258301 1475.60510254 -414.314697266 -216.015686035 1739.44714355 14.4847412109 -426.780456543 1604.46398926 -414.309204102 -494.670074463 1739.44714355
0.0357348918915 8 -442.099609375 -121.775650024 1555.21557617 -231.320022583 217.009277344 1676.90393066 -258.639251709 48.593170166 1482.86853027 -416.375823975 62.3165893555 1737.87756348 -212.16242981 -262.429382324 1467.78979492 -416.375976562 -216.338104248 1737.87756348 16.7024536133 -432.732574463 1588.0255127 -416.370483398 -494.992492676 1737.87756348
0.0321431159973 8 -442.86138916 -124.580886841 1553.97180176 -228.281021118 211.144897461 1677.89318848 -256.598571777 43.443145752 1483.14428711 -416.269165039 59.0644226074 1737.02758789 -211.059844971 -263.21774292 1457.39331055 -416.269317627 -219.590270996 1737.02758789 19.1577911377 -438.609771729 1565.74731445 -416.263824463 -498.244659424 1737.02758789
0.0318689346313 8 -443.644836426 -125.92906189 1551.38098145 -225.058868408 207.08253479 1674.3638916 -253.35824585 37.779586792 1481.15759277 -416.669403076 59.8393783569 1732.22058105 -206.518798828 -266.092407227 1446.67431641 -416.669555664 -218.815307617 1732.22058105 24.9727478027 -445.657104492 1541.76245117 -416.6640625 -497.469696045 1732.22058105
0.0360059738159 8 -442.659179688 -127.972335815 1550.97558594 -221.024780273 204.499572754 1673.14941406 -254.199676514 36.7181549072 1478.1574707 -411.141693115 55.4235687256 1733.4987793 -204.261764526 -265.563842773 1433.8527832 -411.141845703 -223.231124878 1733.4987793 29.4120635986 -446.371643066 1516.48217773 -411.136352539 -501.885498047 1733.4987793
0.0321140289307 8 -441.329071045 -129.444885254 1547.82092285 -216.652923584 201.814208984 1667.52600098 -252.713272095 34.1716918945 1472.93164062 -406.440490723 53.4402542114 1730.27709961 -202.626327515 -265.296936035 1421.4263916 -406.440643311 -225.214447021 1730.27709961 32.4644165039 -450.362823486 1489.24462891 -406.435150146 -503.868835449 1730.27709961
0.0320329666138 8 -444.033447266 -130.797943115 1546.05529785 -214.769515991 196.307876587 1664.67712402 -251.40007019 28.1454162598 1471.3894043 -408.060058594 53.9917068481 1726.34399414 -201.799301147 -265.632019043 1408.18884277 -408.060211182 -224.662994385 1726.34399414 38.4564971924 -449.789978027 1462.84985352 -408.054718018 -503.317382812 1726.34399414
0.0361099243164 8 -444.599456787 -131.765289307 1545.34326172 -212.759521484 194.083328247 1663.77514648 -249.763092041 24.6232910156 1470.92919922 -408.894622803 54.7653579712 1723.91333008 -202.395431519 -264.316192627 1395.58789062 -408.894775391 -223.889343262 1723.91333008 41.382522583 -447.637359619 1436.9342041 -408.889282227 -502.543731689 1723.91333008
0.0321390628815 8 -445.832641602 -131.424865723 1543.47473145 -210.002685547 191.535217285 1660.83093262 -249.447265625 22.4186553955 1467.81347656 -406.932952881 54.9069366455 1721.59448242 -204.685546875 -263.675537109 1383.79101562 -406.933105469 -223.747756958 1721.59448242 43.4032287598 -443.499206543 1413.09594727 -406.927612305 -502.402160645 1721.59448242
0.0355999469757 8 -448.511016846 -133.235656738 1545.56347656 -210.97756958 191.096176147 1658.35522461 -253.743545532 20.6133270264 1465.85534668 -407.018493652 54.0563812256 1722.07702637 -203.335220337 -263.340087891 1372.38305664 -407.01864624 -224.598312378 1722.07702637 46.051940918 -441.258728027 1391.75158691 -407.013153076 -503.252685547 1722.07702637
0.0319581031799 8 -449.435546875 -134.092407227 1545.56542969 -210.030731201 189.998764038 1657.63720703 -257.645629883 22.0713348389 1463.26501465 -403.620697021 50.1236724854 1724.19616699 -204.671203613 -261.179443359 1363.2010498 -403.620849609 -228.531021118 1724.19616699 46.3221130371 -435.173980713 1372.20947266 -403.615356445 -507.185424805 1724.19616699
0.0320510864258 8 -448.859436035 -135.43560791 1547.58728027 -211.057495117 189.797805786 1656.75109863 -261.815734863 24.2742004395 1461.35827637 -399.143005371 46.6073608398 1727.3548584 -204.804931641 -259.086486816 1355.08789062 -399.143157959 -232.047332764 1727.3548584 47.3010101318 -431.705383301 1355.21154785 -399.137664795 -510.701721191 1727.3548584
0.0359468460083 8 -447.615966797 -136.276947021 1547.04589844 -210.123306274 190.736907959 1652.31347656 -264.049255371 25.8173065186 1457.78942871 -395.146636963 44.5866317749 1727.24865723 -205.385620117 -256.540344238 1348.03430176 -395.146789551 -234.068054199 1727.24865723 47.3359222412 -428.623565674 1340.6517334 -395.141296387 -512.722412109 1727.24865723
0.0318961143494 8 -448.292327881 -138.941986084 1547.02050781 -211.533508301 189.46812439 1650.09338379 -266.898742676 24.231262207 1455.23535156 -394.377349854 42.1596374512 1726.59985352 -206.191268921 -254.265258789 1343.00317383 -394.377502441 -236.495056152 1726.59985352 46.7167510986 -426.178527832 1329.44360352 -394.372009277 -515.149414062 1726.59985352
0.032194852829 8 -447.248077393 -141.510864258 1550.67932129 -211.898773193 190.971359253 1648.95629883 -273.555328369 26.4805145264 1453.21447754 -387.232391357 37.1374053955 1730.60241699 -205.513305664 -253.128250122 1338.96923828 -387.232543945 -241.517288208 1730.60241699 48.8173675537 -423.038085938 1322.69445801 -387.227050781 -520.171691895 1730.60241699
0.0359899997711 8 -446.232086182 -142.174468994 1553.453125 -211.513519287 192.382278442 1648.41137695 -277.664764404 29.0384521484 1452.59265137 -381.964630127 34.5390625 1733.85095215 -203.724777222 -253.564208984 1335.97277832 -381.964782715 -244.115631104 1733.85095215 52.5497894287 -422.781616211 1318.83532715 -381.959289551 -522.770019531 1733.85095215
0.0320620536804 8 -445.454711914 -144.725708008 1554.17456055 -212.518493652 193.415222168 1645.62255859 -282.985534668 30.1627502441 1449.67468262 -377.329528809 30.6170654297 1734.4967041 -203.817504883 -252.772155762 1334.95935059 -377.329681396 -248.037628174 1734.4967041 53.0988769531 -422.055480957 1316.95446777 -377.324188232 -526.692016602 1734.4967041
0.0319159030914 8 -446.054656982 -146.564300537 1552.18408203 -211.907104492 192.381713867 1632.75097656 -282.328918457 23.7910766602 1442.37512207 -377.763000488 34.4466247559 1726.70080566 -204.475402832 -253.852935791 1334.46630859 -377.763153076 -244.208068848 1726.70080566 54.1362609863 -423.669342041 1316.42980957 -377.757659912 -522.862426758 1726.70080566
0.0360000133514 8 -447.242797852 -148.897109985 1549.91503906 -211.133285522 189.907058716 1626.31359863 -280.498352051 17.6062316895 1438.65112305 -380.626586914 36.0069274902 1721.02685547 -204.266952515 -256.908935547 1334.22265625 -380.626739502 -242.647766113 1721.02685547 54.6577301025 -426.900177002 1317.76477051 -380.621246338 -521.302124023 1721.02685547
0.0318160057068 8 -448.483581543 -148.22744751 1549.82226562 -210.174163818 190.114242554 1623.09118652 -279.221343994 15.1081848145 1437.56103516 -382.364349365 39.1056518555 1718.53833008 -203.639953613 -262.447174072 1336.09985352 -382.364501953 -239.549041748 1718.53833008 52.9838562012 -433.893310547 1321.18151855 -382.359008789 -518.203430176 1718.53833008
0.0322711467743 8 -449.456390381 -148.273010254 1551.63659668 -210.120849609 189.656967163 1621.47753906 -279.357696533 13.2982788086 1437.99926758 -382.733428955 40.356048584 1718.72680664 -203.315933228 -266.236785889 1339.03564453 -382.733581543 -238.29864502 1718.72680664 52.2079162598 -439.068267822 1327.56030273 -382.728088379 -516.95300293 1718.72680664
0.0354850292206 8 -449.815673828 -148.385650635 1552.65527344 -208.55682373 188.595840454 1618.16821289 -279.413330078 11.5231781006 1437.09533691 -381.653198242 41.2670135498 1718.0255127 -203.655975342 -271.133972168 1344.49902344 -381.65335083 -237.387680054 1718.0255127 51.1168823242 -444.748840332 1337.72717285 -381.647857666 -516.042053223 1718.0255127
0.0371680259705 8 -450.332275391 -147.670928955 1555.98730469 -207.601669312 189.352142334 1619.00561523 -279.845672607 11.3440551758 1439.28540039 -380.859771729 42.2085266113 1720.57714844 -202.325088501 -275.593505859 1350.71862793 -380.859924316 -236.446166992 1720.57714844 49.7322235107 -452.280517578 1349.3717041 -380.854431152 -515.100585938 1720.57714844
0.0419039726257 8 -449.963195801 -148.667510986 1557.01489258 -206.692504883 187.584503174 1620.45922852 -278.995147705 9.9702911377 1440.47644043 -380.501617432 41.2654266357 1721.56726074 -202.594726562 -279.851623535 1359.38391113 -380.50177002 -237.389266968 1721.56726074 46.8125457764 -461.249481201 1363.88024902 -380.496276855 -516.043640137 1721.56726074
0.0263538360596 8 -449.860717773 -151.282501221 1557.74536133 -204.945373535 183.713088989 1620.67480469 -279.308685303 7.26940917969 1440.47619629 -378.766143799 37.9901733398 1722.36584473 -204.303161621 -283.429840088 1369.18359375 -378.766296387 -240.664520264 1722.36584473 42.9186553955 -468.243347168 1383.80688477 -378.760803223 -519.318908691 1722.36584473
0.0325989723206 8 -449.476898193 -152.570678711 1557.62475586 -203.394073486 181.129516602 1620.79455566 -277.596313477 5.33335876465 1441.42248535 -378.856018066 36.5567169189 1722.61804199 -206.128479004 -287.72479248 1381.10681152 -378.856170654 -242.097976685 1722.61804199 38.0036621094 -475.326873779 1407.85327148 -378.85067749 -520.752380371 1722.61804199
0.0314562320709 8 -449.358093262 -154.408813477 1557.02685547 -200.848693848 178.126937866 1617.82629395 -274.170440674 -0.172058105469 1440.90356445 -379.54196167 36.9095153809 1719.77514648 -207.562683105 -294.853485107 1393.53808594 -379.542114258 -241.745178223 1719.77514648 34.3264465332 -483.12689209 1434.08862305 -379.536621094 -520.399536133 1719.77514648
0.0353119373322 8 -449.633422852 -154.828048706 1554.79980469 -197.743530273 176.720718384 1613.33190918 -268.989746094 -5.73606872559 1440.4942627 -383.108032227 40.2838592529 1714.27307129 -207.281356812 -301.906433105 1406.24353027 -383.108184814 -238.370834351 1714.27307129 31.7271728516 -490.3515625 1460.99157715 -383.10269165 -517.02520752 1714.27307129
0.0313529968262 8 -451.205230713 -154.871154785 1550.55981445 -195.975036621 174.214630127 1610.98303223 -257.575805664 -17.0630493164 1444.84753418 -393.940002441 48.7282714844 1701.97351074 -207.066040039 -308.381225586 1418.99816895 -393.940155029 -229.926422119 1701.97351074 28.5021820068 -497.076477051 1484.68933105 -393.934661865 -508.580810547 1701.97351074
0.0318670272827 8 -452.176300049 -154.053359985 1550.45922852 -192.954299927 171.763427734 1606.84558105 -251.051498413 -24.9573974609 1447.54382324 -397.697814941 55.1995239258 1695.21228027 -207.068603516 -314.603302002 1432.89453125 -397.697967529 -223.455169678 1695.21228027 24.6751708984 -504.408996582 1507.36010742 -397.692474365 -502.109558105 1695.21228027
0.0352728366852 8 -454.040100098 -154.071838379 1550.00683594 -190.28012085 169.051330566 1604.78833008 -245.900360107 -32.7445831299 1451.47753906 -402.294677734 59.846534729 1688.97241211 -207.029327393 -319.741333008 1444.85668945 -402.294830322 -218.808166504 1688.97241211 22.8492889404 -508.604492188 1527.3548584 -402.289337158 -497.462554932 1688.97241211
0.0395941734314 8 -456.110870361 -153.196533203 1552.14746094 -188.405410767 166.234725952 1607.29138184 -243.240005493 -37.5693511963 1456.52319336 -404.804138184 63.0970001221 1687.83813477 -205.996566772 -324.342041016 1454.87744141 -404.804290771 -215.557693481 1687.83813477 23.0475769043 -511.078125 1544.46728516 -404.798797607 -494.212097168 1687.83813477
0.0310089588165 8 -459.203674316 -153.481933594 1552.73828125 -188.888961792 163.173919678 1614.07641602 -242.791152954 -40.718170166 1461.4375 -408.181884766 62.3220825195 1689.52587891 -204.96257019 -328.667633057 1463.42211914 -408.182037354 -216.332611084 1689.52587891 23.2741546631 -513.846191406 1558.4855957 -408.176544189 -494.986999512 1689.52587891
0.0336329936981 8 -457.207885742 -154.685897827 1551.11779785 -186.157745361 162.885726929 1610.98547363 -238.391601562 -44.3782958984 1462.42077637 -408.471557617 63.5957260132 1684.88244629 -203.983886719 -333.333435059 1470.21057129 -408.471710205 -215.058959961 1684.88244629 23.8961029053 -516.270568848 1569.12548828 -408.466217041 -493.713348389 1684.88244629
0.0310170650482 8 -457.803619385 -155.244720459 1551.26037598 -186.424118042 160.243087769 1615.43518066 -236.288208008 -46.8376922607 1466.92675781 -410.799621582 63.5374603271 1684.89379883 -202.462203979 -335.169189453 1475.10168457 -410.79977417 -215.117233276 1684.89379883 24.5485229492 -517.865966797 1576.47912598 -410.794281006 -493.771606445 1684.89379883
0.0311548709869 8 -459.059875488 -155.680358887 1551.6854248 -185.495422363 158.278900146 1617.6505127 -235.086700439 -50.3318481445 1469.93725586 -412.435699463 64.3575744629 1683.42041016 -201.21661377 -336.083465576 1477.54089355 -412.435852051 -214.297119141 1683.42041016 25.0490722656 -518.845214844 1580.40527344 -412.430358887 -492.951507568 1683.42041016
0.0350759029388 8 -459.125457764 -155.441879272 1552.43798828 -184.521408081 157.487121582 1619.2722168 -234.327026367 -51.3276977539 1471.26501465 -412.112701416 64.8130874634 1683.7401123 -201.590744019 -336.06652832 1478.28149414 -412.112854004 -213.84161377 1683.7401123 21.0838012695 -522.786437988 1582.08203125 -412.10736084 -492.496002197 1683.7401123
0.0314500331879 8 -458.884155273 -155.071548462 1552.63916016 -184.341033936 157.463302612 1619.59606934 -233.868103027 -51.4235229492 1471.40991211 -411.25213623 64.9290466309 1684.18310547 -201.769821167 -335.593078613 1477.63623047 -411.252288818 -213.725646973 1684.18310547 19.2315826416 -524.419067383 1581.7121582 -411.246795654 -492.3800354 1684.18310547
0.0318531990051 8 -460.22076416 -154.541442871 1553.56201172 -185.923294067 158.119750977 1623.75854492 -235.477264404 -49.7951507568 1472.97607422 -412.796356201 64.3547439575 1687.01782227 -199.892929077 -337.28302002 1475.82336426 -412.796508789 -214.299957275 1687.01782227 20.4609680176 -526.446960449 1581.34545898 -412.791015625 -492.954345703 1687.01782227
0.0353138446808 8 -460.363555908 -151.317810059 1555.90307617 -186.817474365 163.260147095 1625.32263184 -236.984817505 -45.0155792236 1473.58300781 -412.257446289 66.6885528564 1690.56347656 -197.949188232 -337.133666992 1472.40136719 -412.257598877 -211.966140747 1690.56347656 21.9770812988 -526.244262695 1577.18457031 -412.252105713 -490.620544434 1690.56347656
0.03165102005 8 -461.04296875 -148.243865967 1557.05065918 -189.939102173 168.266143799 1626.60559082 -238.562789917 -40.4316253662 1474.24621582 -413.79498291 69.7320022583 1692.0736084 -195.989639282 -335.538513184 1468.19018555 -413.795135498 -208.922698975 1692.0736084 22.1450805664 -526.126098633 1569.26538086 -413.789642334 -487.577087402 1692.0736084
0.0317099094391 8 -459.649719238 -146.256256104 1556.86181641 -193.360076904 173.851455688 1630.21569824 -240.140060425 -32.8443145752 1473.80187988 -414.091369629 69.1527557373 1696.39196777 -197.512374878 -333.739562988 1462.06115723 -414.091522217 -209.501937866 1696.39196777 22.1875915527 -522.960510254 1560.97412109 -414.086029053 -488.156311035 1696.39196777
0.0354812145233 8 -459.155761719 -142.914367676 1558.15356445 -198.108200073 181.026123047 1632.52355957 -242.790115356 -24.541519165 1473.80151367 -415.528442383 71.3605499268 1700.01245117 -200.74836731 -327.850219727 1453.50415039 -415.528594971 -207.294143677 1700.01245117 19.1999053955 -518.955078125 1549.77758789 -415.523101807 -485.948547363 1700.01245117
0.0314848423004 8 -459.8125 -137.556472778 1559.57739258 -205.097122192 189.707214355 1643.68530273 -245.556732178 -13.2222900391 1478.68615723 -420.039398193 73.5000305176 1707.16052246 -204.411849976 -323.39239502 1442.22314453 -420.039550781 -205.154663086 1707.16052246 17.241897583 -514.769287109 1536.57739258 -420.034057617 -483.809051514 1707.16052246
0.0318760871887 8 -456.345275879 -133.858932495 1560.37255859 -212.198547363 201.259902954 1649.61743164 -250.065338135 1.79069519043 1477.55773926 -419.213653564 72.5345306396 1714.75231934 -208.691711426 -318.09375 1429.96936035 -419.213806152 -206.120162964 1714.75231934 15.7966308594 -510.187896729 1519.98413086 -419.208312988 -484.774536133 1714.75231934
0.0356290340424 8 -453.124755859 -132.129394531 1557.58813477 -221.989364624 209.922546387 1655.60864258 -254.13848877 15.0834197998 1477.09814453 -422.483428955 69.8066864014 1718.92114258 -221.35307312 -306.963806152 1414.875 -422.483581543 -208.848007202 1718.92114258 4.5572052002 -502.282623291 1496.85229492 -422.478088379 -487.502380371 1718.92114258
0.0317878723145 8 -452.136413574 -127.504943848 1554.2947998 -232.028533936 218.172286987 1665.74194336 -255.812683105 27.0094909668 1481.2869873 -430.04498291 70.8836898804 1721.33215332 -234.17956543 -294.98223877 1398.93371582 -430.045135498 -207.770996094 1721.33215332 -9.37420654297 -493.209716797 1471.95739746 -430.039642334 -486.425384521 1721.33215332
0.0407049655914 8 -450.158569336 -123.370979309 1552.7043457 -242.841918945 228.318908691 1674.72741699 -260.161895752 40.8241271973 1484.3425293 -435.355255127 70.3516998291 1725.86376953 -245.601776123 -282.440368652 1383.40283203 -435.355407715 -208.302993774 1725.86376953 -23.580581665 -487.399414062 1447.23486328 -435.349914551 -486.957397461 1725.86376953
0.032909154892 8 -448.400512695 -118.627792358 1552.01953125 -253.213012695 237.306472778 1682.57324219 -270.620727539 58.4855804443 1483.91430664 -433.287597656 65.86769104 1734.62817383 -261.893310547 -265.024230957 1367.49926758 -433.287750244 -212.787002563 1734.62817383 -45.7114105225 -479.391204834 1418.23156738 -433.28225708 -491.44140625 1734.62817383
0.0419850349426 8 -447.084777832 -111.689254761 1552.28417969 -265.369567871 247.153381348 1694.03222656 -280.652282715 77.266166687 1487.73669434 -433.621154785 63.3439407349 1743.99279785 -278.058044434 -247.34362793 1352.58325195 -433.621307373 -215.310760498 1743.99279785 -69.2470245361 -472.334960938 1391.32873535 -433.615814209 -493.965148926 1743.99279785
0.0345149040222 8 -444.981262207 -105.424819946 1549.82214355 -276.837097168 254.62097168 1699.74328613 -291.727050781 95.1738204956 1488.08410645 -431.022094727 60.0039749146 1749.7635498 -295.117279053 -230.978088379 1338.61547852 -431.022247314 -218.650726318 1749.7635498 -99.9387817383 -471.394134521 1360.80419922 -431.01675415 -497.305114746 1749.7635498
0.0314600467682 8 -434.018310547 -96.1479797363 1545.16271973 -287.60848999 263.40802002 1706.52722168 -311.293060303 124.068344116 1487.77587891 -410.731536865 52.321762085 1755.55371094 -314.811096191 -213.635421753 1325.7052002 -410.731689453 -226.332931519 1755.55371094 -131.282562256 -465.47668457 1332.59448242 -410.726196289 -504.987304688 1755.55371094
0.0277440547943 8 -426.077392578 -91.2929000854 1537.70117188 -297.138977051 267.907287598 1709.81640625 -323.770874023 140.893463135 1486.26855469 -400.578796387 46.0647888184 1755.65771484 -336.009368896 -171.220306396 1330.12072754 -400.578948975 -232.589904785 1755.65771484 -187.578964233 -436.021057129 1302.10253906 -400.573455811 -511.244293213 1755.65771484
0.0337469577789 8 -421.492095947 -87.1457366943 1532.64221191 -305.54574585 272.862243652 1712.05285645 -339.160644531 154.052612305 1485.36645508 -389.685974121 41.9614868164 1755.15014648 -359.284118652 -158.712890625 1320.37365723 -389.686126709 -236.693206787 1755.15014648 -225.624664307 -429.035827637 1275.82922363 -389.680633545 -515.347595215 1755.15014648
0.0303049087524 8 -421.729553223 -81.8894500732 1529.57250977 -315.574768066 276.940704346 1716.86572266 -351.768432617 164.768829346 1488.2869873 -387.03326416 39.8211212158 1756.33679199 -383.425628662 -142.469329834 1315.03723145 -387.033416748 -238.833572388 1756.33679199 -263.325897217 -416.077728271 1254.24987793 -387.027923584 -517.487976074 1756.33679199
0.0307800769806 8 -422.581970215 -80.7763519287 1527.7746582 -323.709533691 276.21963501 1722.32556152 -362.079071045 169.516403198 1491.44970703 -385.285858154 35.383102417 1757.43212891 -391.854125977 -176.74269104 1295.10522461 -385.286010742 -243.271591187 1757.43212891 -275.863311768 -450.727600098 1225.4597168 -385.280517578 -521.925964355 1757.43212891
0.0354528427124 8 -424.681640625 -78.4093017578 1527.76391602 -330.539337158 277.815795898 1725.59863281 -371.10269165 174.100769043 1494.10583496 -384.129852295 34.5982971191 1758.73962402 -408.296539307 -195.084655762 1282.72192383 -384.130004883 -244.056396484 1758.73962402 -299.753173828 -468.474151611 1199.63537598 -384.124511719 -522.71081543 1758.73962402
0.0312471389771 8 -426.145690918 -75.7619171143 1531.74353027 -334.525787354 282.05078125 1727.23278809 -379.429901123 178.108184814 1496.99963379 -381.265167236 37.7085571289 1761.85168457 -426.184906006 -199.448944092 1277.4564209 -381.265319824 -240.946136475 1761.85168457 -330.776306152 -473.103149414 1180.79040527 -381.25982666 -519.600524902 1761.85168457
0.0316438674927 8 -428.637939453 -71.8202209473 1534.13476562 -340.606689453 284.559112549 1732.05627441 -388.90826416 183.631103516 1501.91625977 -379.660095215 39.2793579102 1764.6340332 -447.067504883 -184.062133789 1281.56652832 -379.660247803 -239.375335693 1764.6340332 -363.61050415 -458.157470703 1175.20056152 -379.654754639 -518.029724121 1764.6340332
0.0470771789551 8 -431.180847168 -69.7645721436 1536.76135254 -346.16317749 287.390319824 1735.47094727 -397.554077148 186.708175659 1505.27001953 -378.335266113 40.7888946533 1766.73095703 -459.751220703 -146.662155151 1300.80944824 -378.335418701 -237.86579895 1766.73095703 -394.78314209 -421.095947266 1183.80151367 -378.329925537 -516.520202637 1766.73095703
0.0305969715118 8 -430.657043457 -72.021697998 1535.5369873 -350.279388428 287.065551758 1732.65856934 -404.478973389 185.272125244 1503.55236816 -374.902435303 39.6630249023 1764.28674316 -475.245880127 -90.5784301758 1328.74108887 -374.902587891 -238.991668701 1764.28674316 -426.462402344 -366.1222229 1206.29443359 -374.897094727 -517.646057129 1764.28674316
0.0280530452728 8 -432.448455811 -73.5131072998 1536.6730957 -352.878753662 287.017608643 1730.77490234 -410.988067627 184.01965332 1502.93334961 -372.74697876 40.0321044922 1763.53271484 -494.525939941 -56.4778900146 1348.15673828 -372.747131348 -238.622589111 1763.53271484 -451.723083496 -331.742126465 1221.7755127 -372.741638184 -517.276977539 1763.53271484
0.0339798927307 8 -431.545288086 -73.5405654907 1541.66259766 -354.418609619 290.298828125 1729.81677246 -416.25 183.948776245 1504.5435791 -368.836791992 43.8092041016 1765.73669434 -509.644165039 -47.483291626 1356.29992676 -368.83694458 -234.845489502 1765.73669434 -468.896789551 -321.992431641 1226.93481445 -368.831451416 -513.49987793 1765.73669434
0.0312900543213 8 -431.364807129 -75.4604492188 1544.27258301 -354.313537598 292.024627686 1726.35314941 -419.488220215 181.635223389 1503.27099609 -366.07208252 45.6708068848 1765.59692383 -513.953369141 -48.6860198975 1359.05627441 -366.072235107 -232.983886719 1765.59692383 -483.326202393 -323.544372559 1227.67504883 -366.066741943 -511.638275146 1765.59692383
0.0306429862976 8 -431.35949707 -77.3191375732 1544.21264648 -354.87387085 293.77142334 1720.61499023 -423.515808105 179.28024292 1499.31066895 -363.685241699 47.8180847168 1762.57434082 -517.413208008 -52.1090545654 1359.65686035 -363.685394287 -230.836608887 1762.57434082 -491.12802124 -327.803039551 1228.76574707 -363.679901123 -509.490997314 1762.57434082
0.0357348918915 8 -430.57824707 -80.7208786011 1543.66308594 -354.233581543 292.153411865 1717.75109863 -425.812744141 175.698394775 1497.11901855 -360.531616211 46.3442077637 1760.19909668 -519.904724121 -54.4660949707 1360.05603027 -360.531768799 -232.31048584 1760.19909668 -495.709289551 -331.372406006 1231.1361084 -360.526275635 -510.964874268 1760.19909668
0.0315511226654 8 -430.481445312 -79.7856826782 1545.35632324 -356.527191162 294.884490967 1716.3157959 -427.633056641 176.391204834 1497.17089844 -360.450256348 49.0964050293 1760.859375 -521.875061035 -59.8626403809 1359.2734375 -360.450408936 -229.558288574 1760.859375 -497.609466553 -337.790710449 1232.46484375 -360.444915771 -508.212677002 1760.859375
0.0344929695129 8 -430.219421387 -79.4140472412 1544.93603516 -356.502258301 295.599304199 1715.6105957 -428.601226807 176.829940796 1496.92089844 -359.390289307 49.5663604736 1760.1484375 -524.498657227 -61.8274078369 1360.30249023 -359.390441895 -229.08833313 1760.1484375 -496.848937988 -340.184814453 1235.11352539 -359.38494873 -507.742736816 1760.1484375
0.0437190532684 8 -431.036529541 -76.1320953369 1543.36108398 -357.888519287 296.602905273 1715.26733398 -432.1434021 180.527862549 1497.67224121 -356.813262939 51.4356079102 1758.25744629 -525.190063477 -62.4222259521 1360.39782715 -356.813415527 -227.219085693 1758.25744629 -495.892578125 -341.762207031 1237.76953125 -356.807922363 -505.873474121 1758.25744629
0.0282728672028 8 -431.959533691 -75.0959777832 1541.26953125 -358.597045898 299.108673096 1710.58544922 -435.208221436 181.329711914 1494.36889648 -355.140167236 53.9222564697 1754.38330078 -525.807922363 -58.70652771 1360.34863281 -355.140319824 -224.732437134 1754.38330078 -496.124816895 -339.859313965 1242.06750488 -355.13482666 -503.38684082 1754.38330078
0.0295281410217 8 -430.761291504 -78.9276733398 1541.80200195 -358.196105957 298.276702881 1708.24902344 -432.491088867 176.893554688 1491.67224121 -356.792297363 52.5131835938 1754.43395996 -527.817626953 -56.5333251953 1361.12207031 -356.792449951 -226.14151001 1754.43395996 -493.481506348 -338.00881958 1244.91943359 -356.786956787 -504.795898438 1754.43395996
0.0350818634033 8 -429.948791504 -79.4582977295 1541.77526855 -356.910339355 299.379699707 1704.57067871 -430.326934814 175.780853271 1488.70654297 -357.040435791 54.1195068359 1753.44677734 -524.520690918 -62.1926727295 1358.11279297 -357.040588379 -224.535186768 1753.44677734 -490.208435059 -345.080200195 1245.34765625 -357.035095215 -503.189575195 1753.44677734
0.031054019928 8 -430.267944336 -78.6705551147 1540.80029297 -357.846923828 300.918365479 1702.20043945 -430.616973877 176.402282715 1486.85009766 -357.714263916 55.6401824951 1752.15185547 -521.436401367 -65.2971496582 1355.10241699 -357.714416504 -223.014511108 1752.15185547 -486.922821045 -349.54019165 1245.84509277 -357.70892334 -501.668884277 1752.15185547
0.0313210487366 8 -430.780151367 -77.9346313477 1540.78955078 -358.220184326 300.490234375 1704.56884766 -429.736938477 177.475509644 1488.46411133 -359.225646973 54.7390594482 1753.51245117 -520.977661133 -65.5208435059 1353.92419434 -359.225799561 -223.915634155 1753.51245117 -482.191497803 -350.061737061 1246.93273926 -359.220306396 -502.570007324 1753.51245117
0.0354878902435 8 -430.397369385 -76.1027679443 1539.6875 -356.419219971 302.962463379 1702.23059082 -428.15133667 179.174835205 1486.71679688 -358.816680908 56.8077392578 1752.26367188 -518.462219238 -62.0231933594 1353.42260742 -358.816833496 -221.846954346 1752.26367188 -480.000366211 -347.503112793 1248.77929688 -358.811340332 -500.501342773 1752.26367188
0.030816078186 8 -429.988891602 -76.3878936768 1536.82910156 -356.342437744 303.276733398 1697.06433105 -426.113555908 178.4140625 1481.73242188 -359.830596924 58.0137176514 1748.93457031 -515.060546875 -60.2166137695 1352.44165039 -359.830749512 -220.640975952 1748.93457031 -477.91192627 -346.238677979 1248.76000977 -359.825256348 -499.295349121 1748.93457031
0.0316741466522 8 -428.811889648 -80.400390625 1533.51623535 -353.959991455 299.581970215 1692.48254395 -419.733551025 173.73248291 1476.20043945 -363.324249268 55.1914978027 1746.30078125 -513.535400391 -62.7977600098 1349.95751953 -363.324401855 -223.463195801 1746.30078125 -473.113647461 -348.940155029 1247.86987305 -363.318908691 -502.117584229 1746.30078125
