0.0347847938538 8 -496.736663818 -105.307952881 1499.80395508 -431.691375732 261.69140625 1667.83251953 -489.483398438 142.335845947 1447.91833496 -440.792541504 13.6312561035 1716.12756348 -489.544158936 -125.982177734 1447.90966797 -440.793243408 -254.686828613 1716.12756348 -491.586181641 -394.288360596 1446.43566895 -440.787963867 -523.004577637 1716.12756348
0.0325140953064 8 -498.285186768 -104.706542969 1499.01538086 -432.163360596 261.739379883 1667.75695801 -491.363311768 143.120910645 1447.9753418 -440.696014404 13.4340209961 1715.34326172 -491.411834717 -125.197113037 1447.96838379 -440.696716309 -254.884063721 1715.34326172 -493.252593994 -393.505523682 1446.64575195 -440.691436768 -523.201782227 1715.34326172
0.0317580699921 8 -498.923187256 -104.576538086 1498.4263916 -431.927520752 261.085205078 1668.22619629 -491.978057861 143.456817627 1448.40759277 -439.450439453 12.5255737305 1714.80749512 -492.016723633 -124.861236572 1448.40197754 -439.451141357 -255.792510986 1714.80749512 -493.675720215 -393.171447754 1447.21484375 -439.445861816 -524.110229492 1714.80749512
0.0426778793335 8 -498.659362793 -104.446235657 1498.55834961 -432.294403076 261.3331604 1668.45544434 -493.566558838 143.704727173 1448.90893555 -437.783691406 12.6170654297 1714.56811523 -493.597381592 -124.613357544 1448.90441895 -437.784393311 -255.701019287 1714.56811523 -495.092376709 -392.925048828 1447.83862305 -437.77911377 -524.018798828 1714.56811523
0.0308480262756 8 -497.959014893 -107.760421753 1497.32324219 -431.924285889 259.552246094 1664.06115723 -495.943481445 140.071594238 1445.89978027 -434.88885498 11.3686676025 1711.56506348 -495.968017578 -128.246490479 1445.89624023 -434.889556885 -256.949401855 1711.56506348 -497.315063477 -396.559387207 1444.93920898 -434.884277344 -525.267150879 1711.56506348
0.0304939746857 8 -497.579284668 -106.808029175 1498.73962402 -431.680480957 260.548370361 1665.86767578 -496.690582275 141.108413696 1447.70080566 -434.000762939 12.2116851807 1712.89001465 -496.710083008 -127.209671021 1447.69799805 -434.001464844 -256.106384277 1712.89001465 -497.923706055 -395.52355957 1446.83837891 -433.996185303 -524.424133301 1712.89001465
0.0452799797058 8 -498.591491699 -105.566055298 1498.71850586 -431.890716553 261.360534668 1666.78820801 -497.483215332 142.617645264 1449.00769043 -434.013214111 12.1956481934 1713.26306152 -497.498687744 -125.700439453 1449.00537109 -434.013916016 -256.122436523 1713.26306152 -498.591949463 -394.015075684 1448.23303223 -434.008636475 -524.440185547 1713.26306152
0.0333881378174 8 -499.134460449 -104.578994751 1498.98754883 -432.342224121 262.047637939 1667.2322998 -496.767364502 143.509246826 1448.85400391 -435.286773682 13.3012390137 1713.68383789 -496.779571533 -124.808837891 1448.85217285 -435.287475586 -255.016845703 1713.68383789 -497.764312744 -393.12411499 1448.15820312 -435.282196045 -523.334594727 1713.68383789
0.0329110622406 8 -499.804199219 -104.901733398 1499.94848633 -431.924682617 261.34677124 1667.96130371 -495.436523438 143.091323853 1449.48693848 -437.100097656 12.8887176514 1715.02893066 -495.446105957 -125.226760864 1449.48547363 -437.100799561 -255.429367065 1715.02893066 -496.333068848 -393.542541504 1448.86181641 -437.09552002 -523.747131348 1715.02893066
0.0360209941864 8 -500.647979736 -104.942520142 1499.75463867 -431.803039551 261.196594238 1667.82470703 -495.183624268 143.00692749 1449.19311523 -438.071014404 12.7022094727 1714.94995117 -495.191131592 -125.311157227 1449.19189453 -438.071716309 -255.615875244 1714.94995117 -495.989959717 -393.627380371 1448.63134766 -438.066436768 -523.93359375 1714.94995117
0.0298748016357 8 -500.61038208 -104.367828369 1500.27099609 -431.063201904 261.802307129 1668.25476074 -494.664581299 143.539016724 1449.56323242 -437.629608154 13.2671356201 1715.35205078 -494.670410156 -124.779067993 1449.56225586 -437.630310059 -255.050949097 1715.35205078 -495.38973999 -393.09564209 1449.05834961 -437.625030518 -523.368713379 1715.35205078
0.0271971225739 8 -500.983093262 -104.800598145 1500.3026123 -431.327758789 261.444213867 1667.96838379 -496.703369141 143.176681519 1449.77929688 -436.349121094 12.9231109619 1714.84204102 -496.707855225 -125.141403198 1449.77856445 -436.349822998 -255.394973755 1714.84204102 -497.355529785 -393.458251953 1449.32556152 -436.344543457 -523.71270752 1714.84204102
0.0341229438782 8 -501.477203369 -104.790939331 1500.64685059 -431.036254883 261.867614746 1668.32666016 -498.159454346 143.254806519 1450.39599609 -435.408874512 12.8177947998 1714.81030273 -498.162872314 -125.063278198 1450.39538574 -435.409576416 -255.500289917 1714.81030273 -498.745910645 -393.380432129 1449.98815918 -435.404296875 -523.818054199 1714.81030273
0.0316600799561 8 -501.31842041 -104.893157959 1500.95166016 -430.336090088 261.692749023 1668.00964355 -498.960357666 143.194641113 1450.86254883 -433.58001709 12.6903839111 1714.60473633 -498.962890625 -125.123443604 1450.86206055 -433.580718994 -255.627700806 1714.60473633 -499.487701416 -393.440704346 1450.49584961 -433.575439453 -523.94543457 1714.60473633
0.03165102005 8 -502.018615723 -105.786224365 1501.97485352 -430.229797363 261.104827881 1667.85058594 -496.649475098 141.967803955 1450.49353027 -436.188415527 12.4237976074 1715.87658691 -496.651367188 -126.350280762 1450.49316406 -436.189117432 -255.894287109 1715.87658691 -497.123779297 -394.667755127 1450.16381836 -436.183837891 -524.212036133 1715.87658691
0.0354838371277 8 -501.605102539 -105.788223267 1502.81555176 -430.407958984 261.834655762 1668.26367188 -495.910858154 141.786224365 1450.51916504 -437.069793701 13.1505737305 1716.70617676 -495.912261963 -126.531860352 1450.51879883 -437.070495605 -255.167510986 1716.70617676 -496.337402344 -394.849487305 1450.22265625 -437.065216064 -523.485229492 1716.70617676
0.0309569835663 8 -501.765533447 -106.889686584 1502.47814941 -428.879364014 261.582305908 1664.97607422 -494.872406006 140.239608765 1448.26342773 -436.573883057 13.3819885254 1715.42041016 -494.873352051 -128.078475952 1448.26318359 -436.574584961 -254.936096191 1715.42041016 -495.25579834 -396.396240234 1447.99682617 -436.56930542 -523.253845215 1715.42041016
0.0309820175171 8 -502.604125977 -106.428268433 1503.46533203 -429.612030029 261.039520264 1666.33666992 -495.351898193 140.820175171 1449.85144043 -437.65814209 13.2648162842 1716.80627441 -495.352478027 -127.497909546 1449.85119629 -437.658843994 -255.053268433 1716.80627441 -495.696563721 -395.815673828 1449.61157227 -437.653564453 -523.371032715 1716.80627441
0.0347220897675 8 -502.509765625 -105.989868164 1503.61206055 -430.591033936 261.436889648 1667.51086426 -500.489349365 141.739349365 1451.80297852 -433.00970459 13.0271148682 1715.8918457 -500.489654541 -126.578735352 1451.80285645 -433.010406494 -255.290969849 1715.8918457 -500.799316406 -394.896453857 1451.58728027 -433.005126953 -523.608703613 1715.8918457
0.031583070755 8 -503.314147949 -105.915328979 1504.1138916 -430.640106201 260.915588379 1667.59680176 -502.162475586 141.865509033 1452.53344727 -432.314697266 13.0209960938 1715.94018555 -502.162567139 -126.452575684 1452.5333252 -432.31539917 -255.297088623 1715.94018555 -502.441253662 -394.77041626 1452.33947754 -432.310119629 -523.614868164 1715.94018555
0.0312750339508 8 -503.025268555 -105.928237915 1504.94372559 -430.680786133 260.944458008 1667.64147949 -502.713806152 141.806304932 1453.13696289 -431.355621338 13.37109375 1716.33789062 -502.7137146 -126.511779785 1453.13684082 -431.356323242 -254.946990967 1716.33789062 -502.964477539 -394.829650879 1452.96240234 -431.351043701 -523.264770508 1716.33789062
0.0357389450073 8 -502.946136475 -105.725067139 1505.64404297 -431.438812256 261.434509277 1668.16235352 -503.12701416 141.962036133 1453.61791992 -431.832885742 13.9219970703 1717.02783203 -503.126800537 -126.356048584 1453.61779785 -431.833587646 -254.396087646 1717.02783203 -503.352416992 -394.673950195 1453.46081543 -431.828308105 -522.713867188 1717.02783203
0.0397119522095 8 -503.211120605 -106.089241028 1505.97143555 -431.505950928 261.387176514 1667.93017578 -503.570159912 141.576019287 1453.85009766 -431.622558594 13.6536407471 1717.13842773 -503.569793701 -126.74206543 1453.84997559 -431.623260498 -254.66444397 1717.13842773 -503.772857666 -395.059967041 1453.70874023 -431.617980957 -522.982177734 1717.13842773
0.0323469638824 8 -503.460235596 -106.952316284 1505.33276367 -432.389801025 261.211975098 1668.30419922 -505.517974854 140.836547852 1453.84985352 -430.495361328 12.6097717285 1716.12890625 -505.51751709 -127.481536865 1453.84985352 -430.496063232 -255.708312988 1716.12890625 -505.700286865 -395.799438477 1453.72277832 -430.490783691 -524.026062012 1716.12890625
0.0332260131836 8 -503.642028809 -106.466667175 1505.86401367 -432.563476562 261.883666992 1668.49572754 -506.352661133 141.300994873 1454.31689453 -430.063232422 13.2892456055 1716.3347168 -506.352111816 -127.017089844 1454.31689453 -430.063934326 -255.028839111 1716.3347168 -506.516571045 -395.335021973 1454.20263672 -430.058654785 -523.346557617 1716.3347168
0.0312280654907 8 -503.914642334 -107.647018433 1505.21923828 -433.073852539 261.294555664 1667.59057617 -506.039672852 140.042907715 1453.28063965 -431.03717041 12.3221740723 1715.8104248 -506.039093018 -128.275177002 1453.28063965 -431.037872314 -255.995910645 1715.8104248 -506.187042236 -396.593139648 1453.17773438 -431.032592773 -524.313659668 1715.8104248
0.0368540287018 8 -504.282165527 -105.261886597 1505.08764648 -435.117858887 262.048950195 1671.64624023 -506.238739014 142.971389771 1455.81262207 -432.981903076 12.4763031006 1717.46838379 -506.238098145 -125.346694946 1455.81262207 -432.98260498 -255.841781616 1717.46838379 -506.371185303 -393.664672852 1455.72009277 -432.977325439 -524.159545898 1717.46838379
0.0301818847656 8 -505.55670166 -102.667671204 1503.00024414 -435.559051514 262.359344482 1674.15454102 -506.780517578 146.108856201 1456.52893066 -433.697265625 12.4432220459 1716.62731934 -506.779846191 -122.209228516 1456.52893066 -433.697967529 -255.874862671 1716.62731934 -506.899475098 -390.527252197 1456.44567871 -433.692687988 -524.192626953 1716.62731934
0.0344851016998 8 -505.029266357 -100.482147217 1499.19970703 -435.785186768 261.077545166 1675.46044922 -505.27645874 149.019424438 1456.7857666 -435.727813721 11.001663208 1715.5760498 -505.275756836 -119.298660278 1456.7857666 -435.728515625 -257.31640625 1715.5760498 -505.383300781 -387.616638184 1456.71081543 -435.723236084 -525.634155273 1715.5760498
0.0416660308838 8 -505.715515137 -96.4818878174 1495.85961914 -437.772094727 261.818237305 1679.6105957 -503.435699463 153.706314087 1457.78173828 -440.292388916 10.7833099365 1715.54858398 -503.434997559 -114.61177063 1457.78173828 -440.29309082 -257.534790039 1715.54858398 -503.531738281 -382.929748535 1457.71435547 -440.287811279 -525.852539062 1715.54858398
0.0300009250641 8 -503.966247559 -94.1327285767 1490.50537109 -437.955505371 260.582855225 1681.07373047 -501.813934326 156.808364868 1457.75817871 -441.332733154 8.5856628418 1713.15856934 -501.813232422 -111.509719849 1457.75817871 -441.333435059 -259.732421875 1713.15856934 -501.900238037 -379.827636719 1457.69750977 -441.328155518 -528.050170898 1713.15856934
0.028333902359 8 -501.715606689 -90.7898864746 1485.50671387 -440.512817383 260.257659912 1685.29748535 -499.636535645 160.837509155 1458.54492188 -443.795654297 6.95747375488 1711.64477539 -499.63583374 -107.480575562 1458.54492188 -443.796356201 -261.360595703 1711.64477539 -499.714202881 -375.798461914 1458.49035645 -443.79107666 -529.678344727 1711.64477539
0.032445192337 8 -498.151306152 -90.2930297852 1480.7845459 -442.740936279 257.934173584 1687.43811035 -500.62322998 161.835510254 1459.06103516 -441.731384277 3.75732421875 1708.85961914 -500.622528076 -106.482574463 1459.06103516 -441.732086182 -264.560760498 1708.85961914 -500.693206787 -374.800445557 1459.01196289 -441.726806641 -532.878540039 1708.85961914
0.0314049720764 8 -496.053527832 -88.731552124 1481.99926758 -444.988098145 257.735992432 1692.54309082 -498.893310547 163.63973999 1463.37915039 -444.777618408 2.61560058594 1712.37402344 -498.892608643 -104.678344727 1463.37915039 -444.778320312 -265.702484131 1712.37402344 -498.956420898 -372.996185303 1463.33496094 -444.773040771 -534.020263672 1712.37402344
0.0313789844513 8 -494.187133789 -89.5364379883 1488.70471191 -448.291229248 257.237854004 1696.11120605 -497.19543457 162.681442261 1467.65368652 -447.918334961 4.08445739746 1719.2701416 -555.521606445 -158.56413269 1403.92773438 -447.919036865 -264.233642578 1719.2701416 -526.497558594 -326.399230957 1365.69946289 -447.913757324 -532.551391602 1719.2701416
0.0364170074463 8 -491.721740723 -90.2027587891 1494.29943848 -450.961975098 256.157775879 1699.91162109 -494.692352295 161.935943604 1472.04101562 -452.332641602 4.54196166992 1725.70849609 -547.975585938 -139.060424805 1348.14770508 -452.333343506 -263.776123047 1725.70849609 -446.575073242 -309.771820068 1294.88427734 -452.328063965 -532.09387207 1725.70849609
0.0312099456787 8 -493.37286377 -99.1287994385 1511.99487305 -452.830505371 256.024291992 1701.94262695 -482.662597656 150.703369141 1475.26708984 -466.438537598 7.95275878906 1739.34448242 -509.089935303 -123.612548828 1316.72753906 -466.439239502 -260.365325928 1739.34448242 -335.486694336 -278.692443848 1279.29846191 -466.433959961 -528.683105469 1739.34448242
0.0310690402985 8 -493.456115723 -105.312561035 1518.80566406 -455.329498291 252.942611694 1703.25036621 -475.486175537 143.118438721 1475.28125 -474.644134521 7.9758605957 1744.0769043 -470.728302002 -114.692718506 1296.65234375 -474.644836426 -260.342224121 1744.0769043 -249.827255249 -238.565338135 1294.2623291 -474.639556885 -528.659973145 1744.0769043
0.0351560115814 8 -493.03125 -112.107620239 1526.9921875 -458.49987793 251.361785889 1703.92480469 -469.927459717 134.864364624 1477.47583008 -482.447052002 7.1441192627 1749.81005859 -435.571166992 -108.410232544 1289.33288574 -482.447753906 -261.173950195 1749.81005859 -190.540161133 -198.55619812 1325.01477051 -482.442474365 -529.491699219 1749.81005859
0.0319948196411 8 -493.31060791 -110.62727356 1532.49829102 -462.106842041 251.134689331 1712.32910156 -468.320404053 136.651763916 1484.95056152 -487.645355225 7.24041748047 1756.34509277 -404.487823486 -103.964950562 1285.91186523 -487.646057129 -261.077667236 1756.34509277 -150.512771606 -163.906829834 1355.98791504 -487.640777588 -529.395385742 1756.34509277
0.0312180519104 8 -492.713287354 -110.761779785 1536.77783203 -464.355163574 250.416427612 1716.54785156 -467.253875732 136.631591797 1489.77587891 -489.757293701 6.82415771484 1760.88867188 -318.185241699 -69.8126220703 1295.8170166 -489.757995605 -261.493927002 1760.88867188 -95.9734191895 -53.2110824585 1457.35949707 -489.752716064 -529.811645508 1760.88867188
0.036749124527 8 -491.216552734 -113.589241028 1537.86242676 -466.027313232 248.628662109 1718.61914062 -462.222351074 133.453399658 1490.97595215 -495.387390137 4.79742431641 1761.55041504 -305.631835938 -61.7030639648 1301.94091797 -495.388092041 -263.5206604 1761.55041504 -84.1168518066 -38.0477371216 1469.47631836 -495.3828125 -531.838378906 1761.55041504
0.0320649147034 8 -491.844665527 -111.020858765 1538.61376953 -467.535461426 248.577926636 1723.63244629 -456.949554443 135.924484253 1495.54260254 -502.748504639 5.19468688965 1763.17980957 -295.792785645 -56.6119842529 1306.96154785 -502.749206543 -263.123413086 1763.17980957 -75.3426208496 -25.1784095764 1478.83459473 -502.743927002 -531.441162109 1763.17980957
0.0313320159912 8 -493.544921875 -106.924636841 1535.3359375 -468.655517578 247.84715271 1725.68151855 -459.629669189 140.581604004 1494.60595703 -503.435455322 6.87106323242 1761.21484375 -283.95501709 -49.5858917236 1313.01965332 -503.436157227 -261.447021484 1761.21484375 -63.1668701172 -13.8362998962 1489.44763184 -503.430877686 -529.764770508 1761.21484375
0.0357689857483 8 -493.321228027 -111.960998535 1540.88916016 -469.260253906 246.699447632 1726.70166016 -456.490539551 134.772354126 1498.01977539 -506.940124512 4.54710388184 1765.19262695 -275.539733887 -44.0826416016 1319.05187988 -506.940826416 -263.770996094 1765.19262695 -53.6770629883 -4.07780075073 1500.0958252 -506.935546875 -532.088745117 1765.19262695
0.0321190357208 8 -493.618988037 -113.132316589 1541.88525391 -469.565429688 246.882995605 1727.68640137 -451.692108154 132.792053223 1499.10693359 -512.802185059 4.74607849121 1765.05200195 -263.308898926 -39.3235778809 1325.0411377 -512.80291748 -263.572021484 1765.05200195 -40.7514038086 5.1822013855 1509.89160156 -512.797607422 -531.889770508 1765.05200195
0.0321190357208 8 -494.893676758 -113.170455933 1542.23071289 -470.226409912 247.160385132 1728.17370605 -446.988616943 131.861938477 1500.72790527 -519.276733398 5.33836364746 1764.53552246 -252.179138184 -33.9344482422 1330.02600098 -519.27746582 -262.979736328 1764.53552246 -31.0643157959 13.7865066528 1520.54089355 -519.272155762 -531.297485352 1764.53552246
0.0409359931946 8 -495.27947998 -115.77381134 1543.04223633 -470.80847168 245.29977417 1727.94458008 -443.459564209 128.451812744 1501.40795898 -523.337463379 4.18891906738 1764.14550781 -246.631607056 -31.2590026855 1335.05004883 -523.338195801 -264.129150391 1764.14550781 -25.0550537109 18.064037323 1525.26477051 -523.332885742 -532.446899414 1764.14550781
0.0318510532379 8 -496.675598145 -115.653427124 1543.63989258 -471.841491699 245.814468384 1728.32128906 -439.967102051 127.592666626 1502.66577148 -528.575378418 5.45582580566 1763.59082031 -234.852233887 -26.4148712158 1339.55322266 -528.57611084 -262.862243652 1763.59082031 -15.9343719482 25.7766304016 1534.38891602 -528.570800781 -531.179992676 1763.59082031
0.0313248634338 8 -496.83581543 -116.794624329 1543.58618164 -472.447357178 244.577514648 1727.52978516 -437.220855713 125.840911865 1503.03112793 -532.196777344 5.27574157715 1762.49060059 -226.460235596 -23.5076293945 1343.82409668 -532.197509766 -263.042358398 1762.49060059 -9.83963012695 32.2418785095 1540.54870605 -532.192199707 -531.360107422 1762.49060059
0.0357069969177 8 -495.966033936 -117.117462158 1544.5625 -473.321014404 244.756820679 1728.14001465 -434.447814941 125.093536377 1504.23852539 -534.343200684 5.81802368164 1762.48632812 -219.26133728 -19.0594787598 1347.96887207 -534.343933105 -262.500061035 1762.48632812 -3.24114990234 38.6625442505 1545.78625488 -534.338623047 -530.817810059 1762.48632812
0.0309801101685 8 -496.371673584 -117.64276123 1543.79663086 -473.257598877 244.782852173 1728.4263916 -430.687225342 123.705810547 1504.96691895 -539.024658203 6.02883911133 1760.49328613 -212.649093628 -14.8240203857 1352.01977539 -539.025390625 -262.289245605 1760.49328613 4.15649414062 41.7802200317 1548.62792969 -539.020080566 -530.606994629 1760.49328613
0.0314338207245 8 -496.234436035 -116.857032776 1543.05651855 -473.738494873 244.87322998 1728.57043457 -426.347198486 123.617332458 1506.24267578 -543.346252441 7.31278991699 1758.53222656 -204.334869385 -11.2049789429 1355.54248047 -543.346984863 -261.005310059 1758.53222656 13.2584075928 42.7930641174 1552.51831055 -543.341674805 -529.323059082 1758.53222656
0.0352611541748 8 -496.112548828 -114.684814453 1543.68701172 -473.188079834 247.223510742 1729.15844727 -423.334838867 125.102752686 1507.95397949 -546.272338867 10.1826171875 1758.07849121 -195.689651489 -6.90408325195 1358.81982422 -546.273071289 -258.135467529 1758.07849121 19.5897674561 47.2250366211 1558.96630859 -546.26776123 -526.45324707 1758.07849121
0.0317208766937 8 -497.288269043 -113.66835022 1541.31567383 -473.97076416 246.910980225 1727.87597656 -417.04473877 124.181007385 1509.20922852 -554.758361816 12.7194976807 1752.89428711 -190.812088013 -3.71509552002 1362.38049316 -554.759094238 -255.598587036 1752.89428711 20.0836639404 56.580657959 1565.31347656 -554.75378418 -523.916320801 1752.89428711
0.0317530632019 8 -496.172973633 -111.579681396 1541.58422852 -473.946777344 248.816162109 1729.31884766 -414.007141113 125.911140442 1511.47363281 -557.242553711 14.7428588867 1752.2331543 -185.912109375 -1.66092681885 1365.24047852 -557.243286133 -253.57522583 1752.2331543 22.9552001953 62.7392883301 1569.10717773 -557.237976074 -521.892944336 1752.2331543
0.0361111164093 8 -496.740722656 -111.5076828 1540.57189941 -474.549804688 248.342834473 1728.0402832 -412.029937744 125.247444153 1511.60412598 -560.244384766 15.5419769287 1750.08044434 -183.972290039 -0.63330078125 1367.1697998 -560.245117188 -252.776107788 1750.08044434 24.4415283203 65.421546936 1571.10559082 -560.239807129 -521.09387207 1750.08044434
0.0313940048218 8 -496.514221191 -111.355911255 1541.5390625 -474.770324707 248.543151855 1727.90686035 -411.201385498 125.161712646 1512.26293945 -561.153930664 16.5333251953 1750.20654297 -182.505844116 -0.627861022949 1368.14599609 -561.154663086 -251.784759521 1750.20654297 24.6398468018 66.9402923584 1573.21533203 -561.149353027 -520.102539062 1750.20654297
0.031555891037 8 -496.779998779 -112.001296997 1541.13037109 -475.295318604 247.697158813 1727.86254883 -411.26852417 124.508728027 1512.30773926 -561.853637695 15.6470336914 1749.81994629 -179.252075195 -0.126693725586 1369.16296387 -561.854370117 -252.671051025 1749.81994629 25.3442687988 67.7707214355 1577.56433105 -561.849060059 -520.988769531 1749.81994629
0.0361480712891 8 -496.604309082 -111.661102295 1541.50756836 -476.788696289 248.29989624 1728.3190918 -411.264770508 124.906394958 1512.61450195 -563.19744873 16.4332427979 1749.44775391 -184.653717041 -4.01651763916 1364.74389648 -563.198181152 -251.884841919 1749.44775391 13.7015075684 66.4835281372 1574.84741211 -563.192871094 -520.202575684 1749.44775391
0.0315990447998 8 -497.01675415 -111.53339386 1541.64111328 -477.721252441 248.928985596 1728.03137207 -412.166534424 125.179962158 1512.49047852 -563.71697998 16.6058807373 1749.52099609 -192.714599609 -8.77789306641 1356.85913086 -563.717712402 -251.712203979 1749.52099609 -0.524261474609 63.3376083374 1570.39086914 -563.712402344 -520.029968262 1749.52099609
0.0320198535919 8 -497.640319824 -111.52419281 1541.08630371 -478.446716309 249.122680664 1727.90283203 -413.331176758 125.366760254 1511.80615234 -563.309265137 16.1860809326 1749.55810547 -199.185821533 -11.5266571045 1351.58862305 -563.309997559 -252.132003784 1749.55810547 -12.0961608887 61.2820281982 1568.57116699 -563.3046875 -520.449768066 1749.55810547
0.040030002594 8 -496.620056152 -110.657493591 1540.17016602 -479.772705078 248.93951416 1728.32873535 -415.095916748 127.204605103 1510.94995117 -561.514709473 15.5859069824 1749.7644043 -203.605758667 -10.9384307861 1348.09301758 -561.515441895 -252.732177734 1749.7644043 -19.5625762939 59.6313934326 1568.03442383 -561.510131836 -521.049926758 1749.7644043
0.0319609642029 8 -497.978088379 -109.615188599 1538.90991211 -481.339141846 249.040359497 1728.54821777 -414.330688477 127.728881836 1511.57336426 -564.726318359 16.4256286621 1748.03869629 -206.256744385 -10.658493042 1345.05480957 -564.727050781 -251.892456055 1748.03869629 -25.0825042725 63.0330352783 1566.17907715 -564.721740723 -520.210205078 1748.03869629
0.0362510681152 8 -498.859069824 -109.063140869 1537.66552734 -481.959411621 249.208282471 1728.16772461 -414.712493896 128.17565918 1510.90393066 -566.460571289 16.9308776855 1746.55480957 -207.293243408 -8.32977294922 1342.6817627 -566.461303711 -251.387207031 1746.55480957 -29.6710510254 67.3898010254 1565.9029541 -566.455993652 -519.704956055 1746.55480957
0.0314629077911 8 -497.71395874 -108.675613403 1537.40441895 -483.433868408 249.082824707 1728.46081543 -416.667022705 129.59312439 1510.30090332 -564.999084473 16.1761932373 1747.07092285 -208.037521362 -4.20481872559 1341.30554199 -564.999816895 -252.141891479 1747.07092285 -33.5594024658 72.2973022461 1566.69787598 -564.994506836 -520.459655762 1747.07092285
0.0314681529999 8 -498.139770508 -108.966140747 1538.67626953 -485.208404541 249.549331665 1728.55200195 -423.647399902 131.060943604 1508.85009766 -560.586608887 14.3814697266 1750.66113281 -210.451599121 0.199554443359 1340.9954834 -560.587341309 -253.93661499 1750.66113281 -36.6352233887 80.7528076172 1565.46484375 -560.58203125 -522.254394531 1750.66113281
0.0365469455719 8 -497.621520996 -107.920410156 1540.60473633 -486.007995605 252.380691528 1729.61352539 -428.703155518 133.415298462 1508.13916016 -555.682983398 14.6283721924 1754.28076172 -212.97203064 4.73428344727 1340.99182129 -555.68371582 -253.689712524 1754.28076172 -37.8840637207 86.8848495483 1563.90283203 -555.678405762 -522.007446289 1754.28076172
0.0321428775787 8 -498.611236572 -108.68963623 1541.08837891 -486.914306641 252.262496948 1728.171875 -432.933044434 133.254089355 1506.36804199 -552.878295898 13.8578491211 1755.78161621 -214.801010132 10.0507736206 1341.49182129 -552.87902832 -254.460235596 1755.78161621 -39.1083068848 95.2736587524 1562.76135254 -552.873718262 -522.777954102 1755.78161621
0.0315752029419 8 -500.957641602 -108.693222046 1540.26928711 -488.787628174 251.447296143 1727.95581055 -432.037536621 132.570556641 1507.04956055 -558.573669434 14.3742523193 1753.80297852 -217.827056885 15.7864379883 1342.02099609 -558.574401855 -253.943832397 1753.80297852 -39.8515167236 102.836730957 1560.73120117 -558.569091797 -522.26159668 1753.80297852
0.0358238220215 8 -503.78817749 -107.993560791 1539.12988281 -491.096099854 251.450622559 1728.33911133 -430.6902771 132.36656189 1508.42883301 -565.273681641 15.32472229 1751.42932129 -219.409286499 20.4608001709 1342.81164551 -565.274414062 -252.993362427 1751.42932129 -39.9694213867 109.324127197 1559.59680176 -565.269104004 -521.311096191 1751.42932129
0.0314710140228 8 -505.66986084 -107.589614868 1538.19482422 -493.277984619 251.142471313 1728.55175781 -430.709014893 132.395065308 1508.95629883 -569.549621582 15.7395782471 1749.79833984 -219.094848633 25.6108322144 1343.41577148 -569.550354004 -252.57850647 1749.79833984 -38.6627807617 113.940330505 1559.61669922 -569.545043945 -520.896240234 1749.79833984
0.0318520069122 8 -506.649108887 -106.648521423 1538.16308594 -494.948150635 252.403198242 1728.67041016 -431.458312988 133.317672729 1509.2532959 -571.27947998 16.6392211914 1749.57824707 -220.635177612 30.3401412964 1343.21337891 -571.280212402 -251.678863525 1749.57824707 -38.2042999268 117.487922668 1558.2121582 -571.274902344 -519.996582031 1749.57824707
0.0350151062012 8 -507.575012207 -107.527297974 1537.37939453 -497.198547363 251.406173706 1727.73059082 -432.619232178 132.549499512 1508.72387695 -572.915649414 15.5887298584 1748.68383789 -222.519866943 34.0700759888 1342.82299805 -572.916381836 -252.729354858 1748.68383789 -38.3175811768 119.122322083 1557.14624023 -572.911071777 -521.047119141 1748.68383789
0.0319879055023 8 -509.589111328 -107.640731812 1536.37939453 -500.139068604 250.928344727 1728.25671387 -433.522369385 132.272338867 1509.33276367 -576.293395996 14.8749084473 1747.60571289 -222.633422852 36.3862991333 1343.20446777 -576.294128418 -253.44317627 1747.60571289 -37.6115112305 118.856124878 1557.83044434 -576.288818359 -521.760925293 1747.60571289
0.0316071510315 8 -510.616088867 -108.273208618 1537.21801758 -503.864715576 250.996078491 1728.4675293 -440.635498047 133.164993286 1507.80163574 -574.26171875 13.2091522217 1749.93005371 -222.805267334 36.8731842041 1343.61120605 -574.262451172 -255.108932495 1749.93005371 -36.7159423828 118.59866333 1557.61047363 -574.257141113 -523.426696777 1749.93005371
0.0356249809265 8 -510.558074951 -108.161384583 1538.65625 -505.259460449 251.77432251 1728.60400391 -443.701446533 133.894119263 1507.05383301 -572.386535645 13.6476135254 1751.72741699 -222.859313965 35.9606246948 1342.78356934 -572.387268066 -254.670471191 1751.72741699 -35.9113616943 115.006141663 1557.0333252 -572.381958008 -522.988220215 1751.72741699
0.0314998626709 8 -510.976135254 -108.38318634 1539.09375 -506.97567749 252.042419434 1728.67980957 -444.983856201 133.858032227 1506.95837402 -572.463439941 13.4850006104 1752.25109863 -218.945526123 37.1731872559 1345.9317627 -572.464172363 -254.833084106 1752.25109863 -25.4666748047 96.0546875 1561.41687012 -572.458862305 -523.150817871 1752.25109863
0.0321021080017 8 -511.151794434 -107.954071045 1539.00756836 -506.659301758 253.209747314 1725.21704102 -445.764099121 134.173690796 1504.80859375 -571.901123047 15.3492584229 1751.55615234 -222.777328491 34.192489624 1345.68847656 -571.901855469 -252.968826294 1751.55615234 -21.9547729492 86.7153625488 1555.47167969 -571.89654541 -521.286560059 1751.55615234
0.0355670452118 8 -510.477081299 -108.046691895 1539.74035645 -507.967041016 252.544052124 1726.98034668 -448.385223389 134.944595337 1505.55749512 -569.616638184 13.7520294189 1753.60095215 -219.881591797 33.7946548462 1346.88098145 -569.617370605 -254.566055298 1753.60095215 -14.1506195068 77.0875701904 1555.8848877 -569.612060547 -522.883789062 1753.60095215
0.032212972641 8 -511.00769043 -109.228546143 1539.30224609 -508.748626709 251.506866455 1727.37475586 -450.146636963 134.113586426 1505.34936523 -569.662658691 11.8299560547 1753.72436523 -216.942932129 32.0893859863 1347.48852539 -569.663391113 -256.488128662 1753.72436523 -9.98861694336 64.6988983154 1560.27661133 -569.658081055 -524.805908203 1753.72436523
0.0318470001221 8 -511.014892578 -110.575340271 1538.89086914 -507.515899658 250.805145264 1724.56384277 -450.503173828 132.570281982 1502.9564209 -568.611083984 11.9129486084 1752.78845215 -216.964080811 28.7272644043 1347.29833984 -568.611816406 -256.405151367 1752.78845215 -6.31158447266 57.6898765564 1558.75830078 -568.606506348 -524.722900391 1752.78845215
0.036073923111 8 -511.812896729 -109.752563477 1539.36010742 -509.196411133 251.597946167 1726.67822266 -451.767456055 133.670013428 1504.51477051 -569.72467041 11.6418762207 1753.79870605 -213.475814819 26.0551605225 1347.21398926 -569.725402832 -256.676208496 1753.79870605 -1.11026000977 49.7431411743 1558.6270752 -569.720092773 -524.99395752 1753.79870605
0.0324249267578 8 -515.702453613 -106.694404602 1538.19274902 -509.778900146 252.831787109 1727.69482422 -450.207824707 135.682144165 1506.25708008 -575.422668457 14.4234924316 1752.24853516 -224.073410034 20.6599655151 1343.01123047 -575.423400879 -253.894592285 1752.24853516 -5.23799133301 47.999835968 1542.77954102 -575.41809082 -522.212341309 1752.24853516
0.037994146347 8 -514.238891602 -105.852050781 1538.89355469 -509.371063232 253.558700562 1728.22497559 -450.985717773 137.033676147 1506.20043945 -572.5390625 14.84715271 1753.59375 -235.331237793 13.3434448242 1338.26879883 -572.539794922 -253.470932007 1753.59375 -10.843963623 51.1873703003 1527.33227539 -572.534484863 -521.788696289 1753.59375
0.0357160568237 8 -513.856689453 -106.054023743 1538.92333984 -508.744354248 253.997467041 1728.49536133 -451.598266602 137.070465088 1506.0057373 -570.57043457 14.1710968018 1754.32702637 -244.327362061 7.15489196777 1334.06311035 -570.571166992 -254.146987915 1754.32702637 -14.0872192383 51.5071029663 1513.49743652 -570.565856934 -522.46472168 1754.32702637
0.027664899826 8 -517.065917969 -100.794998169 1533.71289062 -508.194854736 254.212783813 1728.00622559 -462.907318115 144.140686035 1500.37036133 -564.016174316 15.6411437988 1753.43261719 -251.663619995 1.12040710449 1330.34179688 -564.016906738 -252.676940918 1753.43261719 -16.4341430664 51.1071777344 1501.16784668 -564.01159668 -520.994689941 1753.43261719
0.0315670967102 8 -515.192871094 -102.117996216 1532.19848633 -506.104492188 253.279815674 1724.59643555 -474.278381348 144.483795166 1493.88110352 -548.646179199 13.8894042969 1754.40991211 -260.174926758 -2.81883239746 1327.16235352 -548.646911621 -254.42868042 1754.40991211 -18.5639953613 49.0658226013 1487.94213867 -548.641601562 -522.746459961 1754.40991211
0.0355949401855 8 -514.172485352 -105.065505981 1537.22802734 -504.373565674 254.087890625 1723.16210938 -470.84463501 140.77935791 1496.11608887 -550.016357422 14.0215454102 1757.54772949 -270.032043457 -5.87738037109 1324.79858398 -550.017089844 -254.296539307 1757.54772949 -20.6885375977 39.2068367004 1475.11645508 -550.011779785 -522.614257812 1757.54772949
0.0314528942108 8 -514.943359375 -103.067016602 1535.49902344 -502.346191406 254.657730103 1722.86340332 -478.535430908 143.656677246 1492.86657715 -541.076293945 14.8785400391 1757.80871582 -273.838500977 -10.2114562988 1321.66003418 -541.077026367 -253.439544678 1757.80871582 -19.6395874023 33.8758392334 1464.17541504 -541.071716309 -521.757324219 1757.80871582
0.0317380428314 8 -515.975585938 -104.676452637 1539.23547363 -501.590270996 255.89352417 1722.29394531 -475.553527832 141.247177124 1495.37902832 -543.3359375 15.0737457275 1760.47546387 -264.946960449 -6.91255187988 1318.37524414 -543.336669922 -253.244338989 1760.47546387 -9.20617675781 17.5854320526 1468.07775879 -543.331359863 -521.562072754 1760.47546387
0.0357189178467 8 -516.377929688 -104.72454834 1541.34936523 -501.493469238 255.892929077 1725.52197266 -473.205627441 140.983047485 1498.75402832 -545.19744873 14.5113372803 1762.71496582 -255.48550415 -9.76676940918 1314.23266602 -545.198181152 -253.806747437 1762.71496582 1.03524780273 2.285987854 1470.16479492 -545.192871094 -522.124511719 1762.71496582
0.03200507164 8 -515.393188477 -107.624237061 1541.1496582 -500.091674805 255.089141846 1723.1348877 -469.758666992 137.500488281 1497.67663574 -546.213989258 13.1308898926 1761.43786621 -251.266983032 -13.7015380859 1311.16748047 -546.21472168 -255.187194824 1761.43786621 4.76512145996 -7.38986301422 1469.59558105 -546.209411621 -523.504943848 1761.43786621
0.0320289134979 8 -512.687255859 -109.641296387 1542.234375 -497.99710083 254.939407349 1721.94128418 -467.583587646 135.278106689 1497.01818848 -542.937255859 12.4788513184 1761.8614502 -251.162902832 -17.1758117676 1307.63952637 -542.937988281 -255.839233398 1761.8614502 8.62710571289 -11.945608139 1459.23352051 -542.932678223 -524.156982422 1761.8614502
0.0399610996246 8 -514.758544922 -105.439361572 1538.27685547 -496.364929199 254.836990356 1721.70776367 -478.310546875 140.810531616 1492.8536377 -534.233642578 14.1831817627 1760.40734863 -253.130081177 -19.8526916504 1305.23205566 -534.234375 -254.134902954 1760.40734863 9.25352478027 -20.9287548065 1450.37341309 -534.229064941 -522.452636719 1760.40734863
0.0322370529175 8 -509.752563477 -107.027587891 1540.50488281 -494.70614624 255.569366455 1721.72583008 -476.020690918 139.467102051 1494.13586426 -529.121520996 12.9629211426 1762.48400879 -257.094940186 -19.7428894043 1304.1706543 -529.122253418 -255.355163574 1762.48400879 10.3999938965 -26.023349762 1443.68286133 -529.116943359 -523.672912598 1762.48400879
0.0313918590546 8 -508.638244629 -107.253036499 1541.55737305 -493.143341064 256.244354248 1721.73986816 -473.509521484 139.009094238 1494.86755371 -529.059082031 13.2814025879 1763.17297363 -255.062454224 -24.1969604492 1302.64416504 -529.059814453 -255.036682129 1763.17297363 16.1705169678 -33.5106277466 1436.4732666 -529.054504395 -523.354431152 1763.17297363
0.0354950428009 8 -508.082702637 -107.193252563 1534.20947266 -490.68963623 255.501312256 1713.22680664 -475.092407227 138.868530273 1484.9630127 -525.254211426 14.9860534668 1755.20129395 -251.047836304 -26.9236907959 1302.38537598 -525.254943848 -253.33203125 1755.20129395 21.1911773682 -43.4593276978 1434.98547363 -525.249633789 -521.649780273 1755.20129395
0.0319030284882 8 -507.693481445 -104.751960754 1532.61865234 -488.455535889 256.30279541 1712.98034668 -475.910980225 141.491439819 1483.43212891 -522.090637207 16.9206542969 1754.09960938 -249.566009521 -30.7877807617 1302.25280762 -522.091369629 -251.39743042 1754.09960938 23.6047058105 -50.9161224365 1432.22253418 -522.08605957 -519.715209961 1754.09960938
0.0317339897156 8 -505.931213379 -108.524055481 1539.4375 -487.74822998 257.022216797 1712.8548584 -472.646911621 136.832550049 1486.96179199 -522.555541992 16.5000305176 1758.87780762 -252.830627441 -32.2207946777 1303.20422363 -522.556274414 -251.818054199 1758.87780762 23.6943359375 -55.1930961609 1423.0177002 -522.550964355 -520.135803223 1758.87780762
0.0364520549774 8 -507.774169922 -112.664588928 1541.94604492 -485.541381836 256.417755127 1709.27111816 -468.937133789 131.130508423 1486.26818848 -525.057067871 16.0168762207 1759.17126465 -254.479385376 -34.9166259766 1303.67553711 -525.057800293 -252.301208496 1759.17126465 23.6268157959 -58.0150527954 1417.57922363 -525.052490234 -520.61895752 1759.17126465
0.031849861145 8 -510.880249023 -111.802871704 1538.03283691 -483.653076172 256.325439453 1707.5032959 -469.045806885 131.467453003 1482.15429688 -526.616149902 17.2475738525 1755.17651367 -252.787231445 -40.2917633057 1302.92944336 -526.616882324 -251.070510864 1755.17651367 24.7650146484 -63.8932876587 1419.02148438 -526.611572266 -519.388244629 1755.17651367
0.0350260734558 8 -513.989868164 -109.160140991 1535.20996094 -482.583648682 256.515258789 1706.12719727 -469.863067627 133.989364624 1480.53344727 -528.420532227 18.9285430908 1753.02514648 -250.449615479 -45.4762268066 1304.5513916 -528.421264648 -249.389541626 1753.02514648 22.1359558105 -71.6395874023 1431.51660156 -528.41595459 -517.707275391 1753.02514648
0.0321340560913 8 -515.832214355 -106.465278625 1535.7175293 -481.574066162 256.664672852 1709.43798828 -471.374359131 136.952362061 1482.4777832 -528.529602051 20.111328125 1754.53320312 -248.797531128 -48.0671386719 1307.35510254 -528.530334473 -248.206756592 1754.53320312 20.3525238037 -76.3109970093 1441.96264648 -528.525024414 -516.524536133 1754.53320312
0.0304529666901 8 -515.594116211 -106.734436035 1534.52172852 -479.812225342 256.350646973 1707.08984375 -470.18081665 136.42515564 1480.88476562 -527.389770508 20.2039642334 1753.18457031 -250.444198608 -48.8753967285 1311.75683594 -527.39050293 -248.114120483 1753.18457031 19.2367401123 -74.7452392578 1446.08007812 -527.385192871 -516.431884766 1753.18457031
0.0356109142303 8 -515.288818359 -106.814071655 1533.70043945 -478.202575684 255.546020508 1706.42114258 -468.948486328 136.198059082 1480.17553711 -526.813842773 20.0976867676 1752.39624023 -250.251373291 -51.2803649902 1315.46533203 -526.814575195 -248.220397949 1752.39624023 18.0617675781 -79.6938858032 1452.67333984 -526.809265137 -516.538146973 1752.39624023
0.0318779945374 8 -513.969055176 -105.436752319 1534.74597168 -476.461029053 257.282409668 1706.5612793 -467.794921875 137.521148682 1480.82446289 -525.15222168 21.803894043 1753.27026367 -251.724624634 -53.9800872803 1320.78393555 -525.152954102 -246.514190674 1753.27026367 15.6228485107 -83.3142242432 1458.90649414 -525.147644043 -514.83190918 1753.27026367
0.0317721366882 8 -512.990539551 -106.764251709 1533.16943359 -475.740814209 256.171142578 1705.61193848 -461.339233398 135.282928467 1480.27502441 -529.455932617 21.2592163086 1750.8651123 -250.417388916 -56.8081817627 1326.42858887 -529.456665039 -247.058868408 1750.8651123 13.7197875977 -88.959854126 1470.54321289 -529.45135498 -515.376586914 1750.8651123
0.0364129543304 8 -512.470458984 -107.178390503 1532.89208984 -474.455596924 255.68901062 1706.17712402 -458.45022583 134.531814575 1480.7833252 -530.600036621 20.7896575928 1750.49914551 -246.770309448 -61.7377624512 1332.78881836 -530.600769043 -247.528427124 1750.49914551 15.0320281982 -97.4165878296 1478.6809082 -530.595458984 -515.846191406 1750.49914551
0.0317239761353 8 -512.043395996 -108.797164917 1533.43481445 -473.555877686 255.301055908 1705.4576416 -455.936126709 132.308837891 1480.70935059 -532.497619629 20.5134887695 1750.04626465 -243.9556427 -65.7073822021 1339.4732666 -532.498352051 -247.804595947 1750.04626465 15.7671661377 -103.766708374 1488.00402832 -532.493041992 -516.122314453 1750.04626465
0.0319530963898 8 -510.951965332 -112.796051025 1534.93347168 -474.341766357 253.123519897 1703.09521484 -456.110809326 127.993591309 1479.50671387 -531.066589355 18.6287536621 1750.2989502 -241.049728394 -71.1947937012 1346.3293457 -531.067321777 -249.689331055 1750.2989502 17.3321685791 -115.811477661 1496.53540039 -531.062011719 -518.007080078 1750.2989502
0.040981054306 8 -510.27947998 -114.080497742 1537.03198242 -473.408630371 254.085327148 1703.91430664 -455.395507812 126.422447205 1480.38745117 -530.741149902 18.5103302002 1751.65600586 -238.595596313 -74.9478988647 1353.25268555 -530.741882324 -249.807754517 1751.65600586 17.7852020264 -122.177276611 1506.33569336 -530.736572266 -518.125488281 1751.65600586
0.0318868160248 8 -510.186523438 -113.575523376 1538.00268555 -472.939575195 254.814849854 1704.32250977 -452.493408203 126.309524536 1481.54675293 -533.606323242 19.9315795898 1751.75012207 -237.359985352 -76.8190155029 1360.71398926 -533.607055664 -248.386505127 1751.75012207 17.0003356934 -128.65802002 1516.4855957 -533.601745605 -516.704223633 1751.75012207
0.0314180850983 8 -510.678100586 -114.586288452 1539.69946289 -473.24105835 254.737594604 1704.5345459 -451.946868896 124.858772278 1482.43432617 -534.792663574 19.9774017334 1752.71044922 -233.740386963 -81.2632064819 1367.9576416 -534.793395996 -248.340682983 1752.71044922 17.9234161377 -140.5234375 1525.90979004 -534.788085938 -516.658447266 1752.71044922
0.0353379249573 8 -512.882995605 -117.829483032 1545.00219727 -472.117828369 254.068191528 1705.59985352 -447.579162598 119.73626709 1487.22106934 -539.598876953 19.1984558105 1756.07165527 -230.956115723 -85.4487915039 1374.54321289 -539.599609375 -249.119628906 1756.07165527 17.8838195801 -148.416473389 1535.15979004 -539.594299316 -517.43737793 1756.07165527
0.0313789844513 8 -515.342407227 -118.056159973 1541.72216797 -471.711151123 251.826873779 1703.13562012 -443.890655518 118.061264038 1485.3704834 -545.284851074 19.9604797363 1751.69152832 -227.047164917 -90.0478057861 1381.83557129 -545.285583496 -248.35760498 1751.69152832 18.3648681641 -154.516815186 1546.13635254 -545.280273438 -516.675354004 1751.69152832
0.0316209793091 8 -516.068908691 -116.993789673 1540.27478027 -470.637817383 251.461669922 1703.91967773 -439.76763916 118.106079102 1486.04748535 -549.282287598 21.2507019043 1749.60656738 -222.087493896 -95.8566589355 1388.99145508 -549.28302002 -247.067382812 1749.60656738 23.2073669434 -166.76109314 1553.36621094 -549.277709961 -515.385131836 1749.60656738
0.0356612205505 8 -518.550354004 -117.396125793 1545.40771484 -468.6328125 253.770324707 1704.14331055 -430.065124512 113.633239746 1492.86254883 -558.806396484 25.3883209229 1750.24243164 -218.612838745 -100.163864136 1395.90100098 -558.807128906 -242.929763794 1750.24243164 24.3227844238 -177.758575439 1559.97717285 -558.801818848 -511.247497559 1750.24243164
0.0312068462372 8 -520.126647949 -117.380058289 1548.53369141 -467.297241211 254.783081055 1704.41772461 -425.59664917 111.426727295 1496.51831055 -563.261535645 27.9508514404 1751.04882812 -215.40776062 -105.90725708 1403.01867676 -563.262268066 -240.367233276 1751.04882812 23.4798431396 -189.219390869 1567.89428711 -563.256958008 -508.684997559 1751.04882812
0.0317461490631 8 -521.26159668 -119.923683167 1549.24438477 -466.946838379 252.974487305 1702.07983398 -422.634277344 107.097717285 1496.77478027 -566.561706543 28.0609588623 1749.41320801 -214.814559937 -109.798370361 1408.60876465 -566.562438965 -240.257125854 1749.41320801 22.1330566406 -196.572875977 1573.00427246 -566.557128906 -508.574890137 1749.41320801
0.0357029438019 8 -523.019287109 -118.356918335 1550.1171875 -466.243164062 254.912506104 1703.4197998 -420.447479248 107.2421875 1498.96899414 -569.786621094 30.5731506348 1749.27709961 -211.007888794 -116.744995117 1413.4095459 -569.787353516 -237.744934082 1749.27709961 24.4969482422 -204.193817139 1581.08752441 -569.782043457 -506.062683105 1749.27709961
0.0384359359741 8 -522.963500977 -118.826545715 1550.46765137 -466.210998535 253.781707764 1703.61425781 -419.288269043 106.423072815 1499.85876465 -570.204162598 30.2258911133 1749.46228027 -211.59463501 -122.236030579 1415.83435059 -570.20489502 -238.092193604 1749.46228027 24.3706512451 -213.35333252 1582.57629395 -570.199584961 -506.409942627 1749.46228027
0.0314209461212 8 -524.127319336 -118.268890381 1549.57910156 -464.725891113 255.530197144 1700.69445801 -417.189025879 105.418762207 1498.81762695 -572.485168457 32.7755126953 1746.79931641 -212.912811279 -124.970474243 1417.03186035 -572.485900879 -235.542572021 1746.79931641 22.139541626 -219.560913086 1582.42834473 -572.48059082 -503.860321045 1746.79931641
0.0348510742188 8 -524.097412109 -118.228645325 1549.74755859 -463.328979492 256.484008789 1699.73876953 -416.384155273 104.89931488 1498.10620117 -571.898071289 33.7524871826 1746.39916992 -214.062149048 -127.355354309 1417.63891602 -571.898803711 -234.565597534 1746.39916992 20.8251190186 -222.496673584 1582.27075195 -571.893493652 -502.883361816 1746.39916992
0.031308889389 8 -523.967102051 -117.803886414 1549.35839844 -462.581726074 257.327728271 1698.75073242 -416.172912598 105.145500183 1497.08361816 -571.212097168 34.5905456543 1745.83361816 -213.653305054 -129.545928955 1417.92529297 -571.21282959 -233.727539062 1745.83361816 21.7147827148 -224.925140381 1580.77734375 -571.207519531 -502.045288086 1745.83361816
0.0313332080841 8 -524.105957031 -117.846702576 1549.4732666 -462.337493896 257.526123047 1698.26245117 -416.114776611 104.966781616 1497.00854492 -570.924621582 34.6816711426 1745.95117188 -211.910522461 -133.158477783 1416.57592773 -570.925354004 -233.636413574 1745.95117188 23.4038543701 -230.515869141 1582.08764648 -570.920043945 -501.954162598 1745.95117188
0.0349488258362 8 -523.081604004 -118.044334412 1546.47363281 -460.582489014 256.620727539 1694.45288086 -420.834503174 106.375915527 1489.76806641 -563.731628418 33.6307220459 1744.90917969 -211.52116394 -134.427886963 1414.86962891 -563.73236084 -234.687362671 1744.90917969 23.5816955566 -233.116744995 1581.2010498 -563.727050781 -503.005126953 1744.90917969
0.0319859981537 8 -523.828979492 -119.562927246 1543.56884766 -461.04095459 253.607254028 1692.09008789 -425.132476807 105.989105225 1485.04699707 -561.136413574 31.1602783203 1743.39416504 -211.873474121 -135.571533203 1412.04821777 -561.137145996 -237.157806396 1743.39416504 24.5463867188 -235.325439453 1576.21569824 -561.131835938 -505.47555542 1743.39416504
0.0316691398621 8 -524.21875 -121.045181274 1543.13012695 -461.591278076 252.407562256 1690.90112305 -429.630157471 105.616218567 1482.17150879 -557.825866699 29.1358947754 1744.01452637 -214.541168213 -136.143188477 1408.13781738 -557.826599121 -239.182189941 1744.01452637 24.6072845459 -238.579421997 1566.76098633 -557.821289062 -507.499938965 1744.01452637
0.0361239910126 8 -523.198486328 -121.422897339 1542.15893555 -460.640380859 252.35105896 1687.32617188 -429.646514893 105.060874939 1478.91674805 -556.278259277 30.2142181396 1742.0546875 -218.399185181 -136.439239502 1401.71044922 -556.278991699 -238.103866577 1742.0546875 23.6502685547 -239.2265625 1556.1373291 -556.273681641 -506.421630859 1742.0546875
0.0314710140228 8 -522.986816406 -122.241653442 1541.01000977 -460.700744629 252.008544922 1685.03222656 -429.894195557 104.267921448 1477.13220215 -555.852355957 29.7284698486 1740.70495605 -222.857131958 -137.585418701 1395.47570801 -555.853088379 -238.589614868 1740.70495605 22.7479705811 -238.017486572 1543.03674316 -555.84777832 -506.907348633 1740.70495605
0.0317318439484 8 -523.463867188 -122.351501465 1539.83007812 -460.196075439 252.378707886 1684.41491699 -429.71786499 104.048446655 1476.4967041 -556.613586426 29.4106903076 1739.64416504 -227.521835327 -137.670394897 1388.40185547 -556.614318848 -238.907394409 1739.64416504 21.9886169434 -236.319976807 1530.19775391 -556.609008789 -507.225158691 1739.64416504
0.0356900691986 8 -523.030151367 -121.983917236 1538.52880859 -459.976776123 251.729476929 1683.58703613 -430.893127441 104.926849365 1474.66271973 -555.031555176 29.3444519043 1738.85900879 -231.391983032 -138.202392578 1380.8392334 -555.032287598 -238.973632812 1738.85900879 21.4268035889 -234.305450439 1517.11047363 -555.026977539 -507.291381836 1738.85900879
0.0315430164337 8 -523.032958984 -120.90335083 1537.73583984 -460.556335449 252.712173462 1683.68041992 -431.569519043 106.325302124 1474.02294922 -554.837341309 29.9815216064 1738.43457031 -236.844192505 -136.961898804 1373.56140137 -554.83807373 -238.33656311 1738.43457031 19.9018707275 -233.8699646 1501.42358398 -554.832763672 -506.654296875 1738.43457031
0.0318250656128 8 -522.775390625 -118.738471985 1537.30908203 -459.986816406 255.309417725 1684.22692871 -432.075378418 108.918052673 1474.03173828 -553.354553223 31.1451721191 1738.94677734 -242.555160522 -137.346343994 1366.41748047 -553.355285645 -237.172912598 1738.94677734 17.2503814697 -235.92590332 1483.3371582 -553.349975586 -505.490661621 1738.94677734
0.0353920459747 8 -521.073730469 -116.951133728 1537.10131836 -459.245483398 256.577758789 1683.49157715 -432.386932373 111.345474243 1473.29455566 -550.406066895 32.3973083496 1739.31555176 -246.906143188 -137.538909912 1358.34094238 -550.406799316 -235.920776367 1739.31555176 17.0265655518 -238.326141357 1465.01928711 -550.401489258 -504.238525391 1739.31555176
0.0319068431854 8 -519.836547852 -115.988975525 1537.00048828 -459.381347656 258.299987793 1683.62902832 -432.670776367 112.865432739 1473.09667969 -548.993591309 32.9121704102 1739.56933594 -250.587692261 -136.633422852 1351.30444336 -548.99432373 -235.405914307 1739.56933594 17.010848999 -239.641815186 1446.39624023 -548.989013672 -503.72366333 1739.56933594
0.0356380939484 8 -515.351806641 -116.118179321 1537.97619629 -459.208831787 259.140380859 1683.2064209 -428.39163208 112.869186401 1474.26098633 -546.73614502 33.1746673584 1739.92553711 -252.402130127 -137.190811157 1344.29577637 -546.736877441 -235.143417358 1739.92553711 16.6530456543 -246.06690979 1427.81738281 -546.731567383 -503.461181641 1739.92553711
0.0317158699036 8 -514.350891113 -121.619018555 1536.27880859 -458.844970703 255.810180664 1679.48376465 -424.835327148 106.361602783 1472.51855469 -548.474975586 29.3459777832 1736.52539062 -255.311553955 -137.46913147 1337.7833252 -548.475708008 -238.972106934 1736.52539062 15.8030700684 -248.612228394 1408.45922852 -548.470397949 -507.289855957 1736.52539062
0.0322389602661 8 -513.214233398 -122.105514526 1536.8347168 -459.643463135 257.949493408 1681.1307373 -424.466766357 106.160797119 1473.01074219 -548.120117188 28.8570861816 1736.95214844 -258.293212891 -139.100830078 1331.03125 -548.120849609 -239.460998535 1736.95214844 14.0886535645 -249.470306396 1393.21704102 -548.115539551 -507.778747559 1736.95214844
0.0360581874847 8 -513.819824219 -120.360427856 1532.77441406 -458.509857178 257.99508667 1677.44604492 -426.51663208 108.332527161 1468.48974609 -547.244262695 30.1168518066 1733.50854492 -259.263427734 -139.42364502 1325.65368652 -547.244995117 -238.20123291 1733.50854492 14.2514038086 -254.453460693 1375.63269043 -547.239685059 -506.518981934 1733.50854492
0.0316998958588 8 -513.880737305 -118.709335327 1531.69042969 -457.318878174 259.683624268 1676.60705566 -427.842041016 110.361541748 1467.04748535 -545.691711426 31.2316589355 1733.08703613 -260.750427246 -139.085220337 1321.46459961 -545.692443848 -237.086425781 1733.08703613 13.1709594727 -258.045684814 1358.63171387 -545.687133789 -505.404174805 1733.08703613
0.0322170257568 8 -514.554931641 -117.227973938 1530.33984375 -456.654174805 260.247192383 1676.19677734 -428.539337158 111.96786499 1466.10534668 -545.723876953 32.1504669189 1732.2557373 -262.989013672 -138.915008545 1316.88098145 -545.724609375 -236.167617798 1732.2557373 12.1530151367 -261.555908203 1343.24279785 -545.719299316 -504.485351562 1732.2557373
0.0360760688782 8 -514.083007812 -115.971717834 1530.31762695 -456.46105957 261.542144775 1676.48168945 -428.929107666 113.480407715 1465.85168457 -544.282348633 33.0826873779 1732.61950684 -265.120635986 -139.329315186 1313.07617188 -544.283081055 -235.235397339 1732.61950684 10.2877502441 -263.806243896 1331.99511719 -544.277770996 -503.553161621 1732.61950684
0.0320680141449 8 -511.794433594 -115.825454712 1530.95593262 -456.241790771 261.705749512 1676.11169434 -429.787567139 114.422485352 1465.30322266 -540.416015625 32.9223327637 1733.69799805 -267.167877197 -139.034057617 1310.1685791 -540.416748047 -235.395751953 1733.69799805 7.45788574219 -266.190063477 1319.21618652 -540.411437988 -503.713500977 1733.69799805
0.0321519374847 8 -510.749542236 -115.357025146 1531.01025391 -455.398223877 261.796020508 1676.40783691 -433.039489746 116.060058594 1464.30761719 -535.326416016 32.1210021973 1735.18701172 -267.689880371 -139.38230896 1307.69226074 -535.327148438 -236.19708252 1735.18701172 7.25595092773 -268.247375488 1308.57946777 -535.321838379 -504.514831543 1735.18701172
0.0362188816071 8 -508.539520264 -116.163856506 1531.78540039 -454.453369141 261.417510986 1676.00427246 -438.180725098 116.879806519 1462.80932617 -527.604003906 30.2840881348 1737.22875977 -267.419616699 -139.536636353 1305.41503906 -527.604736328 -238.033996582 1737.22875977 7.42901611328 -270.319824219 1299.19580078 -527.59942627 -506.351745605 1737.22875977
0.0316491127014 8 -506.795410156 -117.659133911 1533.18786621 -452.648986816 261.00604248 1672.29785156 -443.12878418 116.030517578 1460.10998535 -517.767578125 29.3450317383 1738.79431152 -267.750305176 -140.131958008 1303.29089355 -517.768310547 -238.973052979 1738.79431152 5.84317016602 -274.962463379 1291.33337402 -517.763000488 -507.290802002 1738.79431152
0.0318460464478 8 -505.65447998 -118.04335022 1532.77270508 -451.872375488 260.775360107 1670.01269531 -445.070922852 115.999237061 1458.09265137 -513.497802734 29.1425170898 1738.43786621 -265.981536865 -140.44519043 1301.78771973 -513.498535156 -239.175567627 1738.43786621 6.13452148438 -279.504943848 1289.59606934 -513.493225098 -507.49331665 1738.43786621
0.0358748435974 8 -505.878234863 -118.343963623 1533.13256836 -451.453125 261.395233154 1669.3815918 -444.454589844 115.263580322 1457.68383789 -514.215270996 29.7148742676 1738.18603516 -265.094390869 -142.112762451 1301.04882812 -514.216003418 -238.603210449 1738.18603516 6.31359863281 -282.730834961 1289.9934082 -514.210693359 -506.920959473 1738.18603516
0.0321080684662 8 -507.460571289 -117.617630005 1531.17980957 -450.289642334 260.820098877 1669.04296875 -441.194458008 115.159248352 1457.31481934 -518.476318359 30.453704834 1736.08410645 -264.652099609 -142.923248291 1302.15100098 -518.477050781 -237.864379883 1736.08410645 6.57760620117 -284.945983887 1293.02050781 -518.471740723 -506.182128906 1736.08410645
0.0321359634399 8 -507.53314209 -117.587532043 1531.12658691 -449.715789795 260.333648682 1668.4050293 -440.229919434 114.90385437 1457.2331543 -518.576416016 30.6834106445 1735.90917969 -264.917419434 -143.852767944 1304.23413086 -518.577148438 -237.634674072 1735.90917969 5.25708007812 -287.041381836 1296.22460938 -518.571838379 -505.952423096 1735.90917969
0.0402359962463 8 -506.117431641 -118.149993896 1533.52709961 -450.167724609 260.887451172 1672.0802002 -441.153503418 115.160705566 1460.10913086 -516.869445801 29.1854858398 1739.00463867 -265.584289551 -145.800964355 1305.26196289 -516.870178223 -239.132598877 1739.00463867 4.51290893555 -289.04977417 1302.06115723 -516.864868164 -507.4503479 1739.00463867
0.027822971344 8 -505.662353516 -118.401077271 1534.32397461 -450.441833496 260.982879639 1673.91601562 -442.753173828 115.529411316 1461.07702637 -515.52331543 28.2253723145 1740.35681152 -268.415893555 -146.277770996 1308.77441406 -515.524047852 -240.092712402 1740.35681152 2.06045532227 -289.578369141 1309.24145508 -515.518737793 -508.410461426 1740.35681152
0.0318131446838 8 -505.107727051 -118.379653931 1535.50585938 -450.95123291 261.557373047 1674.81604004 -446.15612793 116.399917603 1461.72167969 -511.841186523 27.4677581787 1742.20361328 -269.321105957 -147.012557983 1312.01379395 -511.841888428 -240.850326538 1742.20361328 0.412292480469 -290.954528809 1318.39770508 -511.836608887 -509.16809082 1742.20361328
0.0363340377808 8 -505.766784668 -118.02482605 1535.47119141 -450.27130127 260.505126953 1675.78686523 -447.453308105 117.035964966 1462.04125977 -510.669616699 27.0378265381 1742.78442383 -269.286987305 -147.886276245 1316.15185547 -510.670318604 -241.280258179 1742.78442383 -0.116943359375 -293.216308594 1329.07055664 -510.665039062 -509.598022461 1742.78442383
0.0318880081177 8 -504.492858887 -117.657836914 1536.92297363 -449.609283447 261.201538086 1676.26953125 -447.945495605 117.629455566 1462.83398438 -507.481964111 27.3690795898 1744.29956055 -268.267333984 -149.824829102 1321.21948242 -507.482666016 -240.949005127 1744.29956055 -0.2177734375 -295.901123047 1341.5456543 -507.477386475 -509.26675415 1744.29956055
0.0316579341888 8 -504.196350098 -119.963516235 1536.95068359 -450.146392822 258.748474121 1676.00524902 -447.870330811 115.35068512 1462.76525879 -506.938964844 25.0800933838 1744.32385254 -269.317504883 -150.287445068 1326.7401123 -506.939666748 -243.237991333 1744.32385254 -4.21331787109 -301.349060059 1351.85839844 -506.934387207 -511.555725098 1744.32385254
0.036493062973 8 -506.261230469 -121.707847595 1536.10388184 -450.714050293 256.422912598 1674.8503418 -445.147338867 112.441680908 1462.09863281 -512.825073242 24.6496124268 1742.4387207 -268.774780273 -152.015991211 1333.48913574 -512.825805664 -243.66847229 1742.4387207 -6.6396484375 -305.79196167 1365.25598145 -512.820495605 -511.986206055 1742.4387207
0.0315718650818 8 -506.219024658 -122.117019653 1539.14672852 -449.510681152 258.079040527 1675.30334473 -445.239929199 111.550689697 1463.49414062 -510.877044678 25.2630310059 1744.81567383 -267.511566162 -156.89730835 1340.39990234 -510.877746582 -243.055053711 1744.81567383 -7.45062255859 -311.562072754 1379.89941406 -510.872467041 -511.372802734 1744.81567383
0.0318629741669 8 -507.669616699 -120.514144897 1541.34423828 -447.878112793 259.542480469 1676.52868652 -443.64855957 112.29599762 1465.56933594 -512.760742188 27.5230712891 1746.52734375 -263.880126953 -160.330780029 1348.85266113 -512.761474609 -240.795013428 1746.52734375 -7.69277954102 -320.934387207 1391.73181152 -512.756164551 -509.112762451 1746.52734375
0.0362939834595 8 -508.559692383 -119.21912384 1542.58129883 -447.622039795 260.319580078 1676.14208984 -441.644134521 112.776023865 1466.81005859 -515.579833984 29.7218933105 1747.05126953 -262.067199707 -164.050140381 1356.5769043 -515.580566406 -238.596191406 1747.05126953 -7.99673461914 -328.47845459 1404.82250977 -515.575256348 -506.91394043 1747.05126953
0.0318791866302 8 -509.852600098 -119.557312012 1544.1484375 -446.591583252 259.681396484 1676.43969727 -439.073394775 111.184669495 1468.08959961 -518.66027832 30.7586364746 1747.52978516 -259.170166016 -166.904724121 1365.43652344 -518.661010742 -237.559448242 1747.52978516 -8.00622558594 -335.03125 1417.62365723 -518.655700684 -505.877197266 1747.52978516
0.0319809913635 8 -511.391265869 -120.861930847 1545.11657715 -444.274414062 259.731689453 1671.98266602 -431.125488281 106.296318054 1468.00231934 -525.382019043 33.8244934082 1744.78234863 -256.757446289 -169.27255249 1373.26818848 -525.382751465 -234.493591309 1744.78234863 -9.40200805664 -341.066711426 1430.00256348 -525.377441406 -502.811340332 1744.78234863
0.0363688468933 8 -512.01776123 -121.816864014 1545.93005371 -442.466949463 259.693786621 1670.3013916 -424.137390137 102.643730164 1469.24279785 -531.080627441 35.8788452148 1742.79309082 -278.772399902 -157.154296875 1379.48095703 -531.081359863 -232.439239502 1742.79309082 -42.3521728516 -333.581115723 1437.37524414 -531.076049805 -500.756988525 1742.79309082
0.0314309597015 8 -514.027526855 -123.018760681 1547.44873047 -441.374084473 258.534606934 1669.5111084 -420.29864502 99.1127548218 1470.83398438 -535.155700684 36.9001159668 1742.32519531 -274.546691895 -162.945526123 1386.88562012 -535.156433105 -231.41796875 1742.32519531 -41.1847076416 -340.308563232 1451.03759766 -535.151123047 -499.735717773 1742.32519531
0.0320122241974 8 -516.227783203 -126.313446045 1546.86230469 -441.185852051 255.199020386 1666.6192627 -417.493713379 93.7071838379 1470.37585449 -540.272888184 35.9937438965 1739.43908691 -285.794921875 -157.694671631 1392.28027344 -540.273620605 -232.32434082 1739.43908691 -58.4397277832 -338.036529541 1457.94152832 -540.268310547 -500.642089844 1739.43908691
0.0365917682648 8 -516.179382324 -128.82875061 1547.42016602 -441.476348877 253.309280396 1667.20153809 -414.874755859 90.4845123291 1472.17224121 -543.747314453 34.3800811768 1738.79943848 -289.117156982 -158.044067383 1398.27734375 -543.748046875 -233.93800354 1738.79943848 -65.1607208252 -338.525756836 1469.32971191 -543.742736816 -502.255737305 1738.79943848
0.0316481590271 8 -518.511901855 -126.136962891 1549.30639648 -439.124511719 256.023010254 1667.95825195 -411.187316895 90.3150863647 1474.1895752 -546.776184082 39.4518432617 1738.49938965 -272.73059082 -171.887786865 1405.79760742 -546.776916504 -228.866241455 1738.49938965 -48.9761505127 -354.907104492 1478.14819336 -546.771606445 -497.183990479 1738.49938965
0.0321400165558 8 -520.177490234 -126.00692749 1547.83569336 -437.379699707 256.201477051 1664.2635498 -404.446777344 86.6832580566 1474.66259766 -553.80859375 43.4267578125 1732.62231445 -260.51940918 -183.299041748 1411.97851562 -553.809326172 -224.891326904 1732.62231445 -37.3115234375 -369.075927734 1485.78149414 -553.804016113 -493.209075928 1732.62231445
0.0364608764648 8 -521.591186523 -124.797096252 1547.1340332 -435.070373535 256.894683838 1662.47387695 -399.055877686 84.7728118896 1476.06481934 -558.095397949 47.0931091309 1729.08557129 -253.924972534 -192.51512146 1415.62475586 -558.096130371 -221.224975586 1729.08557129 -30.1188812256 -377.112030029 1492.8416748 -558.090820312 -489.542724609 1729.08557129
0.0368781089783 8 -521.512451172 -124.212173462 1545.87866211 -434.062927246 256.456359863 1661.1036377 -394.069458008 83.3179550171 1477.41210938 -561.96472168 49.5098724365 1725.27294922 -249.620788574 -197.646575928 1417.47265625 -561.965454102 -218.80821228 1725.27294922 -25.7532653809 -381.233032227 1497.10888672 -561.960144043 -487.125976562 1725.27294922
0.0320558547974 8 -521.903076172 -124.534179688 1545.29125977 -433.541381836 256.035125732 1660.94042969 -390.712249756 81.3187561035 1478.77062988 -564.730285645 50.5224609375 1722.86486816 -246.483428955 -200.715576172 1417.41845703 -564.731018066 -217.795623779 1722.86486816 -24.6317138672 -387.395294189 1496.76611328 -564.725708008 -486.113372803 1722.86486816
0.0353410243988 8 -525.334228516 -122.957870483 1540.73254395 -430.847259521 256.050048828 1657.85656738 -391.033599854 81.1316146851 1474.91186523 -568.167785645 53.2491912842 1717.19165039 -246.432174683 -203.749603271 1415.90808105 -568.168518066 -215.068893433 1717.19165039 -23.6089630127 -391.682434082 1491.92016602 -568.163208008 -483.386657715 1717.19165039
0.031485080719 8 -527.025634766 -122.553413391 1538.12231445 -429.771179199 255.930999756 1655.82910156 -391.62689209 80.8905487061 1472.47180176 -570.115661621 54.2418518066 1713.95983887 -246.898956299 -203.781021118 1413.1673584 -570.116394043 -214.07623291 1713.95983887 -24.3676147461 -393.578308105 1486.52709961 -570.111083984 -482.393981934 1713.95983887
0.0347640514374 8 -527.567138672 -122.922142029 1536.13134766 -428.046691895 255.184326172 1651.81115723 -391.074768066 79.455657959 1469.42651367 -569.232116699 54.7976226807 1711.39135742 -245.64680481 -204.294708252 1410.29504395 -569.232849121 -213.520462036 1711.39135742 -22.7784881592 -396.262878418 1480.453125 -569.227539062 -481.838195801 1711.39135742
0.0310809612274 8 -528.993041992 -122.467422485 1535.28857422 -427.550201416 254.99961853 1652.30273438 -390.743927002 78.9885864258 1469.40576172 -571.71661377 56.0718383789 1709.46142578 -248.519836426 -203.548492432 1406.35839844 -571.717346191 -212.246246338 1709.46142578 -24.3952636719 -393.942230225 1472.65734863 -571.712036133 -480.563995361 1709.46142578
0.03165102005 8 -528.954345703 -122.357902527 1535.62304688 -427.166259766 254.724121094 1653.56652832 -390.047668457 78.7845001221 1470.14758301 -571.576477051 56.1751403809 1709.83435059 -247.927627563 -204.691268921 1402.4161377 -571.577209473 -212.142944336 1709.83435059 -23.5866088867 -396.074890137 1465.30041504 -571.571899414 -480.460693359 1709.83435059
0.0359718799591 8 -529.801147461 -123.686294556 1534.59326172 -428.585479736 252.354934692 1653.68823242 -391.388702393 77.887588501 1469.38977051 -572.424865723 54.2721099854 1709.39440918 -245.685821533 -205.731369019 1397.91662598 -572.425598145 -214.045974731 1709.39440918 -19.5362854004 -396.759674072 1457.65612793 -572.420288086 -482.363708496 1709.39440918
0.0311939716339 8 -527.505371094 -126.574363708 1533.23657227 -427.523406982 249.928253174 1650.71618652 -392.854003906 76.6222991943 1465.33752441 -567.742431641 50.4501953125 1709.51281738 -243.525650024 -207.258804321 1392.64611816 -567.743164062 -217.867889404 1709.51281738 -15.2338256836 -398.007324219 1447.65563965 -567.737854004 -486.185638428 1709.51281738
0.0318741798401 8 -526.073120117 -126.518692017 1534.49462891 -425.346008301 251.954208374 1648.73168945 -394.43371582 77.2418289185 1462.54992676 -562.070678711 50.521270752 1711.6505127 -242.437072754 -208.031860352 1386.02978516 -562.071411133 -217.796813965 1711.6505127 -12.4035797119 -398.591552734 1435.12866211 -562.066101074 -486.114562988 1711.6505127
0.043105840683 8 -525.358642578 -125.263809204 1535.24633789 -423.009185791 254.016845703 1648.75256348 -395.570281982 79.0069274902 1461.3717041 -558.298950195 51.1701049805 1713.61364746 -242.922851562 -206.918945312 1379.22558594 -558.299682617 -217.147979736 1713.61364746 -11.3080749512 -397.863586426 1419.95458984 -558.294372559 -485.46572876 1713.61364746
0.0310351848602 8 -524.543029785 -124.791946411 1534.40783691 -422.257659912 254.348510742 1647.7668457 -396.200256348 80.078414917 1459.64147949 -556.019348145 51.0491485596 1713.6361084 -242.176300049 -207.859268188 1371.32373047 -556.020080566 -217.268936157 1713.6361084 -8.41181945801 -399.015869141 1404.13537598 -556.014770508 -485.586669922 1713.6361084
0.0308508872986 8 -523.185424805 -124.534088135 1535.16894531 -421.509460449 254.980361938 1647.76550293 -397.378204346 81.1857833862 1458.46228027 -552.578918457 50.8919830322 1715.15124512 -242.292114258 -206.830505371 1362.87243652 -552.579650879 -217.426101685 1715.15124512 -6.7356262207 -397.875366211 1386.30187988 -552.57434082 -485.743835449 1715.15124512
0.032702922821 8 -521.165283203 -125.759399414 1535.54272461 -420.265869141 255.104705811 1647.70776367 -401.385559082 82.3164978027 1455.74328613 -545.835266113 47.8006896973 1717.96765137 -242.816925049 -206.805603027 1353.59436035 -545.835998535 -220.51739502 1717.96765137 -4.52819824219 -397.247558594 1368.13879395 -545.830688477 -488.835144043 1717.96765137
0.0317730903625 8 -518.99810791 -126.271102905 1532.71728516 -418.276733398 255.149673462 1644.23510742 -399.768676758 82.0033493042 1452.52087402 -543.549316406 47.302947998 1715.18518066 -241.657791138 -206.794250488 1344.49731445 -543.550048828 -221.015136719 1715.18518066 -2.10382080078 -399.221130371 1349.77502441 -543.54473877 -489.332885742 1715.18518066
0.0317130088806 8 -519.057373047 -126.695587158 1530.67590332 -417.170806885 254.583816528 1641.50097656 -401.597930908 82.0195846558 1448.99890137 -540.167358398 46.1076660156 1714.3145752 -241.039337158 -206.303161621 1334.96362305 -540.16809082 -222.210418701 1714.3145752 -2.0676574707 -399.71081543 1330.35534668 -540.162780762 -490.528167725 1714.3145752
0.0358278751373 8 -518.800720215 -126.246192932 1528.86474609 -414.692962646 254.263275146 1637.63745117 -402.436096191 82.419342041 1445.4942627 -536.24407959 46.2078399658 1713.22277832 -242.236068726 -204.058624268 1325.20495605 -536.244812012 -222.110244751 1713.22277832 -6.00161743164 -399.225646973 1308.14978027 -536.239501953 -490.427978516 1713.22277832
0.0317552089691 8 -517.915405273 -126.121055603 1529.85229492 -413.297210693 254.266357422 1638.69592285 -403.959899902 83.3803329468 1445.26306152 -532.145385742 45.2776031494 1715.46447754 -244.338882446 -204.932037354 1314.81286621 -532.146118164 -223.040481567 1715.46447754 -7.57020568848 -399.73059082 1289.15905762 -532.140808105 -491.358215332 1715.46447754
0.0316269397736 8 -516.389770508 -126.852249146 1527.03320312 -410.697387695 253.728393555 1632.22692871 -403.959350586 82.2486419678 1439.47766113 -528.015625 45.64012146 1711.80554199 -246.386367798 -204.871688843 1305.640625 -528.016357422 -222.677963257 1711.80554199 -9.2414855957 -399.7109375 1272.74462891 -528.011047363 -490.995727539 1711.80554199
0.0361049175262 8 -514.812011719 -127.856193542 1526.32043457 -409.535583496 253.411102295 1628.99389648 -404.275634766 81.3797836304 1436.69799805 -525.131713867 45.3096923828 1710.54077148 -247.417724609 -204.842071533 1298.05627441 -525.132446289 -223.008392334 1710.54077148 -11.4819946289 -400.200622559 1260.6953125 -525.12713623 -491.326141357 1710.54077148
0.0314221382141 8 -516.049072266 -128.984466553 1525.08935547 -408.56048584 252.316238403 1627.87976074 -404.994445801 79.7866134644 1435.00439453 -525.264953613 44.3766174316 1709.19433594 -248.92427063 -205.840179443 1291.76611328 -525.265686035 -223.941467285 1709.19433594 -13.7753143311 -401.099731445 1249.77416992 -525.260375977 -492.259216309 1709.19433594
0.0318148136139 8 -516.073120117 -128.952850342 1523.37402344 -405.911682129 252.384963989 1623.32299805 -406.021392822 79.4093933105 1431.1427002 -521.359680176 44.5325622559 1707.51403809 -253.191452026 -205.331604004 1287.62988281 -521.360412598 -223.785522461 1707.51403809 -18.9031066895 -401.105224609 1243.13537598 -521.355102539 -492.103271484 1707.51403809
0.0355842113495 8 -513.311950684 -130.116424561 1522.70690918 -404.3621521 251.971679688 1621.02856445 -406.738708496 79.1484527588 1428.4888916 -516.203796387 43.1675567627 1707.07287598 -256.319396973 -206.571578979 1285.0501709 -516.204528809 -225.150527954 1707.07287598 -21.9918365479 -401.748840332 1241.25708008 -516.19921875 -493.468261719 1707.07287598
0.0325529575348 8 -512.494628906 -131.096084595 1522.76806641 -404.3309021 251.856628418 1619.88366699 -409.102661133 79.0096054077 1426.89978027 -513.057495117 41.8882751465 1707.43249512 -256.885742188 -208.194152832 1284.26489258 -513.058227539 -226.42980957 1707.43249512 -22.3979187012 -403.990234375 1242.12243652 -513.05291748 -494.747558594 1707.43249512
0.031585931778 8 -512.749633789 -131.178619385 1522.08154297 -403.23059082 251.099700928 1615.82165527 -410.326019287 78.4310913086 1424.09655762 -510.437469482 42.399017334 1706.18249512 -257.177429199 -210.011413574 1284.89257812 -510.438171387 -225.919067383 1706.18249512 -22.9498596191 -406.716491699 1245.23156738 -510.432891846 -494.236816406 1706.18249512
0.0356910228729 8 -511.738739014 -132.930648804 1524.15454102 -402.522705078 251.305923462 1613.75146484 -414.205871582 77.1785812378 1422.39941406 -504.561767578 41.0867462158 1707.67285156 -257.785919189 -210.917114258 1286.68798828 -504.562469482 -227.231338501 1707.67285156 -23.9313201904 -408.26373291 1249.7310791 -504.557189941 -495.549072266 1707.67285156
0.0320820808411 8 -509.255493164 -134.464981079 1524.38757324 -401.437255859 250.96484375 1609.71679688 -416.898406982 76.3856811523 1419.42333984 -497.970458984 39.8623352051 1707.38427734 -258.595550537 -212.369781494 1289.59204102 -497.971160889 -228.455749512 1707.38427734 -24.6484069824 -410.35647583 1256.34326172 -497.965881348 -496.773498535 1707.38427734
0.0318880081177 8 -507.042449951 -134.669448853 1525.07861328 -400.921936035 251.979385376 1608.23413086 -417.092773438 76.5393295288 1418.70080566 -495.268859863 40.2070159912 1707.54992676 -258.535217285 -213.101196289 1293.57397461 -495.269561768 -228.111068726 1707.54992676 -24.5213317871 -412.922973633 1267.34033203 -495.264282227 -496.428833008 1707.54992676
0.0361289978027 8 -506.444793701 -133.813415527 1525.60375977 -401.222900391 252.772354126 1606.98986816 -417.405822754 77.3938293457 1418.41992188 -494.930847168 41.6508789062 1707.54980469 -258.024597168 -214.969970703 1298.56115723 -494.931549072 -226.667205811 1707.54980469 -23.4282226562 -415.140258789 1279.33752441 -494.926269531 -494.984954834 1707.54980469
0.0319738388062 8 -506.734741211 -133.066741943 1524.45617676 -399.88583374 252.860916138 1602.86889648 -417.210021973 77.1975250244 1415.81811523 -494.311553955 43.4673309326 1705.31298828 -259.243743896 -214.41444397 1304.0690918 -494.312255859 -224.850753784 1705.31298828 -24.4775390625 -414.519714355 1292.27160645 -494.306976318 -493.168518066 1705.31298828
0.0318610668182 8 -505.54989624 -132.96585083 1522.94458008 -400.496002197 253.230621338 1604.32519531 -416.563232422 78.4224472046 1416.05664062 -494.356628418 42.2961730957 1705.1159668 -258.35043335 -216.121429443 1309.81933594 -494.357330322 -226.021911621 1705.1159668 -24.315536499 -418.255462646 1305.40161133 -494.352050781 -494.339660645 1705.1159668
0.0359349250793 8 -504.87097168 -132.359100342 1522.76403809 -400.248504639 253.138076782 1601.5378418 -418.033477783 79.2783660889 1414.61242676 -491.397613525 42.8992767334 1704.78259277 -255.407791138 -215.984420776 1317.69165039 -491.39831543 -225.418807983 1704.78259277 -24.8813781738 -420.501403809 1319.6998291 -491.393035889 -493.736572266 1704.78259277
0.0322930812836 8 -501.928344727 -133.105133057 1522.76965332 -401.262786865 253.189056396 1603.64086914 -418.657104492 80.3233413696 1415.36193848 -489.185211182 41.0788116455 1705.85339355 -253.422821045 -217.904144287 1325.11560059 -489.185913086 -227.239273071 1705.85339355 -26.7700042725 -426.448883057 1333.3314209 -489.180633545 -495.557006836 1705.85339355
0.0318858623505 8 -502.017822266 -132.268432617 1524.80126953 -401.347747803 253.939422607 1604.67749023 -418.902954102 80.9395904541 1416.81274414 -489.283447266 42.433303833 1707.40527344 -251.450134277 -219.889480591 1332.31567383 -489.28414917 -225.884780884 1707.40527344 -26.3976593018 -431.311706543 1348.79870605 -489.278869629 -494.202514648 1707.40527344
0.0414462089539 8 -500.015411377 -131.70993042 1526.67956543 -401.482788086 254.807662964 1605.21520996 -418.956390381 81.784034729 1417.6986084 -487.479064941 43.5204925537 1708.78967285 -248.953140259 -223.869506836 1340.44335938 -487.479766846 -224.797592163 1708.78967285 -27.4055023193 -439.89654541 1364.97033691 -487.474487305 -493.115356445 1708.78967285
0.0319359302521 8 -500.874572754 -133.223373413 1525.5065918 -401.072143555 253.627182007 1601.47717285 -416.747192383 78.8591079712 1416.1114502 -490.272369385 43.4507598877 1706.33068848 -247.196395874 -227.361968994 1347.5045166 -490.273071289 -224.867324829 1706.33068848 -28.7666015625 -447.259429932 1377.7869873 -490.267791748 -493.185058594 1706.33068848
0.0313019752502 8 -503.735412598 -133.013198853 1524.51098633 -400.704803467 253.184310913 1602.55200195 -400.400238037 72.9668121338 1421.06652832 -507.00390625 48.0383453369 1700.62512207 -247.598815918 -228.980545044 1353.96337891 -507.004608154 -220.27973938 1700.62512207 -34.2889099121 -452.614959717 1386.33996582 -506.999328613 -488.597473145 1700.62512207
0.036288022995 8 -505.882324219 -132.879486084 1522.38171387 -401.241577148 253.836029053 1603.78515625 -387.154846191 68.3484954834 1426.6138916 -521.622619629 51.4865264893 1694.20031738 -247.300018311 -233.846939087 1359.85949707 -521.623352051 -216.831558228 1694.20031738 -37.7927246094 -457.29006958 1398.34655762 -521.618041992 -485.149291992 1694.20031738
0.0312180519104 8 -506.444030762 -132.588012695 1521.42675781 -400.262664795 253.738449097 1605.6895752 -379.774932861 66.2194976807 1430.42980957 -529.184631348 53.5391082764 1690.80603027 -247.311584473 -239.331039429 1365.59094238 -529.18536377 -214.77897644 1690.80603027 -42.2350311279 -464.45715332 1409.71350098 -529.180053711 -483.096740723 1690.80603027
0.031553030014 8 -508.090820312 -131.851547241 1521.32983398 -400.491333008 254.498397827 1608.71850586 -376.545593262 65.4153518677 1433.56005859 -533.829162598 54.8396606445 1689.86962891 -249.367279053 -241.076293945 1370.53125 -533.82989502 -213.478424072 1689.86962891 -47.0856323242 -467.839782715 1418.9107666 -533.824584961 -481.796173096 1689.86962891
0.0354678630829 8 -509.794769287 -131.069091797 1522.11950684 -400.16293335 254.828704834 1610.74438477 -373.854309082 64.2629547119 1436.5189209 -537.22253418 56.6266326904 1689.39099121 -250.913955688 -243.94859314 1374.5111084 -537.223266602 -211.691452026 1689.39099121 -51.0764312744 -470.7109375 1427.84802246 -537.217956543 -480.009216309 1689.39099121
0.0317549705505 8 -514.89465332 -128.648376465 1519.96240234 -399.143676758 254.77645874 1611.77770996 -377.443725586 66.0474700928 1435.14086914 -540.592407227 58.3537139893 1688.37744141 -253.204223633 -244.391830444 1377.52893066 -540.593139648 -209.964370728 1688.37744141 -55.7431182861 -471.422668457 1432.33190918 -540.58782959 -478.282104492 1688.37744141
0.0354030132294 8 -515.349975586 -127.830490112 1519.85778809 -398.077728271 254.391647339 1612.27575684 -380.277893066 67.9176559448 1433.57226562 -538.604919434 58.0931396484 1689.85327148 -254.85055542 -244.113922119 1379.51806641 -538.605651855 -210.224945068 1689.85327148 -58.7509155273 -471.811523438 1435.79541016 -538.600341797 -478.542694092 1689.85327148
0.0312240123749 8 -516.529907227 -126.969047546 1520.59692383 -397.346008301 254.413452148 1612.02258301 -383.734832764 69.4546127319 1432.30126953 -536.764038086 58.2529144287 1691.75805664 -256.672576904 -243.97744751 1380.51818848 -536.764770508 -210.065170288 1691.75805664 -60.399810791 -472.006164551 1437.78527832 -536.759460449 -478.38293457 1691.75805664
0.0318870544434 8 -515.992980957 -127.507720947 1521.07788086 -396.916534424 253.673477173 1611.89990234 -385.378540039 69.8285140991 1431.55004883 -534.778686523 57.1021118164 1693.07519531 -255.589782715 -245.406097412 1380.51965332 -534.779418945 -211.2159729 1693.07519531 -57.6397247314 -473.111572266 1439.4276123 -534.774108887 -479.533721924 1693.07519531
0.0356860160828 8 -514.714355469 -127.317596436 1521.90136719 -396.31451416 254.089767456 1611.83508301 -386.679138184 71.0148010254 1430.85998535 -532.198852539 56.8587036133 1694.50061035 -255.043518066 -246.621002197 1379.52185059 -532.199584961 -211.459381104 1694.50061035 -56.1625518799 -473.847412109 1439.29699707 -532.194274902 -479.777130127 1694.50061035
0.0320658683777 8 -513.076782227 -128.327423096 1522.84997559 -397.657470703 253.537094116 1614.76391602 -390.3387146 72.9223327637 1430.99365234 -528.11907959 53.2827148438 1698.33496094 -254.758758545 -246.7137146 1377.97094727 -528.119812012 -215.035369873 1698.33496094 -54.8144836426 -473.178771973 1438.23791504 -528.114501953 -483.353118896 1698.33496094
0.0320541858673 8 -509.124481201 -128.674407959 1525.140625 -398.065002441 254.101989746 1616.69104004 -393.702514648 75.8917770386 1431.27209473 -520.832214355 50.5548706055 1703.24304199 -254.085006714 -246.751861572 1375.66662598 -520.832946777 -217.763214111 1703.24304199 -51.4530181885 -472.617919922 1438.89208984 -520.827636719 -486.080963135 1703.24304199
0.0353248119354 8 -506.963562012 -129.263427734 1527.2565918 -398.799194336 254.636306763 1617.63110352 -399.363525391 78.3824920654 1430.97253418 -513.088256836 47.4070281982 1708.12976074 -254.738555908 -246.277328491 1372.99230957 -513.088989258 -220.911056519 1708.12976074 -49.2504730225 -471.417907715 1435.1361084 -513.083679199 -489.228820801 1708.12976074
0.0376210212708 8 -503.95526123 -129.936141968 1526.93823242 -399.243225098 255.020858765 1618.07556152 -405.151580811 81.2395706177 1428.99987793 -504.27130127 43.6741027832 1710.8092041 -255.56791687 -245.027496338 1370.12609863 -504.272003174 -224.643981934 1710.8092041 -48.2026519775 -469.92956543 1430.54748535 -504.266723633 -492.961730957 1710.8092041
0.0321550369263 8 -500.693237305 -130.678421021 1528.42260742 -400.91784668 255.225326538 1618.84692383 -409.551940918 83.274269104 1429.07226562 -498.32220459 41.3541259766 1713.765625 -257.470184326 -244.408752441 1365.75158691 -498.322906494 -226.96395874 1713.765625 -47.5326080322 -468.322418213 1425.9597168 -498.317626953 -495.281707764 1713.765625
0.0334141254425 8 -497.081665039 -131.292907715 1527.90283203 -402.837554932 254.994232178 1619.20959473 -414.617736816 85.7466430664 1427.70471191 -491.623840332 38.7348022461 1715.00378418 -264.912078857 -241.089355469 1359.53991699 -491.624542236 -229.583282471 1715.00378418 -53.9546661377 -463.953125 1417.22595215 -491.619262695 -497.901031494 1715.00378418
0.0311989784241 8 -489.471588135 -131.54309082 1526.0168457 -405.450561523 256.971496582 1622.76196289 -420.300415039 90.7072219849 1427.51635742 -480.299987793 33.952545166 1716.82861328 -271.136383057 -238.335693359 1353.7911377 -480.300689697 -234.365539551 1716.82861328 -58.896194458 -459.928222656 1409.85632324 -480.295410156 -502.683288574 1716.82861328
0.0318429470062 8 -485.737854004 -131.598266602 1522.82983398 -407.94720459 256.593505859 1624.15124512 -425.533660889 94.2911834717 1426.63696289 -473.652191162 30.1429901123 1716.72998047 -279.749084473 -239.527450562 1344.51416016 -473.652893066 -238.175094604 1716.72998047 -64.4731445312 -459.48526001 1402.40258789 -473.647613525 -506.492858887 1716.72998047
0.0352110862732 8 -483.039672852 -131.230133057 1521.82446289 -410.898498535 257.875793457 1628.36694336 -430.986785889 97.7841949463 1428.20214844 -468.786895752 27.1153411865 1718.40942383 -293.040374756 -239.630905151 1334.88745117 -468.787597656 -241.20274353 1718.40942383 -75.1505889893 -458.27935791 1394.13916016 -468.782318115 -509.520507812 1718.40942383
0.0320479869843 8 -478.081176758 -129.95401001 1517.11401367 -412.993865967 257.796386719 1626.99682617 -433.565032959 101.790969849 1426.28979492 -464.228912354 25.5314178467 1716.03295898 -306.647064209 -238.68522644 1326.09399414 -464.229614258 -242.78666687 1716.03295898 -91.8285217285 -460.285644531 1384.12670898 -464.224334717 -511.104431152 1716.03295898
0.0315058231354 8 -476.605041504 -129.438140869 1514.82983398 -415.736602783 258.039245605 1629.79418945 -439.130981445 104.962539673 1427.67102051 -460.240966797 22.221206665 1716.51330566 -322.979309082 -234.21031189 1318.66174316 -460.241668701 -246.096878052 1716.51330566 -116.627029419 -464.23550415 1370.46374512 -460.23638916 -514.414611816 1716.51330566
0.0354640483856 8 -474.170623779 -124.824508667 1511.99316406 -419.478027344 259.425415039 1635.09387207 -447.10256958 113.311218262 1431.63049316 -453.635162354 20.4057922363 1717.87145996 -344.197174072 -231.377807617 1308.83422852 -453.635864258 -247.91229248 1717.87145996 -148.508163452 -472.34185791 1353.92797852 -453.630584717 -516.230041504 1717.87145996
0.038743019104 8 -473.339874268 -119.742675781 1500.01708984 -422.085113525 260.404418945 1637.87414551 -445.868530273 120.968444824 1427.7076416 -454.391235352 18.5682678223 1710.81604004 -377.678833008 -184.167694092 1315.87683105 -454.391937256 -249.749816895 1710.81604004 -221.22744751 -439.756469727 1328.95019531 -454.386657715 -518.067565918 1710.81604004
0.0318360328674 8 -478.431091309 -119.280715942 1494.37902832 -425.039611816 258.698791504 1638.78735352 -450.629425049 122.558837891 1425.77368164 -455.519012451 15.2568664551 1707.3125 -401.065826416 -158.333709717 1321.72375488 -455.519714355 -253.061218262 1707.3125 -276.872070312 -424.944854736 1308.38110352 -455.514434814 -521.378967285 1707.3125
0.0351979732513 8 -485.802490234 -117.478347778 1490.28186035 -428.241760254 257.366943359 1642.24560547 -457.940704346 125.670013428 1426.37243652 -458.568756104 12.3484802246 1705.65393066 -419.608184814 -146.434387207 1324.61535645 -458.569458008 -255.969604492 1705.65393066 -333.467926025 -420.745361328 1281.64306641 -458.564178467 -524.287353516 1705.65393066
0.0302429199219 8 -491.89453125 -114.049789429 1490.56323242 -428.72769165 258.664001465 1645.4407959 -465.63949585 129.906555176 1428.97460938 -456.56539917 12.8005065918 1706.56787109 -438.130249023 -137.730407715 1327.03930664 -456.566101074 -255.517578125 1706.56787109 -382.395233154 -415.679840088 1263.1854248 -456.560821533 -523.835327148 1706.56787109
0.0314819812775 8 -496.829101562 -112.284576416 1493.71435547 -429.823791504 260.37286377 1646.54003906 -471.58404541 131.645553589 1431.5135498 -456.739746094 14.5673065186 1708.91101074 -456.919494629 -128.578781128 1329.17871094 -456.740447998 -253.750778198 1708.91101074 -424.976623535 -407.439025879 1250.41418457 -456.735168457 -522.06854248 1708.91101074
0.0349712371826 8 -502.91015625 -110.135620117 1499.44555664 -430.758178711 262.198730469 1650.59716797 -481.68862915 134.04057312 1436.72753906 -453.659118652 16.5101165771 1712.84912109 -476.74710083 -123.19190979 1329.28564453 -453.659820557 -251.80796814 1712.84912109 -466.965606689 -400.581420898 1237.87231445 -453.654541016 -520.125732422 1712.84912109
0.0316369533539 8 -506.959899902 -111.912857056 1502.88989258 -431.884307861 261.433349609 1651.98388672 -504.379486084 134.005157471 1445.06054688 -435.663269043 12.6588745117 1710.79663086 -498.677642822 -120.31427002 1328.28149414 -435.663970947 -255.659210205 1710.79663086 -509.294158936 -395.756469727 1229.30175781 -435.658691406 -523.976928711 1710.79663086
0.0320639610291 8 -510.602142334 -113.69960022 1507.00585938 -431.678100586 260.755310059 1653.27514648 -514.243225098 132.195129395 1448.48193359 -429.748535156 12.0830078125 1710.82910156 -520.749511719 -117.408737183 1328.18115234 -429.749237061 -256.235076904 1710.82910156 -543.278991699 -393.465759277 1230.26660156 -429.74395752 -524.552856445 1710.82910156
0.0360510349274 8 -514.468505859 -116.63861084 1512.30981445 -432.223114014 259.10055542 1653.43457031 -525.292297363 129.03666687 1453.47888184 -423.290985107 10.8800811768 1710.70373535 -544.711486816 -118.514984131 1325.68725586 -423.291687012 -257.437988281 1710.70373535 -575.544616699 -395.077178955 1229.78491211 -423.286407471 -525.755737305 1710.70373535
0.0315270423889 8 -513.13885498 -119.683929443 1522.71142578 -433.190063477 259.639953613 1657.51623535 -531.360900879 124.926818848 1461.24572754 -417.01953125 12.1750488281 1715.89196777 -569.334838867 -118.230102539 1325.23352051 -417.020233154 -256.143035889 1715.89196777 -601.170288086 -396.272857666 1232.83618164 -417.014953613 -524.46081543 1715.89196777
0.0314929485321 8 -510.035766602 -123.202018738 1533.21044922 -434.736633301 260.508026123 1662.50793457 -537.473693848 120.102722168 1470.07409668 -410.562011719 13.3248138428 1721.36340332 -589.847473145 -118.65725708 1327.42687988 -410.562713623 -254.993270874 1721.36340332 -620.662658691 -397.591461182 1236.72192383 -410.557434082 -523.311035156 1721.36340332
0.0351870059967 8 -509.213195801 -123.700004578 1545.39111328 -435.225463867 261.797241211 1669.5612793 -542.183837891 118.769119263 1481.49487305 -406.46697998 15.5570068359 1729.8137207 -605.270507812 -118.60697937 1331.80224609 -406.467681885 -252.761077881 1729.8137207 -643.554321289 -395.08770752 1236.62744141 -406.462402344 -521.078857422 1729.8137207
0.0316028594971 8 -508.117279053 -125.561431885 1552.82800293 -435.017303467 261.76550293 1672.57141113 -547.226074219 116.045089722 1489.05615234 -401.148864746 16.2322235107 1732.88989258 -616.120178223 -116.448852539 1340.42712402 -401.14956665 -252.085861206 1732.88989258 -659.93371582 -390.444915771 1240.49401855 -401.144287109 -520.403625488 1732.88989258
0.032014131546 8 -507.229309082 -128.817398071 1559.85302734 -435.007904053 260.512573242 1674.59875488 -550.917053223 111.858108521 1495.43994141 -397.103668213 15.5257110596 1735.97705078 -624.171630859 -119.315322876 1348.01416016 -397.104370117 -252.792373657 1735.97705078 -661.192871094 -394.922363281 1249.70043945 -397.099090576 -521.110107422 1735.97705078
0.035698890686 8 -505.014556885 -131.831298828 1568.77026367 -432.945800781 259.123474121 1678.62854004 -551.663696289 107.928039551 1502.94580078 -392.841125488 14.9214477539 1741.61181641 -630.45123291 -123.82901001 1355.7322998 -392.841827393 -253.396636963 1741.61181641 -658.228515625 -401.267303467 1259.72875977 -392.836547852 -521.714355469 1741.61181641
0.0344679355621 8 -502.794586182 -134.384613037 1576.41333008 -430.009979248 258.024902344 1682.63891602 -552.641784668 104.761161804 1510.65551758 -387.701934814 13.9064941406 1746.00952148 -633.132446289 -128.463012695 1365.36181641 -387.702636719 -254.411590576 1746.00952148 -658.308288574 -406.327758789 1269.51196289 -387.697357178 -522.729370117 1746.00952148
0.0435490608215 8 -501.404754639 -134.413314819 1586.41479492 -427.459564209 259.09375 1690.15185547 -553.40447998 104.539810181 1521.5892334 -381.876098633 14.380355835 1752.48156738 -634.309143066 -132.940322876 1376.03735352 -381.876800537 -253.937728882 1752.48156738 -652.96295166 -411.08392334 1279.51428223 -381.871520996 -522.255493164 1752.48156738
0.0315861701965 8 -501.462036133 -136.62399292 1594.00244141 -422.84161377 258.177612305 1690.40026855 -555.106689453 101.738891602 1528.3248291 -376.130096436 13.6710510254 1754.34997559 -632.601318359 -134.468200684 1388.4263916 -376.13079834 -254.647033691 1754.34997559 -643.940185547 -412.427246094 1290.31860352 -376.125518799 -522.964782715 1754.34997559
0.0289218425751 8 -501.989685059 -139.422729492 1599.16882324 -418.035797119 255.883010864 1690.02172852 -557.58215332 98.7314300537 1534.35083008 -370.195526123 11.4019317627 1753.73730469 -633.594848633 -139.454223633 1401.68701172 -370.196228027 -256.916137695 1753.73730469 -632.49017334 -416.428588867 1300.76904297 -370.190948486 -525.233886719 1753.73730469
0.0329210758209 8 -502.422851562 -142.401977539 1605.30957031 -411.643035889 252.547515869 1689.8470459 -557.986999512 95.8952178955 1540.97595215 -363.676361084 8.03199768066 1754.07336426 -633.528808594 -145.381820679 1414.49475098 -363.677062988 -260.286071777 1754.07336426 -625.350463867 -421.507080078 1311.34838867 -363.671783447 -528.603820801 1754.07336426
0.0332129001617 8 -501.025146484 -145.425765991 1611.91137695 -405.745574951 250.11541748 1690.25097656 -557.610961914 92.6555480957 1547.66418457 -357.430938721 5.44802856445 1755.54309082 -632.611938477 -149.105117798 1427.00219727 -357.431640625 -262.870056152 1755.54309082 -621.853881836 -424.321533203 1321.36669922 -357.426361084 -531.187805176 1755.54309082
0.0307080745697 8 -498.946655273 -147.523498535 1619.41699219 -399.476989746 247.651550293 1693.95837402 -556.038269043 90.6665725708 1556.02502441 -350.794372559 3.00714111328 1758.71472168 -632.142883301 -152.985992432 1437.86791992 -350.795074463 -265.310943604 1758.71472168 -613.520263672 -426.492767334 1329.06323242 -350.789794922 -533.628662109 1758.71472168
0.0356888771057 8 -497.442321777 -149.192749023 1625.86791992 -394.808807373 245.221176147 1698.81420898 -554.813232422 89.2836608887 1563.82385254 -345.125823975 0.575622558594 1761.44421387 -632.995544434 -155.159957886 1447.49853516 -345.126525879 -267.742462158 1761.44421387 -609.187316895 -427.538696289 1336.75830078 -345.121246338 -536.060180664 1761.44421387
0.0309250354767 8 -495.609741211 -150.45916748 1631.7590332 -389.023010254 244.31022644 1702.74279785 -552.340026855 88.4389648438 1570.76000977 -340.068634033 -1.82678222656 1764.90112305 -634.530578613 -156.686065674 1454.66760254 -340.069335938 -270.144866943 1764.90112305 -606.666687012 -429.28616333 1345.29968262 -340.064056396 -538.462646484 1764.90112305
0.0310220718384 8 -496.300292969 -153.216827393 1636.45202637 -382.125976562 240.518920898 1696.70910645 -551.693664551 85.5181884766 1573.63110352 -335.035736084 -4.82629394531 1762.87670898 -635.560119629 -157.196594238 1461.66479492 -335.036437988 -273.144378662 1762.87670898 -606.756652832 -429.9715271 1352.8347168 -335.031158447 -541.462158203 1762.87670898
0.0364410877228 8 -491.662414551 -152.589324951 1642.83764648 -378.61038208 241.598327637 1705.19006348 -548.871704102 86.1911621094 1581.85949707 -330.197143555 -4.02670288086 1768.79553223 -638.814819336 -160.284591675 1467.0579834 -330.197845459 -272.344787598 1768.79553223 -606.924926758 -432.929931641 1358.73278809 -330.192565918 -540.662536621 1768.79553223
0.0314929485321 8 -489.1328125 -152.481842041 1647.34863281 -375.00668335 241.728805542 1708.92199707 -547.882629395 86.4669799805 1588.54492188 -325.262756348 -4.20254516602 1770.49780273 -640.08770752 -157.697433472 1475.46972656 -325.263458252 -272.520629883 1770.49780273 -609.667419434 -430.126281738 1366.13549805 -325.258178711 -540.838378906 1770.49780273
0.0317659378052 8 -487.128356934 -152.236083984 1650.02600098 -372.967224121 240.781982422 1715.28491211 -547.407043457 87.3524932861 1595.60705566 -320.930969238 -5.3106842041 1771.63562012 -640.761352539 -156.911437988 1481.95495605 -320.931671143 -273.62878418 1771.63562012 -612.902709961 -430.032592773 1373.66955566 -320.926391602 -541.946533203 1771.63562012
0.0356130599976 8 -486.723937988 -154.160476685 1651.37670898 -371.982727051 238.549499512 1718.47241211 -548.410644531 85.7358703613 1599.96496582 -318.118835449 -7.89144897461 1770.44104004 -641.843200684 -154.293945312 1488.55383301 -318.119537354 -276.209533691 1770.44104004 -616.842834473 -427.784240723 1380.50341797 -318.114257812 -544.527282715 1770.44104004
0.0319528579712 8 -484.141204834 -155.415206909 1653.82312012 -370.645172119 238.170928955 1720.56384277 -547.449768066 84.4038696289 1604.01538086 -314.426025391 -8.86895751953 1770.96777344 -643.616577148 -155.165985107 1493.3614502 -314.426727295 -277.187042236 1770.96777344 -619.127746582 -427.909881592 1383.30981445 -314.421447754 -545.504760742 1770.96777344
0.0312762260437 8 -481.227661133 -155.051239014 1655.24731445 -370.146270752 238.460159302 1724.61816406 -546.40637207 84.7082138062 1607.61291504 -311.54296875 -8.27653503418 1772.14953613 -644.627319336 -156.157226562 1496.66369629 -311.543670654 -276.594604492 1772.14953613 -621.524414062 -428.426055908 1385.13586426 -311.538391113 -544.912353516 1772.14953613
0.0420298576355 8 -478.470214844 -153.827941895 1657.22607422 -370.811096191 240.284164429 1730.15319824 -545.771789551 85.6774368286 1611.29467773 -309.968322754 -6.4002532959 1775.01464844 -644.794006348 -155.02355957 1499.75878906 -309.969024658 -274.718322754 1775.01464844 -627.184082031 -427.098876953 1386.88354492 -309.963745117 -543.036071777 1775.01464844
0.0312609672546 8 -476.476623535 -154.036422729 1657.72045898 -371.946533203 240.695999146 1732.92236328 -545.785827637 85.1354751587 1613.04577637 -308.947601318 -5.81634521484 1775.90490723 -644.840454102 -152.072113037 1502.40563965 -308.948303223 -274.134429932 1775.90490723 -632.216308594 -423.922943115 1388.36132812 -308.943023682 -542.452148438 1775.90490723
0.0311110019684 8 -475.844696045 -154.887451172 1657.47436523 -372.78125 240.224258423 1730.28686523 -546.150695801 83.8952102661 1612.25231934 -308.565338135 -5.67272949219 1774.76745605 -644.730407715 -151.521331787 1502.86657715 -308.566040039 -273.990814209 1774.76745605 -635.188720703 -422.344177246 1386.08984375 -308.560760498 -542.30859375 1774.76745605
0.0351941585541 8 -475.292114258 -153.692657471 1656.7590332 -375.185333252 242.129684448 1732.9888916 -546.850219727 84.9123687744 1612.57141113 -309.512359619 -4.15315246582 1775.75646973 -644.728515625 -151.659423828 1500.89526367 -309.513061523 -272.471252441 1775.75646973 -635.916137695 -421.806793213 1382.43823242 -309.507781982 -540.789001465 1775.75646973
0.0309658050537 8 -474.275390625 -152.237976074 1656.37646484 -378.232208252 243.321258545 1734.33837891 -547.106384277 85.9347991943 1611.93286133 -310.734313965 -1.75086975098 1777.26367188 -644.682800293 -149.671096802 1498.96777344 -310.735015869 -270.068969727 1777.26367188 -634.096984863 -419.758422852 1380.48156738 -310.729736328 -538.38671875 1777.26367188
0.0316200256348 8 -472.885253906 -153.090133667 1653.57250977 -381.911682129 242.433502197 1735.01623535 -547.942810059 84.5177001953 1609.83789062 -312.431945801 -1.55456542969 1777.24731445 -643.78729248 -149.573104858 1495.81738281 -312.432647705 -269.872650146 1777.24731445 -631.680725098 -420.353027344 1379.06262207 -312.427368164 -538.190429688 1777.24731445
0.0355379581451 8 -473.660827637 -153.246520996 1650.68530273 -384.877410889 243.712722778 1731.33959961 -549.776367188 83.852935791 1606.02282715 -315.284881592 -0.595764160156 1775.6619873 -643.212402344 -149.937988281 1491.30456543 -315.285583496 -268.913848877 1775.6619873 -628.471191406 -420.636932373 1374.6661377 -315.280303955 -537.231567383 1775.6619873
