0.0304491519928 8 -422.381408691 -153.057800293 1484.31445312 -399.549957275 243.955459595 1659.48376465 -467.733642578 114.911178589 1414.86694336 -356.859985352 -19.1048431396 1721.90869141 -467.87387085 -155.087966919 1276.83032227 -356.86038208 -310.431274414 1721.90869141 -415.420928955 -435.51953125 1203.36560059 -356.854644775 -601.757385254 1721.90869141
0.0368149280548 8 -422.683959961 -152.755203247 1485.22302246 -399.387329102 245.145385742 1660.2286377 -471.098937988 114.994606018 1417.03613281 -353.780639648 -18.6988525391 1721.79223633 -468.329406738 -156.378082275 1276.31774902 -353.781036377 -310.025268555 1721.79223633 -413.085388184 -436.692199707 1204.5267334 -353.775299072 -601.351379395 1721.79223633
0.0320630073547 8 -422.866790771 -155.299102783 1482.69848633 -398.821166992 242.69859314 1656.12915039 -469.727478027 112.389556885 1413.18615723 -354.426025391 -20.5909118652 1719.03503418 -468.904663086 -155.456451416 1277.19812012 -354.426422119 -311.917327881 1719.03503418 -412.497833252 -435.669281006 1205.88366699 -354.420684814 -603.243408203 1719.03503418
0.0320069789886 8 -423.263153076 -153.605224609 1483.15551758 -398.770843506 243.930145264 1657.57312012 -471.344573975 114.127914429 1414.6427002 -354.114105225 -19.3618011475 1719.55407715 -468.817718506 -158.868423462 1276.03466797 -354.114501953 -310.688232422 1719.55407715 -409.926208496 -438.760437012 1205.49328613 -354.108764648 -602.014343262 1719.55407715
0.0363070964813 8 -423.587310791 -153.62109375 1482.39111328 -397.898986816 243.608184814 1655.30078125 -469.597900391 114.197540283 1412.80432129 -354.652038574 -19.0738525391 1718.67785645 -468.444641113 -157.269195557 1276.64611816 -354.652435303 -310.400268555 1718.67785645 -410.56237793 -437.548858643 1206.78479004 -354.646697998 -601.726379395 1718.67785645
0.0318398475647 8 -423.463317871 -153.707427979 1482.55212402 -397.118408203 244.005218506 1654.67297363 -467.960449219 114.055557251 1411.77392578 -355.779724121 -18.6544342041 1718.91308594 -468.197509766 -158.366500854 1276.2565918 -355.78012085 -309.980834961 1718.91308594 -409.725891113 -438.819335938 1207.57824707 -355.774383545 -601.306945801 1718.91308594
0.0358159542084 8 -422.892211914 -155.071289062 1483.52124023 -396.868286133 243.152496338 1653.35949707 -467.412231445 112.250640869 1411.10449219 -355.158691406 -18.5523071289 1719.02563477 -468.46206665 -159.104400635 1275.87731934 -355.159088135 -309.878723145 1719.02563477 -409.657409668 -439.448303223 1207.02075195 -355.15335083 -601.204833984 1719.02563477
0.0325360298157 8 -422.888702393 -155.774169922 1483.73486328 -396.064300537 242.555374146 1653.70654297 -467.681121826 111.55229187 1411.4909668 -354.3699646 -19.2809295654 1719.03051758 -469.193054199 -160.912063599 1275.42041016 -354.370361328 -310.60736084 1719.03051758 -409.241668701 -441.162719727 1207.17797852 -354.364624023 -601.93347168 1719.03051758
0.031672000885 8 -422.657196045 -155.298660278 1483.67993164 -396.108062744 243.226089478 1653.87231445 -468.625946045 111.946617126 1411.87573242 -353.216766357 -18.7713623047 1718.68554688 -468.897979736 -161.57220459 1275.09069824 -353.217163086 -310.09777832 1718.68554688 -408.682189941 -442.185974121 1208.60876465 -353.211425781 -601.42388916 1718.68554688
0.0358710289001 8 -422.807250977 -155.259750366 1483.25915527 -395.574310303 243.793060303 1653.98291016 -468.780334473 112.096969604 1411.86865234 -353.414672852 -19.1639862061 1718.53076172 -468.938781738 -161.622817993 1274.75219727 -353.41506958 -310.49041748 1718.53076172 -407.378234863 -442.328063965 1209.92480469 -353.409332275 -601.81652832 1718.53076172
0.0318789482117 8 -423.093322754 -155.285003662 1482.75537109 -395.313537598 243.328491211 1653.01000977 -469.301055908 112.07963562 1411.54382324 -352.782867432 -19.1738128662 1717.74597168 -468.166168213 -161.071243286 1274.98352051 -352.78326416 -310.500244141 1717.74597168 -406.782623291 -441.926452637 1210.61437988 -352.777526855 -601.82635498 1717.74597168
0.0319030284882 8 -422.944091797 -155.434143066 1482.97143555 -395.625274658 243.29586792 1653.01171875 -468.624084473 111.89704895 1411.2956543 -352.585205078 -19.0369110107 1717.78149414 -467.845550537 -160.867599487 1275.20605469 -352.585601807 -310.363342285 1717.78149414 -407.575042725 -441.750976562 1209.91625977 -352.579864502 -601.689453125 1717.78149414
0.0362730026245 8 -423.08895874 -154.742736816 1483.6315918 -396.241821289 243.773605347 1653.53283691 -469.116973877 112.537597656 1411.9876709 -352.765228271 -18.2453918457 1718.39440918 -468.803863525 -161.120788574 1275.07324219 -352.765625 -309.571807861 1718.39440918 -407.872772217 -441.82913208 1209.63269043 -352.759887695 -600.897949219 1718.39440918
0.0318400859833 8 -423.044586182 -155.294555664 1484.50366211 -395.839019775 243.398193359 1653.78662109 -468.043487549 112.083450317 1412.57421875 -353.006866455 -18.8954620361 1719.40795898 -470.935516357 -160.785812378 1275.04650879 -353.007263184 -310.221862793 1719.40795898 -407.673156738 -440.963378906 1209.57775879 -353.001525879 -601.547973633 1719.40795898
0.0320160388947 8 -423.147338867 -155.287963867 1484.30810547 -396.137054443 243.42805481 1653.40576172 -468.32510376 112.033981323 1412.28063965 -352.87588501 -18.6976776123 1719.03210449 -471.984710693 -161.247879028 1274.1060791 -352.876281738 -310.024108887 1719.03210449 -408.413787842 -441.304931641 1208.39562988 -352.870544434 -601.350219727 1719.03210449
0.0360519886017 8 -422.845581055 -154.658294678 1485.02612305 -395.38684082 243.794204712 1653.71179199 -467.821289062 112.628234863 1412.74084473 -352.186767578 -17.8765563965 1719.52233887 -472.603790283 -160.835357666 1272.68640137 -352.187164307 -309.202972412 1719.52233887 -407.430023193 -440.573669434 1207.19555664 -352.181427002 -600.529052734 1719.52233887
0.0320258140564 8 -422.962768555 -154.239013672 1485.6887207 -396.028778076 244.52444458 1656.86962891 -469.286804199 113.19683075 1414.8347168 -352.104003906 -18.3165435791 1720.61962891 -473.256774902 -159.449615479 1270.78515625 -352.104400635 -309.642944336 1720.61962891 -405.268676758 -438.697052002 1206.1159668 -352.09866333 -600.969055176 1720.61962891
0.0319740772247 8 -423.190429688 -153.602966309 1486.00854492 -396.291320801 244.501327515 1657.9140625 -472.478637695 113.793411255 1417.07055664 -349.382507324 -18.1703033447 1720.30175781 -473.28137207 -157.461593628 1268.72424316 -349.382904053 -309.496704102 1720.30175781 -402.585784912 -436.249755859 1205.00610352 -349.377166748 -600.822814941 1720.30175781
0.0363609790802 8 -423.926818848 -154.260406494 1485.6940918 -396.985961914 242.922790527 1657.96679688 -471.91885376 113.312393188 1416.50610352 -352.151031494 -19.2074737549 1720.84228516 -475.5809021 -154.254623413 1265.60009766 -352.151428223 -310.533874512 1720.84228516 -396.132171631 -431.393127441 1205.80761719 -352.145690918 -601.859985352 1720.84228516
0.0315999984741 8 -422.763793945 -153.32131958 1486.59912109 -396.104766846 244.623275757 1658.99902344 -469.489898682 114.326705933 1416.82885742 -352.727752686 -18.2996063232 1722.29199219 -478.464935303 -153.724746704 1259.38146973 -352.728149414 -309.626037598 1722.29199219 -379.632781982 -426.030029297 1211.60717773 -352.722412109 -600.952148438 1722.29199219
0.0322940349579 8 -423.266906738 -154.021575928 1484.1965332 -396.831207275 243.415405273 1657.51464844 -469.254272461 113.874824524 1414.8815918 -354.203430176 -19.7197265625 1720.58911133 -478.142486572 -161.36517334 1243.18273926 -354.203826904 -311.046142578 1720.58911133 -349.764282227 -424.160125732 1225.10632324 -354.1980896 -602.372253418 1720.58911133
0.0357749462128 8 -423.850708008 -152.77154541 1478.73535156 -397.206634521 242.486709595 1658.73681641 -469.329467773 116.298751831 1413.84594727 -355.211364746 -22.5858306885 1717.52075195 -476.986114502 -162.198532104 1229.98571777 -355.211761475 -313.912231445 1717.52075195 -320.924743652 -410.916625977 1236.90515137 -355.20602417 -605.238342285 1717.52075195
0.0310451984406 8 -424.252197266 -147.19581604 1469.15563965 -397.143707275 242.889450073 1659.70617676 -475.088989258 123.003578186 1414.15393066 -350.425170898 -23.5499725342 1709.73596191 -475.382507324 -155.56640625 1217.68261719 -350.425567627 -314.876403809 1709.73596191 -296.91317749 -388.929443359 1244.67016602 -350.419830322 -606.202514648 1709.73596191
0.033106803894 8 -423.049560547 -144.04208374 1464.22045898 -396.448577881 242.506835938 1659.70141602 -479.721588135 126.07660675 1414.78869629 -345.256500244 -22.8599853516 1704.80895996 -471.949249268 -143.780273438 1207.01696777 -345.256896973 -314.186401367 1704.80895996 -274.095092773 -359.03994751 1250.62097168 -345.251159668 -605.512512207 1704.80895996
0.0358521938324 8 -422.890045166 -144.190002441 1468.25109863 -397.405334473 241.590759277 1662.29724121 -478.173950195 125.794044495 1416.26660156 -347.869140625 -21.6103820801 1709.07568359 -467.300323486 -130.918823242 1197.33056641 -347.869537354 -312.936798096 1709.07568359 -252.862670898 -323.323730469 1255.06665039 -347.863800049 -604.262939453 1709.07568359
0.0321898460388 8 -420.119903564 -148.873077393 1483.95581055 -397.994293213 243.045883179 1665.5625 -467.819366455 119.829147339 1420.02575684 -355.283599854 -19.053237915 1723.7611084 -460.37411499 -115.830093384 1188.15588379 -355.283996582 -310.379638672 1723.7611084 -232.974685669 -283.49621582 1258.96801758 -355.278259277 -601.705749512 1723.7611084
0.0321271419525 8 -420.809753418 -152.92477417 1493.21655273 -399.369598389 242.76399231 1668.21057129 -458.87109375 115.003082275 1420.40136719 -366.235595703 -18.4772338867 1732.97045898 -448.0078125 -101.304977417 1180.09631348 -366.235992432 -309.803649902 1732.97045898 -211.661727905 -244.122146606 1264.0065918 -366.230255127 -601.129760742 1732.97045898
0.0357937812805 8 -420.500183105 -154.157745361 1498.29724121 -398.94354248 242.81350708 1671.65466309 -454.065551758 113.097328186 1420.59362793 -369.691894531 -16.7060241699 1737.28601074 -435.668945312 -86.6055984497 1173.6739502 -369.69229126 -308.032440186 1737.28601074 -192.43119812 -203.516204834 1268.72717285 -369.686553955 -599.358520508 1737.28601074
0.03200507164 8 -422.303283691 -155.698303223 1506.01855469 -399.883636475 243.712539673 1676.83886719 -447.972747803 111.003509521 1423.51867676 -379.985870361 -15.8511962891 1745.28283691 -420.683197021 -66.2335205078 1169.95666504 -379.98626709 -307.177612305 1745.28283691 -173.928085327 -161.775909424 1277.11193848 -379.980529785 -598.503723145 1745.28283691
0.0320529937744 8 -426.23815918 -156.554107666 1509.12011719 -402.547515869 241.791229248 1679.42211914 -442.993835449 110.239776611 1424.62524414 -391.923522949 -16.4833068848 1749.54077148 -403.257843018 -45.5586700439 1169.57678223 -391.923919678 -307.8097229 1749.54077148 -155.570068359 -121.903060913 1288.04125977 -391.918182373 -599.135864258 1749.54077148
0.0360541343689 8 -416.619110107 -159.650924683 1517.32348633 -400.134185791 242.68347168 1680.17114258 -462.19744873 104.577301025 1437.98840332 -358.857788086 -16.1234741211 1750.24377441 -386.385925293 -22.2400588989 1170.80529785 -358.858184814 -307.449890137 1750.24377441 -140.167175293 -84.1119995117 1300.98901367 -358.85244751 -598.776000977 1750.24377441
0.0320928096771 8 -411.999755859 -160.854248047 1519.78442383 -400.919921875 241.718780518 1684.28283691 -472.93963623 102.010284424 1445.69665527 -343.86907959 -16.7057495117 1749.74133301 -372.322418213 1.61499786377 1176.11376953 -343.869476318 -308.032165527 1749.74133301 -128.053405762 -51.0208702087 1312.12878418 -343.863739014 -599.358276367 1749.74133301
0.0318531990051 8 -410.996490479 -160.074874878 1519.34521484 -401.294921875 240.132171631 1686.63232422 -474.247833252 103.228729248 1447.50976562 -341.28616333 -17.4518432617 1750.18994141 -357.85168457 23.366645813 1184.54980469 -341.286560059 -308.778259277 1750.18994141 -115.256072998 -18.2806854248 1327.73681641 -341.280822754 -600.104370117 1750.18994141
0.0361478328705 8 -409.153686523 -156.419769287 1524.39770508 -401.209625244 243.358612061 1691.76867676 -463.81628418 107.888290405 1448.92553711 -349.260620117 -14.5927886963 1758.5793457 -341.415588379 44.7516822815 1194.77502441 -349.261016846 -305.919189453 1758.5793457 -102.631607056 8.55637359619 1346.67932129 -349.255279541 -597.245300293 1758.5793457
0.0321190357208 8 -414.107971191 -156.33392334 1514.37060547 -402.396789551 238.1743927 1692.86828613 -484.302337646 107.510574341 1452.25390625 -336.821685791 -18.3285369873 1745.41455078 -327.082122803 64.619758606 1205.32788086 -336.82208252 -309.654968262 1745.41455078 -92.7319488525 30.7962875366 1363.27783203 -336.816345215 -600.981079102 1745.41455078
0.0320961475372 8 -416.692810059 -149.490661621 1505.89208984 -401.762023926 238.182342529 1693.44616699 -499.765716553 113.017570496 1455.11889648 -324.380584717 -13.0516357422 1732.28271484 -310.144897461 82.5175018311 1217.57312012 -324.380981445 -304.378051758 1732.28271484 -79.2119445801 49.8977432251 1384.0871582 -324.375244141 -595.704162598 1732.28271484
0.0360817909241 8 -414.189331055 -152.110534668 1516.71679688 -401.541687012 241.024520874 1694.10498047 -468.482757568 113.684906006 1450.54272461 -350.107147217 -16.3941040039 1752.19262695 -293.052368164 98.8008346558 1230.78759766 -350.107543945 -307.72052002 1752.19262695 -64.9950866699 66.572769165 1405.01293945 -350.101806641 -599.046630859 1752.19262695
0.0322971343994 8 -412.091491699 -152.007904053 1523.75292969 -401.332092285 242.402648926 1698.78308105 -451.179870605 114.929931641 1450.27697754 -365.117919922 -16.0039978027 1763.50109863 -276.01159668 111.530715942 1241.68701172 -365.11831665 -307.330413818 1763.50109863 -51.5612640381 80.7235717773 1419.82629395 -365.112579346 -598.656494141 1763.50109863
0.0313868522644 8 -411.672668457 -151.083099365 1527.59228516 -400.453308105 243.85760498 1701.89013672 -443.019348145 116.246887207 1450.45617676 -372.826293945 -14.5490112305 1768.93786621 -259.285003662 124.302505493 1253.89245605 -372.826690674 -305.875427246 1768.93786621 -35.6100311279 93.9520950317 1432.9317627 -372.820953369 -597.201538086 1768.93786621
0.040726184845 8 -411.199554443 -148.590744019 1528.50341797 -399.861663818 244.563858032 1706.49780273 -439.709960938 119.908081055 1453.45080566 -373.033569336 -14.912689209 1771.83703613 -246.304962158 132.138565063 1263.98486328 -373.033966064 -306.239105225 1771.83703613 -22.3456726074 106.691955566 1443.43688965 -373.02822876 -597.565185547 1771.83703613
0.0284988880157 8 -412.220581055 -149.507232666 1530.27441406 -399.466705322 242.874526978 1707.78076172 -434.138397217 119.248260498 1453.59655762 -378.229095459 -15.748260498 1774.28845215 -232.465454102 137.581970215 1274.05493164 -378.229492188 -307.074676514 1774.28845215 -6.77758789062 117.097099304 1454.23803711 -378.223754883 -598.400756836 1774.28845215
0.0318479537964 8 -411.2421875 -149.04498291 1532.45141602 -398.740905762 244.231719971 1710.46643066 -432.211395264 119.939575195 1455.99035645 -377.251861572 -15.7709350586 1776.83166504 -219.941192627 142.775787354 1282.11340332 -377.252258301 -307.097351074 1776.83166504 6.4857635498 128.574768066 1463.55810547 -377.246520996 -598.423461914 1776.83166504
0.0353970527649 8 -408.78616333 -150.539505005 1533.09912109 -396.802703857 243.231506348 1711.29504395 -432.578735352 118.357749939 1457.02282715 -372.852722168 -17.1757202148 1777.19470215 -210.639175415 147.378067017 1289.62585449 -372.853118896 -308.50213623 1777.19470215 13.7876586914 133.845809937 1475.77111816 -372.847381592 -599.82824707 1777.19470215
0.0314900875092 8 -409.350921631 -148.291809082 1534.30859375 -396.557434082 242.867523193 1715.20336914 -430.805450439 121.180984497 1459.51342773 -376.651702881 -16.5878753662 1779.77832031 -207.569122314 152.86541748 1296.24951172 -376.652099609 -307.914306641 1779.77832031 24.6712799072 149.521011353 1473.56665039 -376.646362305 -599.24041748 1779.77832031
0.0360128879547 8 -407.456054688 -149.440048218 1535.58178711 -394.100311279 242.977127075 1714.67150879 -426.218170166 119.710479736 1458.9029541 -376.968170166 -16.4642944336 1780.65710449 -205.205581665 155.483352661 1303.92712402 -376.968566895 -307.790710449 1780.65710449 35.0658111572 164.359375 1469.984375 -376.96282959 -599.116821289 1780.65710449
0.0377490520477 8 -407.047119141 -154.654205322 1534.77246094 -390.662200928 236.586608887 1714.39904785 -422.134613037 114.724822998 1458.08276367 -377.6355896 -22.1580200195 1780.23950195 -198.938430786 157.726593018 1307.54309082 -377.635986328 -313.484436035 1780.23950195 35.4856414795 170.054275513 1480.93566895 -377.630249023 -604.810546875 1780.23950195
0.0306780338287 8 -414.495422363 -153.499435425 1534.57824707 -390.022247314 238.555831909 1713.04016113 -404.2527771 114.821098328 1455.58422852 -402.408111572 -19.6617126465 1780.10327148 -199.358337402 161.639862061 1310.81982422 -402.408508301 -310.988128662 1780.10327148 38.9089355469 186.065826416 1476.90014648 -402.402770996 -602.314208984 1780.10327148
0.0322358608246 8 -418.641784668 -153.204833984 1534.15820312 -388.37677002 239.065612793 1711.86828613 -394.677185059 113.863922119 1453.45507812 -415.150268555 -17.4155578613 1779.03051758 -191.167160034 165.966079712 1315.87133789 -415.150665283 -308.741973877 1779.03051758 38.0331573486 189.958450317 1490.95874023 -415.144927979 -600.068115234 1779.03051758
0.031928062439 8 -423.410705566 -152.188980103 1535.41271973 -389.914367676 240.960006714 1712.23852539 -385.573150635 113.385192871 1454.86633301 -429.588043213 -14.8996276855 1779.46765137 -183.70111084 171.644943237 1320.8548584 -429.588439941 -306.226043701 1779.46765137 40.1567993164 196.980957031 1501.05505371 -429.582702637 -597.552124023 1779.46765137
0.0317800045013 8 -423.805023193 -153.366516113 1536.41870117 -390.272735596 240.407394409 1712.12719727 -381.41696167 111.649742126 1455.62658691 -433.543487549 -15.2538146973 1780.11535645 -178.408920288 177.874969482 1326.53979492 -433.543884277 -306.580230713 1780.11535645 40.0228118896 205.531936646 1510.95947266 -433.538146973 -597.90637207 1780.11535645
0.0378410816193 8 -426.301635742 -152.319366455 1536.04760742 -389.800933838 241.580276489 1712.04797363 -378.428466797 111.93107605 1455.50622559 -439.727233887 -13.4434051514 1779.23596191 -174.834197998 184.507537842 1331.36560059 -439.727630615 -304.769836426 1779.23596191 40.5841674805 211.59022522 1519.63635254 -439.721893311 -596.095947266 1779.23596191
0.0313138961792 8 -425.383544922 -151.614898682 1536.5760498 -390.355834961 242.188446045 1712.05041504 -378.333282471 112.659614563 1455.3828125 -439.851165771 -12.1893920898 1779.47241211 -171.485015869 189.798660278 1335.82202148 -439.8515625 -303.515808105 1779.47241211 42.1847076416 222.969467163 1525.11047363 -439.845825195 -594.841918945 1779.47241211
0.0316281318665 8 -422.129699707 -149.313903809 1537.02539062 -390.421203613 244.732940674 1711.98950195 -384.809204102 116.103469849 1454.70092773 -430.623046875 -10.5752716064 1780.53369141 -166.048675537 193.471588135 1339.98242188 -430.623443604 -301.901672363 1780.53369141 45.1696166992 231.913360596 1531.95324707 -430.617706299 -593.227783203 1780.53369141
0.0358049869537 8 -418.874023438 -146.709564209 1537.53295898 -392.359802246 248.244186401 1711.97253418 -391.499267578 119.618080139 1454.34729004 -422.112487793 -8.39443969727 1781.37390137 -169.663619995 193.381637573 1342.81237793 -422.112884521 -299.720855713 1781.37390137 46.5666046143 238.333618164 1530.0045166 -422.107147217 -591.04699707 1781.37390137
0.0314500331879 8 -419.585998535 -146.70916748 1536.4519043 -395.499572754 247.913665771 1712.04797363 -392.952575684 120.068534851 1454.21142578 -424.363830566 -9.2779083252 1780.85595703 -172.642791748 190.700744629 1339.05358887 -424.364227295 -300.604309082 1780.85595703 40.6402893066 225.745056152 1530.94360352 -424.35848999 -591.930419922 1780.85595703
0.0316610336304 8 -421.148071289 -146.756317139 1535.07714844 -396.331237793 247.722045898 1711.07519531 -392.356872559 119.974761963 1453.29187012 -426.89251709 -9.56497192383 1779.6361084 -173.673095703 186.865310669 1335.66638184 -426.892913818 -300.891387939 1779.6361084 39.112121582 218.195022583 1529.10314941 -426.887176514 -592.217529297 1779.6361084
0.0358748435974 8 -423.108947754 -148.904281616 1533.47167969 -398.762237549 243.998199463 1710.56298828 -391.3878479 117.827445984 1452.73364258 -432.781890869 -12.108795166 1778.14379883 -174.238174438 180.947692871 1332.44311523 -432.782287598 -303.435211182 1778.14379883 37.35496521 208.202529907 1527.43041992 -432.776550293 -594.761352539 1778.14379883
0.0322749614716 8 -426.520935059 -147.445892334 1534.26489258 -401.185302734 246.48500061 1710.76379395 -388.868560791 118.646591187 1454.02941895 -440.585357666 -10.0836334229 1778.38537598 -176.132263184 175.021362305 1327.80480957 -440.585754395 -301.41003418 1778.38537598 37.5922851562 196.997772217 1519.58117676 -440.58001709 -592.73614502 1778.38537598
0.0364730358124 8 -426.421264648 -151.043701172 1533.76000977 -404.130554199 242.25982666 1711.41052246 -389.618682861 115.423316956 1454.29541016 -442.674957275 -14.2982330322 1778.11743164 -178.001113892 166.02355957 1322.01696777 -442.675354004 -305.624633789 1778.11743164 40.8492431641 186.83795166 1508.09680176 -442.669616699 -596.950744629 1778.11743164
0.032781124115 8 -425.09954834 -153.247329712 1532.28198242 -403.397094727 240.949081421 1707.24707031 -390.806304932 112.948158264 1450.79919434 -439.528839111 -15.1050262451 1775.97106934 -179.876831055 157.541366577 1318.16442871 -439.52923584 -306.43145752 1775.97106934 42.8890838623 175.681533813 1498.85522461 -439.523498535 -597.757568359 1775.97106934
0.0317749977112 8 -425.152099609 -157.723144531 1531.25805664 -404.743377686 236.877365112 1705.16906738 -392.264221191 108.351150513 1448.7767334 -438.793945312 -18.8852386475 1774.60681152 -181.324829102 146.79548645 1313.24035645 -438.794342041 -310.211669922 1774.60681152 43.5942993164 168.172683716 1491.56884766 -438.788604736 -601.537780762 1774.60681152
0.0309348106384 8 -424.120239258 -156.935638428 1533.08789062 -405.412078857 239.444274902 1705.13464355 -393.327606201 108.931297302 1449.13879395 -438.404632568 -16.9127655029 1775.7208252 -182.019790649 138.430969238 1310.30078125 -438.405029297 -308.239196777 1775.7208252 45.1367492676 157.000762939 1486.12341309 -438.399291992 -599.565307617 1775.7208252
0.0366621017456 8 -418.088134766 -161.561172485 1532.32336426 -401.45880127 238.281799316 1696.90710449 -401.973266602 103.533432007 1442.77661133 -419.341674805 -17.9173126221 1772.98632812 -180.852661133 128.391189575 1306.67675781 -419.342071533 -309.243713379 1772.98632812 47.9681243896 145.160980225 1481.07348633 -419.336334229 -600.569824219 1772.98632812
0.0319900512695 8 -412.293548584 -162.609375 1533.19604492 -400.444000244 239.207229614 1693.3236084 -410.810058594 102.189712524 1441.62133789 -402.298828125 -17.3994903564 1772.61450195 -182.192016602 118.358009338 1304.3671875 -402.299224854 -308.725891113 1772.61450195 46.6136474609 129.510009766 1477.90734863 -402.293487549 -600.052001953 1772.61450195
0.0315020084381 8 -406.934387207 -160.386856079 1532.81555176 -399.781219482 241.176696777 1694.88635254 -423.434204102 104.913208008 1444.68249512 -384.082336426 -16.888885498 1772.21105957 -182.757278442 106.893280029 1301.50476074 -384.082733154 -308.215301514 1772.21105957 45.6242218018 119.399658203 1477.84777832 -384.07699585 -599.541381836 1772.21105957
0.041620016098 8 -403.628051758 -159.353607178 1531.79882812 -398.791259766 243.011154175 1691.90869141 -430.631011963 105.327827454 1443.9798584 -372.176727295 -14.6947631836 1769.6697998 -185.398239136 96.5547790527 1299.82177734 -372.177124023 -306.021179199 1769.6697998 44.2798309326 105.801071167 1476.47619629 -372.171386719 -597.347290039 1769.6697998
0.0294399261475 8 -402.395629883 -157.933013916 1531.30078125 -397.4765625 244.466125488 1690.99206543 -435.696258545 106.376808167 1444.10461426 -364.072235107 -12.6054840088 1767.90881348 -186.702682495 84.8463516235 1298.54553223 -364.072631836 -303.931884766 1767.90881348 42.8547058105 93.1747360229 1477.67590332 -364.066894531 -595.257995605 1767.90881348
0.0313539505005 8 -401.112915039 -155.730682373 1529.25073242 -395.966156006 247.357086182 1687.99584961 -441.76550293 108.010536194 1443.29382324 -354.842102051 -9.5744934082 1763.9810791 -187.260177612 72.5083007812 1297.36291504 -354.842498779 -300.900909424 1763.9810791 42.5709533691 82.4145507812 1479.93737793 -354.836761475 -592.227050781 1763.9810791
0.0351819992065 8 -400.928405762 -156.552764893 1527.31176758 -394.357879639 246.60005188 1685.02246094 -446.964263916 106.67640686 1442.34362793 -348.657867432 -9.62168884277 1760.35217285 -186.492675781 61.3334388733 1298.29772949 -348.65826416 -300.948120117 1760.35217285 42.3252105713 72.3460617065 1485.07409668 -348.652526855 -592.274230957 1760.35217285
0.0309391021729 8 -400.380706787 -157.095779419 1527.17456055 -393.49822998 246.537216187 1683.57458496 -448.674987793 105.779006958 1442.20446777 -345.803833008 -9.47761535645 1759.3079834 -187.616943359 50.2379341125 1298.81396484 -345.804229736 -300.804016113 1759.3079834 42.6726226807 62.0951538086 1486.42126465 -345.798492432 -592.130126953 1759.3079834
0.031152009964 8 -399.807678223 -160.230224609 1525.13037109 -392.007720947 243.917251587 1678.85803223 -448.601654053 102.308990479 1439.32067871 -342.867156982 -11.581451416 1756.06896973 -190.685119629 39.1933631897 1297.59387207 -342.867553711 -302.907867432 1756.06896973 40.673614502 55.9853591919 1486.92321777 -342.861816406 -594.234008789 1756.06896973
0.0358870029449 8 -400.599243164 -161.877105713 1525.31445312 -391.098052979 242.98677063 1676.5065918 -448.285552979 100.241714478 1437.58532715 -343.389312744 -11.834487915 1755.29528809 -193.246398926 29.1812133789 1296.01281738 -343.389709473 -303.160888672 1755.29528809 41.4016265869 43.4411087036 1484.43798828 -343.383972168 -594.486999512 1755.29528809
0.0320868492126 8 -401.136199951 -162.73789978 1524.51049805 -388.250152588 243.756469727 1672.83349609 -448.069946289 99.1076507568 1435.54370117 -341.710021973 -11.658706665 1753.25683594 -195.028686523 19.1761474609 1292.7331543 -341.710418701 -302.985107422 1753.25683594 42.2343597412 32.6012496948 1482.47595215 -341.704681396 -594.311218262 1753.25683594
0.0320391654968 8 -400.72479248 -165.151916504 1523.32397461 -385.969573975 242.92640686 1666.49816895 -448.120819092 95.6801452637 1431.67211914 -339.506439209 -11.4840698242 1749.86010742 -199.896377563 9.70163726807 1289.13305664 -339.506835938 -302.81048584 1749.86010742 42.1116485596 21.1261024475 1475.45898438 -339.501098633 -594.13659668 1749.86010742
0.0421209335327 8 -401.643615723 -166.864440918 1523.10668945 -387.172058105 242.000854492 1663.34204102 -447.861328125 93.2289428711 1428.79724121 -341.374633789 -11.2740783691 1748.58068848 -202.376861572 1.96917724609 1285.36376953 -341.375030518 -302.600494385 1748.58068848 42.8638153076 14.3064937592 1470.64245605 -341.369293213 -593.926635742 1748.58068848
0.0309119224548 8 -401.487915039 -167.68347168 1523.5435791 -386.025360107 242.377990723 1659.27062988 -447.509063721 91.4526824951 1426.54162598 -341.354827881 -9.82420349121 1747.47131348 -207.605575562 -5.88175201416 1280.00939941 -341.355224609 -301.150634766 1747.47131348 42.7101135254 2.29515647888 1460.44665527 -341.349487305 -592.476745605 1747.47131348
0.0302460193634 8 -403.428344727 -165.729629517 1523.71337891 -382.511962891 246.04725647 1656.2401123 -447.026794434 92.9541168213 1424.42028809 -341.528747559 -6.46440124512 1746.15563965 -209.26361084 -10.8016738892 1274.35717773 -341.529144287 -297.79083252 1746.15563965 44.0719299316 -9.32984256744 1451.88708496 -341.523406982 -589.116943359 1746.15563965
0.0332880020142 8 -404.463745117 -166.823730469 1521.33544922 -378.342224121 246.135910034 1647.71630859 -448.22076416 90.895614624 1419.62609863 -337.083496094 -5.21827697754 1740.47595215 -210.535354614 -19.7451934814 1267.5513916 -337.083892822 -296.544677734 1740.47595215 48.157913208 -19.2272396088 1439.11535645 -337.078155518 -587.870788574 1740.47595215
0.0331189632416 8 -405.79095459 -168.018341064 1519.97583008 -375.324005127 245.833007812 1639.96118164 -448.659881592 88.7346038818 1415.48547363 -334.148651123 -4.19523620605 1736.09558105 -213.196090698 -28.7009429932 1261.18701172 -334.149047852 -295.52166748 1736.09558105 49.9456634521 -29.0621643066 1426.8326416 -334.143310547 -586.84777832 1736.09558105
0.0304760932922 8 -407.532226562 -167.926116943 1517.42236328 -371.555938721 246.884643555 1633.58288574 -448.989837646 88.5441665649 1411.66345215 -331.807891846 -3.39004516602 1731.6060791 -216.059371948 -36.1893310547 1254.00744629 -331.808288574 -294.716461182 1731.6060791 51.6611785889 -37.758430481 1413.2454834 -331.80255127 -586.042602539 1731.6060791
0.0409920215607 8 -407.841247559 -168.622619629 1515.77758789 -368.792114258 246.429718018 1629.38537598 -449.385192871 87.1713409424 1408.41894531 -328.59979248 -2.69386291504 1727.60546875 -218.967758179 -41.9222869873 1246.93188477 -328.600189209 -294.020263672 1727.60546875 52.5198822021 -44.5833053589 1400.1036377 -328.594451904 -585.346374512 1727.60546875
0.0310380458832 8 -408.284912109 -169.267486572 1514.15307617 -364.224700928 247.104354858 1620.79846191 -446.389770508 84.9897460938 1402.05175781 -328.671691895 -0.486114501953 1723.53369141 -221.51675415 -48.7316741943 1239.97399902 -328.672088623 -291.812530518 1723.53369141 51.6637268066 -52.772480011 1388.78857422 -328.666351318 -583.138671875 1723.53369141
0.0350370407104 8 -408.597930908 -170.695831299 1514.07470703 -360.795440674 247.210525513 1613.44030762 -436.780151367 81.4264678955 1394.76586914 -335.122131348 1.48713684082 1722.75878906 -222.589752197 -52.544631958 1233.50915527 -335.122528076 -289.839294434 1722.75878906 51.7966003418 -57.2585067749 1379.45080566 -335.116790771 -581.165405273 1722.75878906
0.0315039157867 8 -410.431396484 -171.570068359 1513.15063477 -356.119110107 246.902114868 1609.33447266 -430.916473389 79.3278656006 1389.73803711 -339.820343018 2.20756530762 1721.51513672 -224.122619629 -56.987487793 1226.84631348 -339.820739746 -289.118835449 1721.51513672 51.5153503418 -65.3398666382 1370.94433594 -339.815002441 -580.444946289 1721.51513672
0.0315039157867 8 -410.557403564 -173.534576416 1511.99951172 -352.450744629 245.640380859 1604.82373047 -425.785736084 76.2980804443 1385.60522461 -340.477813721 1.49385070801 1719.55175781 -227.395828247 -63.2182312012 1223.0690918 -340.478210449 -289.832580566 1719.55175781 48.5754547119 -71.4642486572 1364.79858398 -340.472473145 -581.158691406 1719.55175781
0.0336790084839 8 -413.261352539 -173.870895386 1509.93920898 -349.326538086 244.452926636 1602.57141113 -422.512054443 75.7244262695 1382.45373535 -343.05380249 0.712951660156 1717.85168457 -227.101623535 -68.3419799805 1219.67358398 -343.054199219 -290.613464355 1717.85168457 47.3694152832 -75.7879486084 1363.53625488 -343.048461914 -581.939575195 1717.85168457
0.0320689678192 8 -415.709960938 -177.714599609 1509.66223145 -346.608581543 242.05657959 1597.86083984 -414.025482178 70.212677002 1378.81726074 -351.050750732 -1.78680419922 1718.13293457 -230.184249878 -74.8250427246 1219.43811035 -351.051147461 -293.113220215 1718.13293457 40.7338409424 -85.9562530518 1367.26525879 -351.045410156 -584.439331055 1718.13293457
0.0322351455688 8 -413.099731445 -178.067657471 1509.35144043 -343.251556396 241.650100708 1596.12109375 -412.596038818 69.0589599609 1376.82104492 -346.493133545 -0.793670654297 1716.16992188 -227.524307251 -83.1318511963 1222.93481445 -346.493530273 -292.12008667 1716.16992188 36.9295501709 -92.6380615234 1378.6697998 -346.487792969 -583.446166992 1716.16992188
0.0357098579407 8 -410.578216553 -180.705703735 1507.56530762 -341.494018555 239.010604858 1592.69909668 -415.642730713 66.6118469238 1375.45471191 -339.097442627 -3.24948120117 1712.61364746 -225.576629639 -89.7922668457 1230.11730957 -339.097839355 -294.575897217 1712.61364746 32.7888793945 -100.146789551 1394.17199707 -339.092102051 -585.901977539 1712.61364746
0.0320150852203 8 -408.197052002 -179.648330688 1505.80395508 -338.789611816 239.444107056 1592.5168457 -415.785491943 68.2295532227 1374.80615234 -334.29586792 -2.8701171875 1710.62036133 -225.119308472 -98.6390991211 1240.72363281 -334.296264648 -294.196533203 1710.62036133 25.1329193115 -107.348884583 1415.01184082 -334.290527344 -585.522644043 1710.62036133
0.0321779251099 8 -409.015136719 -179.982315063 1505.18273926 -337.693511963 238.535003662 1592.91687012 -410.944885254 67.7665100098 1373.75305176 -339.456604004 -3.51690673828 1711.77111816 -222.045608521 -106.046890259 1253.51904297 -339.457000732 -294.843322754 1711.77111816 21.157623291 -114.067985535 1438.8692627 -339.451263428 -586.169433594 1711.77111816
0.0358910560608 8 -410.18157959 -180.207794189 1503.42822266 -337.399078369 237.50328064 1592.14025879 -408.207061768 67.2829437256 1371.48962402 -343.146697998 -3.76747131348 1710.8861084 -218.036499023 -112.750366211 1268.44641113 -343.147094727 -295.09387207 1710.8861084 16.0629272461 -117.236907959 1466.3651123 -343.141357422 -586.41998291 1710.8861084
0.0320129394531 8 -416.126647949 -175.767532349 1492.08740234 -336.355773926 237.668167114 1592.69677734 -406.838317871 73.4651641846 1363.88891602 -352.659240723 -3.2755279541 1703.88134766 -212.113616943 -118.622695923 1284.27905273 -352.659637451 -294.601928711 1703.88134766 13.5001068115 -119.541069031 1493.09460449 -352.653900146 -585.928039551 1703.88134766
0.0323131084442 8 -418.141967773 -174.421920776 1492.92944336 -335.617004395 238.36618042 1592.96972656 -400.674804688 73.8191833496 1363.71289062 -360.658325195 -1.34674072266 1705.92358398 -210.316604614 -123.520996094 1297.74316406 -360.658721924 -292.673156738 1705.92358398 9.37033081055 -123.411834717 1515.33508301 -360.652984619 -583.999267578 1705.92358398
0.0358889102936 8 -419.449035645 -175.683837891 1494.04663086 -335.96282959 236.812591553 1591.12475586 -394.809509277 70.8832702637 1362.81201172 -367.397521973 -0.832366943359 1706.98510742 -207.511184692 -128.441345215 1309.52404785 -367.397918701 -292.158782959 1706.98510742 6.97230529785 -126.83366394 1534.31274414 -367.392181396 -583.484863281 1706.98510742
0.0318820476532 8 -416.157440186 -175.698822021 1498.94335938 -335.394897461 237.828659058 1595.25097656 -395.188446045 71.6454315186 1368.44848633 -362.441436768 -1.41175842285 1711.98486328 -202.419021606 -134.457641602 1319.92687988 -362.441833496 -292.73815918 1711.98486328 8.32345581055 -134.758850098 1550.93444824 -362.436096191 -584.06427002 1711.98486328
0.0321199893951 8 -413.218078613 -177.397445679 1500.6920166 -333.776489258 236.54737854 1593.31188965 -396.030700684 69.7153015137 1369.16809082 -356.526062012 -2.24526977539 1712.27331543 -201.810745239 -136.953369141 1328.65222168 -356.52645874 -293.571685791 1712.27331543 6.21017456055 -139.319366455 1565.07824707 -356.520721436 -584.897827148 1712.27331543
0.0358428955078 8 -409.250610352 -178.948852539 1502.62329102 -331.586975098 236.384384155 1592.81982422 -397.254974365 68.6258544922 1371.39526367 -348.306793213 -3.94519042969 1713.14111328 -201.933227539 -138.711685181 1334.47961426 -348.307189941 -295.271606445 1713.14111328 2.60493469238 -145.248764038 1577.33642578 -348.301452637 -586.597717285 1713.14111328
0.0319800376892 8 -404.97088623 -178.743255615 1500.65600586 -329.981445312 235.70980835 1596.82849121 -405.067504883 72.3657989502 1376.11523438 -332.397216797 -8.56864929199 1711.22680664 -201.919113159 -141.591827393 1340.06665039 -332.397613525 -299.895080566 1711.22680664 1.64163208008 -151.749679565 1587.9420166 -332.391876221 -591.221191406 1711.22680664
0.0321621894836 8 -404.942840576 -177.80897522 1501.23962402 -329.394958496 236.419906616 1598.08911133 -402.350128174 73.1392059326 1376.17797852 -335.509002686 -7.46769714355 1712.86474609 -200.468063354 -144.573623657 1345.64929199 -335.509399414 -298.794128418 1712.86474609 1.70655822754 -158.698806763 1598.25048828 -335.503662109 -590.120239258 1712.86474609
0.0358459949493 8 -403.961517334 -179.904098511 1501.31274414 -328.59185791 234.124328613 1595.22875977 -399.410095215 69.9564666748 1374.04284668 -335.847106934 -7.96751403809 1712.13757324 -198.259033203 -149.535369873 1352.48693848 -335.847503662 -299.293945312 1712.13757324 -0.0589447021484 -164.761825562 1608.64990234 -335.841766357 -590.620056152 1712.13757324
0.0318109989166 8 -403.122192383 -181.759414673 1502.11804199 -326.937988281 232.977096558 1594.79602051 -395.063415527 67.3467712402 1373.50756836 -337.550720215 -8.99710083008 1713.09985352 -195.216888428 -154.010192871 1358.40490723 -337.551116943 -300.323516846 1713.09985352 -1.53030395508 -167.938659668 1618.72717285 -337.545379639 -591.649658203 1713.09985352
0.0321879386902 8 -402.359954834 -183.285247803 1502.15551758 -326.19921875 232.535446167 1593.5880127 -393.93145752 65.1697387695 1372.26928711 -336.498168945 -9.56048583984 1712.28295898 -193.150650024 -157.75 1362.88269043 -336.498565674 -300.886901855 1712.28295898 -1.9002532959 -179.265106201 1624.49938965 -336.492828369 -592.213012695 1712.28295898
0.0360128879547 8 -401.426086426 -183.388595581 1501.52856445 -324.75982666 231.728363037 1593.4765625 -394.608215332 65.7888336182 1372.92041016 -333.123413086 -10.8141021729 1711.83544922 -191.589691162 -163.640213013 1365.5847168 -333.123809814 -302.14050293 1711.83544922 -1.68545532227 -187.61378479 1629.14282227 -333.11807251 -593.46661377 1711.83544922
0.0319781303406 8 -399.171325684 -184.648529053 1500.42749023 -320.492462158 230.918106079 1586.41955566 -393.87387085 63.1787109375 1369.1706543 -326.933929443 -10.1243286133 1707.78735352 -189.25453186 -168.041854858 1367.9967041 -326.934326172 -301.450744629 1707.78735352 -1.62957763672 -191.722366333 1633.30383301 -326.928588867 -592.776855469 1707.78735352
0.0319828987122 8 -397.835998535 -186.780838013 1499.71435547 -319.602233887 230.023147583 1583.39709473 -393.569335938 60.4608459473 1367.30615234 -324.15802002 -11.3030395508 1705.76757812 -187.605224609 -172.74822998 1367.70739746 -324.158416748 -302.629455566 1705.76757812 -1.90737915039 -192.682678223 1634.92419434 -324.152679443 -593.955566406 1705.76757812
0.0358469486237 8 -397.442565918 -187.381271362 1499.60888672 -317.153747559 229.756576538 1581.88757324 -393.315795898 59.5613861084 1366.62780762 -321.742797852 -11.6976470947 1704.75939941 -186.285095215 -175.602401733 1365.06518555 -321.74319458 -303.024047852 1704.75939941 -1.57643127441 -191.970901489 1632.49633789 -321.737457275 -594.350158691 1704.75939941
0.0320332050323 8 -397.582305908 -187.945922852 1499.47290039 -314.890563965 228.821868896 1581.1340332 -392.109771729 58.731628418 1366.046875 -320.885223389 -12.3201599121 1704.30371094 -184.142807007 -177.527206421 1359.74584961 -320.885620117 -303.646575928 1704.30371094 2.88319396973 -198.229568481 1626.41882324 -320.879882812 -594.97265625 1704.30371094
0.0322349071503 8 -398.949035645 -191.194580078 1499.26513672 -313.196502686 225.599990845 1577.21813965 -386.363952637 53.4124145508 1362.66894531 -325.972473145 -13.6289978027 1703.70239258 -185.268173218 -181.907012939 1351.60107422 -325.972869873 -304.955413818 1703.70239258 5.81732177734 -205.11416626 1614.03637695 -325.967132568 -596.281494141 1703.70239258
0.0399510860443 8 -398.924377441 -190.017364502 1498.8527832 -309.668457031 226.129180908 1575.31054688 -383.659912109 53.6720428467 1360.85119629 -326.070983887 -11.7376251221 1702.74230957 -186.27772522 -185.629135132 1342.07324219 -326.071380615 -303.064025879 1702.74230957 10.1988067627 -215.540725708 1598.7611084 -326.065643311 -594.390136719 1702.74230957
0.0315158367157 8 -399.668151855 -190.980255127 1498.7980957 -306.543579102 223.50970459 1574.33557129 -378.485778809 51.2746124268 1359.09716797 -328.988586426 -11.8136444092 1702.65209961 -187.903411865 -188.950744629 1331.80688477 -328.988983154 -303.140075684 1702.65209961 15.0780792236 -222.879821777 1582.4453125 -328.98324585 -594.466186523 1702.65209961
0.031131029129 8 -400.424377441 -194.797515869 1497.88647461 -300.132781982 220.744506836 1564.3671875 -375.659332275 44.0297088623 1353.00720215 -327.694610596 -12.256942749 1697.96472168 -189.206115723 -192.52734375 1320.78063965 -327.695007324 -303.583374023 1697.96472168 21.5229034424 -232.184585571 1563.43237305 -327.68927002 -594.909484863 1697.96472168
0.0356070995331 8 -401.289428711 -193.891937256 1496.42016602 -295.379547119 219.905960083 1562.40368652 -375.051025391 44.66456604 1351.28430176 -323.963378906 -12.3578338623 1695.73986816 -190.857254028 -195.386230469 1309.24133301 -323.963775635 -303.684265137 1695.73986816 27.9481048584 -241.028442383 1542.45593262 -323.95803833 -595.010375977 1695.73986816
0.0311980247498 8 -404.045593262 -194.25869751 1495.57128906 -290.303039551 218.709259033 1558.34082031 -368.128448486 41.271774292 1347.75 -328.720550537 -11.3301239014 1694.26513672 -192.906982422 -198.687484741 1297.94311523 -328.720947266 -302.656555176 1694.26513672 33.5023345947 -250.689193726 1522.78283691 -328.715209961 -593.982666016 1694.26513672
0.0317687988281 8 -404.315612793 -196.543243408 1494.53271484 -285.215667725 215.617889404 1553.39538574 -367.996063232 37.8454437256 1344.89794922 -324.117523193 -13.3992767334 1691.19091797 -194.794189453 -202.909790039 1286.88330078 -324.117919922 -304.725708008 1691.19091797 37.1885986328 -259.448577881 1504.74719238 -324.112182617 -596.051818848 1691.19091797
0.0346109867096 8 -405.504638672 -197.25100708 1493.40734863 -280.389556885 213.735046387 1548.91809082 -365.618347168 35.2505645752 1341.72473145 -323.499267578 -13.3725738525 1688.64953613 -198.325424194 -205.975875854 1274.8729248 -323.499664307 -304.698974609 1688.64953613 39.5427856445 -268.602539062 1483.45251465 -323.493927002 -596.025085449 1688.64953613
0.0321490764618 8 -405.465637207 -199.931549072 1491.95214844 -274.673553467 209.809463501 1543.18640137 -364.862091064 31.2005004883 1338.3416748 -318.216461182 -16.033782959 1684.91906738 -202.548171997 -208.012237549 1263.39318848 -318.21685791 -307.360198975 1684.91906738 39.6778106689 -273.945068359 1464.37353516 -318.211120605 -598.686279297 1684.91906738
0.0321340560913 8 -403.270446777 -201.872192383 1490.32006836 -269.88961792 207.222335815 1537.23730469 -368.953186035 29.50730896 1335.59436035 -307.448913574 -18.4719696045 1679.62658691 -204.98286438 -209.065948486 1252.57971191 -307.449310303 -309.798400879 1679.62658691 42.1421051025 -280.76071167 1444.36657715 -307.443572998 -601.124511719 1679.62658691
0.0395500659943 8 -402.667938232 -204.113616943 1488.69055176 -265.673492432 204.616424561 1531.82958984 -369.305541992 26.250793457 1332.21105957 -303.179931641 -20.2331542969 1675.6583252 -209.772384644 -210.556015015 1240.7668457 -303.180328369 -311.559570312 1675.6583252 43.9654541016 -283.373168945 1423.4140625 -303.174591064 -602.885681152 1675.6583252
0.0314629077911 8 -403.630371094 -204.06149292 1487.33837891 -262.614624023 203.743438721 1528.63122559 -369.242095947 25.3189544678 1329.61804199 -301.751861572 -20.1272735596 1672.9798584 -215.206054688 -210.287704468 1230.87365723 -301.752258301 -311.453674316 1672.9798584 43.8778381348 -286.893737793 1402.71118164 -301.746520996 -602.779785156 1672.9798584
0.0356879234314 8 -404.889099121 -206.211898804 1487.02746582 -261.264923096 201.205291748 1527.52416992 -371.171905518 23.0961151123 1329.0411377 -299.001373291 -23.2075042725 1671.35339355 -218.89831543 -210.667144775 1221.41760254 -299.00177002 -314.533935547 1671.35339355 46.2331542969 -287.785614014 1383.31140137 -298.996032715 -605.860046387 1671.35339355
0.031042098999 8 -404.605102539 -207.589416504 1486.18322754 -258.520019531 199.63092041 1523.46191406 -371.979309082 21.239151001 1327.27050781 -294.269287109 -25.0694732666 1668.37231445 -222.215423584 -210.848602295 1212.70178223 -294.269683838 -316.395874023 1668.37231445 47.9449462891 -286.674957275 1365.63354492 -294.263946533 -607.721984863 1668.37231445
0.030387878418 8 -405.777648926 -207.808135986 1484.78100586 -255.755310059 198.999984741 1518.42724609 -374.208312988 20.4949951172 1324.89978027 -291.585693359 -25.5837402344 1664.87976074 -223.860656738 -210.932342529 1204.35437012 -291.586090088 -316.91015625 1664.87976074 51.1660766602 -290.23135376 1345.11071777 -291.580352783 -608.23626709 1664.87976074
0.0358870029449 8 -409.124816895 -205.685241699 1478.49450684 -253.807373047 197.579864502 1515.9140625 -373.926391602 23.3436737061 1320.44262695 -292.557739258 -26.5880279541 1660.18115234 -225.292007446 -211.479858398 1197.63769531 -292.558135986 -317.914428711 1660.18115234 53.5848846436 -291.198028564 1328.64038086 -292.552398682 -609.240539551 1660.18115234
0.0317420959473 8 -410.615600586 -206.537902832 1476.29248047 -253.092407227 195.375350952 1514.16125488 -374.073547363 22.4508666992 1318.47436523 -292.515869141 -28.4888000488 1658.03100586 -224.48500061 -213.261184692 1191.29455566 -292.516265869 -319.815216064 1658.03100586 56.4729156494 -293.997283936 1315.70800781 -292.510528564 -611.141357422 1658.03100586
0.0319550037384 8 -410.773864746 -207.268417358 1474.75708008 -250.709121704 194.050704956 1510.77990723 -373.465881348 20.9317016602 1315.97265625 -291.397705078 -29.0910949707 1655.53881836 -224.579330444 -215.138336182 1186.6394043 -291.398101807 -320.417510986 1655.53881836 58.591506958 -296.590332031 1304.07543945 -291.392364502 -611.743652344 1655.53881836
0.0359919071198 8 -411.878173828 -207.701446533 1474.42529297 -250.126327515 192.801757812 1508.58972168 -373.591094971 19.5699157715 1314.54406738 -291.138031006 -29.3933410645 1654.17053223 -225.639770508 -217.562988281 1182.8260498 -291.138427734 -320.71975708 1654.17053223 58.8022155762 -300.269897461 1295.82946777 -291.13269043 -612.045898438 1654.17053223
0.0318071842194 8 -413.409423828 -210.296051025 1471.99047852 -248.847808838 189.953186035 1505.47351074 -369.305328369 14.6762390137 1310.42883301 -296.018218994 -30.644744873 1652.55822754 -226.315093994 -220.214248657 1180.90856934 -296.018615723 -321.971160889 1652.55822754 59.3916320801 -303.180145264 1289.10913086 -296.012878418 -613.297241211 1652.55822754
0.0322248935699 8 -417.010620117 -210.8800354 1469.41674805 -247.395431519 187.036743164 1505.86450195 -363.149414062 12.0112609863 1308.0534668 -304.727539062 -31.2598571777 1653.12548828 -227.284515381 -222.510223389 1179.86657715 -304.727935791 -322.586273193 1653.12548828 58.3506469727 -305.484130859 1284.92492676 -304.722198486 -613.912353516 1653.12548828
0.0365180969238 8 -418.546081543 -211.902206421 1471.61853027 -245.530548096 186.491333008 1506.15380859 -364.595458984 10.3115539551 1309.25756836 -303.922973633 -32.4605407715 1654.13720703 -227.172576904 -224.692352295 1180.97216797 -303.923370361 -323.786956787 1654.13720703 56.751159668 -310.205108643 1284.25512695 -303.917633057 -615.113037109 1654.13720703
0.0314648151398 8 -421.465148926 -211.852020264 1471.97583008 -243.54385376 184.52684021 1507.29614258 -363.423797607 9.65614318848 1310.03967285 -306.148345947 -33.82762146 1655.46276855 -226.7081604 -228.264343262 1182.50036621 -306.148742676 -325.154052734 1655.46276855 56.2568969727 -315.653930664 1284.69055176 -306.143005371 -616.480163574 1655.46276855
0.0320219993591 8 -422.719848633 -211.96786499 1470.67895508 -243.197998047 181.590240479 1510.84851074 -359.223602295 9.49572753906 1310.75695801 -310.202972412 -35.3789672852 1657.25183105 -225.544372559 -232.062683105 1185.20300293 -310.203369141 -326.705383301 1657.25183105 56.2003173828 -320.389007568 1288.68493652 -310.197631836 -618.031494141 1657.25183105
0.0360851287842 8 -422.027404785 -211.979644775 1473.47045898 -240.209457397 181.320053101 1514.6529541 -357.884185791 9.77879333496 1314.17041016 -307.604217529 -36.8607025146 1660.30859375 -223.434494019 -235.474487305 1189.59533691 -307.604614258 -328.187133789 1660.30859375 56.5084381104 -325.346038818 1294.24365234 -307.598876953 -619.513244629 1660.30859375
0.0320889949799 8 -425.10369873 -211.2840271 1472.77246094 -238.131958008 179.471801758 1513.44226074 -351.231445312 5.95338439941 1311.63891602 -315.494873047 -33.8730010986 1660.18798828 -222.10824585 -239.526031494 1194.71972656 -315.495269775 -325.199401855 1660.18798828 54.7705688477 -332.110046387 1302.19433594 -315.489532471 -616.525512695 1660.18798828
0.0319149494171 8 -426.987792969 -210.810974121 1474.27661133 -235.568939209 177.871292114 1518.86877441 -344.342254639 4.09768676758 1314.31274414 -322.080535889 -33.2654724121 1664.21508789 -220.505264282 -244.078063965 1199.77050781 -322.080932617 -324.591888428 1664.21508789 53.544052124 -340.017974854 1310.71325684 -322.075195312 -615.91796875 1664.21508789
0.036159992218 8 -428.438415527 -210.152084351 1477.37231445 -232.432281494 175.199066162 1522.13342285 -339.434020996 2.58424377441 1317.86865234 -324.704528809 -33.0766448975 1668.43164062 -217.766235352 -249.829193115 1205.85119629 -324.704925537 -324.403076172 1668.43164062 54.0140991211 -348.204681396 1322.23840332 -324.699188232 -615.729187012 1668.43164062
0.0318050384521 8 -430.995544434 -211.259033203 1478.87426758 -230.755157471 171.706680298 1526.27636719 -336.566467285 0.240737915039 1320.80737305 -327.907409668 -35.6051177979 1671.625 -215.448745728 -256.207336426 1212.87866211 -327.907806396 -326.931518555 1671.625 52.8556671143 -358.95690918 1334.15930176 -327.902069092 -618.257629395 1671.625
0.0319790840149 8 -429.713623047 -216.313964844 1480.88879395 -226.686859131 165.860412598 1528.34985352 -338.056762695 -2.97789001465 1323.60192871 -320.887023926 -44.0253753662 1673.56970215 -213.180328369 -262.472473145 1219.88635254 -320.887420654 -335.351806641 1673.56970215 51.340057373 -369.435699463 1346.94226074 -320.88168335 -626.67791748 1673.56970215
0.0360879898071 8 -429.321716309 -220.100097656 1482.00439453 -222.844970703 159.838256836 1529.89440918 -339.153076172 -5.13005065918 1326.05065918 -315.231994629 -51.5585784912 1674.98498535 -212.046127319 -269.119934082 1229.38024902 -315.232391357 -342.885009766 1674.98498535 49.3897247314 -380.440612793 1361.61071777 -315.226654053 -634.211120605 1674.98498535
0.0318279266357 8 -428.796478271 -222.883026123 1482.76965332 -218.574890137 154.47253418 1530.67431641 -338.794799805 -7.02412414551 1327.92468262 -310.198791504 -57.6976776123 1675.95568848 -208.983596802 -276.947753906 1239.12744141 -310.199188232 -349.024108887 1675.95568848 48.285446167 -394.120788574 1378.13818359 -310.193450928 -640.350219727 1675.95568848
0.0320580005646 8 -428.750610352 -225.137451172 1482.21362305 -215.136581421 149.443283081 1530.56591797 -337.758789062 -8.87030029297 1328.50866699 -305.597717285 -63.598449707 1675.6427002 -206.972396851 -286.360137939 1248.49304199 -305.598114014 -354.924865723 1675.6427002 46.9828491211 -406.351867676 1395.57543945 -305.592376709 -646.250976562 1675.6427002
0.0360209941864 8 -430.285339355 -228.641967773 1482.67687988 -211.458129883 142.649505615 1530.49987793 -335.056121826 -14.6535949707 1328.38000488 -306.984649658 -67.3172912598 1676.1673584 -204.036071777 -294.504547119 1260.1842041 -306.985046387 -358.643707275 1676.1673584 47.0150756836 -415.183929443 1416.05883789 -306.979309082 -649.969848633 1676.1673584
0.0320229530334 8 -432.163360596 -231.188659668 1483.75769043 -207.193756104 136.719070435 1530.95397949 -330.868835449 -20.3235321045 1329.07824707 -308.59173584 -70.5511322021 1677.60339355 -200.152679443 -305.017456055 1271.51989746 -308.592132568 -361.877563477 1677.60339355 47.7806396484 -426.854400635 1435.64050293 -308.586395264 -653.203674316 1677.60339355
0.0319681167603 8 -435.578063965 -235.802093506 1483.48291016 -204.407318115 128.431747437 1530.64172363 -326.74899292 -29.0545349121 1328.43652344 -314.538116455 -74.188079834 1678.05444336 -196.318969727 -314.70993042 1283.15454102 -314.538513184 -365.51449585 1678.05444336 46.3671569824 -440.628387451 1454.3203125 -314.532775879 -656.840576172 1678.05444336
0.0360858440399 8 -439.820678711 -241.568313599 1483.52172852 -203.35748291 119.74446106 1528.48498535 -324.510375977 -39.829208374 1326.60522461 -321.049743652 -77.3331451416 1677.26977539 -190.983856201 -324.978271484 1294.5098877 -321.050140381 -368.659545898 1677.26977539 47.5275421143 -451.003356934 1473.10473633 -321.044403076 -659.985656738 1677.26977539
0.0318660736084 8 -441.836181641 -244.706512451 1484.03210449 -200.42225647 113.339859009 1526.95043945 -322.128112793 -46.5551605225 1325.79711914 -322.813476562 -79.6762084961 1676.98535156 -186.33203125 -335.105102539 1305.73779297 -322.813873291 -371.002624512 1676.98535156 48.9195404053 -458.160552979 1492.19140625 -322.808135986 -662.328735352 1676.98535156
0.0323081016541 8 -445.976257324 -245.996795654 1482.79785156 -197.054046631 106.850509644 1525.9732666 -314.166168213 -55.612121582 1324.9095459 -332.486907959 -77.7935638428 1676.12878418 -181.702606201 -344.483459473 1315.1484375 -332.487304688 -369.119995117 1676.12878418 50.4291534424 -468.322906494 1505.20031738 -332.481567383 -660.446105957 1676.12878418
0.0361089706421 8 -452.294189453 -246.580718994 1482.27429199 -196.036621094 101.181900024 1525.35913086 -307.04095459 -66.0874176025 1324.81665039 -345.731933594 -73.0702056885 1674.64868164 -178.563583374 -353.510437012 1321.75610352 -345.732330322 -364.396606445 1674.64868164 49.8841094971 -476.283081055 1516.18286133 -345.726593018 -655.722717285 1674.64868164
0.0317280292511 8 -455.651489258 -251.631286621 1480.67626953 -195.975341797 93.1030731201 1523.77404785 -303.285308838 -76.2657470703 1323.93884277 -352.077911377 -75.9221191406 1672.85852051 -177.038009644 -360.073608398 1327.26660156 -352.078308105 -367.248535156 1672.85852051 48.7304992676 -482.110839844 1524.4152832 -352.072570801 -658.574645996 1672.85852051
0.0371379852295 8 -457.128051758 -253.66784668 1480.03930664 -193.912384033 89.3184661865 1517.99133301 -300.041625977 -84.0022125244 1321.56103516 -354.780883789 -74.3629302979 1669.65161133 -174.826171875 -365.26940918 1331.08410645 -354.781280518 -365.689331055 1669.65161133 48.4783325195 -488.781311035 1530.26794434 -354.775543213 -657.015441895 1669.65161133
0.0354130268097 8 -455.906890869 -257.639678955 1480.68603516 -190.88293457 86.7956848145 1510.16345215 -303.130584717 -88.1799163818 1317.73815918 -348.397064209 -78.1384735107 1667.3145752 -175.007247925 -369.475952148 1333.10449219 -348.397460938 -369.464904785 1667.3145752 47.1601104736 -494.270507812 1531.71911621 -348.391723633 -660.791015625 1667.3145752
0.0306730270386 8 -454.57019043 -260.050933838 1481.14477539 -188.959579468 85.189743042 1505.76171875 -306.163360596 -89.5982208252 1315.15905762 -342.210784912 -81.5581207275 1665.93029785 -175.556838989 -369.607849121 1333.13085938 -342.211181641 -372.884521484 1665.93029785 44.2906341553 -498.211791992 1529.27990723 -342.205444336 -664.210632324 1665.93029785
0.0301489830017 8 -451.981079102 -263.358551025 1480.51879883 -188.779983521 82.7169799805 1502.50817871 -311.017364502 -87.9154968262 1313.30053711 -333.360443115 -88.8906555176 1665.18920898 -176.211700439 -368.273223877 1331.56408691 -333.360839844 -380.217071533 1665.18920898 40.0938110352 -504.969665527 1525.39526367 -333.355102539 -671.543212891 1665.18920898
0.0358138084412 8 -449.531005859 -261.518737793 1482.61706543 -188.358215332 84.8144226074 1513.43664551 -310.52520752 -80.671875 1319.54248047 -329.378967285 -92.6695556641 1671.49536133 -178.136413574 -367.625366211 1329.23449707 -329.379364014 -383.99597168 1671.49536133 37.752746582 -508.262023926 1521.11437988 -329.373626709 -675.32208252 1671.49536133
0.0308141708374 8 -447.58190918 -259.307037354 1483.9666748 -188.931472778 88.1440124512 1518.93469238 -310.12298584 -75.397857666 1322.95214844 -327.20324707 -92.8480529785 1674.86889648 -178.06137085 -366.344451904 1325.60437012 -327.203643799 -384.174468994 1674.86889648 38.0191345215 -510.334564209 1515.46191406 -327.197906494 -675.500610352 1674.86889648
0.0359218120575 8 -445.774963379 -259.02911377 1483.91418457 -189.759475708 88.9451599121 1518.1829834 -311.908843994 -72.841796875 1322.46191406 -323.976104736 -93.1813354492 1674.47216797 -178.446868896 -364.7293396 1321.31616211 -323.976501465 -384.507751465 1674.47216797 38.4179992676 -514.067504883 1505.00488281 -323.97076416 -675.833862305 1674.47216797
0.0319581031799 8 -445.583618164 -258.882232666 1484.75756836 -192.571578979 90.9342346191 1521.31994629 -313.273956299 -70.5869903564 1324.43969727 -325.099456787 -93.2562255859 1676.36767578 -179.152435303 -364.941162109 1316.15808105 -325.099853516 -384.582641602 1676.36767578 40.2515106201 -518.95690918 1492.88745117 -325.094116211 -675.908752441 1676.36767578
0.0319941043854 8 -444.708312988 -257.578704834 1485.5847168 -193.64654541 93.8623504639 1526.38012695 -314.544372559 -66.4344177246 1326.88623047 -324.466064453 -93.3870697021 1678.57958984 -181.474731445 -362.587371826 1309.54785156 -324.466461182 -384.713500977 1678.57958984 41.4781799316 -520.128234863 1478.26757812 -324.460723877 -676.039611816 1678.57958984
0.0359129905701 8 -444.282653809 -257.409301758 1485.79077148 -194.395355225 94.7277984619 1527.91088867 -316.457305908 -63.8681640625 1328.09265137 -322.337677002 -95.3221893311 1679.50036621 -182.607696533 -360.439941406 1302.234375 -322.33807373 -386.648620605 1679.50036621 45.2916259766 -523.467285156 1460.33947754 -322.332336426 -677.974731445 1679.50036621
0.032084941864 8 -456.313049316 -250.707839966 1477.70605469 -196.193206787 94.6537475586 1523.36242676 -298.747406006 -78.3764801025 1324.60266113 -357.160797119 -73.1814422607 1669.06677246 -183.485488892 -357.264831543 1292.35595703 -357.161193848 -364.507873535 1669.06677246 48.5042877197 -527.466674805 1435.99768066 -357.155456543 -655.833984375 1669.06677246
0.0322248935699 8 -462.596588135 -246.183746338 1478.27246094 -197.122268677 96.1547393799 1526.12719727 -288.367614746 -86.801574707 1328.8651123 -376.411437988 -58.381149292 1666.3770752 -188.888183594 -354.130523682 1285.53369141 -376.411834717 -349.707580566 1666.3770752 45.6399230957 -535.310119629 1406.26525879 -376.406097412 -641.033691406 1666.3770752
0.0358481407166 8 -467.588684082 -245.202056885 1478.69995117 -198.12348938 95.5392913818 1527.8157959 -282.72454834 -95.1191711426 1331.82202148 -387.847717285 -51.1156311035 1663.75292969 -191.408355713 -352.763763428 1278.0949707 -387.848114014 -342.442047119 1663.75292969 45.7561798096 -540.830200195 1380.83618164 -387.842376709 -633.768188477 1663.75292969
0.0321509838104 8 -469.222198486 -243.857940674 1480.58728027 -198.776580811 94.9024353027 1532.43811035 -282.610839844 -94.52003479 1334.47375488 -390.68939209 -49.4334869385 1666.34655762 -191.309875488 -354.344726562 1270.68811035 -390.689788818 -340.759887695 1666.34655762 50.1283721924 -544.404663086 1358.92016602 -390.684051514 -632.085998535 1666.34655762
0.0317828655243 8 -470.868743896 -244.353851318 1479.60864258 -199.077850342 93.7059020996 1530.70214844 -281.118408203 -98.1828308105 1334.01977539 -393.708679199 -47.9735870361 1664.13085938 -196.575042725 -350.905639648 1263.84509277 -393.709075928 -339.299987793 1664.13085938 48.3099822998 -543.155273438 1336.32788086 -393.703338623 -630.626098633 1664.13085938
0.0360631942749 8 -471.779907227 -245.111877441 1479.21813965 -197.897567749 92.3817596436 1527.8449707 -280.604492188 -101.64704895 1332.62915039 -394.352294922 -46.9960479736 1661.90258789 -197.781738281 -351.991668701 1257.08813477 -394.35269165 -338.32244873 1661.90258789 51.0955200195 -543.458618164 1317.77612305 -394.346954346 -629.64855957 1661.90258789
0.031947851181 8 -473.315795898 -245.587249756 1479.01831055 -199.241638184 91.6053771973 1526.41589355 -281.123687744 -103.445236206 1332.36901855 -396.616455078 -46.2363891602 1660.74523926 -198.172698975 -353.750793457 1251.14282227 -396.616851807 -337.562805176 1660.74523926 54.2676544189 -543.520507812 1302.61120605 -396.611114502 -628.888916016 1660.74523926
0.0319840908051 8 -474.315826416 -245.742080688 1479.03100586 -201.008865356 92.4054412842 1525.70336914 -282.436553955 -103.684860229 1331.83618164 -398.148284912 -45.4945373535 1660.03833008 -199.480895996 -354.115997314 1245.84545898 -398.148681641 -336.820953369 1660.03833008 53.7298431396 -545.215820312 1288.59680176 -398.142944336 -628.147094727 1660.03833008
0.0386838912964 8 -473.769165039 -246.048706055 1478.83764648 -202.711700439 94.8060913086 1521.85388184 -284.044799805 -103.301223755 1329.52172852 -398.171051025 -44.036529541 1658.12353516 -201.515853882 -352.731292725 1241.16931152 -398.171447754 -335.362945557 1658.12353516 52.3355255127 -544.327819824 1278.57617188 -398.165710449 -626.689086914 1658.12353516
0.0316841602325 8 -472.134979248 -245.784332275 1480.9050293 -203.468505859 98.0289459229 1520.42419434 -289.170654297 -98.5743713379 1327.65820312 -392.406677246 -46.0086517334 1660.80615234 -203.160263062 -351.489624023 1237.5880127 -392.407073975 -337.335083008 1660.80615234 50.9824829102 -543.531005859 1271.34387207 -392.40133667 -628.661193848 1660.80615234
0.0308408737183 8 -472.849517822 -245.994049072 1481.43078613 -209.174926758 100.576477051 1522.25537109 -293.654968262 -94.6367492676 1327.74377441 -394.83581543 -46.3341522217 1662.23254395 -206.791625977 -347.230529785 1235.3795166 -394.836212158 -337.660583496 1662.23254395 46.2578735352 -541.379211426 1265.44543457 -394.830474854 -628.986694336 1662.23254395
0.0357370376587 8 -473.655456543 -248.618240356 1481.15795898 -219.765808105 103.309143066 1526.66540527 -299.043579102 -90.5192718506 1329.04187012 -400.745117188 -49.2143249512 1664.31384277 -209.475128174 -342.641235352 1234.26159668 -400.745513916 -340.540740967 1664.31384277 41.5166931152 -539.858703613 1261.65612793 -400.739776611 -631.866821289 1664.31384277
0.0317389965057 8 -468.342285156 -243.891876221 1483.85437012 -219.724182129 112.240997314 1526.31665039 -303.41317749 -78.9855804443 1328.36462402 -390.441741943 -47.9622039795 1668.5592041 -213.478912354 -337.418212891 1234.0859375 -390.442138672 -339.288635254 1668.5592041 35.9749603271 -536.977783203 1258.5925293 -390.436401367 -630.614746094 1668.5592041
0.0316710472107 8 -466.98034668 -241.541259766 1485.4387207 -224.554077148 118.867218018 1527.73571777 -308.861785889 -71.1416320801 1328.7598877 -388.501068115 -46.9856567383 1671.38220215 -219.814117432 -328.206481934 1235.51708984 -388.501464844 -338.312072754 1671.38220215 26.4868011475 -532.059204102 1255.64978027 -388.495727539 -629.638183594 1671.38220215
0.035740852356 8 -466.585266113 -238.255371094 1487.22875977 -230.520019531 126.943939209 1528.9864502 -313.152282715 -64.1358642578 1329.89221191 -389.406799316 -43.557220459 1673.64294434 -224.901168823 -321.179382324 1236.80407715 -389.407196045 -334.883636475 1673.64294434 19.3589935303 -527.754394531 1254.26013184 -389.40145874 -626.209716797 1673.64294434
0.0319941043854 8 -465.052856445 -232.53515625 1488.42651367 -234.812255859 137.006225586 1529.62255859 -316.020446777 -55.0747833252 1330.54016113 -390.176574707 -37.0220489502 1674.9720459 -229.971160889 -314.962890625 1237.81103516 -390.176971436 -328.348449707 1674.9720459 12.0093231201 -524.250366211 1255.10449219 -390.171234131 -619.674560547 1674.9720459
0.0319890975952 8 -465.118377686 -228.710479736 1488.94445801 -243.564117432 145.426559448 1532.94177246 -319.025634766 -47.6386566162 1332.37780762 -396.020996094 -31.8801422119 1676.36560059 -236.801818848 -307.246765137 1239.54528809 -396.021392822 -323.206542969 1676.36560059 1.62167358398 -520.526367188 1257.20214844 -396.015655518 -614.532653809 1676.36560059
0.035856962204 8 -465.850524902 -222.528198242 1488.95019531 -251.312683105 155.389755249 1538.08227539 -320.065612793 -38.6420288086 1335.375 -402.606567383 -25.461517334 1678.20581055 -243.603607178 -300.860656738 1240.67211914 -402.606964111 -316.78793335 1678.20581055 -9.46418762207 -518.564331055 1260.90039062 -402.601226807 -608.114013672 1678.20581055
0.0320098400116 8 -465.74029541 -217.012817383 1489.43164062 -261.091644287 164.924926758 1542.65063477 -322.793121338 -28.8980712891 1338.34069824 -408.970794678 -19.6500244141 1680.41540527 -251.973571777 -293.731201172 1241.36694336 -408.971191406 -310.97644043 1680.41540527 -24.3286132812 -517.710632324 1265.34655762 -408.965454102 -602.30255127 1680.41540527
0.032044172287 8 -463.901885986 -211.07434082 1490.93896484 -269.214569092 175.91645813 1548.91027832 -327.727111816 -16.9259185791 1341.32763672 -409.16595459 -15.8133392334 1684.58300781 -263.60055542 -285.909729004 1241.66271973 -409.166351318 -307.139770508 1684.58300781 -43.1698913574 -516.446655273 1269.61328125 -409.160614014 -598.465881348 1684.58300781
0.0358788967133 8 -459.125183105 -207.248855591 1491.14550781 -279.327453613 185.74772644 1556.94372559 -335.22668457 -3.26402282715 1344.32434082 -407.104858398 -15.9433746338 1689.16906738 -277.296722412 -275.29486084 1242.52990723 -407.105255127 -307.269775391 1689.16906738 -69.3574523926 -516.49395752 1272.78479004 -407.099517822 -598.59588623 1689.16906738
0.0321609973907 8 -456.093811035 -203.340957642 1490.75292969 -290.41809082 194.064178467 1563.54296875 -341.055786133 8.2825012207 1347.56848145 -407.679443359 -15.433013916 1692.9083252 -291.75012207 -263.759307861 1243.63623047 -407.679840088 -306.759429932 1692.9083252 -99.147567749 -516.86328125 1274.89685059 -407.674102783 -598.085571289 1692.9083252
0.0318520069122 8 -449.169006348 -197.159942627 1487.14013672 -298.880187988 205.046035767 1571.81530762 -344.576782227 23.1083831787 1349.18432617 -406.077514648 -13.5328826904 1694.296875 -308.374298096 -253.137985229 1244.11645508 -406.077911377 -304.859313965 1694.296875 -131.668655396 -517.249206543 1276.66162109 -406.072174072 -596.185424805 1694.296875
0.0359480381012 8 -438.356201172 -193.45401001 1486.2590332 -309.526550293 214.560028076 1578.13537598 -355.607116699 37.3167419434 1351.4609375 -394.315856934 -14.9196166992 1697.11254883 -325.44519043 -240.81552124 1244.1217041 -394.316253662 -306.246032715 1697.11254883 -167.588058472 -516.432739258 1275.64953613 -394.310516357 -597.572143555 1697.11254883
0.0319268703461 8 -431.356842041 -184.877792358 1481.2878418 -318.896881104 223.325927734 1584.62658691 -371.568939209 56.9248199463 1354.54907227 -381.89364624 -15.3159942627 1697.87084961 -341.678741455 -227.754928589 1244.18493652 -381.894042969 -306.64239502 1697.87084961 -203.949111938 -514.063903809 1272.73876953 -381.888305664 -597.968505859 1697.87084961
0.0319950580597 8 -421.221008301 -177.764694214 1469.48986816 -328.063293457 229.391235352 1591.79785156 -384.80758667 75.0267791748 1356.72387695 -369.017303467 -19.9119110107 1693.7734375 -357.718414307 -206.330001831 1248.21984863 -369.017700195 -311.238342285 1693.7734375 -245.750900269 -503.776855469 1259.41516113 -369.011962891 -602.564453125 1693.7734375
0.0360860824585 8 -414.177856445 -170.519439697 1457.34777832 -336.916168213 233.978118896 1598.21435547 -402.712860107 90.7784500122 1360.3104248 -354.081390381 -24.3320922852 1687.2220459 -371.164764404 -186.192871094 1251.89440918 -354.081787109 -315.658508301 1687.2220459 -281.738708496 -491.12701416 1245.10949707 -354.076049805 -606.984619141 1687.2220459
0.0319819450378 8 -412.729980469 -162.787628174 1449.13378906 -344.665405273 238.454650879 1604.74328613 -418.151184082 103.651344299 1365.6105957 -345.274841309 -25.9074249268 1683.03344727 -385.651611328 -166.692108154 1257.18212891 -345.275238037 -317.233825684 1683.03344727 -313.48260498 -475.84085083 1234.54052734 -345.269500732 -608.559936523 1683.03344727
0.0320310592651 8 -413.346405029 -157.002563477 1448.98925781 -354.322357178 241.924575806 1614.33544922 -426.434387207 111.739471436 1372.26953125 -346.515563965 -24.6747436523 1686.27124023 -395.617736816 -152.017791748 1263.78625488 -346.515960693 -316.001159668 1686.27124023 -342.000823975 -463.748321533 1226.61828613 -346.510223389 -607.327270508 1686.27124023
0.035758972168 8 -414.444335938 -151.366073608 1450.63500977 -361.867858887 246.079910278 1619.95300293 -440.659240723 118.124900818 1379.50402832 -339.667480469 -20.5808868408 1686.59289551 -408.647216797 -138.716827393 1266.61437988 -339.667877197 -311.907287598 1686.59289551 -355.102050781 -452.254180908 1238.12219238 -339.662139893 -603.233398438 1686.59289551
0.0370309352875 8 -416.186859131 -149.224822998 1452.16894531 -367.917175293 247.73324585 1622.40905762 -449.274841309 120.283508301 1383.11108398 -337.429504395 -18.2808837891 1687.00878906 -418.365631104 -129.302841187 1272.58276367 -337.429901123 -309.607299805 1687.00878906 -374.811767578 -441.802612305 1224.5769043 -337.424163818 -600.933410645 1687.00878906
0.0311679840088 8 -417.899841309 -148.923843384 1456.22998047 -373.143951416 249.488922119 1624.11950684 -458.954803467 119.548286438 1387.00646973 -335.948883057 -15.2283477783 1688.53259277 -428.369232178 -126.127113342 1275.04199219 -335.949279785 -306.554748535 1688.53259277 -398.365936279 -437.108215332 1210.24597168 -335.94354248 -597.880859375 1688.53259277
0.0353510379791 8 -418.895324707 -152.184936523 1461.90783691 -379.554138184 249.098052979 1624.57275391 -456.153839111 115.108329773 1386.07116699 -344.816192627 -14.3497314453 1694.49987793 -437.527313232 -128.292205811 1274.35668945 -344.816589355 -305.676147461 1694.49987793 -416.383026123 -438.254119873 1199.83532715 -344.810852051 -597.002258301 1694.49987793
0.0317931175232 8 -418.490905762 -153.691467285 1466.88623047 -383.065643311 250.280990601 1625.31005859 -459.360473633 112.31439209 1388.2064209 -345.06439209 -12.4071350098 1697.68371582 -447.74597168 -134.53666687 1271.68603516 -345.064788818 -303.733551025 1697.68371582 -425.551757812 -443.758117676 1192.6126709 -345.059051514 -595.059692383 1697.68371582
0.0348098278046 8 -418.269287109 -153.055969238 1470.34326172 -388.356109619 251.317047119 1628.61206055 -466.559051514 112.053344727 1392.85424805 -342.824981689 -10.3567504883 1699.61328125 -455.209503174 -138.133544922 1269.1920166 -342.825378418 -301.683166504 1699.61328125 -432.286499023 -447.113616943 1188.37878418 -342.819641113 -593.009277344 1699.61328125
0.0316209793091 8 -419.987701416 -150.807678223 1467.98999023 -392.526550293 251.685256958 1630.26428223 -472.930541992 114.445602417 1394.03564453 -342.472900391 -9.47233581543 1697.44042969 -460.994995117 -138.001342773 1267.30493164 -342.473297119 -300.79876709 1697.44042969 -437.067565918 -446.453155518 1184.30859375 -342.467559814 -592.12487793 1697.44042969
0.0317921638489 8 -420.086853027 -149.299240112 1469.67285156 -396.053344727 252.987579346 1631.61889648 -476.220428467 115.46673584 1396.20385742 -342.641082764 -7.3212890625 1698.78930664 -465.429138184 -136.082336426 1266.79797363 -342.641479492 -298.647705078 1698.78930664 -438.842651367 -443.526733398 1180.7598877 -342.635742188 -589.973815918 1698.78930664
0.0348930358887 8 -419.995178223 -149.618041992 1469.44091797 -398.409118652 252.70765686 1631.31347656 -475.989196777 115.100151062 1395.59484863 -344.356750488 -7.55928039551 1699.14221191 -468.955627441 -133.874206543 1267.42993164 -344.357147217 -298.885681152 1699.14221191 -440.640411377 -439.893493652 1176.94055176 -344.351409912 -590.211791992 1699.14221191
