0.0315220355988 8 650.944030762 -112.269676208 1562.21655273 668.344482422 244.535949707 1594.46838379 681.893554688 34.2553405762 1737.94226074 679.982055664 36.3584442139 1387.93713379 614.406677246 -148.514068604 1756.93359375 694.116760254 -142.299682617 1335.65905762 579.596496582 -349.103912354 1836.20031738 659.041259766 -392.457824707 1267.71166992
0.0324678421021 8 649.893676758 -111.727844238 1562.46777344 668.480163574 243.367019653 1594.53894043 679.681213379 35.7663803101 1737.12414551 677.026306152 44.9351272583 1395.5333252 613.910522461 -152.957763672 1753.6427002 695.892883301 -135.22567749 1333.16320801 579.553833008 -349.297058105 1839.13098145 660.056945801 -392.373931885 1272.72290039
0.0318121910095 8 649.416809082 -113.394599915 1563.85510254 668.907592773 242.59552002 1594.27502441 680.380065918 37.5713882446 1737.22521973 675.266296387 41.1450881958 1392.81188965 604.395202637 -159.413604736 1758.08190918 694.477966309 -133.157470703 1329.0423584 583.731994629 -347.402526855 1838.03112793 654.053405762 -400.390960693 1266.79833984
0.0358598232269 8 648.870544434 -110.678588867 1566.30334473 669.046936035 242.542282104 1594.37609863 681.251037598 43.5521850586 1735.53808594 671.679382324 47.1122131348 1398.79882812 605.970397949 -154.972305298 1756.95288086 693.002258301 -134.072799683 1329.05175781 579.499145508 -339.408813477 1828.92260742 651.419616699 -404.296447754 1265.1706543
0.0320680141449 8 648.352844238 -111.440551758 1565.79467773 668.948486328 242.997238159 1594.50317383 678.543640137 44.8300247192 1733.66650391 672.42376709 42.9506759644 1395.21704102 606.199523926 -156.481567383 1757.94030762 691.502380371 -129.351043701 1328.54467773 576.866149902 -337.85369873 1827.5324707 650.261962891 -402.162200928 1264.04333496
0.032210111618 8 651.377380371 -110.438316345 1568.38659668 668.74810791 242.968139648 1594.67907715 679.202697754 44.3203887939 1731.23120117 683.723205566 49.8566589355 1411.85546875 609.417602539 -154.525863647 1764.70568848 691.445983887 -124.645767212 1332.18261719 572.771789551 -337.848266602 1824.98010254 648.567749023 -400.644897461 1263.44470215
0.0357868671417 8 651.679992676 -109.017593384 1569.95800781 668.180603027 242.899612427 1594.90722656 679.282043457 48.3349914551 1731.0925293 686.072937012 50.5672607422 1412.36450195 613.170654297 -148.697570801 1769.83703613 691.096313477 -124.361923218 1335.49353027 572.273803711 -332.210571289 1827.41088867 646.427368164 -405.9453125 1264.64465332
0.0354690551758 8 646.749572754 -94.3032608032 1565.69848633 667.946472168 244.101501465 1595.15258789 669.74206543 83.8207092285 1724.67456055 676.356079102 73.1554718018 1396.55029297 620.419250488 -125.743377686 1778.49780273 687.321472168 -131.995941162 1336.65759277 567.465393066 -312.145904541 1808.88195801 643.311645508 -417.080322266 1266.52600098
0.0284340381622 8 648.240905762 -98.2074432373 1566.90808105 667.642822266 244.889099121 1596.1574707 672.452148438 75.191368103 1725.91442871 679.174316406 65.2004165649 1398.74963379 617.200561523 -127.518959045 1774.921875 689.666809082 -129.191131592 1338.28393555 563.3515625 -310.081542969 1807.41149902 642.388427734 -419.718933105 1265.70568848
0.0355989933014 8 650.383911133 -104.399116516 1570.50097656 666.92010498 245.400421143 1596.44616699 685.979553223 57.0678100586 1746.67480469 673.399475098 57.3474273682 1392.50073242 607.171936035 -151.69720459 1765.64099121 694.591247559 -135.568786621 1339.05847168 557.954956055 -296.864349365 1807.6986084 648.635498047 -424.363433838 1266.43395996
0.032016992569 8 654.716796875 -110.011489868 1570.91113281 666.884033203 245.427322388 1596.16491699 692.551208496 55.4188766479 1744.97705078 670.148010254 61.5974197388 1399.41845703 616.721130371 -144.57510376 1767.98083496 687.288269043 -130.511993408 1339.8503418 568.411682129 -301.530395508 1802.76647949 639.579467773 -421.440551758 1268.85546875
0.0320930480957 8 655.31854248 -109.234481812 1571.61010742 667.319458008 245.112503052 1596.12268066 692.846313477 51.5211410522 1745.65039062 672.536010742 62.420753479 1404.94091797 617.43359375 -143.842681885 1767.29016113 688.294921875 -129.437530518 1338.82006836 566.751708984 -303.707763672 1802.48986816 640.291503906 -419.242950439 1268.96325684
0.0398509502411 8 653.348083496 -105.688652039 1571.05786133 667.606384277 245.280273438 1596.17675781 690.738464355 50.1899871826 1744.88415527 674.289489746 62.0513000488 1405.72058105 618.114562988 -157.48008728 1763.08544922 690.838745117 -128.739364624 1338.71875 568.906188965 -309.372772217 1810.29101562 640.962097168 -416.705444336 1267.6472168
0.0286059379578 8 652.602905273 -103.960029602 1570.28173828 667.246276855 245.458862305 1595.95300293 690.045410156 50.3711166382 1743.70385742 675.099365234 62.2472457886 1405.46606445 618.817504883 -159.433563232 1762.95983887 691.683837891 -129.962585449 1338.92236328 572.462341309 -315.865844727 1817.39440918 640.790283203 -416.176269531 1267.52478027
0.0320489406586 8 652.028503418 -97.7909164429 1567.1505127 666.872558594 245.830871582 1596.49829102 685.787719727 65.2387542725 1731.25671387 676.166015625 71.2691955566 1407.5098877 620.99810791 -160.757080078 1766.39868164 689.59552002 -123.702392578 1337.04760742 575.106323242 -324.393249512 1820.01977539 639.618469238 -411.292938232 1267.60876465
0.0356380939484 8 651.670349121 -96.92552948 1566.75683594 666.296936035 246.068054199 1597.22473145 685.997619629 59.4963378906 1734.73535156 676.981750488 74.2008514404 1412.03808594 628.25592041 -137.587387085 1794.57055664 688.189086914 -120.404678345 1335.23059082 575.382751465 -330.826049805 1815.67016602 638.352539062 -411.393920898 1267.8848877
0.0319819450378 8 651.882202148 -96.7668991089 1567.91711426 666.625244141 246.219818115 1597.41784668 685.85333252 63.2119293213 1734.69677734 675.168884277 73.8319702148 1410.06787109 627.434265137 -131.852096558 1797.3972168 687.974182129 -121.898773193 1335.75708008 573.426391602 -329.085144043 1817.28222656 640.965942383 -410.404937744 1267.36169434
0.0321509838104 8 653.12487793 -91.5685272217 1569.12268066 666.978515625 246.559310913 1597.38830566 688.797424316 70.4514312744 1734.01757812 678.141052246 81.774307251 1414.07543945 628.242797852 -136.802841187 1785.64587402 686.240905762 -108.151885986 1332.46740723 573.862976074 -325.890075684 1820.9440918 640.538879395 -413.782653809 1268.08837891
0.0357811450958 8 652.297912598 -89.6013183594 1569.12841797 666.412902832 247.025482178 1597.30334473 688.356811523 73.352432251 1732.80480957 676.829833984 83.852645874 1414.35144043 657.411804199 -148.249511719 1773.75842285 687.130432129 -114.318984985 1334.27893066 569.336914062 -321.372589111 1826.43139648 644.494750977 -412.673828125 1266.45471191
0.0322558879852 8 648.543518066 -95.349357605 1563.91699219 666.278137207 247.105010986 1597.25134277 684.209228516 63.1433105469 1729.99645996 669.137939453 67.3328399658 1399.34289551 643.527893066 -155.479705811 1780.30249023 690.239685059 -108.258163452 1333.52453613 572.252197266 -338.411437988 1832.50476074 645.883728027 -405.695373535 1265.43054199
0.0356421470642 8 645.75567627 -101.220428467 1560.74389648 665.952026367 247.055130005 1597.00219727 677.636108398 58.0630493164 1720.62390137 664.842041016 51.8334655762 1392.93664551 650.177246094 -155.400024414 1787.20666504 690.153442383 -127.07749939 1335.24951172 572.126098633 -335.856994629 1833.63623047 644.802734375 -407.807434082 1264.11486816
0.0319719314575 8 643.141540527 -97.0735321045 1556.34436035 665.175537109 247.95425415 1596.86071777 672.829040527 49.870475769 1726.1619873 671.487609863 57.8636550903 1393.54772949 650.79675293 -161.689300537 1793.58496094 697.015563965 -111.156776428 1331.32641602 563.149047852 -344.681884766 1834.69641113 653.703552246 -398.73135376 1262.45556641
0.0321390628815 8 643.671813965 -97.5379867554 1558.77587891 665.175720215 248.100402832 1596.94006348 673.318054199 50.1896209717 1727.87890625 669.631652832 57.1317443848 1395.37011719 624.708129883 -171.069503784 1773.10754395 695.802001953 -113.303665161 1331.56298828 572.723205566 -342.341247559 1839.72839355 653.302856445 -398.970947266 1263.92236328
0.0362529754639 8 643.097351074 -99.6265869141 1557.5456543 665.472167969 247.879074097 1596.8425293 672.347290039 48.4378356934 1725.89624023 665.631347656 52.691986084 1391.98071289 654.482910156 -182.354370117 1738.95214844 693.90637207 -127.40222168 1328.80639648 571.344055176 -336.65435791 1847.71252441 649.848693848 -405.232910156 1264.42163086
0.0320858955383 8 643.751708984 -103.299545288 1556.36169434 666.017089844 247.453094482 1595.59008789 672.145019531 46.4489593506 1725.6439209 665.841186523 49.1798858643 1388.58435059 653.95880127 -179.923950195 1743.23950195 693.292724609 -136.141082764 1328.26696777 574.323608398 -338.066894531 1848.07373047 646.709655762 -411.590454102 1263.10656738
0.0319790840149 8 645.010803223 -105.198722839 1558.39990234 666.414916992 246.688812256 1594.81286621 673.999511719 47.1628570557 1729.17211914 668.027832031 50.7670593262 1389.98876953 640.387878418 -176.201049805 1753.35998535 693.401000977 -136.347320557 1329.31896973 577.590576172 -344.731719971 1848.02282715 647.066772461 -412.16583252 1262.7322998
0.0359020233154 8 641.910705566 -102.522628784 1560.52246094 666.48815918 246.525802612 1594.38464355 668.113708496 51.1513137817 1728.40368652 676.184143066 47.1746139526 1390.51550293 626.608398438 -169.273986816 1758.9107666 700.113769531 -133.512390137 1331.07348633 574.971008301 -336.215637207 1848.31298828 653.238891602 -415.140380859 1263.1184082
0.0318720340729 8 646.32635498 -107.903381348 1567.80786133 666.411682129 246.316955566 1594.12036133 670.320922852 57.4493408203 1727.21740723 681.474975586 34.195098877 1389.19885254 628.554626465 -156.579879761 1766.95983887 698.46282959 -147.042098999 1333.24414062 571.370361328 -336.372375488 1834.70239258 646.307983398 -427.081604004 1267.23779297
0.0322799682617 8 649.648620605 -95.4086227417 1574.42980957 666.33795166 246.192962646 1593.81945801 669.293212891 79.3098449707 1718.66149902 686.770996094 29.1532745361 1387.8248291 613.150085449 -142.539810181 1767.31311035 703.778259277 -174.53503418 1345.76049805 561.189147949 -338.153747559 1824.82141113 655.379821777 -434.071258545 1266.02746582
0.0358948707581 8 647.721801758 -91.1026687622 1580.62365723 666.780212402 246.802398682 1593.82458496 665.662841797 82.6662216187 1720.77868652 687.493530273 20.0541305542 1390.29968262 611.58026123 -134.725982666 1764.17102051 704.877807617 -195.673034668 1351.98803711 555.926696777 -334.164245605 1815.26049805 656.47454834 -442.249603271 1271.42041016
0.0318191051483 8 651.454406738 -103.007377625 1580.9876709 667.197692871 247.497375488 1593.03625488 669.793640137 74.4823074341 1723.84216309 686.552062988 22.8572387695 1393.44445801 616.602050781 -141.624145508 1765.91796875 700.090637207 -194.430923462 1355.38671875 556.984802246 -344.319366455 1809.69042969 650.355957031 -439.822937012 1269.74291992
0.0319838523865 8 653.319335938 -111.696968079 1584.60754395 667.8984375 247.691070557 1591.53479004 671.632873535 65.2586288452 1732.45227051 686.687072754 19.6432189941 1397.14294434 619.860229492 -138.795166016 1765.39416504 701.588623047 -198.550613403 1358.09899902 507.997558594 -436.810546875 1726.03271484 648.333984375 -447.281555176 1273.89196777
0.0358710289001 8 660.112182617 -115.529907227 1588.16601562 669.509155273 247.406600952 1589.20397949 679.049804688 62.93699646 1735.59912109 701.82421875 20.4656524658 1404.56103516 626.629394531 -136.073104858 1767.17858887 701.520446777 -158.577972412 1354.04602051 503.641174316 -432.186828613 1723.27612305 646.012390137 -447.394714355 1275.4564209
0.0320060253143 8 662.111755371 -98.564666748 1611.94238281 670.885253906 246.472106934 1586.875 690.610168457 88.5990905762 1725.62988281 705.88458252 0.455017089844 1419.46826172 617.433776855 -130.557189941 1741.23010254 689.27142334 -169.32232666 1361.5045166 404.58795166 -401.317443848 1587.44348145 638.293334961 -462.474090576 1282.24060059
0.0321850776672 8 663.77947998 -101.13835144 1595.14892578 677.320007324 244.341506958 1578.50683594 686.439331055 71.9440078735 1726.52062988 709.124023438 17.5979003906 1417.45544434 605.754211426 -155.897521973 1727.6262207 693.693481445 -171.866928101 1360.01184082 370.631500244 -388.111022949 1586.95751953 637.894348145 -445.91784668 1283.21057129
0.0412809848785 8 664.127807617 -107.651298523 1588.44580078 676.811645508 244.383270264 1581.03588867 681.543945312 61.0391082764 1727.671875 710.434204102 18.8983764648 1415.28540039 580.302185059 -174.415969849 1721.25708008 705.74597168 -172.781066895 1363.1295166 330.844329834 -348.868927002 1581.14599609 645.727600098 -450.633056641 1280.34863281
0.0431270599365 8 666.662353516 -115.964530945 1576.61425781 683.339904785 241.209686279 1574.83239746 675.82232666 45.1562805176 1729.34338379 717.152526855 29.5402679443 1416.46105957 551.811584473 -191.844055176 1736.14489746 708.085388184 -173.797393799 1363.15625 299.357727051 -311.648406982 1573.23742676 649.957092285 -443.724212646 1280.89697266
0.0304939746857 8 661.337768555 -125.813537598 1563.18347168 685.596130371 240.450653076 1572.34521484 679.618652344 27.2055740356 1715.75549316 704.267089844 21.8887939453 1410.31652832 544.789794922 -186.617828369 1737.29663086 700.407043457 -191.347824097 1364.68945312 285.119293213 -259.95690918 1580.85644531 645.015258789 -456.693725586 1280.28869629
0.0301039218903 8 659.824035645 -127.340682983 1555.58300781 688.186035156 238.492660522 1570.53991699 679.229614258 17.1858673096 1719.18017578 695.116699219 27.6385650635 1404.70458984 541.381774902 -197.53868103 1737.62365723 695.417541504 -185.826583862 1361.05615234 267.817871094 -211.737411499 1576.31970215 640.925964355 -453.098876953 1280.34790039
0.0305681228638 8 654.193725586 -129.283325195 1548.8828125 691.410522461 236.387359619 1568.7701416 674.611877441 7.94674682617 1720.53173828 684.337463379 27.9876403809 1396.99658203 532.111877441 -208.870574951 1731.59985352 698.40045166 -169.67124939 1348.04394531 255.624816895 -180.876724243 1578.19226074 644.621337891 -441.757385254 1280.71313477
0.031229019165 8 648.411987305 -129.950180054 1545.32861328 694.154541016 235.262237549 1568.17285156 670.536499023 6.29127502441 1721.81323242 669.231079102 27.651725769 1387.44848633 524.325744629 -211.252670288 1727.06274414 699.664916992 -167.891021729 1352.18273926 239.88067627 -134.751098633 1573.88134766 645.312683105 -439.828735352 1279.50463867
0.0353357791901 8 646.403442383 -107.833831787 1555.09130859 695.303222656 235.264587402 1568.45812988 681.917236328 49.3716659546 1718.25158691 647.966064453 37.554359436 1377.73352051 511.763977051 -174.776123047 1722.53979492 705.637878418 -170.447723389 1366.30273438 233.499145508 -83.0640258789 1575.4152832 644.423583984 -454.349304199 1278.63171387
0.030837059021 8 651.323486328 -110.141555786 1559.52331543 696.649963379 236.23576355 1568.19238281 683.923217773 47.8889923096 1722.81896973 657.474243164 18.1403656006 1369.2401123 508.969970703 -175.359817505 1728.29760742 694.416748047 -54.6382522583 1409.15039062 225.471588135 -64.890411377 1577.61242676 653.651123047 -424.006774902 1279.16235352
0.0312609672546 8 649.406982422 -102.129180908 1563.6036377 697.683349609 237.344085693 1568.23876953 677.397644043 55.8071365356 1733.21508789 658.011291504 28.4391098022 1370.28222656 503.037597656 -158.516906738 1736.79614258 700.147949219 -86.116645813 1395.55236816 229.456542969 -40.6695404053 1586.16259766 652.972167969 -427.251647949 1279.07910156
0.0356180667877 8 646.845947266 -93.6387634277 1562.48840332 698.805541992 238.642883301 1567.93286133 670.476196289 60.3157653809 1734.18969727 659.098754883 40.0433044434 1373.48950195 490.91229248 -143.309402466 1737.30554199 704.285888672 -102.606384277 1387.96813965 216.295074463 -2.5030670166 1564.45202637 656.194824219 -426.383361816 1280.25891113
0.031672000885 8 639.899597168 -80.9235534668 1557.50793457 701.663391113 239.344680786 1566.30871582 663.372558594 68.4186096191 1723.06164551 655.463745117 47.7026977539 1374.54602051 481.927612305 -124.989318848 1729.53955078 703.387573242 -118.928497314 1377.89697266 216.024993896 14.4586334229 1567.36035156 653.323181152 -428.102416992 1280.87866211
0.0316069126129 8 635.921203613 -81.7430801392 1546.91833496 702.723388672 240.024780273 1565.11352539 659.773254395 62.5804824829 1705.09838867 654.99822998 50.8872756958 1378.20458984 458.554229736 -89.3366317749 1716.50195312 700.664367676 -130.165863037 1378.59997559 217.993331909 44.5793228149 1561.30444336 651.734436035 -435.686981201 1285.30114746
0.0356900691986 8 635.905822754 -74.3393554688 1548.16577148 704.541259766 241.303604126 1563.61865234 660.321533203 74.2966156006 1706.0435791 649.469238281 58.3347015381 1375.45861816 450.415771484 -67.1634674072 1710.40527344 702.31451416 -139.771331787 1374.50610352 219.556213379 69.8573303223 1559.91113281 658.962890625 -429.460144043 1287.640625
0.0314581394196 8 634.951721191 -69.872177124 1548.34606934 705.50177002 241.739471436 1563.23815918 657.840026855 80.4049301147 1706.67126465 646.962219238 61.8710708618 1373.20812988 443.22946167 -51.7979202271 1706.67626953 704.11730957 -144.980957031 1373.4140625 218.379730225 95.7773666382 1556.43676758 662.33203125 -431.772766113 1289.40039062
0.0314300060272 8 638.07421875 -78.89453125 1549.41271973 706.349304199 242.276092529 1563.54223633 657.676208496 78.2412338257 1701.84326172 641.074645996 53.6447219849 1374.09814453 438.608825684 -32.4897689819 1699.63366699 698.675415039 -146.068359375 1375.53295898 228.117599487 111.413887024 1558.8614502 657.279846191 -432.318511963 1290.39770508
0.0359349250793 8 635.823974609 -77.2608184814 1548.12451172 708.075866699 242.357681274 1562.53588867 645.290100098 84.6197967529 1691.13989258 640.51373291 51.1550140381 1374.24047852 426.405334473 -16.3658676147 1691.26611328 695.735168457 -151.116271973 1376.48059082 229.640869141 130.133758545 1560.69506836 655.647583008 -435.569091797 1291.12780762
0.0314800739288 8 634.044433594 -77.3273468018 1545.88928223 709.39465332 241.758621216 1561.51416016 639.248413086 89.6919326782 1684.29467773 637.977539062 48.9156417847 1369.46435547 410.027282715 2.4674987793 1684.33361816 694.780090332 -161.789978027 1373.58825684 225.418563843 165.027526855 1555.64172363 655.580932617 -431.489074707 1293.67504883
0.0318658351898 8 635.483459473 -77.3123931885 1546.28356934 710.415466309 241.507629395 1560.87683105 642.468261719 90.8622741699 1687.50549316 638.304077148 48.7367858887 1366.34265137 402.336486816 13.9891815186 1680.6973877 694.468017578 -164.648864746 1371.73706055 226.908798218 183.258621216 1558.56713867 655.828125 -428.619140625 1295.44897461
0.0358240604401 8 635.487548828 -77.8346405029 1546.34936523 711.380065918 241.825393677 1559.95227051 644.217346191 91.0815887451 1689.48120117 636.824157715 49.14503479 1364.77319336 399.255187988 27.5209846497 1681.06152344 694.110473633 -165.582611084 1370.93566895 226.481124878 200.870132446 1560.59301758 655.87701416 -427.632293701 1295.64770508
0.0316059589386 8 631.665710449 -72.7586364746 1541.61608887 712.512207031 242.575546265 1558.21887207 637.962341309 106.212677002 1688.37280273 629.479064941 57.3029174805 1350.07739258 392.845092773 64.4862213135 1683.37792969 696.877502441 -166.789718628 1367.87512207 224.662399292 237.488113403 1561.6673584 656.637390137 -453.526062012 1291.57336426
0.0325241088867 8 625.588623047 -72.3063964844 1534.71459961 713.329223633 243.060379028 1556.55322266 630.588928223 98.3699264526 1687.42211914 633.814758301 63.0291824341 1350.07568359 378.44519043 76.5428161621 1678.27783203 701.696533203 -148.678344727 1367.09289551 217.363418579 246.987808228 1560.04162598 661.578674316 -442.941436768 1292.86364746
0.0361008644104 8 626.273620605 -77.3428268433 1534.80187988 713.968688965 243.19821167 1556.19470215 630.407775879 90.3760375977 1684.6472168 635.604919434 59.7437896729 1356.69946289 376.82635498 87.8416748047 1672.66369629 698.916564941 -150.559112549 1369.32470703 223.656280518 251.1668396 1564.25146484 658.91986084 -438.939666748 1291.64001465
0.0367791652679 8 626.233215332 -79.9886474609 1535.02941895 714.665161133 242.974441528 1556.20703125 629.770263672 87.1420211792 1685.36071777 635.208374023 58.4820327759 1358.13977051 376.108581543 96.2481994629 1671.37365723 697.965209961 -153.519348145 1370.65393066 224.650665283 260.966949463 1566.89733887 658.267883301 -437.559051514 1292.01916504
0.0364968776703 8 624.977600098 -78.9224090576 1533.89526367 715.519348145 242.90763855 1556.23303223 628.375061035 87.9856719971 1685.71105957 632.814758301 60.64402771 1356.75793457 379.54901123 107.698379517 1673.9876709 698.319335938 -156.07232666 1371.23144531 226.238632202 277.779571533 1559.39477539 657.748596191 -438.559448242 1291.0291748
0.0312190055847 8 631.022644043 -75.2748031616 1543.44396973 716.576538086 243.2840271 1555.52514648 634.376403809 83.0961456299 1690.55639648 651.015319824 79.0205688477 1393.35131836 388.235870361 106.372756958 1678.31335449 691.469726562 -145.118179321 1368.15844727 232.260574341 286.982421875 1571.05163574 650.772827148 -431.176696777 1288.5032959
0.0317370891571 8 634.410949707 -69.415802002 1547.99462891 717.545898438 244.75491333 1554.54528809 639.244873047 90.1374893188 1696.2611084 659.239257812 95.0398788452 1407.27722168 397.056518555 119.14163208 1683.88012695 687.803344727 -146.520690918 1361.20324707 234.263809204 303.782104492 1579.22912598 647.089172363 -440.564849854 1283.46838379
0.0350708961487 8 639.67199707 -53.8672294617 1554.25146484 717.666687012 245.859786987 1554.14941406 641.950195312 111.55380249 1708.35827637 671.017211914 121.603645325 1415.16320801 405.589050293 145.749603271 1700.27539062 692.127197266 -128.738525391 1348.37158203 240.882476807 339.512512207 1599.59606934 647.019226074 -454.753143311 1272.61645508
0.0315809249878 8 639.219543457 -60.1353378296 1550.03894043 717.976013184 247.055114746 1552.98681641 642.686889648 105.018218994 1702.9387207 671.071533203 109.47013855 1405.52099609 409.715148926 144.096542358 1698.59350586 688.104614258 -134.296401978 1352.36987305 242.49710083 342.956176758 1598.07702637 644.632751465 -447.729003906 1275.67016602
0.031524181366 8 638.507629395 -62.1973075867 1548.46362305 718.204833984 247.253356934 1552.78466797 641.739440918 103.156593323 1703.78674316 671.118469238 111.506988525 1406.1932373 410.633880615 148.146484375 1700.68920898 683.841369629 -122.114776611 1347.56506348 245.276489258 358.963256836 1600.13342285 646.332763672 -438.691955566 1277.9107666
0.0350468158722 8 638.213256836 -62.2068481445 1548.39672852 718.977844238 247.636352539 1552.48413086 640.824462891 101.417495728 1705.58508301 670.455078125 112.074508667 1406.7130127 409.566040039 150.284179688 1701.66101074 680.664550781 -117.323944092 1344.54309082 251.395202637 368.625091553 1605.35437012 650.610351562 -387.987121582 1285.07250977
0.0311541557312 8 637.868225098 -43.73097229 1565.01855469 719.956298828 249.108795166 1552.18676758 639.813476562 122.990325928 1740.14990234 668.563110352 162.804168701 1443.06884766 410.121643066 183.970077515 1733.48730469 680.151672363 -135.265991211 1314.85388184 247.417297363 410.768493652 1637.63635254 653.435241699 -409.549194336 1258.08374023
0.0319159030914 8 642.34185791 -43.5605010986 1560.20202637 720.799072266 249.706359863 1552.0447998 644.290405273 119.667518616 1734.35668945 679.333374023 155.677429199 1434.05615234 415.849914551 186.969146729 1729.02246094 674.927124023 -125.822692871 1320.33483887 241.200515747 417.436828613 1632.55456543 647.583251953 -408.453979492 1259.87841797
0.0359320640564 8 650.657836914 -41.8574829102 1555.54516602 721.573486328 250.296020508 1551.79138184 653.651306152 106.308456421 1733.1340332 696.189758301 152.371749878 1438.49121094 427.51751709 182.168792725 1726.25939941 665.626220703 -112.303115845 1321.20690918 247.749252319 413.917907715 1635.2779541 639.684204102 -396.725219727 1263.32995605
0.0317599773407 8 653.402526855 -45.8153953552 1556.78479004 723.202209473 250.469085693 1552.26513672 656.223571777 98.5894546509 1734.34973145 701.82220459 148.163024902 1445.3494873 431.037658691 181.942642212 1725.50915527 662.700866699 -103.017562866 1324.05200195 242.597839355 413.634338379 1631.1517334 641.932373047 -374.401733398 1273.55371094
0.0366010665894 8 654.449890137 -42.9606552124 1553.22827148 724.56640625 251.324890137 1552.42260742 658.846862793 99.9651794434 1731.71057129 697.799865723 153.319259644 1444.1505127 430.848236084 183.844512939 1724.11547852 672.037719727 -79.0745239258 1359.64001465 244.745697021 413.675598145 1624.24951172 634.987609863 -425.598571777 1262.57055664
0.0366308689117 8 653.899963379 -40.7837562561 1551.17333984 725.561096191 251.688613892 1552.15014648 656.964538574 101.255340576 1730.13183594 695.130554199 155.407348633 1441.53930664 431.409790039 191.561004639 1724.84448242 682.88482666 -69.6847686768 1376.11584473 226.303939819 413.77746582 1624.45617676 636.645202637 -426.167419434 1263.41027832
0.0311839580536 8 638.283203125 -18.9190158844 1543.39086914 726.27166748 251.985351562 1551.07385254 640.90612793 140.861022949 1748.87719727 647.067993164 194.541702271 1394.66845703 416.532775879 236.442871094 1740.94152832 718.489868164 -9.41618347168 1431.39282227 203.133026123 446.09262085 1639.8885498 670.930419922 -345.121948242 1280.73071289
0.0314021110535 8 636.661254883 -17.6678771973 1543.62731934 726.286071777 252.964141846 1549.54602051 638.186584473 142.736022949 1748.20153809 643.945251465 195.47668457 1394.97155762 416.148986816 244.05569458 1742.07543945 724.174621582 -5.48822021484 1438.57128906 200.263702393 444.766845703 1638.20605469 672.689819336 -345.667114258 1279.82092285
0.0351989269257 8 638.671325684 -9.5891418457 1545.14575195 727.308227539 252.94418335 1548.01269531 640.583679199 153.502548218 1758.83105469 647.686462402 208.210586548 1387.83764648 419.416259766 258.895629883 1752.82519531 725.716003418 -14.676361084 1433.87915039 201.014587402 445.82409668 1644.47143555 676.843444824 -326.887542725 1280.33984375
0.0315990447998 8 637.051025391 -9.58780574799 1551.03625488 728.08416748 253.299285889 1546.88391113 639.290527344 159.499679565 1759.56335449 648.272216797 204.2394104 1389.07629395 416.711761475 264.674621582 1754.1640625 733.280700684 -15.9184265137 1441.69104004 192.664306641 442.157348633 1642.78796387 687.368408203 -283.232879639 1290.06213379
0.031149148941 8 638.470214844 -5.2094707489 1554.09558105 728.738891602 253.643264771 1546.64404297 642.085571289 163.791641235 1762.99206543 647.955322266 207.084213257 1389.61608887 418.051635742 272.770263672 1761.59655762 737.545654297 -15.7316589355 1440.77832031 179.162200928 432.900665283 1645.27941895 689.914245605 -275.198028564 1285.93164062
0.0355508327484 8 637.169433594 -4.08206748962 1561.69519043 729.464416504 253.894989014 1546.95959473 637.259399414 162.643966675 1766.52746582 643.882202148 205.744689941 1401.44104004 416.064331055 272.591461182 1764.8170166 743.240661621 -13.16796875 1438.69519043 183.447555542 429.192871094 1640.07922363 693.139404297 -266.635406494 1282.70581055
0.0314140319824 8 646.996154785 9.73814582825 1564.64440918 731.167724609 253.736907959 1547.15808105 636.965393066 159.361923218 1769.69458008 640.505187988 209.821975708 1408.25488281 416.827453613 269.344848633 1767.55419922 743.760437012 -12.4431610107 1434.14208984 176.034866333 415.352416992 1642.62817383 693.85168457 -260.38482666 1279.07556152
0.0315930843353 8 649.662780762 6.92285394669 1561.19934082 732.686523438 254.125152588 1546.06005859 639.766174316 157.551864624 1761.89172363 651.679504395 196.601791382 1396.63269043 419.713348389 271.378417969 1762.26245117 750.948120117 -15.3491973877 1434.71081543 168.587417603 416.222412109 1629.56652832 697.780090332 -260.186187744 1280.6427002
0.0359280109406 8 643.969360352 7.50186157227 1555.57592773 733.379577637 253.651031494 1544.77319336 626.714782715 160.229797363 1758.37963867 646.319030762 194.64553833 1383.16796875 408.133453369 269.220550537 1741.45214844 761.060852051 -16.4053497314 1439.83984375 170.625564575 409.680419922 1610.77075195 708.432495117 -247.339859009 1287.55627441
0.031898021698 8 644.842529297 7.00100183487 1557.60827637 734.518005371 253.892868042 1544.0213623 627.067504883 158.577178955 1758.56921387 652.201660156 194.491012573 1388.8782959 406.829956055 272.165496826 1749.0625 761.342285156 -19.5673980713 1434.81164551 162.844390869 411.455627441 1609.74963379 708.251220703 -250.046539307 1278.65454102
0.0315380096436 8 648.534790039 12.7127132416 1558.3125 735.847961426 254.650161743 1543.40881348 613.005981445 157.372741699 1757.08337402 666.67956543 200.849594116 1397.14831543 386.842956543 265.627380371 1733.46838379 772.180114746 -16.575088501 1436.94628906 147.446289062 404.71295166 1592.61755371 722.58581543 -241.573699951 1280.70849609
0.0360507965088 8 645.415466309 11.7434234619 1556.50109863 736.207092285 255.379013062 1542.92602539 611.192016602 162.40713501 1750.27331543 663.370239258 199.615783691 1395.87731934 382.444152832 266.58001709 1714.4395752 767.72454834 -21.1046295166 1432.82617188 146.461105347 408.49041748 1577.16760254 718.45892334 -248.816131592 1275.72131348
0.0320200920105 8 641.9609375 13.4267930984 1553.62817383 736.8203125 255.252151489 1542.96264648 605.53515625 172.323806763 1738.30065918 659.96862793 198.34942627 1391.89294434 373.31918335 268.639648438 1693.93334961 766.633056641 -23.9315795898 1434.33972168 159.505249023 410.115356445 1555.61804199 717.560791016 -259.408935547 1277.19567871
0.0318229198456 8 639.944946289 8.15026092529 1545.72729492 736.997131348 255.178710938 1542.77709961 605.360778809 172.677703857 1724.78051758 661.438781738 181.797225952 1373.36132812 375.681915283 273.545379639 1682.48083496 762.091430664 -40.3965148926 1434.02062988 165.092071533 412.946838379 1535.92749023 714.982055664 -291.721099854 1280.93225098
0.0360250473022 8 638.310974121 11.7612352371 1557.21081543 736.982421875 255.319854736 1542.48925781 606.589294434 182.648254395 1726.66748047 660.329406738 170.156402588 1374.59008789 376.66998291 288.125030518 1671.08520508 761.408813477 -52.0702819824 1432.125 163.083831787 428.886291504 1518.51916504 714.05255127 -304.016052246 1276.83105469
0.0317649841309 8 642.100830078 11.4207363129 1565.66259766 736.453125 255.491287231 1541.35583496 611.051452637 181.101654053 1731.35632324 669.226013184 172.455429077 1390.89978027 387.284698486 288.283630371 1663.26538086 752.634765625 -54.8372192383 1417.87268066 166.233840942 421.91784668 1508.27539062 707.261230469 -297.423828125 1270.99865723
0.0319950580597 8 645.750671387 6.73749637604 1570.90576172 735.657287598 255.547607422 1539.99365234 614.742675781 173.254180908 1719.3482666 678.561645508 159.173141479 1408.39050293 395.238769531 282.185119629 1645.10339355 739.203186035 -46.9772338867 1407.2668457 184.857040405 412.662445068 1478.52099609 699.988220215 -297.973144531 1275.37719727
0.0364999771118 8 636.301818848 -0.0773362964392 1570.65380859 735.170227051 255.37713623 1538.83349609 627.629333496 165.74055481 1712.34924316 659.335266113 149.168106079 1413.03527832 406.355041504 274.680206299 1630.3605957 726.112426758 -45.8950042725 1401.19091797 189.906723022 403.533325195 1456.59228516 688.789367676 -313.782592773 1278.57580566
0.0319399833679 8 634.120239258 9.89942836761 1522.56689453 734.333862305 254.75869751 1538.19592285 631.764099121 129.143692017 1698.87182617 670.635070801 179.585235596 1399.35375977 413.066253662 228.131408691 1604.85302734 726.947998047 -24.6361083984 1395.51538086 205.308868408 365.164916992 1426.60998535 688.221313477 -285.266296387 1285.72998047
0.0323281288147 8 642.954772949 8.31540679932 1517.68078613 733.25201416 254.673629761 1537.30969238 620.653503418 134.871765137 1687.62878418 690.030700684 178.137924194 1397.92980957 400.794799805 227.525039673 1589.10632324 732.928955078 -34.6862030029 1383.00415039 194.538772583 366.836975098 1414.18322754 700.098022461 -286.003540039 1287.2833252
0.0416519641876 8 638.017272949 -15.6236600876 1534.77636719 732.610595703 254.196990967 1536.36987305 573.233947754 160.404022217 1660.31054688 709.004211426 158.760681152 1410.30786133 359.296508789 247.830322266 1550.95422363 751.662658691 -56.2682189941 1383.6027832 170.507232666 384.713348389 1387.484375 721.057189941 -302.900817871 1295.40454102
0.0326950550079 8 637.868896484 -11.6445112228 1536.12329102 731.581298828 254.488052368 1535.13244629 552.06072998 166.13067627 1639.93225098 723.891052246 163.891967773 1428.74328613 343.177490234 244.341171265 1521.53955078 766.236022949 -45.3478088379 1400.71520996 164.027160645 374.121307373 1367.71313477 733.093933105 -303.562591553 1305.13830566
0.0346319675446 8 631.879211426 -1.2877651453 1533.20019531 730.439453125 254.343475342 1533.79309082 555.235595703 170.516036987 1653.75390625 704.471801758 170.14112854 1409.64282227 341.104431152 251.463027954 1529.64697266 774.748657227 -48.0892181396 1400.28308105 154.667892456 378.734191895 1371.13293457 737.772460938 -310.805725098 1293.60058594
0.0311439037323 8 635.075561523 14.551858902 1501.98657227 729.716125488 253.615203857 1532.28552246 556.086669922 154.953079224 1653.69812012 688.304077148 201.300445557 1395.87438965 349.828521729 232.027526855 1537.36193848 769.47833252 -26.1941375732 1395.49682617 163.243545532 354.899230957 1381.49694824 730.494995117 -288.43927002 1285.27966309
0.0308530330658 8 636.523193359 17.339094162 1508.10583496 728.908203125 252.762481689 1531.3314209 528.50793457 156.886703491 1622.8112793 718.676147461 187.08416748 1414.64086914 324.131195068 236.434906006 1519.77368164 793.194702148 -28.9423828125 1417.43261719 131.350067139 352.995056152 1365.35351562 752.157287598 -304.310455322 1296.4934082
0.0358619689941 8 639.626220703 12.5650014877 1499.64245605 727.788330078 252.612243652 1530.78979492 540.290649414 161.975814819 1628.87731934 724.816162109 184.421340942 1389.6385498 335.334411621 239.688781738 1518.97949219 782.287597656 -29.9542388916 1422.83374023 144.30418396 356.196624756 1372.61828613 738.776000977 -300.292907715 1293.52038574
0.0313401222229 8 636.871826172 12.2502727509 1498.8527832 726.788635254 253.281509399 1529.34692383 547.684509277 158.99319458 1638.26184082 712.308532715 187.068695068 1386.28918457 339.901153564 237.0834198 1525.97961426 779.725891113 -26.0695037842 1421.4552002 140.060150146 344.482452393 1386.65124512 735.160827637 -293.949707031 1286.61010742
0.0313069820404 8 634.513977051 13.0609912872 1497.82299805 725.984558105 253.428131104 1528.32543945 541.841674805 159.92515564 1636.42602539 707.252685547 187.618469238 1381.17480469 334.257568359 233.924453735 1521.51623535 781.586181641 -29.4843292236 1418.17883301 125.003143311 329.211730957 1392.87854004 737.226623535 -302.196289062 1285.99462891
0.0363450050354 8 638.56463623 17.9627170563 1495.40527344 724.80267334 253.601791382 1527.79760742 522.270996094 154.879196167 1624.78173828 712.698730469 192.477355957 1381.13623047 326.404449463 223.158416748 1515.11975098 782.259277344 -25.068359375 1424.70043945 117.575942993 319.197479248 1401.95080566 739.258789062 -288.346282959 1294.2364502
0.0312829017639 8 629.255859375 18.8874187469 1496.65905762 724.375549316 254.517562866 1527.92260742 490.295013428 155.870697021 1606.03967285 719.992431641 196.200683594 1394.84753418 292.755828857 220.397857666 1510.31616211 795.591247559 -21.5621032715 1440.70043945 91.0801239014 304.751312256 1405.07080078 747.586303711 -281.043701172 1308.23876953
0.0315690040588 8 623.477172852 24.7713088989 1513.09228516 723.968383789 255.099685669 1528.44165039 476.588684082 160.548355103 1615.14001465 724.640075684 207.75 1431.17590332 282.760620117 217.215515137 1540.99560547 809.059631348 -22.9804382324 1438.87512207 81.6336364746 306.669433594 1428.61804199 761.264953613 -286.364624023 1297.0345459
0.0354380607605 8 628.653381348 14.3623304367 1521.76330566 723.501831055 254.784759521 1528.5736084 478.573608398 155.543685913 1597.38244629 741.178955078 190.752105713 1455.43762207 280.803527832 211.445678711 1533.13659668 814.769226074 -18.7587890625 1463.84960938 60.8628692627 284.774688721 1429.11413574 766.320373535 -283.941009521 1318.54016113
0.0319979190826 8 624.055541992 6.12642621994 1531.8692627 723.749267578 254.974182129 1528.88525391 466.362915039 156.133605957 1597.07226562 751.149291992 184.938812256 1472.75976562 269.873565674 213.773727417 1542.10559082 827.021850586 -28.4828033447 1472.01733398 50.4271087646 291.566955566 1434.17211914 774.456604004 -289.731323242 1331.15600586
0.0321760177612 8 617.33026123 -3.12731552124 1543.05102539 724.180114746 254.584777832 1529.375 467.667541504 151.141113281 1622.07702637 739.838500977 182.049621582 1486.97888184 261.414581299 201.65057373 1583.43286133 831.206359863 -30.8103942871 1452.84716797 29.4461212158 276.551757812 1482.6697998 778.788635254 -295.246459961 1306.296875
0.0351340770721 8 625.401062012 -12.83411026 1545.94848633 724.067077637 254.773651123 1530.49768066 492.954223633 141.050384521 1638.58422852 743.506347656 164.930587769 1480.71899414 273.482513428 185.849212646 1612.39025879 814.209716797 -48.0714263916 1437.86462402 47.4443817139 268.305450439 1509.3404541 770.695068359 -295.739685059 1295.25158691
0.0320448875427 8 626.86114502 -10.1345624924 1553.59838867 724.095336914 254.668273926 1531.64282227 505.870300293 134.725082397 1670.56896973 730.93939209 171.827331543 1480.36706543 274.767272949 163.076004028 1656.25048828 812.438171387 -33.0960845947 1425.82849121 36.7685546875 243.685348511 1551.58215332 762.581359863 -289.346252441 1281.15466309
0.031928062439 8 636.696777344 -8.04951953888 1551.3380127 724.138427734 254.166000366 1532.12255859 510.634918213 120.59979248 1680.83398438 725.479919434 182.602142334 1480.76196289 276.276519775 144.487533569 1678.37255859 814.758911133 -20.8324737549 1420.00280762 33.1544036865 215.646316528 1586.18078613 764.62677002 -290.377990723 1266.67041016
0.0355648994446 8 643.092712402 4.29531860352 1578.93518066 723.700439453 253.755340576 1533.72033691 527.074829102 130.971466064 1701.94299316 710.599365234 168.945556641 1465.04455566 289.526794434 150.807800293 1704.0592041 802.176086426 -34.1616821289 1400.14294434 27.2982788086 211.250701904 1628.60583496 751.450317383 -304.107910156 1245.79016113
0.0321261882782 8 641.194824219 0.853754937649 1567.71057129 722.825378418 253.728149414 1534.85095215 530.081726074 120.013877869 1705.78356934 709.365783691 174.963165283 1464.5213623 294.677062988 135.13458252 1713.08947754 799.26348877 -26.9997558594 1399.68933105 34.026763916 187.356674194 1653.1060791 749.577880859 -293.023254395 1244.50048828
0.0320529937744 8 640.884155273 -0.120341256261 1542.49511719 721.226135254 254.101928711 1535.89624023 563.789916992 108.104743958 1708.48010254 684.670532227 168.279083252 1420.30041504 348.391235352 119.369140625 1742.10217285 769.341064453 -23.4761047363 1401.64929199 65.8139038086 166.095489502 1674.48974609 722.540710449 -279.197875977 1244.04846191
0.0362758636475 8 640.071350098 2.89071393013 1535.30578613 720.113952637 254.842803955 1537.19897461 567.378356934 106.770378113 1708.35205078 683.007385254 172.770294189 1411.54125977 349.301452637 112.186729431 1745.56298828 766.233459473 -20.6606292725 1404.35424805 63.1732177734 148.57749939 1690.45336914 717.672485352 -280.94128418 1242.71398926
0.0361769199371 8 639.653137207 4.7537651062 1526.09606934 719.585754395 254.755172729 1538.17102051 555.38494873 103.298789978 1701.66638184 698.29510498 180.140869141 1410.17541504 333.9012146 103.958023071 1740.39416504 778.29473877 -17.5371398926 1412.05395508 46.9936828613 125.367912292 1699.03125 731.498779297 -268.897186279 1254.20495605
0.0318930149078 8 641.913452148 -25.0597648621 1567.86657715 719.480102539 254.275085449 1540.38134766 584.45904541 153.112716675 1713.32727051 675.141418457 129.242675781 1390.97155762 358.765441895 149.780319214 1759.80395508 753.251708984 -72.792678833 1399.20007324 68.3735656738 165.736953735 1721.24951172 710.045410156 -319.714233398 1239.79833984
0.0354080200195 8 644.286315918 -24.5152282715 1568.12121582 719.229064941 253.075500488 1544.04321289 588.724487305 153.639053345 1713.00769043 673.963378906 124.953964233 1387.57653809 368.078857422 136.890792847 1770.44482422 753.530883789 -79.9513549805 1396.68164062 71.483795166 152.095718384 1733.12084961 710.557128906 -340.624450684 1235.00585938
0.0309121608734 8 642.343933105 -32.1499977112 1572.09545898 718.708679199 252.048187256 1544.56689453 590.054077148 138.981201172 1712.23535156 665.370117188 119.598960876 1404.4609375 375.429382324 114.474578857 1770.87780762 750.225280762 -70.1058731079 1397.07104492 78.4295043945 132.30682373 1728.94677734 706.345031738 -336.298858643 1235.33361816
0.0317950248718 8 654.947814941 -58.2940864563 1557.67419434 718.020202637 251.191635132 1545.19091797 598.598937988 97.3246917725 1671.50805664 686.595153809 70.5481338501 1406.84765625 385.691101074 63.243434906 1731.50292969 737.156005859 -42.1786651611 1429.9979248 88.3210144043 84.6469955444 1688.63439941 696.27923584 -305.123596191 1277.27563477
0.0353319644928 8 650.693481445 -60.096370697 1552.96838379 718.598632812 249.911727905 1544.86254883 595.488037109 90.8793029785 1680.30981445 691.106079102 77.0335159302 1405.93334961 376.021392822 56.8159675598 1734.89196777 745.560668945 -50.7141036987 1418.60827637 83.1234130859 77.809173584 1684.17370605 707.942016602 -305.059326172 1276.30737305
0.0314428806305 8 639.79296875 -55.2897605896 1544.60046387 717.413330078 246.878417969 1548.46765137 593.575195312 102.540344238 1687.44091797 660.263793945 79.2188796997 1374.48828125 374.423431396 58.5077133179 1742.29174805 750.8046875 -75.4408187866 1399.62719727 66.5679321289 85.2621765137 1687.74511719 716.971130371 -323.250274658 1267.15905762
0.0319180488586 8 642.544799805 -57.4961700439 1567.13977051 717.605102539 246.853240967 1548.81420898 585.68170166 128.074066162 1690.81567383 655.696228027 74.203453064 1378.86425781 366.85559082 81.2138671875 1745.80297852 751.544677734 -104.426460266 1388.64282227 65.4752502441 102.815444946 1692.79602051 720.616882324 -363.649871826 1259.5135498
0.0398309230804 8 637.698669434 -41.7354202271 1508.52502441 717.695861816 247.003326416 1549.14697266 602.282470703 67.443939209 1706.13903809 659.746459961 163.351455688 1410.14367676 381.883911133 20.1694374084 1758.04931641 736.377624512 -40.565032959 1379.25512695 83.8536682129 37.2965240479 1693.94775391 705.627441406 -281.118164062 1247.54638672
0.0427939891815 8 633.660766602 -40.4882659912 1522.21936035 716.693725586 246.713195801 1551.65478516 580.485046387 60.1410369873 1726.42419434 676.722106934 165.881484985 1421.17150879 374.344390869 25.5164642334 1759.01208496 742.785217285 -45.8062133789 1377.7355957 72.5806274414 43.8185119629 1690.28796387 711.604309082 -288.457641602 1244.29577637
0.0319130420685 8 628.50402832 -43.0994987488 1516.76135254 715.674865723 246.631866455 1553.75744629 606.716003418 58.6454162598 1729.7791748 658.706970215 172.152282715 1422.11633301 386.811035156 16.54347229 1757.9765625 722.839416504 -38.510559082 1374.98095703 100.196380615 36.1435241699 1681.8939209 690.239135742 -279.942199707 1238.6003418
0.0306529998779 8 627.413574219 -54.7056465149 1514.33837891 715.508422852 246.460067749 1554.19482422 616.868713379 55.4297103882 1720.10534668 653.553894043 155.133911133 1415.01599121 396.105529785 12.6800727844 1749.34130859 716.02154541 -33.1392211914 1387.40063477 173.012039185 28.5840873718 1616.27539062 683.007202148 -276.316223145 1248.42041016
0.030748128891 8 634.013916016 -65.3879623413 1551.6673584 714.513916016 246.248657227 1554.29711914 636.871276855 85.4694061279 1727.48547363 655.567199707 123.739562988 1419.59069824 414.761535645 39.2688446045 1757.68737793 699.76763916 -62.7552642822 1377.09863281 131.784973145 63.2457351685 1652.41564941 669.375427246 -292.954650879 1243.69042969
0.0301189422607 8 633.824890137 -61.3887443542 1551.9765625 713.900756836 246.064971924 1554.14794922 631.795776367 89.5594482422 1728.46801758 654.618286133 125.622375488 1415.84033203 407.22958374 37.8343582153 1753.04455566 706.708190918 -67.3834991455 1375.31237793 127.834716797 57.4579086304 1637.31640625 673.641296387 -305.811309814 1238.56628418
0.0350730419159 8 628.192749023 -66.4030303955 1562.47790527 713.025939941 246.230163574 1554.26757812 559.079040527 87.6374740601 1725.55065918 691.042175293 105.856109619 1415.93566895 340.407043457 48.4499473572 1725.75695801 736.097045898 -88.5782928467 1371.59289551 101.649429321 74.1520385742 1629.07336426 701.359313965 -343.908508301 1231.41650391
0.0306408405304 8 627.85736084 -66.0419769287 1567.0657959 711.992736816 246.829986572 1553.63891602 529.884338379 84.3599472046 1715.73339844 711.196960449 100.76764679 1427.24243164 308.134643555 44.5334243774 1700.92297363 751.596069336 -92.1935195923 1378.54333496 139.281524658 87.8178253174 1543.4375 713.656494141 -363.11038208 1234.57019043
0.0311532020569 8 629.691589355 -71.4625091553 1563.10302734 710.827819824 246.945266724 1553.24609375 505.777618408 76.8119506836 1688.06616211 735.356506348 86.737487793 1433.62915039 281.278686523 47.2449188232 1686.97216797 771.377258301 -104.005096436 1381.40917969 70.0438842773 77.6873474121 1557.43737793 732.514648438 -380.438049316 1237.56445312
0.034777879715 8 631.766845703 -72.2546234131 1559.37414551 709.787475586 246.543914795 1553.35437012 497.703765869 74.4383621216 1675.61083984 742.988220215 87.1113510132 1435.94384766 270.260864258 43.5359268188 1680.92724609 784.356140137 -104.910652161 1386.16992188 82.6634521484 83.5922546387 1515.06762695 745.688842773 -377.871948242 1243.32629395
0.0309329032898 8 635.246276855 -71.2058639526 1526.30200195 709.178222656 246.124694824 1553.23657227 498.590606689 51.7787017822 1663.00866699 748.648132324 109.722473145 1443.27404785 281.443664551 5.10649108887 1650.28027344 786.655578613 -79.3497924805 1393.30639648 87.9194793701 46.3832321167 1483.64221191 746.685119629 -357.24395752 1249.83190918
0.0360941886902 8 643.045227051 -65.9491271973 1509.66748047 708.784179688 246.234375 1551.94897461 517.004760742 49.2057952881 1659.94348145 746.626342773 118.207626343 1425.48352051 296.319641113 -10.8471946716 1641.53381348 776.601867676 -68.455947876 1390.22167969 91.4111938477 41.490852356 1468.07226562 733.961242676 -356.327026367 1246.49438477
0.0315539836884 8 642.750793457 -64.2310180664 1495.34509277 708.237609863 245.75352478 1551.37390137 506.953521729 51.1995925903 1637.94604492 755.835693359 119.03591156 1419.68017578 289.770202637 -7.40058517456 1649.72851562 784.582519531 -72.3226852417 1383.70422363 145.41619873 24.4328212738 1440.84716797 737.556030273 -365.142883301 1241.48461914
0.0314610004425 8 638.49609375 -64.8392486572 1484.68127441 707.63092041 245.865478516 1550.71447754 514.902709961 40.9004058838 1646.31396484 737.766967773 127.129959106 1408.03637695 302.571105957 -16.9582862854 1660.45019531 770.457336426 -61.8950042725 1364.71081543 117.931304932 28.852355957 1453.19458008 722.739685059 -353.305664062 1221.84460449
0.0354959964752 8 633.304077148 -68.4265594482 1480.40710449 707.293395996 246.625411987 1550.34875488 521.444152832 41.3282623291 1651.21044922 726.015319824 127.68421936 1398.69018555 305.8800354 -17.2048683167 1639.06970215 763.219116211 -60.5192565918 1353.11193848 126.43913269 29.2700614929 1442.43603516 715.101806641 -354.419342041 1210.01074219
0.0319759845734 8 629.68548584 -67.5175857544 1477.20422363 706.815368652 247.207244873 1549.51379395 530.53125 42.6918487549 1654.13720703 716.607177734 127.367645264 1389.18579102 310.788116455 -12.9841079712 1631.46679688 761.135803223 -57.739654541 1356.83178711 142.435546875 29.5788879395 1437.21118164 706.597961426 -359.93762207 1198.05578613
0.0319318771362 8 628.696044922 -65.029510498 1471.14819336 706.316040039 248.172317505 1548.49365234 549.810241699 45.0004501343 1655.26391602 703.461364746 129.19418335 1376.72680664 329.34552002 -14.0905914307 1641.07519531 747.082519531 -58.1661224365 1338.33300781 162.67729187 23.088924408 1441.77404785 695.86151123 -351.280456543 1187.78186035
0.0363130569458 8 630.470336914 -51.2751083374 1464.71594238 706.401367188 248.935943604 1547.49377441 600.612060547 82.5417785645 1651.06091309 665.791015625 147.573257446 1351.86828613 377.342346191 -0.707954406738 1635.89782715 736.095825195 -45.036239624 1351.17687988 193.275634766 26.4256057739 1425.53076172 677.707397461 -358.223144531 1182.38562012
0.0316219329834 8 623.600158691 -47.2501449585 1457.50769043 706.304748535 249.29145813 1547.03015137 594.078552246 97.49609375 1643.90393066 648.822570801 148.05128479 1324.13757324 375.804290771 10.8991546631 1635.28625488 746.479797363 -61.2597351074 1354.66308594 177.308349609 38.6772613525 1422.6739502 686.662719727 -372.542236328 1184.80285645
0.0322749614716 8 622.413330078 -44.6116828918 1452.48620605 706.610412598 249.296264648 1545.73400879 590.357543945 105.764045715 1637.86828613 650.947631836 144.677658081 1306.32824707 373.608276367 17.6904067993 1635.16564941 750.077331543 -71.0546569824 1352.49255371 182.460128784 50.0769233704 1405.81469727 692.262145996 -378.647125244 1188.02404785
0.0353810787201 8 618.464904785 -44.9260215759 1453.17077637 707.087890625 249.022521973 1544.32397461 568.438903809 109.433288574 1629.17126465 670.188781738 133.336486816 1302.00012207 357.569091797 27.6672592163 1639.40588379 769.014953613 -82.1581726074 1340.64562988 171.064285278 58.4733352661 1422.81738281 713.764343262 -378.20980835 1181.33447266
0.0321080684662 8 625.184082031 -40.7026138306 1454.41381836 707.224243164 249.32081604 1542.23632812 524.646850586 114.610877991 1603.88476562 715.929077148 138.049804688 1326.41186523 315.412536621 25.7258148193 1608.96936035 816.120300293 -78.4495391846 1365.6348877 119.122344971 53.8304748535 1374.13195801 763.014343262 -353.576049805 1211.42358398
0.0321140289307 8 632.951904297 -34.9777565002 1462.43261719 707.365112305 249.678741455 1541.84338379 539.70880127 127.662582397 1619.4942627 724.411804199 140.129821777 1318.25598145 340.008972168 33.982460022 1609.18359375 801.861022949 -89.5060272217 1353.28100586 211.06199646 77.3365631104 1390.83581543 748.252624512 -366.096801758 1199.31030273
0.0364398956299 8 627.460083008 -38.6637153625 1472.94384766 707.823608398 249.60925293 1541.52746582 501.773193359 117.30758667 1609.70776367 735.507080078 131.774017334 1338.38745117 321.91998291 31.3670578003 1581.6451416 819.79888916 -93.8164672852 1367.75561523 115.110031128 59.2652359009 1365.52490234 768.564147949 -370.78414917 1218.91320801
0.0366060733795 8 618.063720703 -29.6193904877 1524.22119141 708.405517578 248.945617676 1540.34509277 507.640563965 144.158752441 1598.71313477 712.149475098 59.3635787964 1347.66772461 313.439422607 77.9423065186 1563.83947754 788.325134277 -148.032440186 1350.16918945 132.699447632 91.2281188965 1360.19006348 750.09753418 -412.087890625 1228.19934082
0.0323178768158 8 615.521789551 -25.7748031616 1517.82873535 708.186584473 248.708190918 1539.03381348 514.89251709 145.04095459 1612.36218262 698.581359863 63.191444397 1334.99816895 315.362304688 76.6177139282 1576.09667969 778.567749023 -141.868408203 1342.73498535 149.013687134 93.1485137939 1386.1940918 737.742431641 -401.727508545 1212.87060547
0.0352780818939 8 615.466308594 -25.4093551636 1519.67346191 707.947692871 248.635559082 1538.47314453 520.612182617 145.658325195 1624.27893066 693.582763672 63.8803482056 1332.24621582 330.936828613 74.7987442017 1583.9161377 777.364196777 -140.501647949 1344.04223633 149.37322998 84.2342071533 1409.93249512 733.909729004 -396.311889648 1208.47424316
0.0315709114075 8 617.350097656 -20.6165542603 1529.11853027 708.191833496 248.725494385 1538.27368164 547.858459473 158.868621826 1634.51452637 677.619689941 72.4867630005 1339.77307129 345.686157227 64.682258606 1580.71899414 764.500061035 -132.013000488 1352.80639648 156.195465088 67.6675338745 1409.92504883 716.450500488 -403.199462891 1208.34851074
0.0317389965057 8 616.796691895 0.856702446938 1552.12756348 708.057861328 248.632751465 1538.66625977 594.996582031 184.857543945 1650.1652832 633.235107422 114.525131226 1376.7644043 389.40814209 10.9554290771 1544.42102051 737.02734375 -76.7846374512 1409.37683105 187.053039551 1.90737915039 1370.58093262 689.950317383 -313.072113037 1271.31567383
0.0345101356506 8 617.503417969 4.59010887146 1552.55114746 708.155334473 248.354431152 1539.63500977 613.897949219 196.595794678 1632.27563477 623.245361328 115.878791809 1377.00341797 409.828308105 1.35484313965 1547.09509277 727.912536621 -68.539024353 1423.20068359 196.516098022 -22.2365131378 1378.44775391 680.450317383 -307.829040527 1281.52355957
0.031436920166 8 616.856079102 2.17302250862 1552.27502441 708.202636719 248.466949463 1540.79638672 612.304260254 195.878936768 1635.77526855 623.485046387 111.132278442 1371.7232666 423.282592773 2.84820556641 1565.49243164 728.953063965 -73.8455047607 1421.99853516 197.536621094 -31.9461326599 1382.24169922 680.304748535 -318.765472412 1279.15539551
0.0313150882721 8 619.395080566 -3.81898736954 1546.23376465 708.062866211 247.609954834 1541.53759766 599.760009766 188.10736084 1639.62902832 634.173339844 111.339431763 1366.05578613 419.840026855 4.15214538574 1588.33630371 737.669311523 -80.9456481934 1406.8548584 192.192977905 -28.8087120056 1423.55151367 687.160583496 -327.822113037 1262.6776123
0.0356268882751 8 619.863586426 -21.3140869141 1523.59802246 707.811584473 246.839385986 1541.43701172 498.227600098 155.28994751 1604.3572998 716.80871582 81.244178772 1343.07141113 333.19519043 30.3740081787 1618.10571289 818.531005859 -124.26714325 1386.55639648 134.250930786 -12.3699645996 1470.08862305 765.950683594 -358.984832764 1242.26062012
0.0383851528168 8 625.844421387 -34.4893341064 1535.77624512 708.116210938 245.746948242 1540.94775391 464.777557373 115.667045593 1613.20495605 751.75769043 78.5230484009 1374.96960449 291.554199219 9.19989013672 1623.39697266 857.837280273 -122.078620911 1390.23461914 68.7140045166 -23.7576446533 1488.20629883 805.684753418 -360.463165283 1242.92480469
0.0323488712311 8 626.162719727 -28.4649868011 1537.9440918 708.187805176 245.670501709 1541.20715332 479.496856689 120.292160034 1622.8112793 746.545715332 73.4829559326 1376.83349609 303.132476807 0.554557800293 1642.77062988 846.186279297 -123.300949097 1379.90161133 88.4955749512 -36.4907264709 1521.5369873 793.325744629 -357.50177002 1231.39453125
0.0352160930634 8 642.844238281 -84.3288345337 1512.9296875 707.997253418 245.067138672 1541.46044922 551.903381348 82.0298995972 1684.6192627 712.807556152 111.365135193 1363.82653809 364.948028564 -46.8125686646 1701.01403809 790.905273438 -82.8926315308 1338.69836426 204.469268799 -105.377090454 1604.08276367 737.157226562 -316.582397461 1188.61755371
0.0313799381256 8 635.543762207 -69.3908233643 1500.36914062 707.687133789 244.409835815 1542.34997559 552.132751465 57.1354141235 1674.78588867 708.199279785 107.131584167 1370.18286133 369.30078125 -68.814743042 1704.85168457 789.450927734 -64.8146438599 1347.13037109 142.3256073 -122.911514282 1599.53796387 735.128540039 -303.479644775 1196.72106934
0.0315680503845 8 636.454528809 -77.8458251953 1499.45397949 707.626525879 243.316513062 1542.65966797 574.142028809 46.1183319092 1673.32092285 685.062194824 93.7557525635 1366.52600098 392.221374512 -81.9521179199 1703.86987305 770.891357422 -56.4587249756 1364.09631348 177.952529907 -142.025177002 1642.88513184 713.024963379 -306.052581787 1206.36999512
0.0350229740143 8 636.309020996 -89.14112854 1511.99206543 706.852294922 242.288299561 1543.10913086 597.733215332 53.2161560059 1683.19934082 667.598449707 78.7981567383 1364.06335449 415.198242188 -80.4061889648 1718.14111328 744.743469238 -98.114730835 1351.82873535 185.825317383 -143.172988892 1620.8659668 688.725463867 -336.758148193 1199.88391113
0.0317010879517 8 639.002563477 -89.6304092407 1517.15197754 706.789367676 241.305511475 1543.60070801 610.081542969 52.7447052002 1691.37243652 662.408569336 80.2232971191 1368.62023926 431.285827637 -89.2030639648 1722.76965332 732.332763672 -104.372024536 1350.27685547 204.14793396 -165.793731689 1628.02941895 677.089904785 -355.215332031 1200.17285156
0.0307898521423 8 640.685668945 -92.649055481 1521.09851074 707.079162598 240.486297607 1544.05786133 629.250793457 50.8985977173 1699.03125 651.050598145 76.8254470825 1367.58105469 450.23236084 -92.4103164673 1735.40246582 719.422363281 -110.911155701 1341.34191895 207.048080444 -161.595336914 1646.58605957 663.087097168 -367.09475708 1193.30358887
0.0352430343628 8 644.592712402 -108.551513672 1520.57250977 707.268554688 239.973373413 1544.83728027 632.278686523 24.0412063599 1706.49145508 662.455200195 50.0141525269 1356.75537109 460.756164551 -85.8626403809 1757.12158203 709.30279541 -123.470252991 1320.68933105 222.084564209 -161.710906982 1670.92932129 653.883300781 -381.799407959 1175.8684082
0.031327009201 8 635.955749512 -109.456314087 1531.67822266 707.637084961 239.086044312 1546.01635742 575.674377441 8.13929748535 1729.88330078 684.299255371 58.1790618896 1369.47753906 406.227813721 -91.8062286377 1783.38952637 740.63293457 -128.294189453 1304.43676758 201.768173218 -161.460449219 1694.21057129 683.957275391 -385.282470703 1159.68054199
0.0319800376892 8 636.986877441 -115.095069885 1539.21704102 707.671020508 237.640045166 1546.84570312 580.944946289 2.60255432129 1728.37329102 682.725341797 40.9995727539 1376.99511719 407.762451172 -94.2770233154 1785.90698242 738.605285645 -133.392547607 1298.85144043 150.860198975 -167.018829346 1728.49047852 680.663085938 -394.523193359 1157.60437012
0.0354878902435 8 643.82989502 -112.141670227 1549.62805176 707.787780762 236.735107422 1547.27001953 611.430297852 8.34376525879 1735.65246582 669.747558594 48.0784378052 1395.26086426 435.866271973 -104.43724823 1773.06298828 717.233581543 -123.834877014 1309.40710449 199.602935791 -179.327331543 1689.19836426 658.259338379 -399.344970703 1163.20373535
0.0312659740448 8 641.464416504 -103.964149475 1553.1138916 708.018127441 235.904449463 1546.93640137 609.643066406 19.4242706299 1733.00244141 677.990722656 32.6285400391 1383.98266602 437.513122559 -87.120552063 1776.4095459 716.02557373 -146.520904541 1301.59899902 198.120925903 -155.391967773 1681.65722656 642.22668457 -394.290344238 1133.96350098
0.0317170619965 8 645.963256836 -96.9816513062 1551.42980957 708.391601562 234.872436523 1546.41491699 607.451660156 18.0198822021 1732.0411377 683.479492188 29.0860443115 1378.14294434 436.985748291 -84.5988616943 1777.11767578 712.343017578 -158.175827026 1292.8170166 197.30015564 -149.906646729 1674.67382812 663.302856445 -402.830505371 1164.31359863
0.0360491275787 8 648.062988281 -37.3454551697 1570.75708008 708.10736084 234.768936157 1546.07385254 529.345214844 67.7223510742 1684.01220703 724.743286133 -11.6683959961 1393.49804688 381.264343262 -44.3665924072 1739.82421875 767.81072998 -195.296203613 1331.43652344 119.33013916 -104.804779053 1626.87243652 715.339111328 -456.337219238 1196.42797852
0.0319349765778 8 647.165527344 -35.6504173279 1575.18811035 707.777038574 235.033981323 1546.05322266 503.190551758 55.4244117737 1674.8314209 752.03894043 -9.69147491455 1410.02160645 351.833740234 -53.8071479797 1717.25952148 784.652099609 -194.215209961 1337.57678223 117.150497437 -109.048751831 1595.48474121 735.672363281 -457.120300293 1207.59423828
0.0359089374542 8 642.922119141 -29.6332378387 1570.92736816 707.591369629 235.017944336 1546.02575684 469.672241211 44.3761825562 1651.09680176 780.258056641 19.8958511353 1427.38000488 317.921478271 -66.3778457642 1693.04040527 815.214050293 -179.872192383 1355.53845215 113.591827393 -126.630439758 1562.5045166 766.946411133 -454.136932373 1223.47692871
0.0319240093231 8 640.645996094 -102.295089722 1524.2635498 707.741149902 235.565811157 1546.64428711 526.705932617 11.3253326416 1699.07141113 734.854858398 74.1431808472 1396.02966309 362.485717773 -108.115447998 1739.44348145 774.084594727 -118.466835022 1310.49255371 139.655670166 -158.146697998 1603.11901855 724.212341309 -402.076019287 1166.27075195
0.0321381092072 8 647.908447266 -97.8675231934 1525.25219727 707.655944824 236.192398071 1547.47106934 590.717346191 40.4068450928 1709.77038574 698.107971191 88.2087860107 1386.35241699 409.891540527 -102.905578613 1742.69018555 741.196044922 -103.290618896 1296.66247559 184.443710327 -171.508972168 1601.06848145 688.578308105 -398.745880127 1147.46569824
0.0357158184052 8 646.909301758 -94.1959457397 1523.36340332 707.604858398 237.1769104 1546.96069336 640.023254395 53.1209869385 1706.43029785 657.639221191 88.8837890625 1376.29284668 458.040771484 -101.370651245 1739.70263672 695.648864746 -96.9473419189 1299.02648926 229.105026245 -164.618484497 1586.73010254 643.500915527 -394.122070312 1148.1348877
0.0320160388947 8 637.091186523 -86.5385437012 1528.14892578 707.101928711 237.65586853 1546.44897461 626.653259277 64.7613296509 1708.98547363 668.825378418 84.2200241089 1368.34631348 448.930786133 -88.4933853149 1737.9666748 708.16204834 -98.2066268921 1300.94885254 222.05670166 -153.633468628 1570.86987305 657.178405762 -373.048461914 1154.63330078
0.03253698349 8 622.06237793 -36.7715148926 1547.3963623 706.502502441 238.511672974 1545.81323242 626.144958496 95.6837539673 1706.69311523 666.683532715 52.2102279663 1365.66113281 444.335113525 -60.1569747925 1724.84118652 704.391845703 -126.665870667 1302.34863281 243.314056396 -125.709907532 1552.90649414 657.208557129 -379.230072021 1158.82702637
0.0352399349213 8 611.264526367 -34.5595397949 1540.05834961 706.018554688 238.876144409 1544.87695312 556.153686523 124.475448608 1670.9909668 697.975830078 31.2279510498 1356.68481445 376.728912354 -30.4310302734 1697.12231445 772.186889648 -147.437210083 1328.29052734 161.220657349 -85.2304077148 1518.74438477 726.426147461 -385.332580566 1182.93029785
0.0345191955566 8 605.256835938 -26.6137123108 1534.54394531 705.981201172 238.962768555 1543.68041992 427.422058105 106.99017334 1495.02526855 804.836608887 68.5637969971 1488.21716309 244.234939575 -47.2538452148 1527.81018066 904.410766602 -124.526016235 1490.90283203 27.9754333496 -108.466827393 1346.30444336 859.620056152 -347.469024658 1343.33837891
0.0322968959808 8 599.556762695 -35.0693283081 1533.22705078 705.777099609 239.202575684 1542.51379395 493.063537598 42.756072998 1343.07385254 728.668273926 132.94770813 1626.26672363 312.180786133 -110.503555298 1378.72766113 837.51171875 -57.3774261475 1637.42651367 111.177932739 -168.201812744 1190.06750488 791.15826416 -270.170501709 1484.85949707
0.0356290340424 8 592.189941406 -32.5034790039 1527.00366211 705.221191406 239.171524048 1540.84362793 620.558044434 18.4978866577 1304.23254395 592.737609863 160.056152344 1653.30993652 443.214660645 -136.135437012 1338.04016113 708.839050293 -29.433807373 1667.07519531 241.617355347 -191.396453857 1151.17468262 661.023498535 -235.560958862 1511.73901367
0.0297510623932 8 592.74029541 -36.1696586609 1522.82946777 705.375183105 238.552108765 1539.35180664 437.281463623 71.3735656738 1390.10119629 770.365844727 107.799674988 1555.56848145 265.351654053 -85.5363464355 1427.93994141 889.044494629 -77.5471878052 1575.49694824 58.6226501465 -145.427108765 1239.82080078 838.545410156 -281.149200439 1417.56665039
0.0348649024963 8 591.104675293 -33.5832901001 1524.68798828 705.113464355 238.678009033 1538.00585938 530.228393555 26.1229705811 1310.06176758 679.646484375 154.936264038 1624.46728516 360.700317383 -133.353225708 1347.39562988 797.236328125 -30.8368377686 1640.8527832 150.090438843 -192.176651001 1168.4543457 745.386413574 -228.630233765 1485.62780762
0.0389609336853 8 590.220703125 -34.2777404785 1512.89880371 704.779296875 238.406524658 1537.10339355 761.386657715 38.12525177 1377.91186523 449.75668335 142.986495972 1553.0065918 590.106567383 -120.587348938 1413.62939453 568.646728516 -43.5981903076 1565.44030762 378.429718018 -178.224975586 1237.76171875 518.486450195 -242.910140991 1405.4486084
0.0323731899261 8 589.651916504 -37.6939888 1510.72558594 703.522216797 238.572067261 1536.73205566 765.552429199 102.74344635 1561.46801758 444.245697021 77.9157867432 1373.86865234 595.461547852 -53.460105896 1595.08044434 560.786376953 -112.666854858 1379.6661377 389.239074707 -110.603401184 1414.59606934 511.443359375 -312.327484131 1222.15576172
0.0258448123932 8 612.625854492 -74.7129516602 1477.40881348 703.177062988 238.748794556 1534.98461914 645.026123047 101.967163086 1648.88793945 564.364257812 75.6551818848 1285.75585938 476.279663086 -52.4634246826 1684.36743164 672.447875977 -122.505065918 1281.35009766 268.066314697 -107.679885864 1500.41101074 631.039367676 -317.598632812 1135.19750977
0.0484800338745 8 594.065979004 -78.6271743774 1462.48693848 702.828125 238.855560303 1533.63000488 654.398376465 60.7081375122 1662.10534668 555.074523926 94.439704895 1285.20397949 484.709777832 -73.3429794312 1684.97216797 666.672790527 -98.8268356323 1284.99145508 284.238983154 -125.591445923 1504.14294434 621.148681641 -292.123748779 1133.97229004
0.040027141571 8 604.578491211 -81.1534957886 1470.28564453 702.192138672 239.04800415 1532.29650879 487.106903076 78.968788147 1619.38525391 726.067504883 78.389289856 1323.80712891 317.505432129 -62.8526382446 1648.52624512 835.98651123 -109.696479797 1326.69775391 135.120681763 -113.120300293 1473.59350586 788.148742676 -308.006072998 1172.45385742
0.0308458805084 8 599.360717773 -79.7418441772 1465.80078125 701.730895996 239.713775635 1530.85375977 553.061706543 76.0727386475 1283.99194336 666.237121582 72.5274353027 1644.17675781 383.569702148 -63.8522186279 1320.33666992 772.897766113 -109.015151978 1659.50622559 216.232543945 -118.522186279 1154.53234863 723.30847168 -312.50894165 1501.9140625
0.0291879177094 8 604.292053223 -83.4629898071 1466.44750977 701.249572754 240.476501465 1529.71801758 601.145507812 58.334274292 1263.38317871 621.834594727 83.399597168 1648.65808105 436.671508789 -82.6728210449 1326.5189209 730.305969238 -99.3516540527 1661.58837891 271.350830078 -144.894775391 1163.27038574 678.656982422 -307.10244751 1499.7668457
0.0274481773376 8 604.62689209 -98.0280609131 1479.12023926 701.347106934 241.076278687 1529.11743164 796.211547852 53.0930709839 1539.28063965 436.608520508 75.9674453735 1410.8795166 650.553588867 -109.811012268 1571.69140625 545.154846191 -100.735313416 1422.43029785 479.186035156 -165.287078857 1410.3125 492.041687012 -305.653106689 1260.43005371
0.0306458473206 8 613.503173828 -48.3041343689 1521.34680176 701.328186035 242.075546265 1528.7532959 680.36920166 98.1967010498 1678.03076172 578.654724121 117.194168091 1373.43066406 555.513671875 -129.733139038 1621.27856445 684.683105469 -61.6621704102 1372.42382812 361.339660645 -237.483444214 1461.86694336 633.45324707 -276.321533203 1224.22387695
0.0311441421509 8 614.756164551 -46.3325805664 1520.94689941 701.235168457 243.191162109 1528.44494629 685.231323242 96.0278015137 1680.00732422 576.194580078 117.812927246 1372.27758789 567.531188965 -98.7456665039 1632.24902344 680.047363281 -65.1217346191 1365.17114258 401.596862793 -267.74041748 1483.65454102 632.266418457 -267.930358887 1226.91186523
0.0490510463715 8 620.784973145 -42.3733177185 1518.26281738 700.929870605 244.594696045 1527.17553711 688.07635498 90.8952178955 1683.62719727 576.53302002 119.103935242 1371.29077148 602.192443848 -89.3209838867 1643.62890625 678.075317383 -70.8977279663 1359.97351074 432.500732422 -300.589691162 1505.75683594 629.801696777 -269.802276611 1224.62512207
0.0337958335876 8 624.09173584 -39.7594947815 1522.65710449 701.05279541 245.350585938 1526.85876465 690.882263184 81.7147598267 1698.78039551 584.005432129 122.311935425 1373.11706543 612.186218262 -91.8057937622 1638.6673584 682.683654785 -65.3897857666 1372.50097656 460.10357666 -337.415313721 1525.26708984 633.479187012 -251.376449585 1228.68908691
0.0285620689392 8 625.233703613 -40.5217247009 1526.2989502 700.935058594 245.98085022 1527.34619141 696.315246582 78.1610107422 1707.42529297 587.580749512 130.608932495 1380.55493164 615.393920898 -102.920578003 1636.97351074 684.008544922 -56.9050598145 1383.43920898 489.848999023 -371.732727051 1543.0970459 636.636901855 -238.309295654 1238.71240234
0.027302980423 8 627.901428223 -39.4123153687 1526.86083984 700.646911621 247.277008057 1527.7286377 705.218566895 80.568649292 1706.4810791 590.785339355 134.793487549 1382.25305176 644.846984863 -119.646987915 1671.91894531 680.051025391 -57.2660522461 1381.9888916 542.436584473 -400.492858887 1555.00634766 632.205749512 -239.613021851 1241.4206543
0.0302839279175 8 641.94921875 15.2972946167 1531.92529297 699.64642334 248.424072266 1528.60864258 712.79864502 141.519012451 1700.75170898 638.337341309 185.630767822 1389.0012207 650.92956543 -97.0182037354 1713.69042969 714.250427246 -24.9472503662 1408.62463379 515.508056641 -454.410705566 1545.92407227 668.622497559 -205.342300415 1276.79284668
0.0351459980011 8 645.448791504 29.5911388397 1530.60864258 698.576721191 249.895828247 1528.4050293 746.48828125 165.448776245 1684.96606445 619.108398438 210.046508789 1391.92041016 680.291992188 -59.6150970459 1691.64489746 683.881530762 -16.0621337891 1402.06677246 608.681518555 -268.085876465 1610.38525391 646.371337891 -218.162765503 1289.49462891
0.0337650775909 8 647.730529785 35.8321151733 1528.54284668 697.626281738 253.067718506 1528.96740723 752.363830566 165.492706299 1684.93041992 609.81842041 214.687408447 1391.46484375 685.236938477 -41.0454864502 1682.8079834 674.96887207 -19.137298584 1391.09533691 613.775756836 -255.796539307 1633.90112305 636.574951172 -248.050109863 1289.81030273
0.0275540351868 8 648.229003906 36.0686225891 1534.32409668 696.172790527 258.588684082 1529.94921875 750.194152832 176.095367432 1687.65734863 608.642883301 207.895339966 1384.57800293 683.932067871 -9.69975280762 1683.95654297 678.296691895 -26.1284484863 1387.4576416 620.010314941 -245.993499756 1653.24353027 637.801818848 -274.530181885 1288.17614746
0.0357129573822 8 650.436462402 44.2798423767 1527.29150391 695.91986084 258.822753906 1530.15148926 728.34173584 191.239685059 1693.02124023 616.43536377 206.870330811 1361.33691406 664.331726074 -3.02201843262 1685.61767578 700.589477539 -26.5343322754 1393.03198242 602.909118652 -236.491775513 1664.39562988 658.331604004 -277.741088867 1283.54077148
0.0310039520264 8 650.651062012 48.7733802795 1532.87329102 694.395385742 262.896636963 1531.88513184 728.071105957 199.36567688 1692.36279297 615.784851074 207.438995361 1366.38525391 663.124389648 1.25463867188 1685.17773438 701.036132812 -17.9348449707 1404.87219238 605.515319824 -231.986343384 1676.31799316 663.027832031 -264.230163574 1288.43652344
0.0318381786346 8 651.970336914 48.8455657959 1534.21911621 694.022399902 262.819641113 1532.27783203 725.950927734 204.150405884 1690.32495117 617.533203125 201.105606079 1362.1940918 659.187561035 5.62474060059 1688.06921387 704.347106934 -24.3960266113 1397.72937012 606.428161621 -226.597976685 1685.02612305 664.013793945 -285.908630371 1285.08935547
0.0353047847748 8 653.9921875 43.3138999939 1531.45385742 690.625244141 268.131286621 1535.75976562 710.375305176 192.879394531 1684.06811523 629.564025879 176.625061035 1356.89355469 623.877563477 6.74931335449 1697.4642334 718.692443848 -14.9176940918 1405.20849609 599.585632324 -239.067352295 1685.7064209 679.536987305 -274.363922119 1292.44445801
0.031720161438 8 657.620788574 32.8731498718 1536.33227539 687.305053711 271.247802734 1539.33947754 695.733825684 181.130203247 1678.38110352 649.18927002 154.833374023 1367.02441406 618.979248047 -11.5637969971 1688.60534668 730.105712891 -2.49713134766 1411.52648926 588.267883301 -249.536621094 1690.96020508 693.313598633 -261.767211914 1298.10791016
0.0322489738464 8 646.499023438 25.1750068665 1533.77893066 686.486816406 271.801025391 1541.33349609 690.554016113 185.352340698 1655.40734863 643.961853027 156.900909424 1375.56115723 632.519592285 -35.6776123047 1678.06115723 722.072570801 16.6918029785 1421.24731445 599.309265137 -271.418212891 1695.28735352 685.642333984 -244.736785889 1308.78161621
0.0445790290833 8 637.171081543 17.6971225739 1525.73193359 684.10925293 273.049682617 1544.02502441 688.516113281 189.461700439 1657.64160156 623.965209961 147.697753906 1345.55175781 633.898071289 -26.9756317139 1678.53833008 720.565429688 7.86022949219 1420.25036621 601.72277832 -263.76159668 1707.41479492 683.968261719 -256.588012695 1310.10095215
0.0291359424591 8 632.934509277 11.1874008179 1526.59619141 683.370117188 272.31237793 1545.18505859 696.043151855 181.923751831 1662.47473145 616.97076416 148.474822998 1346.33581543 635.63293457 -26.6012420654 1681.37023926 717.729797363 -16.5866699219 1403.92150879 603.986694336 -264.246948242 1719.18371582 681.013671875 -260.565612793 1309.97851562
0.0340280532837 8 628.550354004 4.96201992035 1529.44226074 681.636474609 272.70223999 1547.37597656 699.907104492 178.731185913 1662.79882812 607.830566406 146.991073608 1349.24829102 641.735046387 -30.6117706299 1685.19604492 702.33984375 -42.4834899902 1381.54382324 605.992919922 -265.6171875 1727.30957031 671.147888184 -277.313812256 1305.34240723
0.0307960510254 8 625.776428223 -2.41750621796 1539.28881836 681.052124023 272.929840088 1549.51635742 702.401733398 167.424911499 1682.55419922 600.983398438 144.559432983 1357.55859375 654.844360352 -50.7271881104 1715.34448242 698.986999512 -52.7175598145 1371.75 599.960021973 -288.635162354 1728.00097656 667.087341309 -299.529174805 1301.95239258
0.0314228534698 8 642.055358887 -13.4881296158 1551.18884277 682.096374512 271.369506836 1548.81408691 701.873901367 181.645309448 1673.13012695 596.46484375 121.224502563 1360.66601562 640.603393555 -42.771987915 1729.04541016 698.414550781 -86.3896179199 1363.24768066 597.18572998 -265.964416504 1730.7767334 663.539611816 -346.145751953 1295.47058105
0.0392589569092 8 638.889709473 -12.6953125 1547.47192383 681.548400879 271.140625 1549.51977539 701.751098633 177.100723267 1672.82458496 593.491577148 124.355888367 1360.80847168 642.37878418 -46.5065765381 1730.08789062 694.662658691 -79.7784805298 1359.86560059 595.190673828 -269.887573242 1737.64770508 662.164489746 -345.013519287 1297.01196289
0.0272881984711 8 637.31048584 -7.91565704346 1545.3104248 678.976318359 271.963623047 1553.28710938 703.164916992 173.607116699 1679.64196777 590.958496094 130.124008179 1360.57067871 642.257873535 -47.9445800781 1732.74145508 691.421936035 -48.6190338135 1362.75610352 592.711181641 -269.776123047 1744.84106445 663.609313965 -338.624328613 1299.78308105
0.0314249992371 8 640.935852051 7.77172136307 1547.63110352 678.671203613 272.096954346 1554.06237793 705.952636719 185.144104004 1688.20031738 600.938598633 164.581832886 1376.57971191 643.132202148 -63.9348907471 1715.15869141 687.772216797 -48.7815093994 1363.31152344 591.332092285 -253.581863403 1760.48095703 662.741882324 -342.277587891 1295.78027344
0.0360219478607 8 651.030395508 6.07132911682 1545.12597656 677.910949707 272.203033447 1557.44934082 709.621887207 165.002166748 1705.53430176 609.795349121 158.415969849 1373.33117676 637.93927002 -48.7680511475 1724.62634277 693.922180176 -69.1789245605 1352.39001465 580.518798828 -228.886138916 1781.77453613 653.478515625 -339.392669678 1243.28955078
0.0317668914795 8 651.299926758 7.07165956497 1542.20715332 677.02142334 271.420837402 1560.79003906 701.516723633 167.275619507 1706.82629395 611.23840332 158.810256958 1367.11608887 635.979797363 60.8877258301 1746.03283691 704.451660156 -63.7069549561 1363.39685059 569.195373535 -250.964996338 1779.15222168 661.324584961 -320.225402832 1248.91467285
0.0377750396729 8 648.415222168 8.87218856812 1541.41650391 677.217651367 271.412994385 1563.77050781 702.234313965 171.8384552 1703.96154785 611.172180176 161.514129639 1364.81335449 637.371826172 57.9818115234 1743.5847168 704.885620117 -61.4778442383 1370.57849121 568.876831055 -233.946502686 1771.15844727 684.325805664 -312.27230835 1301.4642334
0.0361731052399 8 650.901855469 6.91257095337 1542.5579834 676.854797363 270.987426758 1566.65136719 710.460693359 164.888549805 1700.32141113 630.231811523 164.171234131 1374.52429199 642.497619629 42.8498916626 1740.23999023 696.777282715 -56.7245330811 1375.34558105 572.40234375 -232.898101807 1772.5045166 675.754943848 -312.724304199 1305.31567383
0.0309789180756 8 652.94921875 4.6573009491 1543.16113281 675.66583252 270.378356934 1570.14416504 720.173217773 157.536483765 1698.76708984 641.341918945 163.354949951 1379.5012207 643.824401855 57.9936981201 1741.53027344 693.728820801 -65.6322937012 1373.44458008 572.300537109 -215.040847778 1779.7109375 669.674926758 -336.140869141 1301.29089355
0.0339338779449 8 664.426147461 2.17950701714 1554.35705566 675.750427246 270.242950439 1571.51611328 729.739807129 145.851623535 1699.47460938 653.503845215 160.734344482 1410.45556641 645.093200684 56.6878509521 1741.23071289 685.543518066 -70.6563110352 1368.55993652 576.643371582 -209.103286743 1782.2043457 653.94732666 -366.896179199 1286.80773926
0.0319011211395 8 664.266479492 -0.988157629967 1559.17614746 675.77355957 269.61618042 1572.27575684 728.55090332 140.646133423 1704.8248291 655.789672852 162.248321533 1422.47131348 637.886108398 50.870475769 1738.4552002 687.956542969 -73.1726531982 1365.22119141 575.298828125 -208.472167969 1780.05187988 656.967468262 -369.383117676 1287.60644531
0.0318140983582 8 655.369018555 -0.876367270947 1548.3807373 676.200195312 268.682800293 1575.99462891 719.691467285 155.535583496 1703.4630127 628.209289551 153.105529785 1380.43908691 633.108032227 62.5773620605 1742.04199219 691.929016113 -88.1074981689 1364.95996094 572.404724121 -190.157669067 1777.99255371 661.408203125 -380.389648438 1287.55004883
0.0312898159027 8 654.428283691 -5.33724069595 1546.64379883 676.810791016 267.924987793 1578.23815918 718.233459473 155.345916748 1704.76904297 626.534118652 153.294036865 1376.49169922 632.012695312 61.4881286621 1750.71179199 693.566650391 -84.6916046143 1367.51843262 572.785461426 -178.899536133 1769.78417969 665.71270752 -377.132263184 1292.66162109
0.0358829498291 8 651.58203125 -15.4124584198 1536.76428223 676.774597168 267.573242188 1578.33679199 717.039489746 145.930389404 1705.75292969 624.41986084 161.656585693 1373.11206055 630.41027832 63.9536819458 1756.12304688 693.345703125 -77.448928833 1365.01599121 567.365905762 -186.372894287 1773.95825195 667.741516113 -368.256774902 1294.72192383
0.0352010726929 8 651.298095703 -20.2313499451 1523.63208008 677.004211426 267.202758789 1578.47412109 721.456604004 133.657043457 1704.89086914 617.05255127 173.289764404 1372.51855469 630.735046387 54.6961288452 1751.27575684 687.743041992 -65.8952331543 1365.8626709 567.085449219 -194.73348999 1771.14416504 661.372192383 -359.350036621 1295.1607666
0.0279819965363 8 650.047241211 -19.3687171936 1523.28381348 677.247009277 266.164031982 1579.34667969 722.579589844 130.067016602 1708.41796875 614.272583008 173.005599976 1369.72998047 630.375915527 43.3946914673 1747.74658203 686.437988281 -67.7975006104 1362.39453125 563.761779785 -194.521484375 1773.49462891 660.484008789 -360.669494629 1295.84631348
0.0351841449738 8 648.189025879 -20.3390712738 1515.7244873 676.487060547 265.239959717 1579.74572754 723.635864258 117.420501709 1710.36120605 612.304199219 178.806625366 1368.73303223 627.819396973 29.0673599243 1744.09472656 686.257568359 -60.5224304199 1361.50158691 564.278625488 -210.917907715 1779.46936035 660.84564209 -349.206848145 1299.53857422
0.0316088199615 8 648.789978027 -23.3287639618 1516.11975098 676.310852051 264.449249268 1580.3861084 723.976501465 115.289352417 1711.62219238 611.00604248 174.734420776 1366.34509277 631.301208496 12.7602386475 1741.67138672 685.209838867 -62.4919281006 1360.23571777 562.151184082 -217.550018311 1775.25170898 659.303222656 -351.326293945 1298.26318359
0.0317511558533 8 647.697875977 -24.7237930298 1517.79833984 676.614501953 263.47668457 1581.18078613 720.802307129 113.62336731 1713.91516113 613.145568848 170.167327881 1363.62487793 629.413330078 0.449722290039 1745.06762695 686.337280273 -73.8681182861 1352.0715332 557.181213379 -224.833267212 1777.71044922 664.009338379 -350.657348633 1300.88903809
0.0356509685516 8 643.714294434 -27.517080307 1523.58178711 676.302001953 263.183166504 1582.16345215 713.185241699 115.144241333 1717.68469238 619.923034668 161.154541016 1360.20715332 624.055664062 -8.7447052002 1747.70336914 691.403076172 -92.5278930664 1341.67321777 554.584106445 -233.340682983 1787.1854248 669.896850586 -356.337585449 1296.73388672
0.0318188667297 8 639.762939453 -30.999124527 1528.34509277 676.250549316 262.393035889 1583.70507812 706.283508301 116.222900391 1721.55334473 626.072692871 153.462356567 1357.42077637 616.141235352 -22.0145721436 1747.93786621 698.0390625 -96.9606628418 1339.97717285 548.745117188 -237.133331299 1791.67736816 672.952758789 -414.082794189 1289.19726562
