0.0347847938538 8 585.902770996 -142.141616821 1466.9786377 595.769897461 263.282287598 1590.35510254 581.324951172 19.8838348389 1654.30004883 647.912963867 36.6356658936 1307.11572266 526.408752441 -170.05355835 1649.65039062 673.981872559 -174.420440674 1261.56958008 515.445739746 -373.696899414 1780.72644043 607.503601074 -403.25213623 1192.11242676
0.0325140953064 8 585.20892334 -141.244216919 1467.76623535 595.425476074 263.322906494 1589.62792969 578.823974609 21.4093933105 1652.83422852 648.76940918 34.477722168 1307.05151367 525.732055664 -174.355758667 1654.2734375 677.367797852 -176.277435303 1264.03820801 506.014587402 -370.099853516 1767.21130371 608.601623535 -403.925109863 1193.42565918
0.0317580699921 8 587.713317871 -140.482040405 1470.65075684 595.675842285 263.243530273 1589.29003906 586.5859375 22.6002044678 1653.36413574 639.035888672 32.1140594482 1304.64465332 540.281494141 -170.682220459 1662.55957031 668.850769043 -176.472503662 1260.97912598 500.343566895 -365.97052002 1762.45666504 599.914794922 -407.707794189 1193.35253906
0.0426778793335 8 588.040039062 -139.937423706 1471.91296387 595.307006836 263.390319824 1589.0670166 590.987426758 20.0961914062 1658.69897461 635.911865234 32.8299865723 1303.48388672 547.012878418 -169.463699341 1670.42346191 667.532897949 -176.049957275 1259.8215332 488.939788818 -364.32925415 1756.51245117 597.16607666 -406.980224609 1192.07092285
0.0308480262756 8 587.110778809 -138.967468262 1471.49890137 594.933532715 263.322753906 1588.24291992 593.328369141 21.8536071777 1658.38000488 630.820556641 32.5072937012 1299.70617676 553.9453125 -166.613327026 1677.57788086 664.632507324 -175.72114563 1258.78723145 484.128570557 -359.203735352 1741.55664062 594.513366699 -408.725402832 1190.42810059
0.0304939746857 8 584.339233398 -139.624984741 1478.56652832 594.798706055 263.262359619 1588.29284668 599.259033203 25.4679870605 1658.74316406 623.649169922 24.3068847656 1301.01879883 557.325073242 -157.439498901 1683.29833984 657.786560059 -175.532562256 1259.04089355 485.146820068 -348.02243042 1728.5189209 587.015686035 -418.576171875 1190.58898926
0.0452799797058 8 585.35748291 -140.672988892 1484.98583984 594.677856445 263.115936279 1588.46105957 602.326965332 30.6421203613 1658.02697754 620.702331543 18.3193054199 1303.18249512 562.977661133 -151.183853149 1688.81860352 653.505737305 -175.431091309 1259.06774902 481.070800781 -335.137084961 1717.58239746 583.89831543 -422.123443604 1192.30993652
0.0333881378174 8 587.483276367 -140.706039429 1483.53881836 594.59173584 263.465026855 1588.0871582 603.189208984 27.6159820557 1660.19702148 621.979248047 22.6564788818 1304.9050293 564.220031738 -155.294723511 1688.27233887 653.667419434 -168.389968872 1257.5012207 478.993621826 -332.354980469 1726.47229004 583.504943848 -417.49621582 1189.64477539
0.0329110622406 8 586.203552246 -140.086212158 1476.69458008 594.560852051 263.833862305 1587.85693359 597.604919434 20.4619140625 1661.37609863 629.228210449 30.4378967285 1306.15539551 558.249816895 -162.457855225 1688.10644531 660.208435059 -163.605026245 1258.23864746 465.847473145 -340.833251953 1732.92321777 592.957580566 -407.61026001 1189.9588623
0.0360209941864 8 589.825439453 -134.382202148 1475.98937988 594.41583252 264.395324707 1587.91784668 600.747253418 12.051574707 1668.04882812 634.971496582 40.5842590332 1315.37280273 541.763000488 -153.711196899 1672.97924805 663.210754395 -148.803634644 1258.53723145 463.874389648 -354.385284424 1730.47521973 596.736450195 -397.133789062 1192.96826172
0.0298748016357 8 589.625366211 -133.701812744 1477.26208496 594.26751709 264.771240234 1588.04040527 604.49822998 15.1508636475 1672.06201172 633.656555176 42.5739822388 1311.99365234 544.601989746 -153.489364624 1646.56103516 663.325866699 -146.139099121 1257.04077148 454.376190186 -349.987792969 1734.75866699 598.002868652 -395.32611084 1190.28527832
0.0271971225739 8 589.223571777 -134.236679077 1476.99719238 593.967712402 264.736968994 1588.87023926 602.249267578 16.6375427246 1668.8482666 632.676635742 40.2496032715 1311.44934082 548.076599121 -151.588653564 1645.92626953 662.68951416 -147.772720337 1256.24353027 449.086700439 -347.157775879 1730.26965332 596.500183105 -397.227294922 1190.8581543
0.0341229438782 8 588.09765625 -132.424041748 1473.94897461 593.574707031 264.819885254 1589.73291016 601.61114502 11.3017272949 1671.68579102 631.870056152 46.0856246948 1312.21459961 549.449707031 -157.317733765 1648.92907715 662.341308594 -144.855895996 1256.74401855 444.42755127 -354.771362305 1730.70361328 596.039794922 -391.6065979 1191.00292969
0.0316600799561 8 584.592224121 -126.503295898 1470.17150879 593.448059082 265.166015625 1590.88903809 602.971679688 25.3057556152 1672.38964844 620.243896484 53.5886230469 1295.32275391 553.837280273 -148.352493286 1656.2545166 659.936645508 -155.425445557 1254.53344727 442.885162354 -340.298522949 1729.8873291 594.38092041 -407.425964355 1189.61022949
0.03165102005 8 582.309631348 -126.21686554 1464.73571777 593.454467773 265.843475342 1591.64404297 607.500671387 6.4490814209 1676.06079102 622.97833252 63.291053772 1305.59399414 554.100585938 -184.427963257 1677.92468262 656.882446289 -127.922981262 1252.83227539 443.255371094 -357.370025635 1703.00146484 592.48626709 -383.075469971 1191.55639648
0.0354838371277 8 597.056213379 -121.985305786 1508.29748535 593.743713379 266.063476562 1592.06884766 595.029846191 53.7219390869 1675.74987793 637.485412598 11.8775787354 1309.89416504 542.718505859 -137.374649048 1677.39074707 668.264526367 -172.500839233 1252.76330566 422.001220703 -307.297363281 1671.3026123 604.43536377 -429.979064941 1193.12121582
0.0309569835663 8 598.290100098 -128.38999939 1505.92419434 594.279174805 265.996765137 1592.09838867 598.185302734 49.4033355713 1671.92407227 636.161010742 13.0812225342 1311.71191406 546.438781738 -139.489303589 1677.77062988 665.19152832 -170.688140869 1252.97436523 429.056213379 -309.046936035 1681.87536621 600.454589844 -430.208679199 1191.64160156
0.0309820175171 8 599.674865723 -131.353408813 1502.81030273 594.833618164 265.437194824 1591.89306641 598.681762695 42.8396377563 1659.83251953 637.666748047 7.32197570801 1317.53710938 549.333374023 -131.101196289 1670.4708252 662.649291992 -178.716430664 1253.44226074 433.705993652 -301.762634277 1690.19763184 598.603027344 -432.735534668 1191.7635498
0.0347220897675 8 599.909606934 -130.613067627 1507.04492188 595.557312012 264.701904297 1591.58398438 598.227233887 44.4105987549 1662.86730957 642.491760254 7.2566986084 1322.39489746 548.095275879 -130.066070557 1669.31604004 663.996826172 -195.277420044 1253.10864258 435.902618408 -303.122802734 1697.3236084 601.657165527 -427.485595703 1191.52966309
0.031583070755 8 600.240112305 -131.586761475 1505.49841309 596.792663574 264.008422852 1591.23291016 603.56652832 40.1441955566 1665.66943359 637.150390625 12.1803894043 1323.49243164 554.633605957 -133.359161377 1658.53491211 658.154418945 -184.345504761 1251.66625977 442.881317139 -313.293151855 1697.67004395 594.807617188 -424.130432129 1191.21276855
0.0312750339508 8 591.826904297 -136.084533691 1471.45019531 597.79864502 263.94329834 1590.99536133 614.999267578 2.44932556152 1667.25 627.651733398 52.3472061157 1325.5859375 548.108459473 -181.961608887 1606.01904297 647.659240723 -144.170440674 1252.99462891 450.078399658 -362.948638916 1699.2253418 582.993713379 -390.588745117 1188.85144043
0.0357389450073 8 593.046508789 -127.281166077 1487.375 598.909240723 264.747619629 1591.03137207 615.763427734 9.71565246582 1694.74377441 648.311157227 65.1106567383 1338.32019043 543.260803223 -201.589981079 1628.27661133 660.437866211 -132.982345581 1253.44580078 431.51473999 -525.339660645 1575.62939453 597.496948242 -376.939025879 1189.51782227
0.0397119522095 8 591.599365234 -123.67048645 1490.4732666 599.954223633 264.949249268 1590.91149902 611.01373291 7.82290649414 1706.91015625 651.080749512 68.8797607422 1335.88061523 543.008300781 -213.612213135 1661.97949219 664.503173828 -129.595535278 1255.44384766 399.215026855 -486.404602051 1572.83618164 601.781677246 -371.200073242 1189.60986328
0.0323469638824 8 586.620727539 -113.628753662 1491.16577148 601.095397949 265.032287598 1590.6875 613.831848145 12.5903167725 1695.40917969 645.992614746 68.2056121826 1343.52270508 548.477661133 -204.580993652 1665.60668945 656.830688477 -132.774765015 1265.96313477 381.66973877 -427.365905762 1579.47045898 597.536560059 -378.722839355 1190.16162109
0.0332260131836 8 581.896606445 -111.558761597 1486.35437012 602.031066895 264.79800415 1591.01513672 603.638061523 15.1856231689 1688.96850586 650.856689453 67.6287918091 1342.38964844 535.178649902 -206.070007324 1675.4309082 664.349304199 -140.155944824 1261.97827148 357.458862305 -370.293029785 1589.48376465 605.095458984 -382.210540771 1192.67407227
0.0312280654907 8 579.703063965 -109.611785889 1484.49353027 603.086242676 264.130218506 1590.45861816 598.538085938 11.0191955566 1693.86108398 654.763916016 68.2784042358 1337.99267578 522.574829102 -218.795150757 1685.84631348 669.270935059 -135.279754639 1260.8104248 345.125061035 -329.222869873 1609.85144043 608.864624023 -378.418121338 1192.31738281
0.0368540287018 8 580.48248291 -110.037117004 1484.99609375 604.57208252 263.729644775 1589.19689941 599.28338623 10.7084960938 1692.84777832 654.789611816 66.3371200562 1338.34680176 524.665466309 -219.304229736 1687.20983887 667.864807129 -129.960662842 1263.47375488 343.562438965 -284.184326172 1618.75524902 606.391418457 -376.951385498 1193.02990723
0.0301818847656 8 584.75982666 -120.723060608 1491.68359375 608.104370117 262.437561035 1586.89660645 586.417602539 1.42607116699 1697.97705078 669.490966797 42.3098068237 1337.66650391 511.258117676 -227.023834229 1696.61694336 682.132751465 -115.128440857 1266.78588867 331.564575195 -250.432479858 1642.98205566 618.309082031 -367.078277588 1192.65429688
0.0344851016998 8 591.498413086 -116.344306946 1491.85412598 608.961486816 262.283325195 1586.75036621 590.57208252 3.44114685059 1696.52331543 666.610534668 43.6999893188 1333.79382324 513.623352051 -222.213912964 1708.8125 679.372497559 -118.148536682 1270.75524902 345.797943115 -199.695922852 1648.7689209 613.682189941 -371.771881104 1191.26855469
0.0416660308838 8 587.833007812 -113.324478149 1487.53381348 609.869812012 262.162231445 1586.54956055 591.31628418 5.40794372559 1693.66943359 666.204956055 51.0943832397 1334.47875977 498.289672852 -220.266281128 1715.77453613 679.037414551 -119.875465393 1270.77050781 357.407989502 -146.051879883 1657.97509766 613.723449707 -370.715423584 1192.85949707
0.0300009250641 8 581.969055176 -110.558769226 1475.02026367 611.053100586 262.356933594 1586.22961426 584.596862793 9.94319152832 1673.71411133 655.364562988 57.2725830078 1332.00708008 523.891174316 -90.5050430298 1759.02844238 668.445800781 -116.936660767 1266.58618164 393.631317139 -155.238739014 1682.36816406 600.915649414 -376.691589355 1191.82470703
0.028333902359 8 581.76953125 -110.608421326 1473.46228027 613.811279297 262.12588501 1584.25634766 576.781677246 22.3686904907 1659.04138184 659.016784668 46.965675354 1327.34313965 522.635559082 -93.4448776245 1736.11047363 661.983276367 -129.923492432 1246.94433594 404.173522949 -127.452682495 1701.17346191 604.559387207 -387.3074646 1188.03894043
0.032445192337 8 581.344238281 -112.447891235 1468.9942627 614.772644043 262.207641602 1583.41381836 576.413269043 25.9689407349 1649.26367188 661.493713379 39.673576355 1320.2800293 486.221435547 -120.908927917 1738.97741699 670.013000488 -161.653717041 1246.51818848 410.304382324 -74.8935852051 1707.11230469 603.483886719 -394.593444824 1187.96191406
0.0314049720764 8 573.01751709 -112.076797485 1456.99047852 616.063049316 262.22668457 1582.62548828 581.452880859 14.6314697266 1645.05114746 655.139404297 50.6657104492 1321.84606934 497.972595215 -131.421646118 1743.5534668 663.641418457 -141.536148071 1251.69628906 426.485961914 -61.8778839111 1711.87268066 599.06072998 -386.666656494 1187.65917969
0.0313789844513 8 573.176635742 -119.352348328 1460.73046875 616.927856445 262.00088501 1582.23278809 576.062011719 3.01597595215 1658.4744873 668.995361328 43.8358764648 1325.55090332 490.866516113 -124.532539368 1744.65063477 671.900390625 -140.748214722 1256.20837402 423.872039795 -47.2628479004 1716.63012695 611.698242188 -384.102294922 1192.13562012
0.0364170074463 8 575.596252441 -122.790542603 1462.8236084 618.237731934 261.307922363 1581.91430664 584.211547852 -1.93804931641 1664.96569824 672.594848633 44.7217025757 1328.39147949 485.502624512 -95.5491943359 1764.51416016 670.858459473 -138.169311523 1257.296875 421.589233398 -43.3153572083 1712.97692871 612.016052246 -387.059051514 1192.21936035
0.0312099456787 8 582.357666016 -125.490242004 1468.38684082 619.121398926 261.417907715 1581.17321777 601.481384277 -7.74047851562 1676.75817871 667.657165527 50.996383667 1329.72912598 466.924682617 -99.7130966187 1750.23706055 664.987670898 -130.232589722 1256.10864258 433.33770752 -72.6331176758 1729.69946289 608.83807373 -383.650024414 1191.2479248
0.0310690402985 8 587.849121094 -119.012161255 1487.51342773 620.067932129 262.02923584 1579.71252441 606.629943848 -5.16441345215 1701.42504883 672.443786621 78.0068130493 1373.06030273 462.176452637 -119.452682495 1745.76269531 660.810180664 -115.628852844 1254.97070312 431.508087158 -42.9753723145 1720.30493164 604.745605469 -371.384246826 1192.88842773
0.0351560115814 8 594.657226562 -117.068222046 1497.40112305 620.793579102 262.84185791 1578.70385742 617.731628418 4.14471435547 1703.30627441 662.192687988 72.8827819824 1367.09533691 460.827331543 -141.385742188 1725.69506836 648.192749023 -119.691009521 1254.84301758 457.934631348 -19.6308670044 1722.32519531 590.646789551 -380.69152832 1194.58154297
0.0319948196411 8 602.975524902 -114.550323486 1538.7454834 621.008422852 263.338439941 1577.72351074 601.344299316 55.3252487183 1695.04394531 678.965759277 16.9732666016 1364.91552734 449.433807373 -92.4997940063 1733.81286621 661.82611084 -171.494812012 1252.95837402 445.363494873 29.9114074707 1723.38696289 599.005249023 -437.037109375 1202.02429199
0.0312180519104 8 607.32623291 -119.196136475 1533.85644531 621.443847656 263.729034424 1576.36474609 610.727905273 47.6932830811 1696.9309082 671.69543457 24.0227508545 1361.22363281 461.462890625 -113.00062561 1751.50415039 653.729614258 -162.281677246 1248.05029297 454.956176758 21.9105072021 1725.51525879 590.998352051 -429.369354248 1200.8092041
0.036749124527 8 602.763671875 -105.330352783 1519.86401367 621.610778809 264.190734863 1574.99597168 619.765319824 55.082359314 1694.55834961 630.718811035 48.601600647 1340.80224609 504.578674316 -84.8138656616 1758.03222656 644.410888672 -153.91583252 1250.82434082 466.397003174 24.2502059937 1732.14294434 578.754943848 -421.913085938 1201.96936035
0.0320649147034 8 608.289733887 -96.2909851074 1526.63830566 621.813232422 264.661743164 1573.58618164 623.079406738 54.2964553833 1705.48779297 651.794494629 54.6240463257 1352.81469727 509.096557617 -75.6870193481 1768.6998291 655.356872559 -110.943534851 1257.54736328 454.296844482 4.27043914795 1733.60827637 593.753845215 -406.591033936 1198.76196289
0.0313320159912 8 605.094299316 -91.7345504761 1524.72094727 621.850219727 264.646057129 1572.69250488 617.533996582 58.8470993042 1702.49230957 648.250549316 55.6959152222 1349.12414551 490.339813232 -61.9177322388 1771.6463623 655.733337402 -127.756599426 1255.57177734 448.931365967 11.7814178467 1739.67944336 593.927246094 -416.099609375 1197.79003906
0.0357689857483 8 599.41027832 -98.3879852295 1527.47705078 622.286804199 264.823669434 1572.00549316 599.637329102 63.5170059204 1696.54699707 668.937133789 40.9561386108 1352.69885254 468.096862793 -18.9485549927 1771.09521484 669.853820801 -139.594726562 1256.97680664 438.899108887 -89.9818725586 1751.7845459 614.054077148 -416.319152832 1203.05847168
0.0321190357208 8 594.697937012 -99.9385375977 1535.75561523 622.168273926 265.462738037 1571.42724609 601.223449707 76.6976165771 1694.16564941 659.494934082 27.8071136475 1346.49572754 457.897155762 -5.50458526611 1802.79931641 666.028686523 -156.340835571 1257.57922363 433.633483887 -14.8473482132 1739.76672363 603.856933594 -441.633056641 1205.80175781
0.0321190357208 8 594.697387695 -107.28237915 1544.16552734 623.007263184 265.51550293 1570.00183105 609.772338867 84.6940612793 1692.57885742 645.84362793 14.562713623 1340.08984375 470.608734131 43.5432281494 1897.50927734 659.325500488 -179.22088623 1265.07495117 434.037414551 11.4630889893 1734.5534668 611.550476074 -436.756286621 1188.95031738
0.0409359931946 8 590.728942871 -109.869766235 1542.20251465 624.134033203 265.123016357 1567.20007324 601.642456055 93.96900177 1678.6550293 639.642456055 4.70457458496 1330.61523438 470.856201172 45.1048240662 1895.75720215 662.279296875 -203.805114746 1272.85998535 430.323364258 -7.84991455078 1736.66418457 591.909729004 -460.65447998 1207.56628418
0.0318510532379 8 590.47265625 -113.454963684 1541.92321777 625.603881836 265.285675049 1563.05908203 603.026489258 92.3364562988 1681.39855957 638.551025391 -1.02281188965 1325.10778809 468.887969971 31.6708717346 1874.1472168 661.883056641 -215.585968018 1275.63635254 370.981658936 94.9641799927 1703.32653809 586.232055664 -465.156433105 1211.22546387
0.0313248634338 8 594.514160156 -114.859512329 1532.79138184 626.589172363 265.236328125 1559.74621582 601.889587402 79.1122283936 1684.64758301 647.829650879 -1.6309967041 1320.47839355 445.71206665 -8.33916473389 1836.85205078 660.567810059 -218.537582397 1266.52429199 340.38760376 82.4992446899 1700.75732422 590.29498291 -449.130279541 1206.01989746
0.0357069969177 8 601.189025879 -111.53477478 1533.05126953 627.152954102 265.510803223 1557.05981445 600.260192871 71.7992324829 1684.81982422 668.401428223 7.89495849609 1338.46142578 429.563903809 -48.8210754395 1814.79858398 653.068603516 -179.030792236 1267.06604004 325.571990967 36.5824432373 1719.91906738 615.07220459 -419.543273926 1184.84436035
0.0309801101685 8 604.21697998 -112.516281128 1534.56494141 627.554321289 265.490539551 1556.69726562 599.934020996 65.6434402466 1686.65148926 676.645446777 11.6212615967 1349.5411377 429.674713135 -75.8909072876 1806.45959473 652.226257324 -168.682876587 1249.29162598 288.786132812 42.4248733521 1708.3581543 594.195007324 -430.297180176 1201.39086914
0.0314338207245 8 604.019836426 -111.896888733 1533.83911133 627.860595703 265.404510498 1555.8482666 597.036804199 66.6328582764 1682.85900879 678.112487793 14.2233276367 1352.91711426 434.429901123 -94.9059448242 1792.99963379 652.609191895 -157.748977661 1247.97045898 247.847061157 56.1657714844 1696.55969238 614.128356934 -409.351715088 1183.11865234
0.0352611541748 8 605.272888184 -111.22744751 1531.40014648 628.182983398 266.184692383 1553.83337402 596.005004883 62.1466674805 1684.87719727 677.987670898 21.0313415527 1355.55908203 437.128051758 -107.00819397 1787.47021484 653.229431152 -148.099105835 1245.5222168 213.303756714 51.9853668213 1688.05615234 616.30847168 -393.047393799 1184.39782715
0.0317208766937 8 604.089416504 -110.061828613 1531.09204102 628.424438477 266.284484863 1553.45361328 592.182556152 60.6980285645 1690.04968262 679.190002441 28.9196777344 1359.00915527 412.853149414 -106.38633728 1774.30664062 654.096313477 -139.066818237 1245.39685059 170.630172729 48.5534210205 1677.15979004 608.974182129 -389.063171387 1195.51416016
0.0317530632019 8 596.21862793 -107.747451782 1534.88708496 628.02166748 266.896148682 1552.67590332 574.940551758 61.0110473633 1704.20092773 682.419799805 41.895904541 1368.22631836 406.73223877 -112.281494141 1774.94018555 666.028991699 -140.982254028 1252.9498291 133.205535889 43.4172210693 1667.43945312 609.372314453 -400.141052246 1197.66418457
0.0361111164093 8 590.044494629 -107.239120483 1534.55114746 627.350708008 266.923492432 1551.05639648 568.236450195 66.6111602783 1700.67077637 681.378173828 47.1497650146 1372.94152832 400.298278809 -109.157470703 1773.92773438 672.115539551 -141.131637573 1256.00512695 107.819488525 43.3700714111 1663.70422363 632.570800781 -385.526733398 1184.08898926
0.0313940048218 8 587.312438965 -108.876831055 1509.80639648 626.023132324 267.112640381 1550.06140137 570.024230957 40.5723114014 1698.84448242 664.839660645 75.1992645264 1373.88378906 403.506072998 -127.851547241 1769.47338867 657.989135742 -114.345062256 1254.20275879 110.653961182 17.1406097412 1662.55029297 617.79498291 -363.196014404 1181.74121094
0.031555891037 8 577.34777832 -121.476776123 1511.58935547 624.633666992 266.844024658 1548.74694824 556.410461426 25.8483123779 1693.1574707 653.758239746 50.9885482788 1371.84912109 371.558044434 -88.5189666748 1758.28674316 651.30255127 -128.914093018 1263.62121582 97.2950439453 45.3040161133 1647.01269531 601.133239746 -388.877685547 1190.79345703
0.0361480712891 8 571.917419434 -130.129348755 1516.99682617 623.169128418 267.050262451 1548.28173828 556.249633789 28.3652038574 1692.94372559 640.303344727 42.0817871094 1368.70593262 362.540405273 -62.2913360596 1758.48937988 641.511962891 -130.629852295 1268.23999023 103.667449951 57.3500823975 1653.67272949 597.089172363 -397.750457764 1182.48486328
0.0315990447998 8 566.891845703 -128.432907104 1507.8873291 620.899108887 267.24420166 1545.59338379 551.31463623 31.1750488281 1679.53393555 626.150085449 48.7979354858 1365.55761719 362.658294678 -57.2451705933 1756.73754883 623.258239746 -113.852363586 1271.6932373 112.130310059 50.7557907104 1664.44519043 584.376831055 -397.67401123 1173.20947266
0.0320198535919 8 564.171447754 -128.809555054 1501.51708984 617.651000977 267.787902832 1543.85498047 550.016723633 28.7476196289 1671.61181641 620.332275391 50.2301635742 1364.59472656 362.309997559 -50.8536987305 1755.4420166 619.285949707 -117.362106323 1270.3536377 117.289016724 49.6723556519 1664.33496094 583.565246582 -397.516174316 1173.73291016
0.040030002594 8 564.502319336 -125.504478455 1506.61242676 614.921936035 267.972106934 1542.75610352 553.628112793 30.1969604492 1676.02600098 618.54486084 48.5384368896 1365.71960449 360.605804443 -45.4292602539 1754.81970215 618.692871094 -121.858184814 1270.22485352 115.669036865 54.9355010986 1665.87219238 577.484924316 -401.410247803 1179.52880859
0.0319609642029 8 563.799926758 -125.655845642 1504.93249512 608.682922363 268.959899902 1541.49743652 554.936157227 28.4299468994 1677.70678711 616.015869141 52.5437545776 1366.40258789 361.790557861 -48.5706481934 1754.01416016 615.527099609 -116.800621033 1268.80505371 117.546920776 52.5108718872 1670.14990234 578.982543945 -394.407714844 1174.72143555
0.0362510681152 8 562.387878418 -126.086883545 1504.39428711 602.310058594 270.682983398 1540.25073242 551.858703613 30.5014648438 1676.81933594 613.046569824 54.61693573 1366.04272461 361.153656006 -48.4807434082 1752.76745605 614.354309082 -119.459877014 1265.40820312 122.553970337 53.6039428711 1672.79150391 581.59552002 -395.997009277 1171.39978027
0.0314629077911 8 561.051269531 -127.229743958 1504.89160156 594.633422852 272.345062256 1537.33483887 550.366516113 32.1039123535 1674.91186523 611.206604004 53.3057022095 1365.96777344 340.622924805 -32.1100845337 1745.59265137 609.700683594 -117.434577942 1265.71472168 109.714263916 64.0626220703 1668.83044434 574.004455566 -400.66506958 1172.6237793
0.0314681529999 8 559.839416504 -127.763000488 1505.40612793 593.407470703 272.971343994 1537.64099121 547.717834473 34.164642334 1673.29187012 609.747375488 51.9022140503 1364.7545166 325.774200439 -25.6749763489 1738.27514648 606.048950195 -124.211494446 1265.04223633 116.206542969 72.1918640137 1671.73632812 578.004577637 -401.162750244 1177.35119629
0.0365469455719 8 558.907775879 -128.121490479 1504.07556152 586.910766602 274.453887939 1536.34887695 545.514465332 36.245803833 1671.95361328 607.951477051 49.689414978 1357.93457031 319.311523438 -19.2958831787 1733.15563965 603.110351562 -144.35824585 1258.99291992 110.875549316 86.0681610107 1668.95056152 581.776855469 -394.55871582 1175.2376709
0.0321428775787 8 559.235717773 -129.213088989 1501.41577148 587.060424805 273.788391113 1536.8515625 545.437316895 40.1053161621 1671.47814941 609.627624512 41.0621032715 1339.40490723 319.977416992 -13.3039512634 1731.72473145 602.095336914 -160.719284058 1246.76757812 115.416427612 95.5327453613 1670.60083008 576.17401123 -398.557495117 1173.22302246
0.0315752029419 8 558.797058105 -130.271453857 1499.40722656 586.549865723 273.259338379 1537.58093262 545.210388184 41.5749359131 1671.34118652 609.247009277 37.0814971924 1329.92248535 321.571929932 -10.8585243225 1734.14794922 599.974914551 -171.099777222 1239.78234863 114.020523071 103.372253418 1669.54589844 565.265380859 -427.492431641 1174.06481934
0.0358238220215 8 558.623535156 -131.045761108 1499.63195801 583.398681641 273.472900391 1538.10205078 544.683044434 42.1884231567 1672.55554199 607.926452637 34.3223419189 1325.47741699 323.509124756 -7.55519866943 1736.55322266 596.67791748 -176.486282349 1235.36694336 114.219024658 115.973083496 1668.23693848 570.173583984 -414.817108154 1169.11401367
0.0314710140228 8 557.341308594 -131.242034912 1498.71765137 581.647949219 274.012939453 1539.8560791 543.420959473 42.2102127075 1673.84643555 605.441589355 34.7685852051 1322.43212891 323.054870605 -4.88480758667 1736.59887695 595.147155762 -178.424240112 1234.43664551 111.466293335 126.108261108 1663.30566406 560.686584473 -428.154663086 1165.27905273
0.0318520069122 8 557.230529785 -129.95980835 1502.03552246 582.720031738 274.807128906 1542.03125 543.926696777 41.3888702393 1675.06445312 605.184509277 39.570022583 1333.40380859 323.121734619 -5.07130050659 1737.37573242 594.738098145 -176.274551392 1233.70959473 111.064605713 124.143768311 1662.38195801 561.571472168 -424.428894043 1163.49328613
0.0350151062012 8 557.993835449 -130.48008728 1500.99450684 585.485900879 275.044769287 1543.32324219 545.755371094 42.3813858032 1674.59997559 606.746826172 36.9995574951 1328.53112793 323.986175537 -4.20777130127 1736.92358398 593.983154297 -176.773773193 1233.50195312 105.966400146 130.509979248 1652.43688965 555.131225586 -431.571228027 1161.36535645
0.0319879055023 8 558.021606445 -130.288345337 1501.66992188 586.153320312 275.178192139 1544.61755371 546.451293945 42.2806167603 1674.59936523 606.52746582 37.698348999 1330.65429688 324.048431396 -3.56067657471 1738.71789551 593.749816895 -174.03503418 1232.14794922 107.86555481 128.531005859 1649.42590332 552.879638672 -430.678283691 1159.15380859
0.0316071510315 8 557.575744629 -131.416259766 1500.90563965 586.705505371 274.52142334 1544.59619141 547.587280273 40.4063873291 1674.25439453 605.922607422 38.9242706299 1332.62182617 325.269958496 -4.61143493652 1739.3404541 593.808105469 -173.35458374 1233.0892334 111.572937012 127.654144287 1644.78662109 554.399597168 -428.744262695 1156.34033203
0.0356249809265 8 558.004516602 -137.224960327 1504.8671875 587.177062988 274.086914062 1544.24829102 546.430664062 43.8473815918 1674.14709473 608.846679688 32.9722290039 1331.58972168 323.426757812 -1.19703674316 1739.30224609 595.485717773 -178.687484741 1234.37194824 109.671188354 127.395996094 1638.10168457 548.990478516 -429.891296387 1171.55078125
0.0314998626709 8 560.153808594 -139.693161011 1506.42407227 588.84777832 273.550109863 1545.31384277 544.574523926 44.7346496582 1673.58752441 612.715759277 30.5390014648 1331.9005127 319.90045166 -2.19074630737 1738.0513916 597.999084473 -183.868759155 1232.08459473 64.458984375 156.092666626 1621.37536621 550.582885742 -433.762084961 1166.65454102
0.0321021080017 8 562.965942383 -140.101730347 1515.34631348 595.782775879 270.853607178 1544.25842285 542.896972656 49.3876800537 1673.33239746 618.613647461 20.9920196533 1335.84436035 317.049804688 1.64381790161 1737.70410156 600.588317871 -190.121032715 1231.34985352 60.2793884277 157.202697754 1608.87756348 557.864501953 -427.669921875 1168.66796875
0.0355670452118 8 563.226257324 -141.393814087 1548.24267578 593.817443848 271.202575684 1544.24926758 532.223022461 76.612701416 1666.53125 628.208984375 -9.06753540039 1346.38256836 306.954925537 29.6120109558 1730.52685547 608.381347656 -218.170974731 1237.17053223 41.0104370117 185.563919067 1584.09521484 558.388916016 -462.677368164 1182.46289062
0.032212972641 8 564.545532227 -140.576660156 1549.09106445 593.49017334 271.643615723 1543.88110352 529.078369141 78.0888671875 1664.24353027 629.762329102 -10.5843811035 1346.1583252 302.079467773 32.3843688965 1728.91333008 610.639648438 -220.77645874 1238.08544922 23.8873291016 188.602767944 1566.54492188 566.804870605 -458.236572266 1188.46008301
0.0318470001221 8 567.081115723 -139.222061157 1548.28527832 596.244262695 271.570617676 1545.06884766 528.940979004 79.2032470703 1661.88745117 631.938537598 -8.36044311523 1346.44677734 301.250549316 30.7707099915 1728.26879883 619.83013916 -202.908599854 1264.56054688 22.369140625 179.12437439 1551.54553223 594.475341797 -408.602416992 1183.10839844
0.036073923111 8 568.527038574 -136.648162842 1548.4486084 598.059936523 271.79498291 1544.88037109 530.435913086 79.2905654907 1662.60668945 631.581420898 -3.26651000977 1350.08959961 301.744689941 30.2852973938 1728.18518066 625.140563965 -188.39666748 1268.09509277 14.3053588867 169.069473267 1539.42626953 574.336242676 -453.257629395 1187.44848633
0.0324249267578 8 568.822937012 -132.861221313 1539.73974609 600.187866211 271.979125977 1544.4498291 537.146728516 73.3586273193 1666.28662109 626.49621582 2.8097076416 1345.2878418 308.211853027 24.0299530029 1730.19335938 622.221862793 -182.57484436 1267.09155273 29.5109558105 157.436538696 1542.06933594 572.327331543 -448.474121094 1186.42358398
0.037994146347 8 569.526184082 -126.352897644 1534.38269043 604.049804688 271.618560791 1542.39929199 538.565368652 68.5172576904 1668.35339355 623.696472168 7.41195678711 1344.50402832 310.908966064 20.2404251099 1729.91992188 621.901977539 -177.567962646 1272.05834961 50.9086303711 118.650192261 1545.79418945 584.113037109 -427.330505371 1187.49902344
0.0357160568237 8 568.793884277 -125.469421387 1527.79541016 602.946960449 272.087341309 1542.60375977 543.854980469 61.8367919922 1670.3927002 618.155029297 13.4111938477 1342.55114746 315.900085449 14.9817237854 1730.0513916 616.902038574 -170.980651855 1275.7208252 60.2332763672 99.891998291 1534.21411133 583.242675781 -429.65435791 1186.62182617
0.027664899826 8 568.685546875 -123.058479309 1528.66064453 603.096740723 272.384094238 1542.72338867 545.51776123 63.4856643677 1669.53417969 614.38494873 19.2357330322 1347.42871094 314.316833496 15.5128669739 1713.06774902 616.16394043 -173.403167725 1281.4317627 73.8447875977 107.566177368 1522.8236084 583.552246094 -439.904663086 1194.37597656
0.0315670967102 8 567.615234375 -112.656562805 1525.08508301 606.229614258 271.736816406 1542.13415527 545.070129395 80.6674041748 1670.57434082 609.713928223 38.0950622559 1339.20495605 313.681640625 25.6968917847 1695.07861328 622.723449707 -166.597290039 1296.57177734 66.4016113281 99.7868270874 1513.27502441 586.232055664 -460.001983643 1194.30383301
0.0355949401855 8 567.393249512 -111.011146545 1524.35534668 606.677307129 271.68460083 1542.55908203 544.80645752 79.8051452637 1670.88085938 610.015441895 44.9879302979 1344.80419922 309.750671387 23.8831977844 1684.02746582 623.26763916 -170.421524048 1300.73339844 61.7490997314 94.8541564941 1510.5826416 593.190734863 -467.486816406 1194.31152344
0.0314528942108 8 565.727844238 -125.130996704 1513.82702637 609.048461914 271.133728027 1541.79846191 546.048339844 65.0754089355 1661.64746094 608.282348633 41.1153869629 1343.62670898 310.016906738 16.6068229675 1678.2166748 620.406738281 -169.096694946 1294.23254395 67.0927886963 84.1300811768 1488.32702637 588.642456055 -461.922180176 1199.67980957
0.0317380428314 8 565.498352051 -122.90247345 1491.38293457 610.633361816 270.964813232 1540.46203613 544.139831543 51.9736862183 1657.15612793 612.186096191 58.1017684937 1337.83654785 300.470153809 8.07568359375 1649.68078613 624.112243652 -158.020629883 1291.18481445 33.0454711914 97.9073257446 1447.34423828 588.205993652 -458.61529541 1206.19165039
0.0357189178467 8 564.729797363 -121.853378296 1484.16906738 611.455688477 270.791381836 1539.16711426 541.341491699 50.7141723633 1651.37316895 611.189758301 62.017791748 1334.78088379 290.58102417 9.52158737183 1635.49255371 629.616821289 -149.366333008 1292.73925781 30.6788024902 90.4962158203 1433.25854492 593.659667969 -450.380584717 1214.12878418
0.03200507164 8 561.957641602 -108.821388245 1481.79931641 612.100952148 271.017669678 1537.87841797 534.77331543 67.2298049927 1642.12353516 602.239013672 67.1224441528 1324.13427734 275.572906494 26.5778388977 1623.13574219 637.092041016 -160.690429688 1290.96777344 32.3494415283 100.022872925 1417.11254883 599.059020996 -469.639160156 1219.77404785
0.0320289134979 8 556.940612793 -97.9858398438 1481.53405762 612.744018555 270.943481445 1536.82263184 527.689575195 86.8205871582 1644.89550781 587.308105469 70.3199462891 1301.40307617 266.967041016 39.6864089966 1611.24255371 651.213928223 -155.090591431 1293.1776123 25.4460296631 116.611045837 1406.14233398 598.470703125 -528.513183594 1225.60754395
0.0399610996246 8 555.134521484 -92.9818725586 1482.76538086 613.221740723 271.206085205 1534.64221191 521.564758301 92.2277832031 1640.9284668 586.645202637 66.4877319336 1298.31518555 264.794494629 42.8082199097 1601.45690918 653.925048828 -142.745147705 1301.52270508 25.9021606445 119.328315735 1397.19812012 639.301452637 -379.402160645 1265.4855957
0.0322370529175 8 554.951843262 -90.0493850708 1485.5904541 613.119262695 271.083374023 1532.88818359 518.587280273 96.5483779907 1643.87097168 586.345703125 65.3025894165 1295.6583252 263.727539062 44.1869125366 1594.2076416 659.155273438 -137.170288086 1305.96289062 30.3317718506 117.012283325 1389.80761719 643.874938965 -467.742584229 1268.1763916
0.0313918590546 8 556.395446777 -85.5443267822 1488.83752441 613.230895996 271.050720215 1531.36169434 517.057922363 102.050071716 1647.58166504 588.182800293 66.3598709106 1294.27722168 262.184631348 47.3138313293 1594.4276123 664.965698242 -132.504150391 1310.70715332 23.8717803955 116.072387695 1383.37133789 651.605041504 -471.959320068 1275.05078125
0.0354950428009 8 553.129760742 -85.0991439819 1482.84753418 613.440429688 270.837493896 1529.59106445 511.919891357 100.61239624 1642.54321289 590.66418457 69.5596466064 1292.15991211 260.393676758 44.9222488403 1593.14880371 669.219543457 -129.073974609 1313.56616211 20.0470428467 112.851417542 1378.0793457 654.640075684 -466.591918945 1278.56665039
0.0319030284882 8 554.537658691 -84.175453186 1485.19104004 613.356445312 270.766082764 1528.2800293 507.632446289 105.829574585 1638.84790039 591.492675781 66.9948425293 1291.0402832 259.841522217 47.3115615845 1592.20825195 670.046325684 -133.535629272 1316.24108887 17.2707977295 115.084823608 1374.68371582 656.613586426 -465.977172852 1281.01062012
0.0317339897156 8 549.995666504 -77.1827011108 1477.10327148 613.237854004 271.187591553 1527.44189453 501.131164551 101.654754639 1636.9128418 594.984313965 74.0352630615 1289.96948242 255.490722656 40.0180053711 1591.66931152 673.227844238 -128.091400146 1318.15075684 10.7723693848 107.334632874 1373.80432129 663.952148438 -439.452728271 1282.29016113
0.0364520549774 8 556.23034668 -82.9191970825 1473.48706055 612.405212402 272.198577881 1526.88415527 506.906433105 97.2077560425 1640.16027832 589.61920166 80.8966903687 1287.1854248 260.827972412 31.8631362915 1593.06921387 668.83026123 -121.807594299 1317.18945312 18.8630371094 102.356681824 1377.21459961 658.346801758 -436.357788086 1278.92529297
0.031849861145 8 556.140869141 -81.5196304321 1474.29003906 612.231323242 272.790893555 1526.39746094 502.217926025 100.145744324 1638.12890625 592.571044922 80.3886947632 1286.64160156 256.168640137 32.5266342163 1591.38122559 672.696899414 -124.698326111 1317.48193359 19.1565246582 101.618377686 1378.45288086 662.061462402 -462.855865479 1275.46289062
0.0350260734558 8 555.829284668 -80.7069091797 1476.01306152 611.824523926 273.049377441 1526.48120117 499.00189209 103.825126648 1636.5723877 593.681091309 77.9878311157 1285.10949707 253.806716919 35.6313858032 1588.80371094 673.830322266 -132.71472168 1313.97314453 10.2945404053 104.802536011 1383.29321289 660.318969727 -469.905761719 1269.98522949
0.0321340560913 8 554.972595215 -79.9093933105 1480.08642578 611.480163574 273.477233887 1527.43640137 496.605377197 109.671798706 1636.11975098 596.163879395 73.8396148682 1284.23205566 251.603713989 40.5236358643 1587.99536133 675.908325195 -138.482910156 1314.05761719 6.57049560547 104.692558289 1398.96496582 663.776855469 -475.146942139 1271.31213379
0.0304529666901 8 559.410644531 -84.4657897949 1491.44909668 610.965026855 273.505432129 1528.54333496 504.863800049 98.9874572754 1635.01708984 601.649719238 58.9913330078 1304.69165039 258.75592041 27.8435974121 1584.97717285 668.713012695 -127.777206421 1316.69213867 -51.9565124512 86.6834030151 1390.6348877 654.98638916 -455.885498047 1272.29992676
0.0356109142303 8 558.496276855 -83.8534469604 1486.60046387 610.239501953 273.949157715 1529.93505859 503.193969727 106.696212769 1634.86877441 597.55847168 52.5356445312 1283.56506348 255.996826172 34.7122497559 1583.6427002 671.375854492 -136.691452026 1317.13134766 0.31999206543 94.1219787598 1429.70458984 657.810424805 -466.080627441 1273.73461914
0.0318779945374 8 555.498962402 -81.8540802002 1483.62854004 609.646484375 274.379943848 1531.42993164 498.022705078 116.780235291 1635.48193359 589.294067383 47.2524795532 1264.52075195 247.549026489 42.8888015747 1582.42236328 676.833496094 -151.236541748 1316.32800293 -16.0741424561 103.262763977 1450.16064453 661.18182373 -478.517272949 1271.87817383
0.0317721366882 8 556.857849121 -81.1754989624 1485.83532715 607.414001465 275.754516602 1536.63513184 501.369415283 119.019073486 1637.51745605 588.423828125 48.6334075928 1266.02209473 246.07711792 41.2009735107 1584.05749512 673.196166992 -151.61265564 1314.24365234 -24.3542785645 97.1266784668 1469.8807373 655.327636719 -475.616455078 1265.78259277
0.0364129543304 8 558.836425781 -82.0095672607 1487.24255371 607.528686523 275.204315186 1536.53723145 506.627655029 118.720596313 1640.53405762 588.55255127 47.8271331787 1266.38903809 245.473968506 38.9385986328 1594.19628906 668.46875 -151.942398071 1307.78100586 -23.3467102051 94.9618301392 1480.62121582 654.208190918 -469.813659668 1263.11743164
0.0317239761353 8 558.510986328 -80.940032959 1482.46350098 607.427490234 275.142364502 1537.2130127 511.78793335 117.069541931 1640.60839844 582.023986816 53.0357131958 1263.60620117 254.510009766 24.4033889771 1611.09082031 660.09185791 -148.384765625 1300.94030762 -24.4563293457 81.3827362061 1505.87731934 594.363830566 -510.378723145 1153.22155762
0.0319530963898 8 558.256835938 -82.088470459 1479.64001465 606.661743164 274.409057617 1539.41174316 517.310668945 114.659896851 1642.01428223 578.13684082 54.7635650635 1261.4005127 258.809326172 17.8972244263 1619.5078125 655.539672852 -148.927581787 1295.3782959 -23.016998291 72.1648101807 1521.27636719 630.866149902 -427.637695312 1250.36291504
0.040981054306 8 556.423828125 -86.0730819702 1478.42834473 605.306396484 272.763275146 1546.27539062 522.92199707 113.226875305 1643.60791016 572.264282227 54.2783279419 1258.93334961 260.693481445 12.1571578979 1629.3873291 647.371582031 -152.517578125 1286.40881348 -22.3618469238 59.108921051 1541.62304688 590.628662109 -468.143096924 1161.61572266
0.0318868160248 8 547.435852051 -104.04637146 1475.8248291 604.454162598 270.62512207 1550.43029785 509.859527588 88.1206970215 1648.34191895 565.013427734 28.390625 1251.6505127 257.769958496 -10.189704895 1642.03527832 654.622619629 -159.487579346 1279.30993652 -31.729888916 35.0743522644 1553.51550293 593.729675293 -447.047454834 1162.76477051
0.0314180850983 8 549.451416016 -122.208320618 1483.94958496 602.026245117 268.270782471 1555.17919922 503.947174072 69.8847351074 1652.73205566 573.857055664 12.5323028564 1263.25183105 259.166137695 -28.8291320801 1656.67285156 650.188049316 -170.695480347 1271.79833984 -24.2163696289 17.4392356873 1554.7857666 596.39654541 -510.251708984 1114.70068359
0.0353379249573 8 551.734069824 -125.288719177 1489.22631836 598.065979004 262.837982178 1566.98168945 506.116027832 61.8683624268 1656.8548584 580.701843262 6.41366577148 1272.37683105 260.177124023 -34.0748901367 1659.61108398 638.832763672 -189.338287354 1266.63317871 -28.1384887695 -0.753784179688 1568.48950195 576.739074707 -478.514984131 1157.73596191
0.0313789844513 8 556.210571289 -128.62739563 1496.5255127 596.797424316 260.456542969 1574.55407715 518.312011719 49.9649200439 1653.84362793 590.375854492 9.99668884277 1302.36877441 273.404968262 -54.2921218872 1666.55456543 624.54309082 -191.816741943 1259.05603027 -25.3259887695 -26.3775863647 1591.47131348 568.251831055 -473.409820557 1151.28198242
0.0316209793091 8 561.921447754 -123.799079895 1496.79272461 595.062255859 259.279968262 1581.63195801 547.429138184 60.1018600464 1658.49890137 587.027770996 20.5972442627 1300.07434082 325.101135254 -71.813331604 1681.50280762 622.914489746 -183.138046265 1257.94726562 -11.0137939453 -47.9687805176 1599.33422852 566.161560059 -468.112243652 1151.02124023
0.0356612205505 8 566.016418457 -124.784408569 1490.01806641 594.308654785 258.16583252 1583.69995117 558.882324219 52.3778076172 1661.11157227 591.32824707 31.9696044922 1301.60864258 345.282836914 -90.4617614746 1689.38012695 622.981445312 -172.228286743 1256.62145996 -5.55532836914 -68.7010879517 1610.28173828 574.37689209 -441.3984375 1137.68041992
0.0312068462372 8 569.871643066 -133.415802002 1485.42333984 594.133789062 257.246765137 1585.31774902 566.007629395 45.6253585815 1661.15478516 602.646179199 31.9257659912 1299.57275391 357.525512695 -103.552055359 1692.81994629 624.118774414 -167.819503784 1251.36999512 3.33258056641 -87.111289978 1613.93139648 571.585327148 -424.325805664 1125.71203613
0.0317461490631 8 569.8359375 -145.934860229 1480.48547363 593.665222168 255.931762695 1588.13427734 569.356201172 35.0112762451 1658.38574219 605.047363281 27.3124237061 1298.45239258 362.893920898 -116.782791138 1695.70483398 632.884033203 -174.914840698 1240.8223877 21.1377258301 -102.522216797 1620.88452148 567.678955078 -412.134277344 1130.90795898
0.0357029438019 8 554.102355957 -137.873260498 1450.22265625 594.207275391 255.720962524 1588.46899414 525.262268066 8.66871643066 1647.49829102 648.074157715 37.7609939575 1303.43701172 320.854492188 -146.018096924 1687.97692871 675.116638184 -165.584136963 1242.44885254 -27.9627990723 -138.814758301 1616.34851074 610.155151367 -385.94909668 1147.63122559
0.0384359359741 8 558.672607422 -139.182434082 1461.10522461 594.10925293 255.094848633 1586.98266602 536.821228027 17.2994384766 1650.49206543 643.139587402 25.3211669922 1297.90124512 333.194580078 -141.554580688 1695.27087402 663.191162109 -181.466949463 1234.83422852 -13.132598877 -136.497253418 1623.47253418 596.269592285 -412.539794922 1141.3861084
0.0314209461212 8 562.546813965 -147.214477539 1463.50561523 593.164550781 253.983047485 1587.46594238 548.718444824 16.1533355713 1652.39208984 635.092224121 15.1128692627 1287.59204102 359.771972656 -148.802032471 1710.53344727 650.825195312 -193.3334198 1229.30053711 -3.74926757812 -141.131729126 1628.71606445 584.494140625 -417.404998779 1140.88745117
0.0348510742188 8 565.078369141 -148.753723145 1465.76867676 592.265441895 253.800888062 1587.87084961 556.894592285 16.8369445801 1654.14782715 628.631652832 13.8803100586 1285.53186035 381.201263428 -149.028808594 1726.4354248 644.994018555 -196.371170044 1229.04211426 11.666015625 -143.406219482 1631.6138916 571.98059082 -430.195251465 1150.94616699
0.031308889389 8 565.812805176 -145.485092163 1466.71472168 591.496337891 253.290939331 1588.31188965 560.280090332 20.0886535645 1653.35852051 626.136901855 20.9580383301 1290.81970215 385.912689209 -145.326034546 1725.11694336 645.213928223 -188.740768433 1234.09082031 -66.1224060059 -151.422225952 1605.15148926 569.794555664 -434.945251465 1153.00537109
0.0313332080841 8 567.851257324 -141.953491211 1470.5579834 591.783203125 254.71395874 1586.04370117 562.455322266 20.9621887207 1654.66052246 626.735839844 29.393737793 1304.31335449 378.987854004 -142.873901367 1718.26513672 642.710571289 -187.650695801 1232.79992676 15.1883239746 -144.43270874 1623.4921875 572.93536377 -425.664886475 1158.09094238
0.0349488258362 8 572.25177002 -140.973144531 1474.2923584 590.724609375 254.349945068 1587.00634766 569.233459473 24.149810791 1659.25231934 620.807800293 28.1915893555 1299.6192627 379.927093506 -142.280975342 1714.72058105 635.46295166 -182.481811523 1233.70080566 24.8932189941 -144.343444824 1616.26733398 567.105163574 -428.08770752 1157.16931152
0.0319859981537 8 573.411865234 -140.590484619 1475.36975098 590.93737793 255.436340332 1585.90014648 571.38470459 25.2985687256 1658.88171387 619.340515137 24.4158782959 1296.86584473 387.044403076 -142.313781738 1715.57373047 631.821228027 -188.423416138 1231.40576172 33.0714416504 -141.402023315 1610.16455078 563.264038086 -426.482757568 1159.5546875
0.0316691398621 8 574.163391113 -141.667419434 1475.07592773 590.254394531 255.504119873 1585.59655762 575.061767578 26.9152069092 1656.20019531 616.963012695 21.9810638428 1294.48095703 393.391265869 -141.445175171 1710.77246094 629.792114258 -191.463058472 1230.83483887 37.794921875 -137.143127441 1587.16491699 607.593078613 -371.744140625 1147.59472656
0.0361239910126 8 574.122802734 -139.207061768 1473.99926758 589.123474121 255.951568604 1584.5222168 577.098999023 30.3800506592 1651.45507812 615.938842773 21.3884429932 1293.11279297 398.202484131 -138.272705078 1711.77490234 628.204406738 -193.356262207 1230.9798584 -37.4270935059 -129.541275024 1617.48925781 562.997131348 -430.347167969 1162.06079102
0.0314710140228 8 572.67376709 -139.562606812 1472.37646484 587.362243652 256.092468262 1582.75744629 578.560668945 27.420715332 1651.50305176 613.372802734 21.9879455566 1292.79455566 400.378540039 -139.286026001 1712.89306641 623.734619141 -194.167190552 1230.16503906 -30.1543273926 -134.630752563 1547.98632812 555.659484863 -439.704376221 1165.52758789
0.0317318439484 8 571.816833496 -141.134613037 1473.55761719 586.500305176 255.513824463 1580.29223633 576.21673584 28.7729949951 1650.41992188 615.289978027 19.8466644287 1293.65893555 401.210205078 -137.075408936 1712.18469238 624.125732422 -196.00604248 1229.19689941 147.279769897 -135.283950806 1552.3840332 584.557739258 -422.975982666 1146.78930664
0.0356900691986 8 569.305480957 -143.169876099 1474.71398926 585.323242188 256.150756836 1576.41125488 567.813964844 28.8478851318 1648.80114746 614.749633789 15.434677124 1293.94250488 380.884368896 -139.430603027 1694.08581543 622.265686035 -199.405578613 1227.97546387 138.627487183 -129.593704224 1538.97058105 593.598388672 -436.456237793 1137.19348145
0.0315430164337 8 559.868652344 -146.949203491 1475.58056641 583.544067383 258.223114014 1566.31518555 541.655395508 25.9906921387 1643.7208252 609.693969727 2.82861328125 1292.29016113 352.248413086 -129.970321655 1661.27294922 613.885742188 -208.466400146 1227.66247559 40.464630127 -110.153930664 1488.91894531 592.684448242 -435.863525391 1138.85290527
0.0318250656128 8 556.094055176 -149.184860229 1475.58032227 583.448059082 259.271728516 1563.9708252 531.124572754 22.949005127 1641.71716309 608.242126465 -2.76834106445 1292.01013184 338.143554688 -124.03326416 1639.75036621 614.170166016 -214.024887085 1226.58300781 24.6792602539 -106.006164551 1467.04626465 593.668762207 -445.534179688 1136.53857422
0.0353920459747 8 543.779846191 -127.53855896 1476.24389648 582.160888672 261.414306641 1554.95043945 519.067077637 60.3450393677 1644.18786621 572.08795166 47.3002471924 1295.28430176 316.955566406 -78.2498397827 1628.26379395 625.727416992 -230.423904419 1250.53210449 18.7819824219 -65.4263839722 1455.14855957 569.393737793 -502.982299805 1156.87976074
0.0319068431854 8 542.960205078 -117.418205261 1473.24609375 581.462036133 263.309143066 1549.73034668 518.862487793 63.3573150635 1642.37805176 571.40826416 53.0754394531 1294.39147949 310.966491699 -71.9620513916 1621.89282227 624.414367676 -218.437194824 1253.11608887 19.3788757324 -62.9449462891 1439.58093262 570.200561523 -504.226745605 1155.69262695
0.0356380939484 8 540.100463867 -108.223815918 1461.40124512 580.909179688 266.531463623 1542.93688965 513.170532227 79.2489929199 1637.82202148 563.831542969 52.3447265625 1259.78173828 300.78112793 -56.2479858398 1617.4440918 635.0703125 -201.242828369 1247.01806641 13.5011901855 -52.9597930908 1419.52490234 581.140075684 -517.513916016 1154.43359375
0.0317158699036 8 542.160888672 -104.280517578 1459.40869141 580.598815918 267.502441406 1536.4987793 520.483886719 83.7296295166 1633.79150391 563.167602539 56.4480743408 1259.52783203 296.172119141 -60.5800476074 1612.72631836 635.809020996 -190.697021484 1250.63452148 17.5190124512 -64.2702789307 1401.79931641 588.049072266 -496.541534424 1178.81054688
0.0322389602661 8 545.935180664 -100.357658386 1462.45837402 580.860290527 268.645629883 1532.31066895 532.430847168 83.9412841797 1637.75317383 565.949645996 64.0524749756 1268.94946289 297.439575195 -69.7803344727 1609.10510254 634.617004395 -163.912261963 1255.67773438 25.5589294434 -83.0938568115 1384.30029297 599.530944824 -456.844085693 1165.76257324
0.0360581874847 8 540.799072266 -72.7098007202 1449.4329834 580.35736084 270.433227539 1529.51916504 533.42590332 64.4323806763 1659.21716309 584.268920898 106.590278625 1279.62805176 299.584259033 -111.513389587 1586.1854248 652.529663086 -112.006629944 1267.26757812 12.265838623 -134.891174316 1357.97155762 616.462036133 -407.164093018 1187.13256836
0.0316998958588 8 544.451599121 -69.8762817383 1452.13830566 580.291503906 271.240783691 1526.95678711 539.736816406 60.5975952148 1669.75317383 592.958251953 113.425109863 1283.46777344 331.433197021 -127.647125244 1584.79199219 655.953063965 -95.7936096191 1273.7076416 19.3866882324 -155.336914062 1342.04736328 604.407958984 -442.431976318 1163.91442871
0.0322170257568 8 544.72442627 -75.9957351685 1452.86169434 579.780334473 272.307739258 1522.20898438 537.856628418 60.3478088379 1672.24108887 595.305603027 105.019515991 1275.55065918 346.903625488 -128.259292603 1586.94421387 658.098999023 -91.9988098145 1277.24707031 19.7800292969 -167.764190674 1324.46850586 637.286193848 -405.25390625 1235.51806641
0.0360760688782 8 547.700866699 -74.9866790771 1453.10778809 579.415161133 272.070251465 1521.00476074 536.022338867 61.066078186 1672.87646484 598.86706543 107.198417664 1276.65454102 339.116271973 -126.033485413 1583.41516113 661.439331055 -91.2442245483 1280.0012207 11.2939758301 -168.400192261 1305.59460449 646.677062988 -423.465209961 1248.64990234
0.0320680141449 8 552.819213867 -69.192741394 1459.37658691 578.858642578 273.176574707 1517.9420166 542.654296875 67.1444244385 1677.04541016 593.402832031 104.997802734 1274.7644043 343.796325684 -119.028060913 1583.9798584 656.834777832 -95.7360687256 1282.03186035 30.6992797852 -170.210220337 1302.07836914 633.151062012 -436.629516602 1241.3762207
0.0321519374847 8 555.613220215 -68.7620544434 1450.83569336 578.325317383 274.034790039 1515.62060547 551.583496094 77.0815887451 1653.92321777 596.944946289 99.2930145264 1270.33508301 345.246459961 -112.156234741 1585.44299316 662.038513184 -104.176635742 1281.6105957 45.3940734863 -169.777374268 1300.46313477 635.643310547 -443.867431641 1239.66308594
0.0362188816071 8 555.89465332 -69.6908798218 1453.58886719 578.208190918 274.628753662 1514.19299316 545.773864746 76.9625091553 1661.30578613 597.79876709 104.212097168 1272.59729004 346.651184082 -113.462539673 1585.57641602 667.251281738 -104.490997314 1283.2376709 46.3107299805 -176.252548218 1294.23364258 631.204223633 -452.76272583 1237.98376465
0.0316491127014 8 556.829833984 -68.415145874 1449.05834961 577.426940918 276.400268555 1509.58984375 552.362670898 83.0887680054 1647.19519043 600.393920898 102.576728821 1272.71862793 351.055725098 -111.317832947 1587.6295166 669.671447754 -106.687950134 1283.58276367 49.8202209473 -181.60546875 1287.89770508 638.157104492 -448.490447998 1237.72241211
0.0318460464478 8 555.224975586 -69.4340209961 1448.95947266 577.381774902 277.472717285 1508.01257324 546.460571289 79.6033859253 1649.75476074 602.634399414 102.719764709 1273.67883301 352.528442383 -112.875816345 1585.56030273 670.853271484 -104.782371521 1285.54907227 47.6361694336 -184.672027588 1282.61022949 641.274108887 -440.507476807 1241.27490234
0.0358748435974 8 537.22467041 -98.8789901733 1429.39624023 577.541503906 277.4034729 1509.85266113 488.070373535 64.4609680176 1581.04541016 595.975646973 47.0582427979 1264.03491211 337.814483643 -79.8104248047 1569.39099121 665.737304688 -162.728515625 1277.79370117 55.8942871094 -129.152770996 1295.80175781 634.183654785 -496.256164551 1227.8918457
0.0321080684662 8 539.894897461 -102.574615479 1425.71972656 577.598937988 276.817932129 1510.76953125 483.994049072 61.0347595215 1584.05310059 599.474609375 58.0665283203 1265.69714355 326.196624756 -94.5646209717 1549.56787109 669.242736816 -154.458984375 1280.05102539 40.6464233398 -137.080352783 1292.19519043 639.43951416 -483.061035156 1231.14599609
0.0321359634399 8 540.136047363 -102.742019653 1427.02453613 577.710388184 275.873901367 1511.54663086 486.989532471 63.6920928955 1585.66760254 598.178161621 60.2287139893 1266.51208496 323.459411621 -96.9396209717 1538.74572754 667.157226562 -154.274002075 1278.76013184 37.5698547363 -139.569793701 1298.01525879 636.578918457 -425.283752441 1237.31896973
0.0402359962463 8 547.553161621 -106.534339905 1432.66625977 577.882080078 276.056671143 1510.78833008 496.413085938 52.0209579468 1583.60180664 612.232543945 57.4794540405 1293.19311523 329.585571289 -108.149360657 1530.29846191 658.266235352 -147.789825439 1276.76293945 43.4228210449 -150.757369995 1304.28527832 625.395141602 -422.800506592 1230.47058105
0.027822971344 8 545.144226074 -120.287773132 1433.69799805 577.192443848 275.358795166 1511.6003418 489.135986328 42.5931243896 1574.51489258 617.641235352 44.1859436035 1302.59057617 322.618438721 -112.644607544 1523.85388184 643.914245605 -180.036529541 1262.24658203 46.9719848633 -151.122467041 1319.75317383 601.092956543 -488.360290527 1207.67382812
0.0318131446838 8 543.056518555 -130.456710815 1436.35021973 576.38067627 274.649841309 1512.1661377 483.305755615 35.696762085 1566.92138672 621.247619629 30.5055389404 1309.05786133 316.241668701 -120.868972778 1523.75292969 629.95892334 -189.168548584 1255.53894043 45.1660461426 -157.66229248 1328.15124512 588.700500488 -492.285888672 1203.46008301
0.0363340377808 8 541.941040039 -135.780426025 1435.71154785 576.135620117 274.168029785 1511.4519043 482.609558105 32.496673584 1561.06115723 620.879577637 22.8925476074 1308.66174316 312.1277771 -127.042694092 1535.35473633 622.935119629 -191.177688599 1251.92407227 41.4416809082 -160.234420776 1343.55969238 590.803771973 -485.74017334 1205.91894531
0.0318880081177 8 540.58215332 -136.918914795 1435.46484375 575.528991699 273.480316162 1510.99829102 487.226470947 31.7566223145 1545.34204102 609.736206055 24.5301208496 1323.55737305 309.935913086 -132.770904541 1541.19628906 624.604797363 -187.535675049 1251.73632812 30.7349853516 -166.154098511 1365.05749512 594.56427002 -479.567626953 1207.75915527
0.0316579341888 8 541.154602051 -128.101318359 1429.65002441 574.399475098 272.876403809 1511.06958008 482.632385254 31.9543609619 1548.29992676 611.824768066 42.3693313599 1334.43444824 307.776367188 -135.095947266 1553.24487305 628.834899902 -184.84664917 1252.12744141 92.8483581543 -178.014770508 1424.68933105 598.053405762 -480.633422852 1204.97045898
0.036493062973 8 539.914428711 -126.847351074 1428.53686523 574.127868652 271.923950195 1511.29382324 481.483734131 40.7211303711 1550.55969238 612.380432129 43.210144043 1318.02844238 307.14440918 -128.075744629 1560.46057129 632.368469238 -193.59765625 1252.5769043 24.565826416 -170.24621582 1426.68725586 598.927185059 -484.147460938 1206.2454834
0.0315718650818 8 544.263549805 -132.163589478 1427.67333984 574.043640137 271.109161377 1511.23291016 488.443756104 25.2054290771 1561.72790527 616.707336426 37.4478378296 1318.88269043 306.162658691 -135.560470581 1573.20056152 633.470581055 -189.394317627 1252.98327637 14.2663574219 -181.955108643 1445.21813965 596.255004883 -484.731109619 1203.37280273
0.0318629741669 8 543.049926758 -136.338546753 1426.39123535 573.830322266 269.941253662 1512.12390137 485.752319336 13.1920471191 1576.16174316 611.573730469 35.4422302246 1308.62219238 303.090820312 -136.342712402 1583.45556641 635.062805176 -190.243515015 1251.39050293 14.1151733398 -190.813476562 1471.01867676 599.883850098 -482.504150391 1196.50341797
0.0362939834595 8 544.207702637 -137.991241455 1425.13037109 573.574157715 268.881652832 1513.14111328 491.891662598 8.70529174805 1583.37573242 606.484313965 37.3139648438 1303.93554688 305.651428223 -141.87109375 1590.81652832 635.938964844 -184.005554199 1250.33422852 16.8481445312 -197.29548645 1482.47766113 597.203491211 -479.644134521 1192.44897461
0.0318791866302 8 544.514038086 -137.184844971 1426.04797363 573.033813477 268.227050781 1514.24255371 502.06463623 13.8357543945 1587.50549316 600.918151855 37.6067428589 1295.87780762 302.821350098 -147.454177856 1593.45361328 641.102600098 -181.763366699 1254.19787598 87.1431884766 -202.139648438 1486.53442383 589.752624512 -475.682800293 1181.73168945
0.0319809913635 8 535.843933105 -129.308563232 1422.10742188 572.756713867 266.350708008 1517.17810059 497.746520996 33.187286377 1589.04443359 583.694396973 30.5548400879 1255.13891602 308.285583496 -130.404449463 1604.48901367 642.300354004 -202.301971436 1250.61999512 11.6965942383 -193.339508057 1510.3223877 577.758117676 -472.682159424 1109.99633789
0.0363688468933 8 535.303588867 -127.000976562 1414.94506836 572.205993652 261.420288086 1526.6484375 499.081573486 43.3811798096 1590.7532959 577.376037598 34.4197540283 1232.12243652 307.849822998 -125.024108887 1610.53405762 649.785705566 -203.721328735 1248.24719238 -0.506622314453 -197.154205322 1523.25549316 577.763305664 -489.453735352 1136.99707031
0.0314309597015 8 530.476196289 -122.312690735 1408.83398438 571.448547363 257.54486084 1547.36206055 497.593383789 46.4622344971 1590.39550781 572.959960938 34.0941467285 1218.40527344 311.261230469 -125.368179321 1617.5324707 649.239074707 -207.892028809 1246.6171875 4.11444091797 -204.480880737 1545.04174805 585.623901367 -489.037139893 1119.62597656
0.0320122241974 8 530.37097168 -117.818099976 1406.12084961 572.406005859 256.418823242 1553.53540039 504.97946167 48.9616241455 1590.07043457 571.023498535 36.0578765869 1213.85168457 335.725463867 -119.921005249 1640.2479248 648.856445312 -205.41444397 1246.21972656 10.9082641602 -212.833526611 1556.84460449 582.710449219 -490.443847656 1114.0480957
0.0365917682648 8 531.445556641 -115.420143127 1408.62121582 571.201049805 256.686920166 1561.17602539 510.485351562 53.9510040283 1591.60412598 567.32800293 35.4733276367 1212.27331543 346.0390625 -114.280609131 1652.23425293 646.620361328 -202.29888916 1241.45092773 23.6267089844 -213.819595337 1559.75183105 582.644836426 -486.870819092 1111.87597656
0.0316481590271 8 532.488342285 -116.522735596 1422.06420898 570.293518066 255.314804077 1565.28515625 516.974365234 69.7487869263 1593.12121582 561.899414062 22.1908569336 1212.08312988 353.684082031 -99.4749069214 1659.42675781 641.59765625 -212.240264893 1239.23876953 25.5914611816 -212.556640625 1570.61767578 576.228759766 -493.123718262 1118.27331543
0.0321400165558 8 537.880615234 -114.088294983 1439.0144043 569.20892334 254.028259277 1567.08166504 518.307556152 81.240020752 1607.59289551 565.539733887 10.947769165 1214.16711426 346.557342529 -92.8916168213 1654.91711426 644.008483887 -221.698684692 1241.76330566 103.867324829 -194.28918457 1573.43859863 576.269592285 -517.786376953 1123.12390137
0.0364608764648 8 540.533081055 -111.659294128 1440.4197998 568.53717041 254.379974365 1568.52709961 516.936767578 84.6648254395 1603.03771973 563.952758789 7.62028503418 1215.10046387 346.407043457 -93.0842132568 1657.3302002 642.796691895 -220.556991577 1240.66845703 93.9231872559 -196.170166016 1577.4699707 583.5390625 -496.182128906 1106.35339355
0.0368781089783 8 546.205688477 -112.899482727 1445.60656738 568.355895996 254.518890381 1567.59094238 537.15625 70.6583480835 1619.49304199 568.189331055 19.6664886475 1231.23498535 355.21496582 -130.013702393 1654.19396973 633.455627441 -182.027542114 1241.3026123 32.8512573242 -244.164520264 1569.13256836 573.880004883 -464.983459473 1130.41601562
0.0320558547974 8 551.407714844 -118.362052917 1450.40026855 568.784301758 253.749450684 1567.11437988 548.369750977 60.3757019043 1630.8560791 576.262939453 20.4976043701 1239.16296387 373.289337158 -139.033554077 1663.22192383 623.518920898 -177.499435425 1238.37646484 94.7645263672 -258.407165527 1565.85314941 577.532043457 -436.293029785 1199.86657715
0.0353410243988 8 553.832763672 -115.92805481 1457.23217773 568.834655762 253.481552124 1568.80163574 551.524841309 61.097869873 1643.98657227 583.286193848 24.0856628418 1243.34057617 382.112609863 -145.458267212 1663.57312012 619.29309082 -172.764343262 1241.04833984 32.2115783691 -276.361206055 1561.73669434 575.749023438 -436.260192871 1124.11828613
0.031485080719 8 560.331787109 -109.022666931 1462.59802246 567.826904297 254.178924561 1570.03479004 567.283447266 60.3321609497 1665.72888184 589.176879883 42.1698989868 1247.42224121 402.077026367 -152.537994385 1647.01171875 621.817810059 -153.881317139 1240.3605957 31.137298584 -295.961242676 1551.68603516 579.849182129 -423.220794678 1128.12756348
0.0347640514374 8 571.164428711 -105.077941895 1463.71618652 567.43572998 254.837402344 1570.58459473 578.494140625 44.1438446045 1673.51269531 602.380126953 64.6460418701 1272.52270508 419.09362793 -175.155731201 1642.28649902 617.80078125 -130.758499146 1239.96887207 11.1758728027 -298.640258789 1497.7644043 572.831665039 -394.15246582 1126.27490234
0.0310809612274 8 576.154602051 -98.3543243408 1476.35766602 566.787109375 256.254699707 1570.73352051 578.593139648 35.0121612549 1679.83886719 621.74621582 84.1884918213 1322.09545898 427.760681152 -189.60899353 1639.57434082 617.29473877 -114.067886353 1237.3581543 129.309875488 -319.432495117 1543.21252441 585.531677246 -350.078979492 1139.52587891
0.03165102005 8 577.112854004 -101.0676651 1488.10192871 566.311218262 256.433837891 1570.62744141 576.407531738 23.4427032471 1683.8894043 630.582946777 86.7115859985 1362.73828125 428.293334961 -202.381027222 1638.16174316 621.14239502 -94.5772171021 1237.59802246 149.783416748 -334.007904053 1545.87426758 588.797851562 -348.40612793 1136.03747559
0.0359718799591 8 576.850463867 -100.446578979 1492.26855469 565.770019531 256.897644043 1570.67443848 572.600830078 18.6255187988 1694.21411133 634.968017578 91.8185501099 1371.29467773 428.217468262 -208.299118042 1638.32678223 625.229919434 -83.3691482544 1239.58276367 127.193817139 -339.579925537 1527.52185059 590.45111084 -339.628723145 1142.94213867
0.0311939716339 8 576.102478027 -106.200065613 1493.71228027 564.954833984 257.303955078 1569.70019531 568.52911377 22.968460083 1693.9967041 646.012268066 73.4010925293 1353.31335449 425.300231934 -202.074768066 1639.64074707 629.409179688 -93.3548278809 1237.97583008 125.78729248 -333.468139648 1516.77111816 597.014892578 -348.892150879 1143.49743652
0.0318741798401 8 577.772644043 -110.728927612 1490.86352539 563.274353027 258.11505127 1570.22521973 568.181152344 22.1867370605 1692.61999512 649.072753906 69.8889541626 1346.78771973 426.210693359 -199.809753418 1639.02868652 633.019348145 -99.1554336548 1238.87365723 121.801208496 -332.995422363 1501.38427734 594.910339355 -364.119018555 1148.71972656
0.043105840683 8 569.596557617 -110.021133423 1491.8651123 562.106262207 258.60055542 1570.35131836 558.672058105 24.0607757568 1686.38330078 654.315368652 65.8701019287 1358.37451172 397.012390137 -189.170379639 1634.86584473 652.401245117 -114.997085571 1260.07434082 119.681091309 -329.200134277 1485.66003418 601.514160156 -361.024383545 1161.70422363
0.0310351848602 8 570.913513184 -107.877655029 1491.51086426 560.516113281 259.802337646 1570.24291992 559.184265137 21.9487915039 1687.30908203 647.72088623 72.9916992188 1362.21899414 409.16796875 -193.243209839 1635.26501465 660.349975586 -90.7551116943 1272.03405762 121.279785156 -330.612884521 1475.85913086 598.064575195 -360.973022461 1169.63464355
0.0308508872986 8 571.206115723 -106.278251648 1491.15185547 559.926025391 260.503173828 1568.40942383 560.568725586 23.5021057129 1686.27929688 644.281982422 75.2534637451 1361.78027344 414.103607178 -193.620941162 1635.41174316 658.040771484 -99.2454681396 1271.26257324 122.745239258 -333.07611084 1455.9510498 603.423522949 -349.673583984 1165.01123047
0.032702922821 8 570.668212891 -105.092765808 1489.48352051 559.207458496 260.98538208 1568.40014648 559.186035156 24.1253814697 1686.2833252 642.207763672 78.6422729492 1360.32116699 413.538574219 -192.185150146 1629.45507812 657.663024902 -101.83152771 1271.28674316 137.858276367 -328.054443359 1446.71472168 607.954345703 -367.50994873 1196.92407227
0.0317730903625 8 569.098937988 -104.021972656 1485.30651855 558.700561523 261.710083008 1567.81921387 558.784912109 28.2859191895 1685.3223877 637.273803711 79.2334518433 1346.06628418 406.345489502 -190.980361938 1609.89245605 657.950195312 -110.482246399 1270.51330566 25.3762512207 -332.466003418 1336.38366699 610.699157715 -396.870666504 1213.2824707
0.0317130088806 8 568.319458008 -105.287895203 1479.9095459 555.954284668 264.078033447 1565.82446289 556.141296387 29.2637939453 1683.34814453 634.065124512 83.4846038818 1339.61621094 401.128540039 -192.725646973 1598.84399414 659.244995117 -114.62286377 1270.72460938 17.1247558594 -332.700531006 1315.70800781 620.167114258 -401.861602783 1232.67236328
0.0358278751373 8 567.088195801 -105.216888428 1478.88574219 555.513427734 264.414123535 1564.87988281 553.170410156 33.3803405762 1681.40673828 629.852172852 81.1166381836 1331.37915039 394.434997559 -190.928421021 1588.43188477 659.008789062 -121.807006836 1270.86022949 23.6437683105 -331.964599609 1302.25158691 620.827941895 -409.425842285 1233.46179199
0.0317552089691 8 551.326416016 -145.947052002 1443.07019043 551.348388672 266.362365723 1561.19506836 509.959991455 27.1395568848 1574.31213379 606.489868164 23.4838256836 1312.13171387 382.447937012 -150.391937256 1575.86132812 638.097167969 -184.832229614 1258.99951172 72.0097045898 -285.567932129 1337.98864746 599.029296875 -474.423278809 1229.3729248
0.0316269397736 8 551.593444824 -146.418289185 1440.5892334 549.393493652 266.986450195 1557.8215332 507.00680542 27.9037475586 1567.63659668 605.192871094 22.688659668 1310.02429199 356.64465332 -164.608428955 1549.04406738 637.950744629 -188.038711548 1258.9420166 80.9066772461 -289.454315186 1326.75634766 597.158874512 -482.924621582 1226.63195801
0.0361049175262 8 552.008789062 -145.480377197 1436.11950684 548.26739502 266.723205566 1555.07592773 505.232177734 29.1829986572 1561.31958008 604.436401367 23.661605835 1305.6862793 348.392852783 -166.985870361 1536.63659668 639.812133789 -187.90071106 1259.37768555 76.4571533203 -288.558044434 1320.22766113 602.078125 -481.797119141 1227.40039062
0.0314221382141 8 552.594604492 -146.611923218 1431.55664062 545.972412109 266.214294434 1549.61853027 500.120727539 31.5663909912 1548.44689941 606.785888672 22.5280914307 1302.64025879 343.166992188 -166.532470703 1530.04455566 643.192565918 -194.635620117 1258.69543457 79.8685302734 -288.176177979 1311.86169434 601.705688477 -481.365386963 1228.22753906
0.0318148136139 8 554.598266602 -135.554229736 1430.99145508 545.417602539 265.09197998 1548.62744141 492.037231445 44.3764038086 1531.6706543 612.276733398 33.4505004883 1310.42651367 335.11541748 -150.096252441 1530.46911621 647.701293945 -208.347305298 1254.72619629 74.7919616699 -271.959381104 1309.08789062 612.528259277 -493.606628418 1224.20874023
0.0355842113495 8 552.02520752 -143.096405029 1426.30761719 544.265319824 263.746948242 1544.13464355 488.59387207 37.4938812256 1521.29382324 610.08605957 20.8705596924 1302.20031738 332.41973877 -148.159591675 1528.73291016 644.946655273 -211.457855225 1252.66296387 63.5821228027 -265.633239746 1303.7644043 609.803710938 -497.489898682 1220.28186035
0.0325529575348 8 551.515197754 -145.983276367 1423.61987305 542.941833496 263.032165527 1541.31152344 489.547485352 35.0131072998 1513.52783203 609.380310059 14.3643951416 1298.62597656 331.386016846 -149.121292114 1526.24145508 624.989624023 -213.531402588 1241.16394043 72.2622680664 -268.184509277 1302.71203613 614.715820312 -486.592987061 1222.37817383
0.031585931778 8 550.790161133 -147.101394653 1422.27697754 541.724975586 262.514099121 1539.10192871 490.564117432 33.0556640625 1509.23754883 609.453796387 11.1552734375 1299.15356445 329.711181641 -151.660964966 1523.73059082 630.452697754 -212.231796265 1245.81433105 73.3890380859 -269.561462402 1303.00061035 613.838012695 -484.913879395 1221.62255859
0.0356910228729 8 550.523376465 -148.043319702 1421.75073242 540.754943848 262.274658203 1537.44921875 489.572296143 32.0645141602 1506.53027344 610.691650391 9.82809448242 1300.10400391 327.102722168 -154.675079346 1522.10876465 618.747802734 -216.78024292 1241.46813965 64.0494384766 -272.530395508 1300.89367676 616.361328125 -479.00604248 1222.84729004
0.0320820808411 8 545.438049316 -138.039993286 1429.40942383 538.099304199 261.639587402 1532.4407959 481.372894287 44.0741653442 1506.32641602 606.01940918 23.3411560059 1313.33935547 313.906433105 -145.298248291 1521.3861084 633.858886719 -226.953521729 1243.36474609 45.6240844727 -256.918426514 1308.58935547 619.220458984 -493.906951904 1216.40563965
0.0318880081177 8 547.510314941 -141.828369141 1426.71142578 536.523193359 261.687194824 1531.75866699 482.186187744 37.6959381104 1504.00476074 611.753662109 16.9600982666 1312.1270752 314.661224365 -150.063827515 1520.29199219 635.592285156 -221.180114746 1247.91662598 46.9117126465 -262.828918457 1316.23205566 615.87902832 -490.928436279 1217.67285156
0.0361289978027 8 547.892700195 -145.200698853 1424.22058105 535.494567871 261.616027832 1531.19787598 483.03616333 33.3888549805 1505.08740234 613.455444336 12.9435119629 1308.75610352 311.449829102 -156.228134155 1518.46008301 634.247741699 -217.829666138 1249.54345703 43.3643798828 -267.950531006 1326.72058105 616.156616211 -487.373840332 1216.54638672
0.0319738388062 8 545.970092773 -149.984054565 1424.71850586 533.754882812 261.098388672 1529.14501953 475.280639648 26.369720459 1510.71557617 617.586303711 7.54647827148 1308.32055664 303.749755859 -154.79699707 1518.60498047 636.205688477 -214.876907349 1257.59631348 31.7495422363 -269.055969238 1352.02575684 618.140441895 -493.089599609 1215.66516113
0.0318610668182 8 544.918701172 -150.338775635 1427.54797363 533.838134766 262.106079102 1530.54541016 469.207855225 24.2531433105 1513.36120605 620.54486084 2.57028198242 1307.22351074 295.486633301 -156.931121826 1519.08496094 637.875366211 -219.608154297 1259.8157959 22.734161377 -274.367004395 1371.27160645 618.945007324 -497.61907959 1217.40991211
0.0359349250793 8 541.997924805 -149.433334351 1427.57580566 532.276733398 261.991241455 1530.7208252 463.356536865 25.9665374756 1518.96252441 616.502746582 2.31767272949 1298.26281738 289.524475098 -160.375701904 1526.95739746 641.909912109 -224.164321899 1263.32629395 14.573638916 -280.042694092 1391.99707031 621.473266602 -502.002258301 1216.48071289
0.0322930812836 8 541.977478027 -149.206176758 1427.28710938 530.264587402 261.346618652 1530.1619873 468.025146484 29.5771179199 1537.43151855 610.948303223 4.32876586914 1281.5670166 289.430603027 -163.095184326 1530.70959473 647.116027832 -227.091171265 1265.12536621 15.006439209 -287.41973877 1409.19665527 624.140441895 -503.787780762 1218.76269531
0.0318858623505 8 540.843933105 -149.774963379 1426.22766113 529.223205566 260.840637207 1530.90258789 466.933441162 29.986541748 1535.78894043 608.891357422 5.04214477539 1280.68737793 298.480407715 -169.860214233 1540.8873291 645.43737793 -223.836929321 1266.20825195 16.6039733887 -298.631591797 1422.96777344 621.627197266 -501.570556641 1216.47924805
0.0414462089539 8 540.536987305 -147.800506592 1426.66223145 528.121154785 260.673828125 1531.99584961 472.669067383 35.3512268066 1543.47241211 604.007751465 10.214263916 1275.67163086 302.382965088 -176.773284912 1546.42224121 646.268798828 -219.695999146 1267.6529541 18.5005187988 -308.751922607 1448.10095215 613.851928711 -505.002868652 1215.88220215
0.0319359302521 8 538.911193848 -150.285430908 1422.70751953 527.204833984 261.032012939 1532.84484863 482.462768555 37.396697998 1545.38244629 595.411743164 10.9757080078 1266.94226074 307.330688477 -179.340774536 1553.88012695 642.555358887 -217.817565918 1266.6048584 30.1860656738 -321.500793457 1476.16015625 603.750610352 -508.168914795 1211.80212402
0.0313019752502 8 538.172912598 -149.850509644 1420.35620117 525.800170898 260.896850586 1533.22924805 486.034851074 41.2495117188 1542.85632324 590.82623291 15.2380065918 1264.73669434 313.683105469 -178.527297974 1566.88989258 641.575317383 -213.625747681 1266.61071777 26.718536377 -338.981140137 1518.43640137 600.523254395 -505.486450195 1210.68493652
0.036288022995 8 538.133666992 -145.179397583 1420.6315918 525.768798828 260.404083252 1534.17773438 484.374481201 48.7249603271 1543.33190918 587.848510742 16.8584442139 1256.87365723 324.992004395 -167.24571228 1581.75231934 643.986999512 -218.849197388 1265.36242676 35.1364440918 -341.243835449 1534.2376709 599.456054688 -512.012634277 1211.76672363
0.0312180519104 8 535.09576416 -147.070083618 1416.49816895 525.915344238 259.743011475 1534.5637207 476.367706299 45.9250183105 1538.69140625 585.750488281 10.2027587891 1248.19238281 325.813018799 -156.282470703 1592.40454102 645.909057617 -227.29548645 1255.5489502 39.8847045898 -329.522949219 1552.89819336 597.656494141 -523.409423828 1204.47521973
0.031553030014 8 535.389831543 -146.9506073 1415.15466309 526.954467773 258.753265381 1534.92443848 481.194824219 46.0472412109 1538.2298584 584.021484375 10.2216796875 1247.0333252 338.28994751 -157.400650024 1602.88220215 641.068908691 -224.978744507 1256.29455566 40.9613952637 -335.934753418 1562.58911133 588.210876465 -519.544250488 1193.75964355
0.0354678630829 8 540.181274414 -155.536392212 1416.39501953 527.977600098 257.561889648 1537.35009766 490.673034668 30.3658447266 1535.62988281 594.04888916 -5.52389526367 1255.70166016 351.846496582 -173.401184082 1605.14941406 628.871154785 -239.760864258 1233.46533203 51.6425476074 -353.389190674 1563.30419922 568.495056152 -469.177764893 1116.14416504
0.0317549705505 8 543.881286621 -157.250289917 1416.90686035 529.936218262 257.277282715 1539.14477539 498.492889404 29.2224578857 1536.04992676 600.262634277 -8.72157287598 1256.32092285 360.440002441 -179.407546997 1606.01599121 624.328857422 -243.31350708 1230.31750488 61.4974975586 -367.972290039 1582.97045898 570.38659668 -457.714355469 1111.89306641
0.0354030132294 8 544.108093262 -156.977172852 1414.98474121 533.967651367 256.749816895 1541.90222168 499.203979492 32.4857025146 1537.35314941 599.070922852 -7.94175720215 1248.68884277 360.365966797 -178.792053223 1606.63146973 624.124328613 -245.124206543 1230.8572998 63.7461547852 -368.924621582 1586.1661377 557.82635498 -472.530029297 1146.15356445
0.0312240123749 8 546.193786621 -153.160629272 1416.52392578 541.323364258 256.877502441 1545.09106445 508.360717773 37.3040466309 1546.02600098 597.296020508 -1.48999023438 1246.6307373 361.700927734 -184.524215698 1606.7791748 617.997009277 -229.626800537 1226.7376709 67.6524658203 -373.102142334 1590.22644043 562.468505859 -471.362640381 1133.02258301
0.0318870544434 8 547.36138916 -150.15196228 1417.22595215 545.432312012 257.12701416 1546.61901855 517.245483398 40.5967712402 1562.93029785 593.30456543 2.77008056641 1235.49499512 360.79473877 -188.425491333 1607.25695801 618.223205566 -226.941757202 1226.47631836 67.0651855469 -379.826751709 1594.4765625 566.26739502 -456.308166504 1129.89782715
0.0356860160828 8 543.48223877 -144.946212769 1419.77172852 547.789428711 257.136230469 1548.26318359 511.82635498 41.041015625 1568.52514648 583.597229004 8.78866577148 1239.55639648 357.507324219 -166.584991455 1616.3951416 617.790466309 -239.625320435 1213.2322998 62.5361938477 -346.268920898 1593.76867676 567.175964355 -476.445922852 1118.46191406
0.0320658683777 8 543.791015625 -139.409622192 1425.36889648 550.095336914 256.899902344 1548.78930664 509.423828125 48.1352996826 1572.99645996 583.034790039 7.39067077637 1238.13122559 350.672485352 -150.966644287 1621.34362793 624.894104004 -248.894058228 1207.02380371 57.6623840332 -338.592773438 1609.75842285 571.030883789 -496.21270752 1114.57080078
0.0320541858673 8 542.735717773 -134.626312256 1430.02832031 551.918945312 256.953125 1550.21655273 504.770629883 56.2231216431 1572.8236084 584.422241211 4.66696166992 1237.37512207 346.311859131 -139.774719238 1625.10144043 632.638061523 -247.959686279 1206.23937988 54.8813476562 -323.279205322 1608.84680176 561.77911377 -527.789794922 1119.50939941
0.0353248119354 8 540.221496582 -125.460395813 1429.63171387 556.815856934 257.930786133 1552.4239502 501.15222168 75.5779800415 1576.10241699 579.593261719 8.54704284668 1220.13537598 342.612976074 -127.808952332 1628.11706543 638.964477539 -242.297576904 1214.67138672 49.6775817871 -311.971282959 1607.44299316 574.114318848 -516.465820312 1109.00146484
0.0376210212708 8 534.839233398 -112.215713501 1429.07678223 561.962768555 259.25213623 1554.68444824 508.082458496 89.5143966675 1580.60668945 566.187438965 12.9052429199 1210.59423828 349.570159912 -118.814460754 1633.78234863 632.739135742 -233.482666016 1219.22070312 67.4027709961 -306.563568115 1607.77087402 567.867675781 -517.752197266 1107.00390625
0.0321550369263 8 534.955810547 -106.738601685 1428.05334473 562.872375488 259.926269531 1556.9074707 516.652770996 94.191947937 1584.00292969 561.044250488 25.7269439697 1211.71801758 356.385467529 -129.722839355 1632.97851562 628.335998535 -218.768173218 1221.06628418 88.5669250488 -329.91595459 1606.14123535 564.792724609 -501.15222168 1109.05297852
0.0334141254425 8 537.929626465 -102.123069763 1432.33740234 563.819335938 260.452972412 1558.97802734 523.94140625 105.827735901 1585.47570801 561.237792969 45.6526641846 1221.36364746 376.728179932 -150.226715088 1628.9810791 629.049865723 -194.466934204 1229.5267334 114.033630371 -357.621429443 1592.82373047 561.798339844 -490.847290039 1113.78979492
0.0311989784241 8 538.597900391 -108.724098206 1440.56689453 564.314941406 260.388458252 1561.06970215 538.300842285 97.7537002563 1608.35668945 557.566101074 47.8865356445 1226.32348633 414.414672852 -145.759521484 1635.51708984 623.831420898 -190.960845947 1228.45336914 166.003616333 -371.57989502 1595.75878906 557.374267578 -482.908203125 1117.55065918
0.0318429470062 8 544.894836426 -125.776634216 1449.14025879 566.35369873 260.408050537 1563.01171875 542.192810059 77.9005661011 1606.45288086 577.847351074 29.6272125244 1246.64819336 433.667602539 -162.831512451 1634.78015137 622.311645508 -198.211334229 1222.5447998 201.578918457 -422.842681885 1589.37426758 551.142700195 -457.175170898 1130.85705566
0.0352110862732 8 551.967956543 -125.844825745 1459.8182373 567.034606934 260.776275635 1562.90405273 551.455627441 67.4881896973 1631.2064209 596.246765137 33.8417510986 1261.59680176 456.153503418 -186.7631073 1637.44433594 623.074462891 -190.559967041 1223.97717285 236.843383789 -463.998779297 1585.36157227 553.637939453 -438.178283691 1134.81054688
0.0320479869843 8 558.881713867 -128.079162598 1467.54821777 567.50793457 261.515136719 1562.52148438 560.455932617 59.3675918579 1643.03356934 607.385986328 37.1471710205 1277.07067871 471.769470215 -205.730712891 1638.99890137 625.324951172 -181.361984253 1229.16479492 278.134643555 -494.996765137 1581.6340332 553.103149414 -434.676635742 1141.45080566
0.0315058231354 8 561.072937012 -128.743789673 1473.17089844 567.83215332 262.807983398 1561.5838623 562.650878906 53.3179473877 1643.9432373 611.095092773 38.8251190186 1295.03942871 494.877227783 -194.187271118 1655.59558105 628.998596191 -174.612960815 1232.18408203 321.16003418 -527.103393555 1579.36157227 559.234069824 -422.458984375 1143.88024902
0.0354640483856 8 565.032104492 -118.857223511 1475.85742188 567.413330078 264.349304199 1560.88989258 571.572753906 59.7281646729 1650.52038574 621.177978516 52.7334747314 1303.09411621 501.949249268 -201.223617554 1657.43640137 633.931213379 -159.334381104 1230.8104248 388.587249756 -509.200683594 1597.20251465 568.997436523 -396.153930664 1149.73291016
0.038743019104 8 564.716003418 -118.256568909 1474.41064453 567.373168945 266.118438721 1560.36523438 567.737487793 56.8983459473 1648.17431641 621.61920166 51.6907196045 1304.81591797 532.597717285 -195.111022949 1655.97839355 640.552185059 -158.268600464 1234.99914551 379.428283691 -489.685058594 1634.66113281 573.070373535 -403.004089355 1154.58666992
0.0318360328674 8 566.634338379 -118.660736084 1473.55969238 567.458312988 267.518035889 1559.51574707 571.152709961 52.2174224854 1649.46923828 624.268188477 54.5615081787 1309.74121094 530.416931152 -192.034057617 1654.36376953 641.793395996 -157.515869141 1235.53515625 420.752471924 -324.354919434 1666.22485352 587.683349609 -388.541717529 1147.95654297
0.0351979732513 8 564.053894043 -120.99571228 1468.78723145 566.741271973 268.541137695 1558.39050293 566.27142334 46.0500488281 1647.63671875 626.038024902 57.4644470215 1313.20288086 527.965332031 -188.785110474 1653.84509277 647.623535156 -154.822677612 1239.80505371 417.891571045 -329.15826416 1673.46984863 594.612426758 -390.38381958 1156.71252441
0.0302429199219 8 563.708618164 -119.932624817 1471.00732422 567.187683105 270.433380127 1558.25708008 570.191101074 44.7328262329 1649.09729004 624.152526855 58.6815872192 1318.31018066 529.100280762 -185.044586182 1654.84094238 647.168640137 -151.916259766 1239.80078125 413.097961426 -330.257202148 1678.84814453 598.957763672 -384.776062012 1166.78820801
0.0314819812775 8 561.287475586 -118.983917236 1471.31665039 567.015563965 271.661315918 1557.93310547 576.085144043 42.0065002441 1649.45825195 622.034484863 59.2898254395 1321.65112305 534.634338379 -173.186569214 1640.70214844 646.21081543 -149.391769409 1242.04748535 422.138824463 -329.545532227 1679.34741211 604.397888184 -380.834838867 1166.99865723
0.0349712371826 8 559.591369629 -117.055992126 1464.35522461 566.719482422 272.676544189 1558.20532227 581.972717285 31.4366912842 1650.51208496 620.17767334 67.1811828613 1324.38562012 535.007507324 -174.463607788 1642.33752441 641.763366699 -140.598922729 1241.59082031 527.358398438 -320.641418457 1703.18212891 601.633239746 -373.292999268 1170.33752441
0.0316369533539 8 561.040588379 -119.149040222 1461.88232422 566.701477051 273.077056885 1558.01989746 585.238708496 21.870010376 1650.23010254 624.195007324 64.7893676758 1327.25280762 540.172668457 -162.824050903 1642.97753906 639.803894043 -134.23815918 1244.73999023 530.32421875 -338.330810547 1710.91418457 601.643981934 -370.678894043 1170.85388184
0.0320639610291 8 560.925354004 -119.595527649 1463.05065918 566.636108398 274.015289307 1558.28564453 585.690612793 24.5247344971 1648.36706543 621.475158691 61.7663879395 1324.60266113 517.993286133 -156.917251587 1647.54541016 639.164245605 -140.81413269 1243.32873535 535.969421387 -337.640533447 1718.84790039 600.360900879 -380.572631836 1170.51550293
0.0360510349274 8 554.430297852 -123.891784668 1462.17700195 566.610534668 274.496398926 1559.01599121 572.839782715 31.3558044434 1623.41784668 608.70880127 37.9483642578 1316.22790527 528.715576172 -143.36428833 1654.48449707 627.205444336 -157.369567871 1243.01489258 544.175964355 -328.26574707 1728.15100098 588.928100586 -397.29119873 1167.75097656
0.0315270423889 8 550.543579102 -123.087928772 1455.67578125 566.597839355 274.338592529 1559.86206055 559.595825195 40.8723068237 1603.95422363 602.32421875 40.0658493042 1315.49304199 533.623352051 -138.896118164 1657.48693848 621.324829102 -162.005065918 1240.29467773 530.916870117 -326.106567383 1716.12658691 581.744445801 -405.422027588 1164.22814941
0.0314929485321 8 549.771362305 -126.375579834 1458.28198242 567.02154541 274.279785156 1560.85900879 563.42755127 40.9535675049 1609.88806152 591.721252441 37.6106109619 1308.21911621 534.484802246 -140.726272583 1662.36560059 623.203369141 -162.526809692 1243.34716797 508.455108643 -328.886444092 1712.21447754 580.714355469 -409.373413086 1165.81896973
0.0351870059967 8 551.957641602 -128.335006714 1462.00463867 566.546875 274.678100586 1562.07568359 564.536071777 44.1767730713 1611.30163574 592.240661621 32.6957855225 1304.9864502 537.255981445 -137.244766235 1667.16015625 625.05670166 -167.236251831 1245.09411621 500.866516113 -325.635162354 1690.85766602 578.662719727 -409.698944092 1164.61657715
0.0316028594971 8 552.719909668 -129.960739136 1463.40771484 566.912536621 275.26763916 1563.0892334 564.631225586 46.7246246338 1607.5769043 592.415039062 29.2721099854 1304.61938477 540.701599121 -137.048980713 1669.28637695 626.183837891 -170.828292847 1244.83166504 523.011047363 -305.68536377 1726.40625 573.813354492 -403.358856201 1161.47717285
0.032014131546 8 553.186645508 -132.149749756 1465.62536621 567.81817627 275.475128174 1564.10339355 565.265197754 46.7639923096 1608.54943848 595.096374512 25.786605835 1304.74279785 546.035217285 -140.169708252 1669.95935059 628.536560059 -174.4324646 1243.3861084 520.02154541 -312.870910645 1732.66943359 570.672729492 -405.955993652 1159.70739746
0.035698890686 8 555.482788086 -130.061904907 1467.85510254 568.851989746 275.724914551 1565.36279297 565.743347168 48.4007568359 1608.78820801 599.200622559 26.5163574219 1308.51721191 554.720214844 -135.833053589 1674.90783691 630.780639648 -173.700942993 1243.50012207 511.344696045 -314.817199707 1739.83972168 567.028503418 -404.039245605 1161.43859863
0.0344679355621 8 558.661804199 -121.64969635 1478.39465332 569.783996582 275.837310791 1566.3626709 568.545654297 54.6203460693 1633.26782227 603.358642578 35.6452636719 1309.82641602 559.623962402 -141.322906494 1680.56384277 639.576660156 -167.670516968 1247.32971191 505.960388184 -323.058898926 1753.29272461 562.931213379 -395.185577393 1160.43945312
0.0435490608215 8 560.61505127 -122.332450867 1482.6036377 571.852783203 276.069488525 1569.21325684 571.018310547 50.6354522705 1649.58837891 606.216308594 40.1813659668 1311.08081055 562.880554199 -143.207382202 1684.52185059 644.966064453 -164.266387939 1252.23413086 500.837097168 -327.432769775 1762.20080566 560.504699707 -397.08380127 1161.37768555
0.0315861701965 8 568.066833496 -128.393234253 1486.53588867 574.434570312 274.545562744 1573.62646484 572.621520996 44.1847991943 1659.90661621 605.799865723 36.8170623779 1310.06115723 564.773498535 -139.985809326 1688.87683105 645.754638672 -168.427261353 1254.7479248 494.231323242 -325.449462891 1766.7947998 552.657714844 -403.295654297 1162.84619141
0.0289218425751 8 566.711608887 -127.099662781 1481.61364746 576.157836914 273.587615967 1577.18554688 565.218383789 51.7543640137 1638.7890625 607.443603516 32.4813995361 1309.65405273 568.618286133 -133.71862793 1692.65136719 645.71887207 -173.698440552 1254.37915039 489.03237915 -320.198486328 1770.2298584 549.644104004 -406.854309082 1167.6739502
0.0329210758209 8 572.188354492 -137.929733276 1481.55810547 579.242614746 272.957519531 1580.50219727 557.249389648 54.9241867065 1627.4119873 613.937988281 29.4875030518 1311.5057373 567.208190918 -130.679473877 1694.90161133 651.029296875 -178.263336182 1255.75561523 478.292114258 -326.551971436 1767.73339844 544.590209961 -415.686218262 1168.57971191
0.0332129001617 8 575.508605957 -143.427932739 1486.14660645 583.309753418 271.925750732 1583.71679688 556.618835449 49.9614715576 1623.12402344 623.816833496 27.184463501 1327.78930664 565.926574707 -140.653305054 1699.50268555 652.410461426 -174.813827515 1258.40112305 475.536773682 -340.956787109 1766.60095215 536.58215332 -411.462646484 1171.5579834
0.0307080745697 8 574.981201172 -144.437515259 1486.34106445 587.429382324 270.963806152 1587.53015137 558.004455566 52.7053985596 1625.22570801 621.773254395 26.3086700439 1321.72351074 558.65045166 -141.679534912 1699.98925781 655.395385742 -186.763122559 1261.68823242 465.941558838 -350.199951172 1762.82214355 533.975891113 -418.401000977 1177.14379883
0.0356888771057 8 577.611877441 -147.007141113 1489.2076416 591.861755371 269.684875488 1592.38269043 560.253723145 49.5823364258 1625.44787598 629.701721191 22.958984375 1328.24645996 557.201171875 -148.991714478 1702.0489502 656.853149414 -199.59703064 1268.37353516 459.211151123 -364.579528809 1759.79931641 532.938476562 -417.959228516 1180.44787598
0.0309250354767 8 578.553100586 -149.050308228 1493.02893066 594.540100098 268.505889893 1595.29931641 562.046936035 49.3899230957 1629.1307373 633.459655762 20.1042785645 1330.09680176 557.579528809 -152.778564453 1704.4407959 655.916259766 -192.051101685 1266.2487793 431.43649292 -418.876800537 1742.79833984 535.63470459 -422.552856445 1186.66088867
0.0310220718384 8 586.125976562 -147.125244141 1500.20812988 599.882324219 267.630737305 1600.09960938 585.60168457 46.1985626221 1650.93164062 642.426879883 22.5135955811 1332.44311523 557.75994873 -162.22366333 1710.02404785 677.929504395 -176.26449585 1282.40026855 490.89465332 -433.693695068 1701.77160645 548.880981445 -422.35333252 1192.05908203
0.0364410877228 8 586.807250977 -147.750106812 1501.69299316 602.95098877 267.091339111 1604.16137695 582.071411133 46.6858520508 1649.0625 644.423828125 21.7852478027 1335.91040039 560.495422363 -164.79208374 1711.8614502 684.760681152 -180.408996582 1291.33374023 420.636535645 -456.751647949 1717.78894043 550.724731445 -422.904968262 1193.90893555
0.0314929485321 8 593.648986816 -148.205947876 1508.06030273 605.197875977 267.033477783 1608.90478516 585.35168457 45.6804656982 1649.46289062 649.917236328 19.8792572021 1346.08203125 567.576477051 -167.248672485 1714.43811035 676.411499023 -188.746017456 1289.79138184 421.076538086 -459.952819824 1719.89746094 558.446350098 -427.450531006 1196.34973145
0.0317659378052 8 599.614685059 -150.404953003 1514.203125 607.098876953 265.275390625 1615.50195312 587.842346191 43.0020141602 1656.25634766 659.273864746 19.2243347168 1354.85791016 563.997558594 -172.463348389 1715.59277344 679.31237793 -193.501068115 1292.13720703 412.516418457 -554.739318848 1635.28991699 582.604003906 -431.292114258 1201.67785645
0.0356130599976 8 601.668273926 -147.486968994 1528.43481445 607.604431152 264.87701416 1620.50878906 593.853149414 49.4684295654 1661.30895996 663.319946289 13.0212554932 1364.2869873 567.490234375 -178.714981079 1716.48400879 680.514892578 -199.852890015 1297.61474609 414.338623047 -560.382873535 1615.67687988 598.276916504 -439.904602051 1211.05761719
0.0319528579712 8 604.003356934 -148.032546997 1529.01696777 609.420227051 264.37890625 1627.53271484 599.486816406 46.6769561768 1667.50256348 663.536499023 17.7574310303 1367.52331543 571.241149902 -186.197113037 1719.89660645 679.402282715 -199.799911499 1301.81359863 426.371734619 -550.576416016 1611.51367188 610.705505371 -455.565246582 1231.28686523
0.0312762260437 8 606.068969727 -148.077514648 1532.98242188 610.045837402 262.629577637 1634.20996094 601.364624023 48.4611206055 1671.23083496 662.096801758 16.9594116211 1367.49475098 568.19744873 -177.937438965 1739.04382324 681.753723145 -204.487579346 1307.05102539 433.125366211 -483.767028809 1719.5045166 611.567077637 -457.626525879 1230.9543457
0.0420298576355 8 610.110107422 -136.987976074 1545.99194336 610.737060547 259.731292725 1642.37597656 604.83190918 55.8300094604 1682.47607422 663.701782227 19.2713317871 1377.03710938 569.586547852 -163.066711426 1752.06225586 699.942932129 -193.161193848 1338.30725098 450.209716797 -454.24420166 1729.27819824 621.748413086 -457.727935791 1247.94299316
0.0312609672546 8 615.900817871 -130.81288147 1550.46313477 610.062805176 257.882171631 1646.93164062 610.870849609 55.4049835205 1693.78662109 661.391479492 25.2238616943 1380.67675781 603.499328613 -168.501754761 1764.70898438 701.774719238 -187.54536438 1345.61853027 447.629577637 -432.70111084 1735.75341797 641.354492188 -454.280822754 1247.88061523
0.0311110019684 8 622.047485352 -133.186035156 1560.67980957 608.985107422 256.362670898 1652.15466309 617.321594238 41.4438476562 1708.94836426 677.321228027 27.1610717773 1406.61706543 610.092041016 -181.259460449 1770.61804199 705.044250488 -185.496490479 1345.16748047 441.286773682 -432.818664551 1740.54675293 642.460327148 -448.077362061 1264.39196777
0.0351941585541 8 625.03527832 -130.140151978 1576.2722168 607.526062012 254.935882568 1655.67041016 611.557067871 28.6363372803 1755.5859375 689.229919434 43.7185211182 1423.96533203 605.052001953 -202.1509552 1780.62817383 714.11126709 -180.968093872 1354.45617676 430.580688477 -442.284912109 1743.52905273 663.081298828 -439.014709473 1292.36047363
0.0309658050537 8 624.969177246 -128.196472168 1582.24145508 603.730651855 252.086486816 1661.09509277 606.808898926 25.7988586426 1769.56262207 690.57611084 51.4151306152 1432.01135254 600.341369629 -214.247924805 1786.48925781 720.828491211 -182.110229492 1368.6706543 429.741882324 -449.71472168 1743.43066406 672.453552246 -438.785736084 1313.38891602
0.0316200256348 8 628.329162598 -129.597106934 1579.20739746 601.705078125 250.679916382 1664.04003906 612.878540039 25.5871276855 1759.94030762 689.578735352 49.1793518066 1433.35534668 597.658874512 -211.091293335 1795.60241699 726.664733887 -185.558242798 1376.91186523 438.581298828 -438.694000244 1759.54980469 660.128234863 -447.462646484 1317.99389648
0.0355379581451 8 629.548461914 -125.994445801 1577.97143555 598.17590332 249.292816162 1666.42285156 616.09185791 32.7020721436 1759.05957031 685.511901855 55.6309356689 1429.51586914 602.68963623 -203.898452759 1800.53662109 732.110778809 -176.90512085 1387.93762207 455.790222168 -429.036682129 1766.97229004 662.858215332 -454.312408447 1320.68615723
