0.0304491519928 8 576.339233398 -121.99407959 1427.61694336 578.598022461 269.590911865 1568.0880127 587.745849609 15.704574585 1605.13549805 618.657104492 56.3296051025 1297.17993164 607.342102051 -166.385406494 1692.12329102 619.76965332 -133.982757568 1230.57824707 496.257446289 -337.752380371 1772.48303223 579.034057617 -374.22567749 1165.75341797
0.0368149280548 8 577.557434082 -122.827308655 1428.67407227 579.141113281 269.253692627 1568.12915039 590.00378418 15.1441040039 1609.82141113 617.545288086 59.2084503174 1297.2611084 607.952636719 -170.654083252 1692.26281738 618.7421875 -127.98387146 1230.37731934 501.316864014 -344.625366211 1781.60705566 580.307128906 -363.454162598 1166.80212402
0.0320630073547 8 579.102722168 -124.506523132 1427.63171387 579.535888672 269.200012207 1568.58129883 586.009399414 15.5103607178 1609.52966309 621.014892578 59.9989318848 1297.47619629 604.674743652 -173.366912842 1692.4152832 622.609313965 -125.715606689 1231.48474121 500.306182861 -352.802490234 1783.55126953 579.317199707 -372.274139404 1165.50952148
0.0320069789886 8 577.644165039 -121.794281006 1425.25622559 579.808166504 268.831054688 1569.19433594 583.262329102 19.4140930176 1604.80651855 618.924926758 60.8721389771 1294.3416748 604.34979248 -176.383377075 1693.10192871 623.77557373 -124.281776428 1231.7565918 502.883361816 -359.492370605 1789.06762695 583.824645996 -359.231262207 1167.43249512
0.0363070964813 8 560.649414062 -109.616981506 1446.57165527 580.647155762 269.063812256 1569.22998047 573.713378906 61.2553710938 1599.57250977 600.974731445 48.0580291748 1284.43017578 593.367675781 -142.243896484 1692.52111816 633.780273438 -155.381790161 1233.7890625 485.278991699 -323.582702637 1783.97338867 595.496154785 -394.068695068 1169.28979492
0.0318398475647 8 567.548706055 -115.075042725 1454.58703613 580.922424316 268.933410645 1569.20202637 587.038330078 42.7293701172 1632.45056152 607.917114258 49.1897583008 1286.3458252 589.221496582 -143.540283203 1682.43774414 636.580505371 -149.710510254 1233.52331543 474.257507324 -322.754638672 1774.0859375 593.547363281 -400.806884766 1165.57116699
0.0358159542084 8 571.073852539 -122.333747864 1463.70739746 581.401428223 269.02243042 1569.33435059 593.962097168 35.9014129639 1655.09106445 614.41229248 52.1323928833 1290.86816406 586.930297852 -148.727111816 1679.83483887 638.865112305 -145.622741699 1233.15429688 466.738922119 -329.190551758 1765.61303711 598.846496582 -389.552001953 1170.13037109
0.0325360298157 8 576.308837891 -124.07081604 1468.80297852 582.09375 268.945678711 1569.63793945 599.343078613 32.8748779297 1665.49401855 621.153137207 54.8182144165 1296.06726074 585.616027832 -153.208267212 1677.37939453 637.844848633 -141.105010986 1235.40820312 462.05682373 -333.139282227 1761.62915039 596.058532715 -382.368591309 1163.9732666
0.031672000885 8 585.83190918 -126.122177124 1481.84448242 582.668029785 269.205932617 1569.77990723 600.92175293 42.4804077148 1668.77429199 624.22644043 43.8392333984 1299.53601074 585.655883789 -144.486022949 1677.28381348 637.922241211 -151.834457397 1236.92236328 457.205718994 -323.92288208 1764.38635254 596.867675781 -397.923950195 1173.94726562
0.0358710289001 8 586.885559082 -127.299423218 1486.96557617 583.242431641 269.897613525 1569.75744629 600.680664062 48.690032959 1667.11096191 625.857177734 37.7970275879 1300.31237793 586.53112793 -143.81892395 1678.62353516 637.849243164 -157.960189819 1237.09692383 453.634674072 -320.1171875 1766.19714355 594.262390137 -400.206970215 1168.83227539
0.0318789482117 8 585.101501465 -126.55532074 1488.65234375 584.334960938 270.414581299 1569.91455078 602.321166992 50.5527191162 1666.14367676 622.962280273 40.4548034668 1304.69250488 581.698120117 -144.796463013 1678.21972656 635.426086426 -159.509841919 1237.55908203 455.276611328 -321.258483887 1764.52453613 593.113464355 -405.543029785 1173.67028809
0.0319030284882 8 584.588867188 -126.084518433 1491.22570801 585.35559082 271.124694824 1569.72668457 605.860534668 53.294380188 1666.96069336 619.030578613 37.8409881592 1302.93237305 585.294372559 -145.333251953 1680.25695801 631.373352051 -161.181243896 1237.30114746 458.897460938 -324.014953613 1763.46557617 583.252258301 -412.407287598 1167.34912109
0.0362730026245 8 584.08380127 -126.041931152 1492.66015625 586.338439941 271.470092773 1569.28393555 606.729980469 51.0225982666 1667.46789551 618.969482422 39.004196167 1308.36340332 585.757873535 -148.673660278 1682.16003418 630.477050781 -159.687026978 1238.63171387 461.972412109 -330.838897705 1763.41601562 588.881591797 -398.62713623 1169.49621582
0.0318400859833 8 583.416015625 -126.634422302 1493.24353027 587.152282715 272.113128662 1569.16235352 605.39263916 47.6672668457 1668.58251953 621.905212402 38.9485015869 1312.38769531 582.824584961 -153.97833252 1683.92919922 631.761047363 -160.466934204 1238.04162598 463.011810303 -341.166809082 1770.36254883 588.494140625 -401.296447754 1168.42150879
0.0320160388947 8 582.036315918 -127.025276184 1491.73254395 588.142456055 272.90725708 1568.79199219 603.462402344 44.6635665894 1669.22058105 624.290161133 40.2916412354 1313.80578613 579.327514648 -158.990081787 1685.23510742 633.264953613 -156.786987305 1235.67053223 460.532989502 -345.839813232 1770.51013184 591.533203125 -396.107940674 1167.48828125
0.0360519886017 8 581.699829102 -125.984924316 1492.0213623 588.76361084 273.789245605 1568.30322266 601.808044434 44.2509078979 1670.3338623 626.550720215 40.0901794434 1314.29260254 570.395202637 -162.406402588 1686.3347168 634.758117676 -156.369003296 1234.32666016 457.355926514 -354.658782959 1763.65893555 591.083068848 -400.899658203 1167.88598633
0.0320258140564 8 581.086486816 -125.658462524 1492.97229004 589.749816895 274.196105957 1567.52868652 600.184814453 43.1896820068 1671.55651855 629.772705078 39.8030853271 1316.85021973 566.678649902 -165.683929443 1687.94360352 636.089294434 -155.565368652 1234.0057373 458.664672852 -366.054443359 1764.27258301 592.017089844 -394.559692383 1168.18640137
0.0319740772247 8 580.587219238 -126.291992188 1493.29443359 590.833618164 274.669769287 1566.89868164 598.934143066 42.252494812 1672.25268555 632.914123535 38.5480194092 1317.62524414 560.344726562 -164.860595703 1693.19836426 636.652709961 -158.981201172 1234.23937988 457.402862549 -376.522644043 1759.37597656 590.276428223 -396.072631836 1171.30578613
0.0363609790802 8 579.579467773 -127.833717346 1491.6463623 592.073669434 274.882507324 1565.96362305 598.446105957 39.8436050415 1673.01062012 634.367614746 38.8573913574 1316.7833252 557.09967041 -169.033752441 1694.47595215 635.670715332 -161.166000366 1233.65820312 411.112762451 -482.654083252 1595.58068848 594.288635254 -393.095550537 1166.16186523
0.0315999984741 8 581.617736816 -135.524276733 1492.98620605 593.465759277 274.827514648 1565.18395996 602.936828613 38.8536529541 1674.99328613 632.071716309 38.4265899658 1316.39538574 559.075744629 -171.714813232 1697.57800293 628.896850586 -165.929428101 1229.49755859 388.371337891 -486.885314941 1573.29992676 588.600341797 -396.413696289 1165.60180664
0.0322940349579 8 582.422180176 -134.085113525 1493.50769043 597.805236816 275.050292969 1562.50500488 601.300537109 36.3677520752 1676.4888916 639.373779297 36.7404327393 1318.95715332 555.1328125 -176.488342285 1698.74304199 631.991333008 -159.750640869 1231.52478027 371.457366943 -459.598632812 1577.59313965 590.472290039 -397.930175781 1166.6036377
0.0357749462128 8 584.220214844 -131.947921753 1496.51257324 604.178283691 273.352172852 1556.66064453 601.386108398 36.5359649658 1678.26660156 648.259033203 35.5562286377 1324.58959961 553.65612793 -180.909500122 1698.74108887 627.786315918 -136.93460083 1241.40783691 354.980529785 -428.666809082 1585.17492676 589.328369141 -391.270874023 1169.78027344
0.0310451984406 8 583.448181152 -122.773368835 1484.7635498 604.948486328 273.084716797 1556.48742676 597.686401367 23.1157684326 1677.90576172 657.839477539 49.6542282104 1331.38500977 548.268676758 -196.604812622 1699.046875 633.12701416 -114.374107361 1247.92553711 322.283782959 -406.882568359 1584.35961914 599.090087891 -379.778167725 1166.6940918
0.033106803894 8 584.269958496 -120.505386353 1489.55456543 606.374816895 272.96081543 1556.01281738 593.486877441 26.0100402832 1677.41479492 672.32598877 51.5660705566 1349.98095703 543.384216309 -197.343292236 1699.28540039 639.719726562 -111.210479736 1248.9909668 297.658172607 -364.745117188 1585.32202148 603.595703125 -382.506713867 1167.5168457
0.0358521938324 8 582.669433594 -119.226135254 1489.72875977 610.967041016 271.113220215 1553.00048828 591.783813477 26.0646820068 1681.32080078 671.236206055 49.8455886841 1343.19995117 540.55291748 -211.407440186 1711.36730957 645.747741699 -126.943077087 1244.16784668 277.864776611 -325.725036621 1596.22949219 610.666870117 -378.285461426 1168.59936523
0.0321898460388 8 579.222167969 -119.980995178 1481.32788086 610.835144043 271.103027344 1553.68811035 590.145141602 25.0211029053 1683.32714844 660.623901367 45.9954223633 1314.671875 537.709472656 -218.636581421 1719.22753906 663.540283203 -114.745330811 1269.52258301 257.828552246 -286.744873047 1599.7779541 615.582092285 -376.736602783 1170.11169434
0.0321271419525 8 581.251464844 -119.660606384 1485.73132324 613.906311035 269.425994873 1551.49023438 594.32623291 23.0673980713 1685.1217041 661.454650879 46.0624160767 1323.24401855 525.054870605 -220.377426147 1726.8684082 658.067749023 -112.081016541 1264.4831543 239.932891846 -248.137954712 1604.17651367 609.414916992 -384.435638428 1163.32897949
0.0357937812805 8 582.266845703 -112.479003906 1484.96264648 616.294616699 269.142822266 1550.0300293 596.569274902 24.083152771 1685.17871094 658.641174316 48.8259048462 1320.37841797 509.18359375 -212.467254639 1731.65734863 653.54083252 -111.520439148 1260.67980957 227.570922852 -208.59992981 1607.31677246 607.190124512 -376.049224854 1170.08728027
0.03200507164 8 585.681152344 -117.415092468 1479.61975098 619.237365723 269.099578857 1548.05163574 602.976074219 18.5934753418 1684.70825195 651.711425781 56.1679534912 1317.23852539 503.683898926 -211.921859741 1732.35241699 647.032775879 -109.054107666 1256.4934082 205.276092529 -172.733261108 1603.20593262 600.957824707 -368.449676514 1167.60876465
0.0320529937744 8 583.838562012 -116.924133301 1477.44946289 620.951477051 268.657470703 1546.65026855 601.210571289 20.4276580811 1684.65148926 649.519287109 56.4173736572 1310.89978027 488.606872559 -205.360412598 1731.43041992 651.839904785 -116.130737305 1256.72766113 186.154724121 -135.116882324 1599.68933105 599.030517578 -376.379089355 1166.65075684
0.0360541343689 8 582.376708984 -121.321746826 1466.70471191 623.377319336 267.297668457 1543.61523438 602.998046875 11.0754852295 1683.33789062 644.715087891 68.1219024658 1308.24560547 469.130554199 -211.386001587 1725.72814941 650.329223633 -111.437591553 1255.19213867 176.885742188 -114.115913391 1598.39245605 604.009399414 -369.94329834 1163.34558105
0.0320928096771 8 583.294311523 -123.131019592 1468.97131348 625.401000977 265.348480225 1541.31530762 604.199645996 10.4772644043 1686.72949219 645.944274902 67.6587600708 1309.65673828 445.889709473 -202.521087646 1726.32678223 651.260375977 -116.436408997 1253.67700195 166.967895508 -82.0437088013 1592.55053711 601.67364502 -372.861419678 1163.12060547
0.0318531990051 8 584.84197998 -122.170791626 1472.8326416 626.38861084 264.223815918 1539.72802734 606.028747559 13.9432525635 1688.52038574 645.987243652 67.6916046143 1312.48718262 426.861694336 -187.570175171 1734.39770508 648.951660156 -125.026992798 1254.13671875 158.100769043 -49.9511260986 1590.36584473 596.934875488 -386.054016113 1166.94226074
0.0361478328705 8 591.417358398 -124.651191711 1479.04174805 627.68963623 264.104675293 1538.31835938 605.322570801 11.2988739014 1687.31408691 670.995056152 65.0141601562 1338.51550293 417.384643555 -182.244903564 1735.83996582 648.988769531 -133.9324646 1254.64331055 154.661346436 -23.9543457031 1579.94152832 599.195495605 -382.171295166 1168.23144531
0.0321190357208 8 594.45904541 -123.789924622 1480.79150391 628.945251465 264.520812988 1537.25939941 606.798034668 14.2585906982 1686.95068359 673.782531738 68.8399658203 1345.46679688 410.488769531 -163.416412354 1734.39257812 646.297302246 -139.562301636 1256.20812988 149.160949707 2.70150756836 1574.80944824 599.949279785 -385.029052734 1172.57739258
0.0320961475372 8 620.057678223 -120.497306824 1528.54589844 630.34588623 264.699798584 1536.6027832 601.435852051 59.8833389282 1686.54174805 681.321105957 27.4069366455 1349.05249023 403.575805664 -106.708946228 1733.99865723 649.855529785 -179.106307983 1256.57202148 140.086425781 64.3147506714 1574.0177002 601.18371582 -431.60723877 1184.68786621
0.0360817909241 8 593.556213379 -101.350700378 1506.85180664 631.10736084 264.740142822 1535.94189453 606.140930176 56.2855529785 1681.41699219 630.299987793 39.8124237061 1321.90991211 426.351623535 -80.1068725586 1737.22424316 617.018127441 -183.942398071 1248.17431641 169.325317383 94.790802002 1577.1607666 579.648986816 -434.951660156 1175.78637695
0.0322971343994 8 588.301391602 -100.429954529 1503.48083496 631.200561523 265.759735107 1535.43164062 595.664550781 65.6490631104 1676.27416992 618.599731445 40.734588623 1312.04248047 393.243469238 -40.1021194458 1723.81567383 617.922973633 -176.752059937 1267.85681152 162.303436279 121.351554871 1572.18347168 580.288574219 -451.160095215 1187.04577637
0.0313868522644 8 577.291381836 -101.377418518 1503.14611816 631.567260742 266.6378479 1534.21789551 569.58782959 65.0412750244 1679.04211426 604.458435059 40.6136474609 1308.73791504 317.809814453 15.8845825195 1667.45666504 623.328186035 -178.281616211 1276.16516113 140.744430542 167.472305298 1560.28442383 586.335754395 -462.585174561 1191.94055176
0.040726184845 8 568.635131836 -90.1722335815 1496.58154297 632.331176758 266.809051514 1533.52307129 569.441894531 85.0552215576 1679.7421875 592.905883789 59.5524291992 1293.48876953 313.19342041 32.8135719299 1672.75866699 631.128723145 -177.91746521 1281.51977539 127.252990723 194.345840454 1559.41625977 593.043945312 -475.983703613 1187.86450195
0.0284988880157 8 563.87121582 -82.6383285522 1492.02087402 632.541748047 267.085144043 1532.47900391 562.922302246 88.886390686 1677.13513184 589.032043457 65.5867385864 1289.32580566 310.343139648 41.5548171997 1675.14440918 637.41607666 -145.6668396 1292.77819824 119.024353027 209.08581543 1555.6451416 609.735839844 -447.279876709 1188.67956543
0.0318479537964 8 564.223205566 -79.8681030273 1491.57775879 632.390136719 267.489959717 1531.71801758 564.733947754 94.3589782715 1675.27331543 587.739074707 68.967956543 1288.1217041 306.499603271 50.5856666565 1679.27539062 638.696960449 -143.787704468 1294.11206055 112.520523071 220.779937744 1542.54248047 612.085205078 -448.065063477 1182.07666016
0.0353970527649 8 563.166870117 -76.532951355 1490.29174805 632.359741211 267.769226074 1531.24475098 560.196594238 102.411010742 1669.25317383 587.176818848 72.232925415 1286.9465332 306.258056641 57.3528900146 1682.95605469 640.563232422 -137.889816284 1299.74584961 115.531784058 225.112243652 1538.82507324 613.913208008 -451.070068359 1186.43200684
0.0314900875092 8 563.759338379 -73.6131362915 1489.10424805 632.335388184 268.812896729 1531.14587402 558.939758301 109.255218506 1663.64953613 587.813659668 76.1763458252 1286.8302002 307.474761963 58.7571334839 1682.89953613 643.966918945 -139.533172607 1299.73083496 114.614624023 236.324462891 1538.14880371 639.4921875 -392.52444458 1261.07409668
0.0360128879547 8 565.383422852 -73.4069061279 1489.81848145 632.258544922 270.24017334 1531.17700195 562.791137695 109.852645874 1666.26318359 587.671508789 77.0324554443 1285.87011719 309.33190918 67.7136001587 1683.81665039 644.241516113 -145.659332275 1297.51635742 119.354980469 247.52255249 1541.30969238 647.712341309 -419.72177124 1271.86621094
0.0377490520477 8 570.326477051 -81.7532043457 1490.04748535 631.916809082 271.368408203 1530.6237793 567.123901367 93.023651123 1664.89477539 597.908325195 69.0159606934 1296.04541016 313.293304443 56.253288269 1680.90930176 640.649291992 -134.004150391 1298.45410156 123.183929443 246.286865234 1542.93334961 626.387817383 -372.54486084 1275.83886719
0.0306780338287 8 571.953308105 -101.961997986 1498.91296387 631.576416016 272.578491211 1530.01013184 565.319580078 73.610206604 1660.09594727 605.456176758 52.1008377075 1320.05029297 313.633300781 36.2100334167 1676.77893066 639.251708984 -111.890602112 1302.41748047 126.622848511 238.721832275 1543.59899902 640.833129883 -377.835784912 1281.73498535
0.0322358608246 8 572.847595215 -110.312866211 1502.14916992 631.106933594 273.427246094 1529.63964844 564.305297852 64.8267822266 1660.56213379 610.338256836 47.856628418 1330.63098145 305.126464844 38.3988075256 1678.91589355 635.942260742 -103.909088135 1301.66455078 132.538970947 234.800842285 1548.6348877 597.681335449 -388.879669189 1205.04418945
0.031928062439 8 572.678100586 -115.757324219 1503.92602539 630.774597168 273.24710083 1528.53991699 562.180847168 61.1308898926 1661.1036377 612.407775879 43.1290588379 1332.80847168 296.213226318 47.9956588745 1681.43835449 621.665100098 -131.22366333 1304.54858398 131.832061768 243.22454834 1546.16052246 622.149169922 -331.036499023 1275.11743164
0.0317800045013 8 573.087890625 -119.269607544 1504.51318359 630.153991699 272.966827393 1527.11901855 561.001647949 58.7065887451 1663.10351562 613.512390137 39.7041168213 1331.11816406 293.153381348 47.7252197266 1680.3996582 621.247009277 -158.52180481 1289.84326172 133.148452759 249.503158569 1552.29760742 592.001464844 -384.229064941 1194.99768066
0.0378410816193 8 572.010864258 -119.816162109 1504.49157715 629.255004883 273.044799805 1526.37097168 559.218444824 57.7581863403 1663.63928223 613.847961426 40.2298431396 1332.27282715 294.599334717 55.6420211792 1681.23828125 621.73626709 -146.836166382 1291.32202148 141.567047119 260.970489502 1567.18762207 590.950317383 -385.573242188 1198.65722656
0.0313138961792 8 570.579223633 -119.900138855 1503.86743164 628.636962891 272.945770264 1526.50927734 556.688293457 56.9727401733 1663.85302734 614.324890137 41.2277145386 1332.99731445 296.980865479 62.4814758301 1681.0378418 615.741210938 -155.974090576 1281.90441895 134.962631226 265.552856445 1563.56481934 589.276062012 -418.94329834 1186.96606445
0.0316281318665 8 567.60333252 -120.74281311 1504.8684082 628.461853027 272.690795898 1526.09558105 550.358337402 53.7403793335 1667.50634766 614.924377441 42.7915725708 1336.90942383 303.723083496 72.3504943848 1683.81896973 607.30871582 -157.822998047 1267.16674805 138.216888428 268.698120117 1566.42883301 580.747924805 -435.639129639 1178.23974609
0.0358049869537 8 567.633666992 -120.923362732 1509.47216797 628.751708984 271.901916504 1525.07800293 545.635375977 48.9519195557 1669.48840332 622.206298828 46.5456848145 1354.80236816 305.822998047 78.9343643188 1687.49951172 604.96484375 -152.352920532 1262.32202148 141.422836304 270.00201416 1573.26257324 579.725646973 -411.735168457 1186.0324707
0.0314500331879 8 567.529602051 -119.938354492 1508.05322266 629.254333496 271.728149414 1525.15454102 546.933288574 50.6555633545 1668.08959961 623.085021973 46.0482025146 1351.52758789 304.073974609 82.4412384033 1689.38061523 610.726989746 -146.421859741 1269.84729004 142.919036865 280.5703125 1562.27734375 578.0 -426.395507812 1165.21154785
0.0316610336304 8 568.127502441 -131.856582642 1508.43029785 629.386474609 271.630615234 1525.75634766 538.956848145 44.9279327393 1665.40356445 625.905822754 30.9478607178 1344.41577148 295.859802246 80.3033981323 1684.75463867 616.182373047 -167.42539978 1254.65539551 112.899108887 280.824981689 1566.04382324 587.077880859 -376.330505371 1192.60253906
0.0358748435974 8 560.725708008 -128.925827026 1497.42700195 628.985534668 271.444946289 1527.32263184 528.026916504 38.3307647705 1666.57189941 632.317321777 43.8403244019 1346.82653809 285.957275391 83.5943756104 1680.44604492 619.932312012 -177.695739746 1249.75598145 103.148651123 273.563568115 1560.66760254 573.693786621 -428.304504395 1158.91223145
0.0322749614716 8 558.251953125 -131.860305786 1495.7644043 628.270690918 271.409545898 1527.43005371 530.118835449 36.1170806885 1666.1809082 628.989257812 36.743637085 1338.86108398 285.791412354 81.8068847656 1680.08178711 616.84161377 -190.994689941 1253.25549316 91.6104278564 273.279510498 1562.5982666 592.215515137 -348.137939453 1198.70983887
0.0364730358124 8 561.886474609 -131.892547607 1497.45166016 627.90612793 271.366363525 1527.68408203 537.481994629 40.4851455688 1667.67126465 620.248840332 32.6750488281 1327.75842285 291.71572876 87.2133636475 1681.31018066 607.886108398 -196.762634277 1250.06872559 77.6784362793 278.244781494 1559.75708008 580.619750977 -368.686279297 1191.11535645
0.032781124115 8 561.491027832 -126.816230774 1495.23242188 628.009277344 271.547424316 1528.31445312 536.944152832 50.111579895 1667.59936523 616.052062988 35.7284240723 1315.73657227 290.07623291 101.156021118 1681.47509766 609.976013184 -193.447677612 1252.47790527 76.5788574219 283.866577148 1555.68884277 568.172302246 -419.095458984 1148.41308594
0.0317749977112 8 562.927978516 -126.102668762 1498.42834473 627.82220459 271.618560791 1528.63574219 538.871276855 47.8936843872 1668.87426758 618.613464355 36.6844940186 1324.34545898 291.798522949 98.5419769287 1681.51318359 608.227966309 -196.725204468 1250.75842285 67.932723999 271.852508545 1553.97094727 564.183654785 -424.680908203 1161.49255371
0.0309348106384 8 563.09197998 -128.420196533 1497.63037109 627.312316895 271.845581055 1528.96203613 538.305664062 46.3832702637 1669.01928711 619.69543457 33.8634033203 1321.5480957 292.086791992 98.341468811 1677.75500488 608.04675293 -198.531799316 1248.91333008 66.2067260742 262.397949219 1547.65515137 575.120422363 -380.124755859 1163.22814941
0.0366621017456 8 562.941894531 -129.160980225 1499.29626465 626.893188477 271.635681152 1529.34484863 539.676269531 45.7980117798 1670.32897949 621.21887207 35.385269165 1326.28601074 294.429870605 96.9013977051 1674.90380859 607.570800781 -199.752319336 1247.66906738 51.2124633789 255.003173828 1546.24206543 563.991394043 -428.664001465 1155.30603027
0.0319900512695 8 562.189208984 -129.245162964 1496.82409668 626.40838623 272.081359863 1529.21740723 539.617370605 48.4305038452 1669.84814453 619.468444824 32.96824646 1316.76464844 293.392669678 97.3594970703 1671.09277344 607.997375488 -204.149246216 1249.22973633 61.6981201172 246.718017578 1536.01867676 560.206115723 -444.9715271 1160.78344727
0.0315020084381 8 561.668518066 -131.246276855 1495.1229248 626.297363281 272.009338379 1529.11621094 539.891662598 48.9189758301 1667.17907715 618.988952637 29.2995605469 1312.15686035 292.363189697 89.9103164673 1664.04248047 603.618835449 -182.49659729 1247.68933105 54.7313842773 238.155639648 1533.07678223 562.266845703 -450.308837891 1162.56640625
0.041620016098 8 561.090942383 -131.160980225 1494.25830078 626.07824707 272.282531738 1528.52392578 536.219055176 51.2793960571 1665.50390625 618.80657959 27.4646148682 1307.88476562 289.151367188 91.7863922119 1664.45129395 607.791564941 -188.885482788 1251.08789062 42.0320129395 229.537277222 1526.63134766 571.267028809 -439.046508789 1168.01342773
0.0294399261475 8 558.419921875 -130.083908081 1491.41271973 625.671813965 272.432037354 1527.71582031 528.902770996 54.4687728882 1655.28466797 617.590393066 28.1552581787 1309.08251953 281.100921631 83.6561203003 1657.16235352 608.717041016 -187.768875122 1252.37670898 49.6363830566 218.165985107 1518.17907715 576.569458008 -436.973754883 1166.21447754
0.0313539505005 8 556.801269531 -131.19871521 1490.20996094 625.109436035 272.61428833 1527.80847168 528.579345703 51.3642730713 1657.85083008 619.988647461 29.260848999 1309.96191406 274.978881836 79.1570892334 1651.08789062 611.042358398 -189.706359863 1252.52160645 34.8430480957 205.731384277 1510.01379395 577.966491699 -438.709533691 1171.8782959
0.0351819992065 8 557.434082031 -130.936889648 1490.51806641 625.145874023 273.318786621 1528.1965332 529.983276367 50.8834838867 1658.68566895 621.644165039 29.9466247559 1311.39196777 274.992492676 75.8889541626 1647.00134277 612.041381836 -189.882568359 1252.77685547 42.9415740967 196.190444946 1507.50048828 581.79309082 -437.500732422 1173.73913574
0.0309391021729 8 557.830871582 -128.564422607 1489.88574219 625.206420898 273.100402832 1528.62451172 529.448913574 54.1100921631 1651.08410645 619.22467041 29.2602996826 1312.45227051 275.722351074 66.7249984741 1637.90710449 609.549438477 -190.818481445 1251.27722168 46.5779724121 185.409347534 1495.84338379 574.513244629 -446.270751953 1177.22827148
0.031152009964 8 557.797973633 -126.325447083 1488.15710449 625.302246094 272.432250977 1529.0982666 531.33581543 55.058265686 1646.0657959 616.01953125 29.3005981445 1312.29821777 278.792297363 66.5967330933 1639.85351562 605.524230957 -190.000259399 1249.45214844 50.1706085205 180.545059204 1495.68261719 556.94732666 -458.532104492 1196.27001953
0.0358870029449 8 557.400634766 -128.944015503 1487.08325195 625.276123047 272.108581543 1528.85961914 533.678955078 54.8488388062 1643.21081543 613.309204102 29.5598754883 1312.52893066 281.737060547 60.9702949524 1634.28869629 602.908325195 -190.262405396 1247.83459473 63.131439209 165.955718994 1483.92736816 583.959411621 -415.576416016 1158.42163086
0.0320868492126 8 558.629821777 -134.340499878 1488.17736816 624.768127441 271.034667969 1528.2043457 532.526245117 53.6116714478 1640.02880859 614.788085938 20.6917724609 1309.63427734 282.299255371 56.9709434509 1630.44726562 604.198120117 -191.154312134 1248.93835449 61.9352111816 162.533660889 1472.88830566 565.563354492 -455.977966309 1203.57043457
0.0320391654968 8 557.487609863 -139.601547241 1480.3347168 624.465454102 270.556640625 1527.84887695 529.446960449 51.3122711182 1630.85449219 612.186462402 10.6662139893 1295.08276367 279.924072266 54.0578117371 1625.11633301 604.674743652 -195.053497314 1249.97387695 60.7140808105 151.250259399 1466.80432129 563.801757812 -455.340667725 1204.59777832
0.0421209335327 8 558.679138184 -147.717803955 1475.76171875 624.435546875 270.19934082 1528.91369629 530.631774902 46.3860473633 1632.84594727 615.234924316 15.3661804199 1293.15942383 278.945373535 45.6722221375 1622.33898926 604.900146484 -192.155380249 1249.46252441 63.9573059082 143.965682983 1461.28173828 561.504516602 -464.881103516 1211.83703613
0.0309119224548 8 556.655273438 -122.720855713 1489.9597168 624.089599609 270.047180176 1529.85717773 529.82421875 77.735786438 1642.35986328 608.202270508 74.9321517944 1340.27734375 278.130615234 76.0688476562 1628.01086426 606.964416504 -206.268707275 1255.31384277 68.9874420166 175.033462524 1462.25280762 571.685546875 -453.920471191 1152.7232666
0.0302460193634 8 555.647888184 -127.652809143 1486.08544922 624.057434082 270.050476074 1529.76330566 528.919616699 61.5694122314 1638.61633301 608.402160645 62.7356872559 1342.02160645 277.568817139 59.348575592 1621.39038086 609.841491699 -198.067138672 1255.42541504 66.2298278809 153.028930664 1458.3190918 579.962402344 -489.709228516 1244.62988281
0.0332880020142 8 557.291625977 -131.615020752 1477.74121094 624.253356934 270.058654785 1529.79101562 528.319519043 51.6937103271 1633.00622559 613.700378418 48.008895874 1325.74743652 278.273986816 49.35546875 1613.21630859 610.254333496 -191.950942993 1256.23461914 67.0117034912 142.076324463 1451.42468262 582.800598145 -479.455993652 1250.26464844
0.0331189632416 8 560.933959961 -135.586105347 1470.71875 624.182434082 270.057861328 1529.61022949 529.67755127 38.8883361816 1630.34899902 622.860168457 41.2451171875 1323.0838623 277.708435059 36.7042541504 1611.90820312 610.818664551 -182.086715698 1255.86694336 61.9443817139 121.496170044 1447.046875 622.167541504 -415.028289795 1273.71936035
0.0304760932922 8 571.984375 -125.166168213 1470.28808594 624.345275879 270.896575928 1529.82885742 558.688049316 45.4713897705 1632.88305664 629.18927002 56.2197113037 1330.43847656 273.522155762 21.4407978058 1605.21630859 619.867919922 -163.239181519 1268.23571777 88.24559021 94.8330459595 1444.57214355 615.041259766 -426.935974121 1265.71765137
0.0409920215607 8 569.891601562 -127.484985352 1467.69641113 624.209777832 270.997192383 1530.29541016 552.844421387 44.0631103516 1630.06445312 627.435974121 55.4216537476 1328.7121582 275.333618164 23.1916179657 1604.10412598 623.238586426 -169.453430176 1269.45275879 49.8943023682 104.745040894 1466.62341309 614.763916016 -432.625640869 1264.02539062
0.0310380458832 8 569.538574219 -126.011116028 1468.98828125 624.108154297 270.920440674 1531.35791016 551.956420898 45.3046569824 1628.8112793 623.571166992 52.7611465454 1326.43066406 278.729187012 26.9411487579 1605.76757812 625.262451172 -170.769866943 1273.45153809 46.9520874023 103.142478943 1470.05541992 612.995239258 -438.097045898 1265.03967285
0.0350370407104 8 573.788024902 -122.18951416 1475.58984375 623.939819336 270.484375 1533.03320312 564.208251953 51.8244781494 1630.19519043 618.89831543 46.8927154541 1321.79846191 305.047027588 13.4113807678 1621.9119873 625.795410156 -174.975769043 1277.3416748 43.6740722656 95.2125854492 1489.80834961 598.36340332 -453.528839111 1259.18188477
0.0315039157867 8 570.406738281 -111.726593018 1475.86499023 624.022644043 270.501159668 1535.22912598 562.292297363 59.6479873657 1633.5168457 619.154846191 50.9991378784 1316.38696289 307.130828857 12.6000785828 1627.10205078 642.697265625 -169.803161621 1285.95861816 38.3497009277 94.3703613281 1492.99951172 605.028808594 -460.452453613 1261.06188965
0.0315039157867 8 571.982971191 -107.33821106 1470.37915039 624.856079102 270.234069824 1536.91088867 563.053833008 54.4562835693 1637.21240234 620.677978516 60.7593536377 1317.20410156 308.44708252 1.91785812378 1634.29956055 652.855834961 -157.14515686 1290.19836426 22.538848877 77.2307434082 1516.94873047 575.715332031 -467.871398926 1258.46594238
0.0336790084839 8 573.280334473 -102.669563293 1460.42333984 625.562805176 270.465026855 1538.48974609 559.862609863 41.4699249268 1637.12207031 630.516784668 70.9598999023 1323.47265625 305.902160645 -18.7143745422 1646.05371094 659.930053711 -144.152633667 1291.08435059 11.6696777344 55.0281181335 1523.68286133 554.213684082 -474.823730469 1264.33532715
0.0320689678192 8 578.417236328 -101.210914612 1461.53930664 626.854736328 270.467895508 1548.77233887 563.385498047 23.619934082 1659.3034668 613.153686523 83.5164642334 1321.58007812 312.947113037 -28.4785118103 1656.8684082 658.168029785 -122.647247314 1295.63415527 20.7938842773 40.693271637 1535.96923828 565.225891113 -443.830535889 1218.11328125
0.0322351455688 8 576.245849609 -97.8147125244 1459.89379883 628.14276123 271.152404785 1555.04943848 563.473571777 18.6620330811 1663.47229004 604.95526123 85.8967971802 1316.36657715 313.483886719 -35.0898208618 1666.74145508 653.630737305 -121.946784973 1296.27185059 23.340423584 35.5282287598 1555.30822754 642.833862305 -297.939483643 1282.60205078
0.0357098579407 8 577.1640625 -99.8101119995 1470.09008789 628.683166504 271.620300293 1560.72241211 555.306335449 27.194152832 1665.99243164 612.89276123 72.8195343018 1315.4675293 306.9453125 -29.0365486145 1673.98974609 657.925354004 -127.96244812 1293.18334961 22.9987487793 34.6481170654 1559.39990234 572.537231445 -466.233215332 1246.51635742
0.0320150852203 8 577.266296387 -101.828132629 1470.31970215 628.701049805 270.050506592 1564.90124512 554.571044922 26.8305130005 1663.92651367 614.165039062 67.4481582642 1313.68066406 304.738708496 -30.0542373657 1681.33984375 655.413574219 -138.943786621 1289.87097168 14.2674255371 29.8001251221 1576.37475586 575.054382324 -441.89440918 1196.85473633
0.0321779251099 8 577.561340332 -101.969200134 1471.21374512 629.467529297 268.940795898 1574.91723633 558.357177734 24.6808242798 1667.27734375 613.946289062 67.4875564575 1313.69995117 307.020446777 -36.6008224487 1688.2902832 653.291992188 -139.147857666 1286.82312012 9.54498291016 22.4143486023 1592.07287598 557.729919434 -472.124023438 1249.91174316
0.0358910560608 8 578.030883789 -100.128326416 1471.08154297 629.514160156 267.994659424 1573.89147949 563.106323242 20.840713501 1671.29223633 612.598266602 70.3509674072 1313.97485352 313.227355957 -45.7504806519 1699.55786133 651.963806152 -139.663192749 1287.92443848 18.0170288086 13.0070343018 1607.31640625 592.897277832 -373.654907227 1163.30786133
0.0320129394531 8 579.416870117 -106.278144836 1482.78027344 629.469848633 267.073150635 1574.30297852 573.849304199 24.111328125 1689.39489746 610.686462402 68.1651153564 1314.51306152 320.989196777 -51.7563247681 1711.16308594 648.065551758 -143.231735229 1288.64892578 21.2479248047 10.496509552 1616.17956543 590.882873535 -414.827636719 1158.47131348
0.0323131084442 8 574.301818848 -116.030517578 1506.21594238 629.916992188 266.274169922 1576.17126465 578.030883789 40.4914703369 1696.58105469 611.803955078 28.70262146 1310.26196289 324.245605469 -45.5239181519 1720.56274414 648.685058594 -164.251846313 1291.45043945 28.0301513672 17.8249435425 1627.84912109 594.633422852 -411.261657715 1153.08154297
0.0358889102936 8 582.01776123 -132.405517578 1514.77990723 629.245361328 264.359100342 1581.73071289 578.203186035 38.2660369873 1690.92675781 624.335266113 16.7576751709 1324.69897461 326.908935547 -48.1579284668 1722.65759277 643.268615723 -169.96005249 1291.1685791 22.4227905273 8.8111076355 1645.57336426 586.072875977 -409.953186035 1145.22436523
0.0318820476532 8 585.628051758 -133.190444946 1518.1204834 629.525512695 262.467193604 1583.87670898 584.150024414 33.0218353271 1695.44641113 632.580200195 18.277053833 1333.92932129 329.628479004 -53.7035980225 1725.07019043 640.098510742 -165.756454468 1286.82751465 33.4801330566 -1.13366699219 1632.49414062 580.765930176 -414.428497314 1139.95812988
0.0321199893951 8 584.95892334 -128.470703125 1519.83447266 629.981384277 261.170684814 1585.77416992 584.81640625 40.1828308105 1692.89416504 628.378417969 28.8984985352 1341.66760254 332.390014648 -44.0900268555 1732.09509277 640.181884766 -168.130477905 1272.29602051 27.8105163574 4.32334899902 1666.97607422 584.500915527 -409.54019165 1144.27087402
0.0358428955078 8 585.041381836 -129.301834106 1520.84301758 630.642089844 260.031555176 1587.28491211 584.840026855 39.2818450928 1690.4934082 630.234802246 27.0252227783 1345.56835938 337.033508301 -42.75365448 1740.47619629 636.585144043 -171.22807312 1277.71777344 36.0186462402 4.90077209473 1665.96276855 575.481323242 -419.24395752 1140.84912109
0.0319800376892 8 584.112854004 -128.144760132 1527.3458252 630.861755371 258.687866211 1588.97192383 583.840942383 42.8752822876 1687.54248047 629.99206543 15.1845245361 1347.72729492 341.290161133 -38.7349395752 1745.6204834 630.202880859 -176.987136841 1272.94763184 56.865814209 9.77582168579 1658.55615234 570.567138672 -428.062927246 1142.60754395
0.0321621894836 8 576.901245117 -134.596130371 1519.5065918 631.481384277 255.846542358 1591.78271484 574.294006348 41.5699386597 1683.59387207 608.461730957 0.786315917969 1322.93200684 339.02645874 -41.0023651123 1753.87487793 635.391967773 -188.073532104 1259.9041748 24.8351745605 5.86304473877 1679.86364746 576.380859375 -426.326660156 1148.24243164
0.0358459949493 8 577.470153809 -132.080825806 1515.29614258 631.520935059 255.619064331 1592.35559082 575.199462891 52.4394226074 1682.93566895 609.735107422 4.73806762695 1309.39440918 340.594848633 -30.8060760498 1752.58862305 633.350097656 -201.78326416 1262.42529297 29.9181518555 15.3508262634 1683.89025879 574.348144531 -444.500854492 1148.93347168
0.0318109989166 8 577.458190918 -134.304519653 1518.36999512 630.957763672 255.302017212 1593.20727539 572.009521484 45.8493652344 1682.05822754 613.382202148 1.41925048828 1319.45397949 344.181976318 -33.7538375854 1759.33679199 628.298583984 -207.529663086 1262.07275391 83.7451782227 9.99673843384 1649.31433105 568.399902344 -453.058105469 1162.22106934
0.0321879386902 8 584.450866699 -132.033416748 1518.48828125 630.688598633 253.516662598 1595.59216309 594.856567383 51.7456436157 1688.14611816 619.094360352 8.09280395508 1313.96105957 347.814910889 -43.3966445923 1761.67382812 625.830871582 -214.304672241 1258.35253906 68.3627624512 12.3012695312 1657.29284668 563.264526367 -467.497009277 1158.66357422
0.0360128879547 8 586.786437988 -131.346435547 1522.5736084 630.708435059 252.686630249 1597.64990234 604.024902344 51.8155975342 1696.97143555 614.379394531 6.30555725098 1311.50292969 367.720214844 -55.1123428345 1769.01599121 627.546936035 -208.586639404 1261.76196289 63.589630127 4.77174758911 1678.57385254 563.939758301 -465.310760498 1160.55432129
0.0319781303406 8 588.651123047 -129.686294556 1525.51025391 630.333129883 253.661056519 1598.56359863 607.465087891 52.533454895 1704.5847168 614.229003906 10.1645812988 1312.40625 377.851989746 -62.6140441895 1771.63903809 629.298522949 -203.847442627 1260.39245605 78.7291564941 -6.07895278931 1662.38354492 566.310424805 -456.997375488 1168.05712891
0.0319828987122 8 591.389282227 -124.50933075 1528.02197266 630.224060059 253.003448486 1602.9387207 610.420898438 53.4728546143 1714.80786133 613.863769531 17.2564086914 1312.78637695 387.837890625 -72.4849243164 1772.72180176 633.179321289 -187.901916504 1253.68835449 59.4256591797 -8.51778030396 1667.68835449 567.314208984 -460.765594482 1162.07092285
0.0358469486237 8 587.75 -113.868774414 1533.29858398 630.021484375 253.191848755 1606.03881836 608.957763672 70.0805435181 1725.55029297 600.36340332 43.0029830933 1317.70605469 385.959777832 -65.2434768677 1772.60595703 645.135620117 -163.842773438 1262.09655762 93.6300048828 -12.6803855896 1641.20361328 567.744873047 -474.645324707 1169.17541504
0.0320332050323 8 587.094177246 -107.633110046 1533.70788574 630.100952148 254.310638428 1606.31262207 610.427185059 74.4057159424 1728.81933594 598.212097168 51.5315551758 1318.54711914 393.868164062 -69.7955169678 1771.56262207 646.563964844 -157.04335022 1272.24084473 89.8553771973 -21.7816925049 1634.80078125 567.32800293 -469.975463867 1165.72619629
0.0322349071503 8 587.918151855 -102.25038147 1534.93518066 629.614013672 255.167999268 1606.30090332 611.749023438 81.678894043 1728.77575684 598.614379883 56.9093322754 1319.2364502 400.098571777 -72.2298431396 1767.93896484 643.800537109 -159.348052979 1272.40148926 79.0699157715 -18.3601837158 1616.57946777 576.181884766 -440.890899658 1157.20349121
0.0399510860443 8 590.000305176 -107.304374695 1536.23352051 629.243408203 255.676391602 1607.45007324 612.911254883 78.5954589844 1724.85180664 602.104736328 44.1575164795 1318.12011719 403.15838623 -70.8451385498 1762.96533203 637.338012695 -178.141235352 1267.70568848 94.5934448242 -27.9856414795 1602.32275391 610.568359375 -391.512359619 1177.95385742
0.0315158367157 8 591.519042969 -110.412086487 1530.50268555 629.231201172 255.814178467 1606.54431152 613.268859863 79.5030059814 1699.40759277 603.721496582 29.6412658691 1317.65075684 405.71987915 -62.2828521729 1749.42077637 638.156982422 -187.166137695 1270.94384766 66.0824584961 -13.9214172363 1580.94055176 619.13458252 -397.99407959 1184.95825195
0.031131029129 8 591.905883789 -111.69467926 1528.02844238 629.707519531 255.870117188 1604.94946289 608.183898926 85.4171142578 1690.4876709 601.894958496 21.523727417 1309.70690918 402.700958252 -52.3382720947 1735.64086914 644.889099121 -199.291915894 1271.96289062 90.55859375 -13.7049674988 1567.13098145 580.997497559 -477.17565918 1172.04907227
0.0356070995331 8 587.656982422 -104.991134644 1522.34594727 632.365539551 256.218414307 1591.57897949 601.61138916 98.4817886353 1690.20275879 594.262023926 32.5939331055 1296.96008301 399.003723145 -40.74974823 1724.45275879 649.733337402 -213.489364624 1271.65600586 68.8168945312 7.08528900146 1551.48876953 586.28338623 -504.639831543 1174.00305176
0.0311980247498 8 586.675964355 -103.976219177 1523.34362793 631.415222168 258.12789917 1595.96801758 599.545471191 96.2349090576 1699.98583984 594.29888916 37.908416748 1296.92944336 388.961608887 -51.0316619873 1706.83251953 655.47454834 -191.826965332 1284.15563965 81.9237060547 -5.40310668945 1527.31933594 587.244689941 -506.727752686 1174.89587402
0.0317687988281 8 586.254455566 -101.686080933 1525.36694336 630.273376465 260.355529785 1592.01196289 601.509094238 96.6065597534 1711.35510254 593.312683105 47.5839309692 1297.74206543 385.044250488 -58.7072219849 1695.32299805 655.82434082 -170.944885254 1297.23864746 78.215057373 -16.75548172 1504.95410156 600.199890137 -443.545318604 1172.46679688
0.0346109867096 8 586.567443848 -100.201728821 1526.48364258 629.419799805 262.912506104 1583.89025879 602.186828613 96.8022384644 1717.56140137 593.264221191 52.6844711304 1298.12780762 388.687438965 -62.5207138062 1677.90625 658.126159668 -165.43838501 1298.54443359 159.201980591 -55.6133346558 1531.56323242 590.643493652 -493.817962646 1207.98413086
0.0321490764618 8 587.01550293 -98.7383880615 1527.02075195 627.766174316 263.417388916 1583.19873047 603.509460449 97.5878982544 1720.54382324 591.541320801 56.3152389526 1298.53601074 390.531921387 -63.5102920532 1666.35693359 658.088989258 -155.493499756 1302.46862793 60.5697631836 -25.0429267883 1450.25952148 598.262023926 -475.397735596 1163.54577637
0.0321340560913 8 588.988586426 -95.2400970459 1526.70678711 624.726806641 265.47064209 1576.39855957 607.764465332 100.295822144 1721.81860352 590.304870605 62.3257293701 1299.05151367 400.366760254 -69.5057830811 1659.60949707 658.915344238 -148.929412842 1305.90185547 158.215805054 -50.4565048218 1468.50427246 614.583984375 -489.801544189 1248.30615234
0.0395500659943 8 585.127929688 -72.8104324341 1511.48400879 624.00213623 265.493560791 1574.06567383 602.630310059 91.5299224854 1715.52209473 595.246643066 80.2924194336 1298.40441895 423.211914062 -85.4176483154 1646.5748291 666.549865723 -135.266174316 1304.63537598 165.329650879 -92.4896392822 1476.51782227 621.396972656 -481.849853516 1252.06896973
0.0314629077911 8 585.287414551 -72.879737854 1510.83361816 623.927856445 266.309173584 1572.83703613 601.695922852 97.0393676758 1711.37463379 593.765380859 81.4876251221 1297.62609863 413.719604492 -85.027633667 1645.28430176 668.130615234 -140.675537109 1305.36193848 37.6530151367 -72.3195877075 1372.66931152 629.179504395 -481.503540039 1254.68835449
0.0356879234314 8 586.647338867 -72.0653686523 1507.95654297 623.89831543 267.538574219 1571.49108887 603.854309082 103.16897583 1700.21228027 597.977478027 79.4624710083 1296.11584473 403.118438721 -84.8606567383 1629.27746582 673.569396973 -152.195709229 1306.52905273 83.5476989746 -78.3760604858 1354.03051758 626.398376465 -478.055938721 1253.47473145
0.031042098999 8 590.189453125 -73.9422988892 1506.91906738 622.168334961 270.055023193 1564.99353027 608.592529297 97.345489502 1697.07128906 606.976074219 77.5294647217 1300.49560547 398.606628418 -91.6162567139 1620.01013184 675.635925293 -156.025314331 1308.05322266 139.877593994 -101.442634583 1375.19458008 622.787597656 -472.570800781 1250.7578125
0.030387878418 8 593.321594238 -76.0135879517 1500.86743164 620.921447754 271.716491699 1562.54907227 611.405761719 98.8363189697 1677.99255371 614.110595703 76.6123657227 1304.5357666 387.933807373 -103.177261353 1590.83056641 680.671875 -156.786315918 1307.62890625 134.381835938 -96.9096755981 1307.67419434 622.188598633 -462.816223145 1248.34863281
0.0358870029449 8 594.339172363 -83.2446670532 1498.95373535 620.63293457 273.1769104 1558.97900391 606.909973145 86.7401504517 1682.93444824 620.479919434 76.8207778931 1307.64880371 378.526123047 -115.915367126 1569.75036621 682.511535645 -153.911743164 1307.21777344 84.1721801758 -123.022773743 1297.43115234 621.91998291 -451.238189697 1246.50012207
0.0317420959473 8 599.462219238 -86.4375228882 1495.30163574 620.277832031 274.515289307 1556.54931641 601.32800293 56.6459503174 1687.45080566 654.142333984 76.1917114258 1328.0904541 368.619262695 -146.045928955 1545.14123535 686.324401855 -129.11164856 1306.95776367 132.702636719 -161.706420898 1317.17285156 625.026733398 -420.579711914 1245.97009277
0.0319550037384 8 602.858276367 -91.9172210693 1489.06726074 619.028686523 275.042175293 1554.48791504 597.540039062 37.4773483276 1688.49169922 673.714477539 78.7328262329 1339.40307617 364.994995117 -164.808288574 1533.96313477 687.766113281 -107.557121277 1308.21472168 144.467193604 -185.191253662 1314.09057617 627.595031738 -401.28817749 1245.02209473
0.0359919071198 8 601.06237793 -101.019813538 1483.65246582 617.824401855 274.27633667 1552.64208984 596.973693848 25.5670623779 1687.36547852 679.458312988 78.7178344727 1345.49169922 368.135192871 -171.704238892 1523.87744141 673.05078125 -93.6799163818 1304.38989258 81.6670532227 -186.468307495 1259.04760742 627.903259277 -389.111022949 1244.10449219
0.0318071842194 8 601.757141113 -103.026092529 1488.22155762 616.528320312 274.31640625 1551.11608887 601.182678223 27.7077331543 1686.10314941 674.038024902 74.3377990723 1348.3416748 370.794158936 -169.226669312 1521.47741699 660.54699707 -99.2965698242 1301.4597168 110.010253906 -194.870697021 1263.09448242 620.80456543 -398.228790283 1238.33544922
0.0322248935699 8 595.290161133 -100.184593201 1484.79638672 615.223937988 274.246032715 1549.06591797 599.470458984 38.1190338135 1682.81494141 650.671875 80.3695373535 1334.16479492 372.046691895 -159.402160645 1514.80615234 664.678649902 -115.398239136 1301.36523438 85.8481140137 -178.968536377 1252.16577148 618.190795898 -408.894592285 1235.78320312
0.0365180969238 8 592.761352539 -96.7238388062 1485.13879395 614.309753418 274.220916748 1547.4329834 599.469421387 47.2666473389 1683.04504395 640.053771973 86.3392333984 1329.58654785 371.232940674 -152.900558472 1513.47741699 666.826538086 -124.194381714 1302.01306152 84.3690185547 -174.784561157 1244.7722168 616.939086914 -417.116455078 1234.9876709
0.0314648151398 8 591.811218262 -78.6235961914 1486.30456543 612.316650391 274.773254395 1542.11303711 599.971374512 71.2461013794 1681.64428711 620.309509277 94.6621627808 1313.54711914 372.897094727 -132.031188965 1514.42663574 660.75390625 -143.566619873 1299.76928711 97.7742919922 -154.791397095 1257.25463867 611.755554199 -438.805236816 1231.54138184
0.0320219993591 8 587.126525879 -74.3340377808 1480.90710449 611.561584473 275.757232666 1538.84069824 587.714782715 85.194984436 1667.43981934 612.151794434 96.8222122192 1306.7701416 372.03338623 -125.277870178 1513.83251953 669.67767334 -133.707580566 1301.25305176 84.798614502 -157.708404541 1252.95288086 614.989013672 -439.417907715 1231.80554199
0.0360851287842 8 589.429199219 -71.0389328003 1481.49841309 612.435913086 275.649780273 1540.09130859 592.991821289 84.4731750488 1671.57019043 607.088378906 97.2252044678 1303.4552002 370.949462891 -123.888687134 1514.10986328 665.261169434 -139.170562744 1298.96020508 95.0621337891 -157.722045898 1262.05993652 616.536682129 -437.12399292 1230.69677734
0.0320889949799 8 589.823547363 -70.0453262329 1480.63354492 611.719665527 275.088867188 1539.0682373 595.284729004 85.297996521 1674.70471191 610.086364746 99.8188400269 1300.18786621 368.772155762 -125.443199158 1515.1229248 672.163208008 -131.952880859 1296.65808105 80.8696594238 -168.966339111 1267.25964355 619.794799805 -434.544769287 1228.00793457
0.0319149494171 8 588.821716309 -69.9456710815 1477.69519043 611.234802246 273.996124268 1539.48791504 595.301574707 86.5968017578 1671.65759277 608.50201416 98.2550201416 1294.69177246 368.39453125 -123.385467529 1513.01037598 675.819396973 -131.935684204 1294.16943359 97.201965332 -205.108276367 1354.52087402 613.530517578 -447.678527832 1226.69226074
0.036159992218 8 588.516113281 -71.7487411499 1474.87756348 610.5234375 273.992645264 1540.14831543 596.610900879 84.4908752441 1667.79821777 606.871765137 93.4860992432 1290.33679199 369.091247559 -122.357467651 1513.80163574 676.617858887 -136.239440918 1291.75402832 76.6050109863 -184.576293945 1297.58300781 612.612670898 -453.532684326 1224.96203613
0.0318050384521 8 588.918518066 -68.5958175659 1475.00280762 610.007324219 274.050323486 1539.96118164 596.77520752 86.1660308838 1670.57336426 604.439758301 96.3729553223 1288.44104004 374.177368164 -134.173492432 1515.18530273 676.519470215 -133.530914307 1291.76538086 83.7705688477 -193.679916382 1317.00952148 611.442504883 -453.031677246 1224.68969727
0.0319790840149 8 588.791992188 -66.6732177734 1478.95678711 609.28717041 273.455535889 1539.40039062 595.265258789 79.331489563 1686.41064453 602.975830078 99.6958312988 1287.86352539 378.168731689 -140.905639648 1519.70239258 676.275268555 -130.575469971 1291.93444824 74.5382080078 -207.471374512 1339.19665527 611.221679688 -448.824005127 1223.06054688
0.0360879898071 8 588.46496582 -64.5038986206 1478.29724121 608.592651367 272.794891357 1539.38122559 594.734558105 81.9609832764 1682.60241699 603.099182129 100.191375732 1288.84191895 392.207275391 -149.543518066 1537.32531738 676.737548828 -130.791427612 1291.10693359 67.0296936035 -225.128570557 1354.13000488 613.546081543 -450.168395996 1221.55627441
0.0318279266357 8 586.984741211 -60.5047073364 1477.80004883 606.650512695 272.305908203 1540.09179688 591.058227539 86.8849945068 1679.51831055 601.027832031 99.7838745117 1286.64282227 401.447784424 -145.666244507 1558.99389648 674.711486816 -140.745376587 1290.61914062 71.0202331543 -233.277145386 1373.52294922 628.151672363 -448.822875977 1221.47314453
0.0320580005646 8 590.611633301 -71.8926544189 1473.81140137 605.51171875 271.71081543 1541.91748047 594.886535645 61.3166046143 1683.76721191 595.38458252 88.1662139893 1283.54089355 408.317901611 -164.316650391 1575.97949219 658.303955078 -142.729919434 1293.90588379 65.4915771484 -267.94354248 1394.32226562 613.981506348 -436.955505371 1219.65856934
0.0360209941864 8 589.947753906 -86.0243301392 1479.49047852 602.270263672 267.421234131 1543.46728516 592.494567871 45.6959152222 1680.40026855 602.478820801 69.7916488647 1297.04626465 404.030151367 -183.145874023 1584.50708008 646.897827148 -151.591705322 1273.88244629 53.9450073242 -293.332550049 1418.7010498 617.353271484 -416.761749268 1219.95727539
0.0320229530334 8 591.019104004 -102.056526184 1480.39025879 599.407897949 264.377380371 1546.12976074 593.389770508 37.1233825684 1677.97460938 606.713989258 60.0021820068 1301.76513672 403.387115479 -194.39654541 1590.82556152 644.366210938 -162.974227905 1267.46826172 57.1355285645 -318.500030518 1444.9395752 619.046203613 -400.54083252 1222.17932129
0.0319681167603 8 586.625549316 -113.147209167 1463.40942383 592.929077148 257.930328369 1552.61364746 595.385375977 41.3910293579 1642.40368652 600.422729492 54.3788528442 1296.84851074 405.616210938 -173.339660645 1598.56433105 642.92755127 -184.295227051 1268.63537598 61.858581543 -304.511535645 1466.55871582 619.563659668 -417.515197754 1224.01477051
0.0360858440399 8 584.527648926 -113.06930542 1460.81713867 589.469543457 256.036071777 1557.42102051 592.886352539 49.2152938843 1631.68493652 596.502929688 51.0518569946 1291.92980957 404.803741455 -164.223724365 1630.97229004 644.817321777 -195.206817627 1269.85534668 71.5390930176 -286.745544434 1491.98803711 612.151245117 -442.081848145 1220.07055664
0.0318660736084 8 583.716308594 -111.668296814 1458.13012695 588.682495117 253.262390137 1559.79614258 589.592468262 51.5675964355 1621.73583984 595.457580566 44.3215789795 1287.90454102 403.951141357 -161.531890869 1631.23242188 647.736755371 -193.008865356 1271.9128418 60.2992248535 -298.453338623 1508.85571289 568.230102539 -442.579040527 1110.11376953
0.0323081016541 8 579.52331543 -101.719207764 1455.74975586 584.896789551 249.29460144 1566.43127441 583.392150879 77.0191650391 1618.07397461 580.823913574 47.7937011719 1266.12939453 399.203796387 -137.304122925 1644.32116699 652.435119629 -213.96484375 1270.77746582 134.668640137 -271.766540527 1545.43786621 575.622802734 -464.118041992 1103.24609375
0.0361089706421 8 574.890075684 -102.866905212 1453.92346191 582.896057129 247.790588379 1571.53063965 581.867431641 81.0455169678 1613.05895996 574.452636719 44.6975097656 1260.47766113 402.244842529 -134.353775024 1652.31030273 651.635131836 -214.034545898 1271.56420898 141.094207764 -275.404724121 1564.50292969 575.253356934 -464.323425293 1131.62719727
0.0317280292511 8 572.110046387 -103.995162964 1452.29919434 580.35748291 246.636871338 1577.25085449 576.290466309 85.8230056763 1606.56518555 572.329650879 44.0272445679 1257.52783203 403.118591309 -138.434112549 1653.96264648 652.558166504 -210.582702637 1272.14379883 166.076889038 -269.01651001 1578.64282227 568.259033203 -448.516937256 1108.56262207
0.0371379852295 8 571.015319824 -100.534004211 1456.54675293 581.286376953 247.555053711 1577.0402832 574.907226562 87.7233123779 1626.37011719 570.94934082 54.6903076172 1256.04370117 421.805023193 -146.651306152 1647.18066406 656.364562988 -189.950500488 1270.9284668 150.040435791 -297.316101074 1575.88513184 568.727783203 -457.679016113 1125.17016602
0.0354130268097 8 568.303833008 -103.275611877 1453.83227539 578.597351074 245.866851807 1581.65686035 571.438537598 86.4444732666 1613.87329102 566.846984863 39.8211669922 1251.00732422 412.31817627 -139.654190063 1647.54785156 656.864624023 -202.447906494 1269.63232422 84.8067321777 -308.544250488 1573.45617676 567.532653809 -473.404327393 1135.12939453
0.0306730270386 8 568.139221191 -101.291702271 1454.86486816 575.995666504 246.391052246 1583.74194336 571.182312012 90.1695861816 1614.92004395 566.098815918 40.8547973633 1249.74377441 409.145874023 -138.735931396 1650.04785156 657.366516113 -203.065109253 1269.69726562 93.8047485352 -308.727355957 1569.73352051 609.692138672 -425.20690918 1196.07617188
0.0301489830017 8 574.243286133 -100.169555664 1466.44604492 573.475646973 246.025100708 1585.49121094 579.538696289 78.7719116211 1624.56555176 582.671264648 46.3317871094 1277.98840332 413.500366211 -153.342697144 1651.10986328 650.288513184 -186.566818237 1270.77038574 104.149780273 -326.399963379 1571.95178223 566.44329834 -448.55090332 1133.53503418
0.0358138084412 8 574.680847168 -102.315330505 1472.40283203 571.709411621 246.340545654 1586.50537109 580.046691895 76.3488235474 1622.77038574 587.034484863 41.7229995728 1288.93469238 414.526794434 -152.369842529 1652.65368652 650.605163574 -187.819732666 1273.22436523 49.6001281738 -364.656799316 1576.31469727 628.766601562 -405.251861572 1223.48242188
0.0308141708374 8 574.723205566 -110.459289551 1483.4654541 570.307739258 246.186462402 1587.6114502 579.019836426 73.4373703003 1634.01159668 594.038024902 33.7347259521 1295.48742676 410.700622559 -147.387939453 1653.30871582 654.790405273 -194.61000061 1275.56616211 161.118789673 -312.454956055 1571.37121582 565.891967773 -470.898498535 1133.82983398
0.0359218120575 8 579.110778809 -102.385147095 1483.15637207 569.393920898 247.107528687 1588.78320312 584.890075684 81.4693832397 1645.83557129 602.34576416 50.1350479126 1292.11120605 417.18927002 -137.163604736 1656.63439941 649.006164551 -206.723358154 1271.98266602 178.765365601 -294.844421387 1564.38513184 566.833740234 -472.332122803 1137.70007324
0.0319581031799 8 574.313781738 -100.620445251 1470.46569824 568.97064209 247.285949707 1589.3190918 571.734436035 88.958114624 1638.71142578 580.086853027 52.1825256348 1268.29907227 412.910522461 -132.320709229 1649.64929199 649.179321289 -224.781707764 1267.23120117 181.977172852 -271.4453125 1548.04968262 568.557495117 -494.367736816 1127.89782715
0.0319941043854 8 571.533874512 -99.4623947144 1468.21020508 567.987731934 246.9871521 1589.32214355 564.451782227 89.7065353394 1630.70751953 581.498168945 43.053062439 1263.68481445 408.947875977 -129.224731445 1641.31750488 651.045959473 -231.383575439 1266.53637695 159.649780273 -278.088562012 1531.62133789 570.239929199 -517.366149902 1130.78540039
0.0359129905701 8 569.992736816 -91.7622833252 1457.08251953 564.562011719 246.63369751 1590.09460449 561.451782227 88.0890655518 1625.14453125 583.10546875 50.5375518799 1256.4753418 406.616088867 -132.241119385 1637.14440918 653.028930664 -203.078979492 1257.92260742 87.0055236816 -293.208557129 1489.47009277 570.727722168 -506.056518555 1134.08569336
0.032084941864 8 567.304443359 -79.2277908325 1467.00073242 561.989624023 246.405822754 1591.21118164 554.744140625 97.1555786133 1660.23742676 580.44934082 80.34425354 1259.70056152 406.436157227 -154.910766602 1618.74267578 652.109069824 -155.941421509 1265.19787598 146.289245605 -305.426635742 1472.16027832 599.68737793 -499.964416504 1090.30554199
0.0322248935699 8 568.917602539 -66.5746688843 1474.81591797 561.726806641 246.216644287 1590.91870117 561.195129395 97.1791534424 1693.41040039 578.145324707 100.740112305 1258.99365234 406.549560547 -161.19392395 1611.99890137 653.003601074 -134.252044678 1266.92919922 183.589355469 -308.21307373 1468.40112305 576.412780762 -465.404846191 1152.37451172
0.0358481407166 8 575.933288574 -68.4790115356 1484.28308105 559.768371582 247.075653076 1591.14587402 570.029174805 70.0398330688 1703.26977539 596.146850586 102.59577179 1290.62768555 418.054992676 -177.951843262 1584.37719727 651.325073242 -115.699607849 1269.8494873 33.2833862305 -387.880493164 1416.39428711 576.904174805 -445.883483887 1171.99304199
0.0321509838104 8 572.927124023 -80.934211731 1477.55725098 557.790466309 247.003112793 1591.14489746 569.388061523 46.9570617676 1698.44299316 598.434448242 88.3894805908 1288.24743652 424.068481445 -192.425537109 1567.31787109 658.852233887 -118.035400391 1271.02453613 163.242340088 -368.970397949 1413.05871582 586.922668457 -435.064788818 1197.01049805
0.0317828655243 8 573.130187988 -91.1055526733 1476.6217041 554.289611816 246.035766602 1590.2557373 571.418334961 38.2480239868 1694.21447754 604.053466797 77.3056106567 1290.17224121 430.017974854 -193.791687012 1558.93713379 656.293884277 -109.312522888 1274.63134766 166.878967285 -376.241638184 1390.86450195 591.581665039 -419.360015869 1202.61303711
0.0360631942749 8 573.366271973 -94.1975479126 1474.62902832 547.957763672 245.308563232 1587.01855469 571.186096191 34.1111831665 1687.67480469 605.766174316 73.5197525024 1293.85961914 435.830810547 -193.502655029 1547.43383789 657.900695801 -116.963905334 1275.54931641 175.115356445 -382.961914062 1391.89831543 591.81072998 -415.582336426 1201.05554199
0.031947851181 8 573.922729492 -87.9825515747 1471.09851074 547.132019043 246.180603027 1586.59289551 573.534851074 51.1471252441 1673.95080566 605.195861816 81.3849029541 1295.47668457 439.800598145 -195.275894165 1529.20166016 660.916137695 -114.961242676 1275.48754883 185.32661438 -390.91696167 1366.24206543 598.200256348 -404.696044922 1211.82348633
0.0319840908051 8 571.121826172 -73.8003997803 1466.1237793 541.63684082 250.453018188 1581.453125 575.23248291 63.9433288574 1670.45153809 599.743225098 99.811706543 1293.55554199 430.047332764 -190.202072144 1519.03222656 666.827087402 -123.553863525 1276.28881836 185.734619141 -383.421447754 1357.18530273 606.703125 -411.334350586 1210.65197754
0.0386838912964 8 571.59387207 -74.0823822021 1465.61987305 539.62487793 252.225006104 1581.12792969 576.506530762 69.9720153809 1668.60742188 596.933776855 102.430450439 1291.89331055 431.516479492 -179.42086792 1519.9239502 665.348388672 -133.643829346 1276.74255371 192.152938843 -374.908203125 1348.50842285 600.783935547 -427.660247803 1206.68615723
0.0316841602325 8 572.819030762 -86.4166030884 1464.08825684 537.41619873 252.814086914 1580.27832031 573.880126953 60.4281463623 1667.51135254 601.754516602 96.025390625 1294.31433105 427.570556641 -180.393249512 1514.95800781 675.917114258 -127.515304565 1271.7421875 187.8253479 -379.782775879 1333.38891602 603.900878906 -421.793518066 1207.08325195
0.0308408737183 8 574.030822754 -95.0302581787 1462.06054688 531.961547852 254.143371582 1576.01049805 575.441650391 54.9501647949 1659.11791992 604.156616211 85.9986877441 1295.78125 417.681274414 -185.574691772 1490.35290527 687.54473877 -132.841644287 1262.53564453 126.258544922 -385.835449219 1274.96240234 604.215576172 -430.612731934 1205.46228027
0.0357370376587 8 572.205322266 -95.9435119629 1459.2253418 532.27947998 254.430526733 1576.4786377 572.110351562 59.0151824951 1661.16271973 605.08190918 94.5507049561 1293.62927246 419.035919189 -177.295761108 1497.33129883 683.634643555 -137.508392334 1266.09863281 132.645904541 -383.596008301 1269.98217773 605.785461426 -434.492675781 1204.02099609
0.0317389965057 8 572.187133789 -96.7943725586 1457.41833496 527.773803711 256.773193359 1572.55773926 570.265014648 60.6882019043 1661.51025391 604.557495117 98.3616943359 1292.11767578 420.99987793 -175.697921753 1499.91040039 682.484802246 -139.825088501 1266.94189453 144.517944336 -379.082824707 1272.58813477 605.426940918 -434.837097168 1202.54150391
0.0316710472107 8 579.679260254 -104.469551086 1456.81994629 524.496032715 257.837310791 1570.38586426 572.772338867 47.4509506226 1660.32995605 630.325927734 86.2711715698 1296.82995605 425.977539062 -201.628051758 1502.47973633 679.720458984 -125.63004303 1269.9979248 176.889572144 -387.102172852 1291.07055664 601.693908691 -419.830352783 1203.43225098
0.035740852356 8 582.489440918 -109.807815552 1461.59912109 523.624633789 257.56539917 1567.69189453 572.687805176 31.2096862793 1660.29943848 639.178405762 76.9945983887 1315.46520996 425.359924316 -233.273162842 1506.23742676 669.326171875 -135.58140564 1262.23828125 183.78112793 -404.940429688 1295.0012207 604.521606445 -396.373962402 1203.12145996
0.0319941043854 8 582.855529785 -122.732551575 1461.14306641 523.251220703 257.306793213 1564.56530762 569.241455078 23.7330474854 1655.33532715 640.415283203 67.6690750122 1320.49353027 429.066864014 -241.978927612 1508.02807617 658.956176758 -171.61227417 1263.33276367 212.073013306 -413.196228027 1316.69970703 638.817443848 -271.613830566 1226.13208008
0.0319890975952 8 582.77722168 -119.762123108 1459.10180664 523.57635498 257.960205078 1561.63928223 570.581298828 26.0867462158 1652.47680664 638.454833984 66.8282699585 1314.53833008 453.625854492 -224.976989746 1535.64233398 655.462402344 -175.254058838 1264.34863281 249.068435669 -416.443206787 1341.65429688 633.578308105 -321.416442871 1218.03894043
0.035856962204 8 577.642211914 -110.685333252 1449.7467041 524.242980957 259.412475586 1554.97766113 571.875488281 50.0057144165 1639.58740234 615.454589844 77.9242477417 1291.97753906 465.494720459 -195.187347412 1551.87939453 662.048828125 -178.744873047 1265.69311523 283.975585938 -408.305725098 1364.69262695 617.738586426 -392.635620117 1203.11865234
0.0320098400116 8 574.476745605 -95.9048461914 1431.43444824 525.702941895 261.391601562 1551.38598633 572.678283691 55.7992248535 1632.33337402 597.437316895 102.989227295 1278.81799316 470.213806152 -188.999084473 1560.19567871 659.844177246 -156.277618408 1276.98168945 314.568847656 -422.665740967 1384.35546875 617.055053711 -403.654418945 1202.21789551
0.032044172287 8 574.601867676 -89.7541351318 1414.23632812 527.315246582 264.181030273 1549.41564941 563.881225586 56.7347259521 1600.81408691 587.890258789 96.0865325928 1267.02258301 498.16986084 -173.239700317 1582.68847656 661.043579102 -166.645889282 1274.57775879 351.470306396 -424.869506836 1412.1784668 601.138305664 -443.34954834 1197.68481445
0.0358788967133 8 575.571594238 -79.0026931763 1419.5534668 529.666259766 268.558746338 1542.94958496 573.565368652 67.2393493652 1617.29467773 584.057067871 111.293380737 1263.96484375 518.509033203 -172.311431885 1610.52197266 664.325500488 -151.339981079 1266.14904785 381.463928223 -468.289123535 1433.0513916 596.317626953 -444.993896484 1197.83996582
0.0321609973907 8 574.554870605 -85.4810333252 1424.71350098 530.779907227 271.214050293 1538.24255371 575.378234863 69.3214874268 1616.24963379 586.260803223 101.261795044 1264.58605957 524.598022461 -168.330200195 1619.55090332 662.083251953 -180.357406616 1253.00830078 421.467010498 -512.182556152 1461.48449707 589.196350098 -453.156494141 1198.36352539
0.0318520069122 8 575.872619629 -97.7538757324 1432.93591309 533.04309082 273.650360107 1534.42224121 581.340576172 58.8147583008 1614.43359375 592.692138672 82.5323486328 1275.77636719 537.088378906 -162.567459106 1631.79858398 652.05291748 -177.024780273 1251.66674805 467.420196533 -410.155883789 1600.34484863 581.43170166 -447.211242676 1202.28540039
0.0359480381012 8 577.170837402 -103.433502197 1439.03466797 534.590637207 274.370452881 1530.97937012 589.925415039 54.5751876831 1617.71630859 594.382324219 73.5854263306 1279.58325195 539.318481445 -160.564666748 1628.18200684 652.27166748 -164.121276855 1257.25732422 541.744140625 -317.566955566 1701.24072266 576.211730957 -441.18737793 1200.80322266
0.0319268703461 8 576.435913086 -98.9825897217 1438.73669434 535.91394043 275.281799316 1528.87939453 590.924804688 61.6038131714 1617.86816406 591.434448242 78.0427017212 1275.87719727 543.6484375 -145.871734619 1631.0135498 653.847412109 -168.224578857 1259.33325195 542.339172363 -313.897766113 1707.58483887 570.609741211 -444.831665039 1200.87927246
0.0319950580597 8 574.265075684 -103.234069824 1441.2479248 537.149353027 276.431091309 1527.73937988 590.671630859 59.3373641968 1619.47741699 588.610717773 69.8838882446 1273.05505371 550.99822998 -138.366882324 1623.59460449 649.851928711 -173.137115479 1254.97546387 545.112060547 -318.069885254 1715.40234375 561.770202637 -428.622131348 1169.41113281
0.0360860824585 8 571.26171875 -114.168411255 1450.36352539 538.737976074 277.27633667 1526.64294434 591.205078125 61.1576385498 1619.67199707 581.29284668 40.3546295166 1261.08996582 561.739868164 -134.455688477 1631.65222168 650.081237793 -207.885681152 1260.7791748 540.527587891 -314.879943848 1721.81152344 564.578430176 -410.927246094 1157.86914062
0.0319819450378 8 572.172790527 -110.860664368 1448.53417969 540.929138184 278.925262451 1526.40905762 591.244750977 61.5055847168 1617.73132324 585.643188477 46.5986480713 1264.88562012 563.637390137 -134.334854126 1632.81860352 646.891113281 -194.710494995 1255.90185547 528.867858887 -316.781890869 1726.98657227 571.144714355 -402.967102051 1140.91333008
0.0320310592651 8 562.986328125 -104.410644531 1439.05957031 543.167419434 279.959228516 1527.00939941 593.227416992 56.3718795776 1617.58996582 585.033813477 57.2427139282 1260.11584473 570.206787109 -140.752441406 1637.27941895 633.404968262 -167.402618408 1241.03649902 516.987365723 -318.75177002 1733.16564941 564.477844238 -408.536621094 1130.57019043
0.035758972168 8 563.727905273 -95.3123855591 1444.95349121 548.722167969 282.057922363 1526.39978027 600.109924316 65.9370269775 1619.76159668 585.869689941 71.268951416 1272.78088379 579.298583984 -136.5806427 1642.61682129 622.853210449 -161.719680786 1233.67163086 510.687774658 -312.967254639 1735.5201416 560.963317871 -405.1434021 1132.61071777
0.0370309352875 8 567.135437012 -98.3060760498 1449.25219727 549.975158691 282.400695801 1527.22277832 600.059265137 66.3475723267 1620.82458496 591.212585449 62.7462997437 1272.85949707 583.370910645 -135.919525146 1646.76293945 619.504089355 -152.111480713 1230.75012207 507.840118408 -322.186828613 1740.13806152 558.843139648 -394.910583496 1134.86865234
0.0311679840088 8 569.348388672 -101.390983582 1453.90087891 551.080200195 282.258361816 1528.00085449 601.953125 66.5268249512 1623.62036133 594.065185547 57.3683013916 1274.32128906 582.243286133 -137.717330933 1651.58190918 622.826782227 -162.207565308 1236.55981445 509.855224609 -333.398193359 1748.4230957 548.908325195 -409.835876465 1137.27575684
0.0353510379791 8 569.249145508 -107.539398193 1453.65527344 552.191589355 282.582763672 1529.16442871 598.426635742 65.1534881592 1623.5390625 593.619995117 54.5786590576 1272.93847656 580.699035645 -141.152999878 1656.2644043 626.133544922 -167.027328491 1239.18273926 507.732543945 -337.724914551 1755.65576172 555.119140625 -395.408447266 1138.08728027
0.0317931175232 8 570.114257812 -110.071868896 1453.14746094 554.039489746 282.961608887 1529.90539551 597.854614258 64.4154968262 1623.1072998 597.382080078 53.8961791992 1272.94543457 583.023986816 -143.143280029 1659.48583984 625.144775391 -167.629135132 1239.91601562 504.439239502 -333.123840332 1750.86425781 550.961791992 -395.990844727 1141.38574219
0.0348098278046 8 569.881103516 -110.244621277 1455.20861816 556.228149414 283.524169922 1530.60083008 595.774719238 67.4104614258 1621.36181641 595.795837402 49.5721282959 1271.83520508 583.859924316 -141.105133057 1662.17980957 623.396362305 -167.91986084 1237.26513672 499.437652588 -333.421936035 1752.49450684 548.20880127 -400.224975586 1145.05871582
0.0316209793091 8 569.166015625 -110.627868652 1453.34851074 563.197021484 284.8046875 1533.55969238 591.697387695 71.06590271 1611.77490234 597.322631836 49.7245330811 1274.14575195 584.967529297 -143.375610352 1665.52783203 623.774230957 -168.468856812 1238.7454834 495.642059326 -337.098144531 1753.12451172 547.219665527 -401.009002686 1147.83288574
0.0317921638489 8 569.060791016 -111.08190918 1454.6036377 566.783203125 284.417785645 1535.60839844 587.866760254 73.6967468262 1605.40905762 598.32635498 46.0299377441 1276.56262207 583.07244873 -138.721298218 1669.8170166 623.606628418 -171.654464722 1239.14160156 490.392456055 -335.594543457 1752.39868164 546.569274902 -404.141906738 1153.67248535
0.0348930358887 8 568.23248291 -111.544662476 1454.4864502 568.80267334 283.533050537 1537.47521973 584.888244629 73.2596740723 1599.92797852 597.813171387 42.9024658203 1278.83203125 583.994750977 -127.551498413 1672.79821777 620.365600586 -171.601150513 1236.35314941 487.940246582 -332.851409912 1752.39782715 547.440673828 -407.293365479 1154.86755371
