0.0375649929047 8 639.463928223 -44.8245506287 1554.17834473 684.924682617 260.087402344 1588.72705078 773.149353027 50.0878753662 1722.07653809 614.405700684 178.278594971 1485.86169434 668.377441406 -45.026550293 1731.31677246 634.169799805 -85.9368591309 1376.19274902 611.325195312 -225.835952759 1505.22912598 625.763122559 -390.905334473 1303.14318848
0.0340061187744 8 640.854431152 -33.3732833862 1555.35473633 685.925354004 259.318725586 1586.0814209 778.163574219 69.9923019409 1713.56164551 616.328979492 192.310028076 1500.2791748 663.038452148 -34.658454895 1714.77746582 638.029541016 -76.9328918457 1384.75439453 596.782897949 -228.777862549 1533.50805664 627.118896484 -364.157714844 1310.61816406
0.0296409130096 8 641.784912109 -30.8610687256 1558.95922852 686.595397949 258.567565918 1583.61413574 772.821289062 71.3450775146 1725.71923828 611.147949219 197.049423218 1508.52319336 669.052246094 -43.6743927002 1716.50769043 635.194641113 -69.6469573975 1392.82849121 593.365234375 -236.790924072 1561.04345703 615.053649902 -433.411865234 1303.48486328
0.0327119827271 8 643.166809082 -31.9480361938 1551.32250977 686.956848145 258.651153564 1582.28112793 774.719421387 63.3492279053 1716.60583496 604.303527832 186.9815979 1486.00939941 669.424438477 -50.7057342529 1710.61962891 632.127746582 -67.0333251953 1400.64257812 592.698120117 -249.385604858 1585.32116699 613.81237793 -421.381774902 1314.5423584
0.0302491188049 8 647.83996582 -27.5164985657 1536.3626709 686.904418945 259.224517822 1580.03039551 787.937194824 81.5049057007 1669.92919922 598.770812988 181.0730896 1477.74902344 661.432495117 -40.2286148071 1714.59606934 635.884765625 -70.0208740234 1408.10327148 588.205627441 -258.004272461 1603.51062012 619.623352051 -406.857971191 1326.90466309
0.0300378799438 8 638.653137207 -6.62486600876 1522.8067627 686.969116211 259.725219727 1579.89135742 776.745605469 134.158447266 1627.16137695 562.070800781 195.665435791 1468.09643555 691.588562012 -65.4495391846 1515.54577637 641.833557129 -90.182800293 1411.37414551 667.769775391 -282.651763916 1341.04443359 623.487548828 -423.137969971 1327.61242676
0.03493309021 8 635.627990723 -1.56203711033 1513.67590332 686.419067383 260.23828125 1579.77197266 771.671447754 149.806518555 1612.10095215 541.19329834 194.2006073 1451.49157715 685.166625977 -48.3706207275 1534.1628418 642.10546875 -89.196182251 1417.53234863 745.390136719 -159.215835571 1463.16320801 623.658081055 -422.003051758 1333.41870117
0.0308799743652 8 629.871765137 6.96723079681 1516.15258789 685.921508789 260.397033691 1579.52526855 750.128295898 168.671295166 1623.3659668 541.575683594 206.389633179 1448.77954102 679.69140625 -51.2998046875 1561.99511719 644.284729004 -75.3396148682 1419.01428223 709.75793457 -178.331542969 1473.4029541 626.329345703 -406.47052002 1334.89221191
0.0316290855408 8 619.786193848 9.88332653046 1507.09399414 686.849182129 259.790802002 1578.42614746 728.390869141 178.576843262 1582.09899902 530.453735352 194.96395874 1446.73547363 679.395629883 -37.7833251953 1577.06018066 639.720031738 -83.5825500488 1424.02758789 702.16015625 -183.484039307 1488.64355469 623.018615723 -391.978118896 1341.37487793
0.035817861557 8 622.657409668 13.2615385056 1504.04418945 687.698669434 260.036651611 1578.32092285 741.643554688 180.996063232 1566.25891113 531.148193359 198.465423584 1444.97766113 676.794067383 -37.1842041016 1579.49963379 641.454711914 -76.8430480957 1432.2890625 613.687438965 -377.568725586 1535.68774414 624.463745117 -397.091400146 1348.0748291
0.0316369533539 8 626.426208496 4.75557231903 1506.69396973 688.029968262 259.502929688 1577.8236084 742.457214355 162.986328125 1561.3840332 567.295349121 184.114715576 1430.37207031 663.756835938 -61.9476013184 1589.26159668 651.852478027 -47.4554138184 1433.16003418 513.694274902 -432.269897461 1596.62536621 631.874755859 -357.693054199 1336.99743652
0.031886100769 8 618.898010254 -18.2892818451 1522.32446289 688.731079102 259.534912109 1577.0748291 747.06427002 157.381866455 1558.78588867 567.907165527 177.113113403 1433.81323242 662.602600098 -91.9282684326 1618.34924316 648.514343262 -43.8053436279 1438.67956543 519.107299805 -394.774597168 1583.92285156 626.920410156 -336.631103516 1341.32446289
0.0455429553986 8 609.952880859 -55.7334480286 1537.86206055 689.321655273 259.063842773 1575.98486328 752.750061035 65.9153594971 1674.50708008 545.90625 127.838989258 1411.1315918 674.500549316 -78.793838501 1679.75219727 634.365966797 -107.103240967 1408.4432373 464.30758667 -278.033447266 1624.75561523 611.915039062 -382.425750732 1311.80944824
0.0321419239044 8 617.514831543 -57.6035842896 1547.01123047 690.588806152 257.85635376 1574.62402344 738.90802002 80.5040893555 1691.56201172 555.089538574 121.059677124 1409.57910156 662.773864746 -73.1439819336 1699.46337891 647.739318848 -127.332443237 1393.15441895 459.369018555 -231.379333496 1669.3347168 602.868286133 -423.019775391 1285.8684082
0.0286920070648 8 615.67791748 -21.4013767242 1584.83911133 694.837768555 253.385925293 1570.94506836 753.642333984 101.528442383 1738.70654297 604.911987305 159.863967896 1427.20605469 637.685119629 -126.159667969 1733.5369873 693.431640625 -94.2197113037 1385.11010742 393.774047852 -203.576293945 1684.16845703 673.630310059 -399.08807373 1288.99755859
0.0340600013733 8 616.544494629 -4.79817533493 1583.28112793 705.317504883 246.21282959 1563.56408691 750.380310059 101.520858765 1739.58068848 610.852722168 175.538787842 1438.05163574 613.756958008 -146.46786499 1728.7388916 694.432678223 -84.5551757812 1385.30700684 372.960723877 -162.732192993 1683.38305664 645.559082031 -396.858215332 1273.0859375
0.0307772159576 8 628.424499512 9.89553546906 1578.21057129 704.860900879 246.589263916 1563.61035156 754.058166504 93.2221832275 1736.44848633 635.757019043 196.669021606 1464.94799805 611.402526855 -165.618515015 1719.93444824 690.064025879 -71.8561859131 1388.41772461 371.960266113 -135.675506592 1688.57995605 636.544128418 -385.146179199 1275.64624023
0.0309808254242 8 630.063598633 18.0703525543 1578.65112305 702.302368164 248.570770264 1564.45117188 743.660766602 93.8310012817 1738.04992676 654.634399414 198.183837891 1473.73449707 614.247436523 -164.409729004 1728.63000488 694.336730957 -68.7352294922 1387.38635254 347.982940674 -92.4396896362 1684.34423828 637.279785156 -340.798858643 1278.98974609
0.034912109375 8 632.202148438 17.3424949646 1578.28552246 704.932678223 247.308120728 1563.32958984 736.796203613 69.0593185425 1736.39782715 649.413391113 180.718322754 1470.46032715 598.045410156 -148.908813477 1749.93847656 681.063842773 -81.8531494141 1378.28527832 349.664550781 -44.2890167236 1691.85351562 671.878295898 -321.018951416 1305.56640625
0.0319030284882 8 632.768676758 24.8162193298 1577.31616211 706.618591309 246.053909302 1561.77368164 723.368408203 85.9305801392 1728.28527832 652.993896484 174.82901001 1468.58654785 588.23828125 -134.58190918 1750.66271973 679.329284668 -87.0204772949 1376.73779297 338.285919189 0.789794921875 1683.97229004 671.046447754 -324.484619141 1304.59753418
0.0351538658142 8 629.974365234 35.7009277344 1577.74243164 705.34777832 248.041748047 1563.23486328 708.154907227 95.9563140869 1726.81152344 656.423950195 170.747360229 1463.60449219 558.828430176 -105.75668335 1733.04211426 684.704284668 -85.1230926514 1377.68273926 322.78894043 41.956161499 1683.34094238 662.504516602 -361.205505371 1280.77258301
0.0319540500641 8 643.47253418 37.672203064 1583.05358887 710.80847168 245.309020996 1559.74035645 717.809753418 87.5488204956 1740.87023926 662.850280762 165.196807861 1455.45324707 524.010681152 -68.928565979 1753.45812988 697.329956055 -84.8304290771 1372.82556152 308.723144531 83.0664291382 1698.66381836 676.274902344 -354.297607422 1271.0045166
0.042496919632 8 647.231872559 30.7425041199 1586.37011719 714.393981934 244.165374756 1557.21264648 715.851074219 103.159896851 1744.93701172 667.587890625 164.381530762 1456.66796875 529.195983887 -46.030380249 1765.4510498 704.260253906 -81.1915893555 1380.02368164 299.590454102 107.041732788 1690.68395996 680.745849609 -347.376861572 1275.19567871
0.0350701808929 8 650.514831543 45.9129333496 1583.7833252 716.381713867 243.831298828 1555.37731934 707.986877441 117.296463013 1746.48706055 685.26373291 191.146911621 1471.66357422 507.84967041 -58.1069335938 1759.30358887 725.826049805 -61.2009277344 1390.51843262 271.212463379 102.114852905 1674.83081055 702.889099121 -327.17086792 1287.88208008
0.0297818183899 8 637.877380371 65.2165222168 1566.53759766 719.57989502 244.161987305 1552.89086914 668.654418945 103.621109009 1740.31762695 713.290283203 196.212463379 1467.6706543 445.31854248 -55.6224975586 1762.91223145 758.678405762 -53.6142425537 1390.30334473 233.563705444 116.729217529 1667.85314941 731.077331543 -335.060974121 1279.80810547
0.0379891395569 8 635.791381836 66.1974716187 1564.1920166 722.189453125 245.056884766 1552.20214844 664.780090332 100.681488037 1740.03747559 709.444396973 197.940490723 1463.34436035 435.295959473 -49.5577392578 1766.28173828 757.437194824 -51.730682373 1387.93737793 224.463821411 135.493484497 1662.40356445 726.890319824 -345.265991211 1272.12121582
0.0318720340729 8 629.317443848 73.4758453369 1565.63549805 722.949890137 244.99520874 1551.90283203 673.960388184 95.228302002 1739.94213867 691.983581543 205.94921875 1458.99194336 441.979522705 -46.3363952637 1768.3404541 743.541870117 -48.3457946777 1385.55651855 228.204330444 148.855484009 1659.80761719 711.831054688 -349.290252686 1266.69592285
0.0289618968964 8 620.912109375 71.7985916138 1569.39221191 725.819763184 245.11555481 1550.84692383 659.73828125 79.6493606567 1750.29846191 684.340454102 206.237548828 1458.94177246 438.233215332 -29.9356613159 1768.52905273 736.717163086 -48.3361816406 1384.75842285 221.238128662 165.67880249 1650.08886719 704.033203125 -354.098937988 1263.78479004
0.0303721427917 8 619.968994141 73.5610198975 1567.1640625 727.25769043 246.274749756 1549.52331543 652.618408203 80.2527542114 1748.80126953 687.171020508 208.636566162 1460.66796875 403.468048096 -5.02039337158 1757.94689941 739.723510742 -44.6502227783 1385.34338379 206.57901001 176.937194824 1649.64990234 707.689025879 -353.811523438 1263.06445312
0.0350999832153 8 616.400878906 68.5301361084 1563.09216309 726.995300293 246.933135986 1549.66601562 639.909118652 61.4383583069 1748.6373291 687.127990723 202.34463501 1452.99499512 390.220275879 15.435218811 1766.06335449 735.876525879 -51.4878082275 1377.43383789 196.581878662 194.602752686 1652.67260742 704.705078125 -357.977783203 1255.78918457
0.0305819511414 8 593.970092773 74.8123626709 1596.32458496 726.299255371 248.132537842 1550.51184082 732.0 49.3308944702 1731.44970703 576.469848633 238.241210938 1491.70556641 471.704559326 10.468788147 1744.31994629 644.951843262 -9.09851074219 1417.35168457 276.719360352 194.350738525 1632.68591309 619.776489258 -320.010101318 1289.41577148
0.0315890312195 8 590.193786621 75.7466430664 1591.29931641 725.416015625 248.015594482 1551.23864746 713.273071289 50.4674072266 1744.72875977 582.747314453 242.897033691 1484.84033203 449.054962158 42.6465187073 1743.75415039 660.148925781 -11.5474090576 1401.83374023 219.511810303 218.186050415 1619.15234375 641.376220703 -296.466186523 1285.80151367
0.0353000164032 8 589.72253418 71.9549560547 1577.53442383 725.22668457 248.106140137 1551.72387695 648.11730957 82.86353302 1760.71533203 634.213623047 219.461364746 1462.00634766 396.627624512 62.520236969 1758.36804199 703.633300781 -25.3913116455 1384.87683105 174.632049561 241.657058716 1632.28222656 688.749633789 -294.409423828 1272.1887207
0.0316209793091 8 620.30682373 -30.4927978516 1570.93725586 725.161499023 250.058898926 1552.04467773 648.913330078 122.85043335 1763.01245117 631.234375 185.485717773 1450.69018555 398.272644043 105.970550537 1772.77416992 693.735961914 -44.7262268066 1383.07897949 185.239868164 287.45715332 1646.9855957 672.397521973 -377.353027344 1247.43762207
0.0317788124084 8 638.255065918 -97.2292785645 1542.42956543 723.335144043 250.875091553 1552.57141113 649.237792969 37.1771469116 1687.66442871 682.927490234 30.5031509399 1397.6270752 399.007507324 20.6126441956 1695.30517578 672.339111328 -79.1570968628 1391.63537598 189.128112793 207.854934692 1573.90527344 662.888061523 -330.549865723 1314.36816406
0.0355269908905 8 641.62890625 -103.041130066 1548.02734375 721.540222168 251.395721436 1552.48864746 650.110839844 41.953742981 1689.09228516 679.314697266 29.3880081177 1399.578125 401.356262207 22.0862140656 1697.78710938 668.666320801 -121.663124084 1369.31030273 196.034423828 217.707763672 1580.72668457 650.748901367 -385.048309326 1297.84960938
0.0315461158752 8 646.893371582 -98.3760452271 1555.18640137 718.333129883 252.930480957 1552.671875 656.48236084 47.3874206543 1693.49133301 692.371032715 35.5973052979 1412.18225098 409.26550293 25.2781867981 1702.67163086 655.424987793 -140.785964966 1351.27062988 202.244598389 224.973937988 1590.40063477 639.385803223 -412.715209961 1287.86120605
0.0400791168213 8 651.37487793 -103.362449646 1562.89343262 715.747192383 253.030059814 1553.09716797 649.447143555 51.2699813843 1691.42944336 698.23815918 27.6967391968 1417.75952148 402.286560059 30.8016777039 1710.13525391 655.972900391 -173.268829346 1355.33435059 194.629699707 231.971725464 1590.89123535 644.468444824 -441.637908936 1283.31530762
0.0358228683472 8 649.748168945 -108.313568115 1561.71447754 715.356567383 252.404388428 1553.84020996 651.100952148 50.0691986084 1689.97412109 694.351806641 27.5709075928 1416.51293945 415.098510742 31.4400787354 1730.92504883 654.069519043 -188.024810791 1354.24731445 201.611053467 233.834365845 1592.4050293 609.034118652 -474.527374268 1277.71350098
0.0299940109253 8 649.103820801 -109.510566711 1563.87329102 713.72442627 253.118286133 1555.32250977 652.08404541 54.6780395508 1688.2980957 692.075622559 27.4582672119 1416.08496094 423.378265381 30.6855773926 1737.91430664 657.63494873 -195.816467285 1357.34790039 189.731582642 231.412002563 1587.28466797 588.911987305 -502.399688721 1278.99255371
0.0301330089569 8 648.820007324 -105.567695618 1563.98034668 711.608093262 252.639282227 1555.91308594 653.749816895 57.5987701416 1687.70739746 689.600402832 28.1442260742 1414.26672363 432.710510254 30.2108345032 1738.76550293 659.386108398 -195.548080444 1356.09326172 197.844894409 224.887664795 1591.83776855 586.93939209 -498.566711426 1280.3939209
0.0351068973541 8 647.688415527 -90.1222381592 1563.2199707 710.111083984 251.923370361 1556.76904297 655.781921387 65.2730560303 1689.23156738 694.891906738 35.8388214111 1414.90319824 430.170257568 22.875541687 1737.22412109 665.513366699 -178.263458252 1355.97021484 187.859436035 212.428894043 1576.1842041 618.209716797 -464.290679932 1279.46069336
0.0308651924133 8 652.395507812 -80.0882263184 1564.44812012 708.343200684 252.019607544 1559.67578125 661.745605469 67.7879943848 1691.39941406 692.41394043 37.595916748 1414.04711914 434.527648926 20.3309860229 1737.74377441 664.790649414 -169.206665039 1353.44628906 226.82522583 234.712982178 1607.38818359 606.406433105 -468.318969727 1278.28027344
0.0311298370361 8 658.413024902 -78.9858322144 1572.3137207 709.84161377 251.851531982 1560.54003906 671.854248047 78.139755249 1692.1640625 689.834838867 46.2472839355 1422.10498047 439.608520508 31.2280654907 1738.12609863 657.777648926 -166.851806641 1348.56921387 229.548995972 244.142242432 1590.10791016 602.919250488 -472.565490723 1279.28979492
0.0350210666656 8 660.424255371 -85.9282150269 1573.00549316 708.85723877 250.638122559 1562.8137207 679.625366211 71.924949646 1691.84838867 688.376220703 36.5429916382 1419.28662109 438.567749023 32.2541542053 1735.82397461 661.775146484 -160.546966553 1338.88916016 214.964920044 250.454071045 1574.24365234 598.814208984 -473.87991333 1280.29467773
0.0318260192871 8 659.987060547 -88.824798584 1572.34729004 708.428405762 249.187057495 1564.41247559 679.170654297 68.4919128418 1693.24768066 687.257324219 33.8949584961 1417.65490723 433.608459473 26.190952301 1731.13891602 666.479736328 -155.049728394 1340.31970215 217.900100708 234.106262207 1576.03833008 644.678466797 -386.498596191 1298.39685059
0.0395560264587 8 659.924621582 -89.4318161011 1572.72631836 708.973388672 248.291687012 1564.7532959 678.528076172 67.0852966309 1695.3963623 687.713745117 33.5116424561 1417.79284668 431.44619751 21.8875617981 1728.42480469 667.701049805 -156.925689697 1343.56542969 213.516952515 221.352218628 1564.61877441 663.67175293 -289.117248535 1325.69433594
0.0362870693207 8 656.803527832 -72.9510116577 1566.96130371 708.902709961 248.036865234 1566.33850098 667.867553711 72.0455627441 1705.65258789 698.388549805 58.3107452393 1420.59594727 427.948425293 -2.78835296631 1731.26330566 672.218322754 -138.825363159 1346.41516113 206.138916016 192.44708252 1566.58129883 661.083862305 -297.857788086 1311.95825195
0.0299038887024 8 653.825378418 -79.4740905762 1560.33483887 709.06048584 247.798110962 1567.42358398 665.151306152 59.904045105 1702.82617188 714.367614746 63.6964187622 1435.05419922 423.291870117 -3.41737365723 1727.75317383 679.557067871 -151.183624268 1355.52636719 208.932693481 177.4581604 1575.12243652 661.485473633 -308.211639404 1306.45922852
0.030277967453 8 651.400817871 -84.7472915649 1555.64685059 708.54119873 247.469055176 1569.03991699 662.881774902 52.6324539185 1701.17956543 712.594177246 62.2654190063 1433.87854004 415.010223389 -4.55908584595 1720.54724121 685.729431152 -155.74041748 1359.90258789 189.916427612 180.577697754 1582.44543457 659.62298584 -326.357879639 1306.27185059
0.0350630283356 8 648.292480469 -84.4161300659 1555.19799805 707.811157227 246.982788086 1570.31616211 656.097839355 54.2306671143 1705.44165039 711.84173584 66.009979248 1431.94775391 407.376312256 -9.30798721313 1716.76037598 686.867004395 -156.116317749 1361.66296387 173.006072998 182.255203247 1597.34680176 657.64239502 -325.221496582 1303.79821777
0.0309789180756 8 647.415527344 -97.0884780884 1556.17211914 707.459472656 246.461395264 1571.31750488 655.10534668 42.6669311523 1705.4107666 711.421386719 47.1718597412 1425.96008301 399.538879395 -18.0311698914 1715.09448242 690.180847168 -147.312026978 1364.02905273 153.165161133 169.079376221 1609.08618164 663.579406738 -313.826599121 1305.26135254
0.0314500331879 8 647.437072754 -92.3569488525 1561.04846191 706.922851562 244.103668213 1575.55102539 654.00213623 46.2108001709 1706.64587402 709.704284668 50.2253265381 1433.6282959 399.374023438 -19.3141098022 1730.43261719 687.041564941 -155.078567505 1367.08752441 161.444152832 175.354248047 1610.17956543 661.836975098 -315.657348633 1304.19042969
0.035619020462 8 647.102172852 -92.1711120605 1561.12011719 706.875 242.674468994 1577.41577148 651.605957031 43.1409606934 1708.37255859 710.552490234 52.8564147949 1438.83325195 401.061676025 -11.590713501 1723.84301758 686.37097168 -157.444091797 1366.51855469 145.326309204 175.763000488 1618.93518066 659.149658203 -337.229064941 1303.44018555
0.0312979221344 8 646.874450684 -93.4825286865 1565.8828125 707.244262695 241.024139404 1580.87939453 646.07208252 34.3003692627 1713.05859375 715.10369873 51.9897003174 1455.55371094 399.097412109 -6.55281448364 1723.45092773 683.772277832 -161.77255249 1366.77770996 144.8775177 169.688064575 1639.39746094 654.061279297 -335.931640625 1302.90966797
0.0318591594696 8 645.672973633 -96.0005493164 1566.97619629 706.3359375 238.956130981 1584.14575195 644.052307129 31.1406173706 1716.81005859 711.437072754 49.0123672485 1451.80615234 400.89263916 -0.41481590271 1724.28063965 681.961486816 -158.655761719 1369.88623047 138.813934326 167.548187256 1647.0078125 651.822021484 -349.345306396 1302.14782715
0.0353529453278 8 645.546203613 -94.6220245361 1565.28161621 706.096496582 239.28742981 1584.46411133 646.756469727 33.787399292 1715.16320801 709.561767578 49.4996185303 1446.59729004 397.643371582 -3.47294998169 1731.49804688 682.986206055 -150.298034668 1369.15527344 139.125305176 157.60218811 1659.00598145 655.568603516 -354.259460449 1303.85498047
0.0317668914795 8 643.952514648 -97.0201339722 1562.12597656 705.731689453 239.135437012 1585.18859863 649.561950684 38.6967468262 1711.54406738 709.329528809 48.0311431885 1437.77819824 394.645294189 -8.57762145996 1735.27819824 685.994689941 -151.42276001 1368.90686035 135.43572998 150.326980591 1669.00915527 657.759765625 -311.404418945 1298.12780762
0.0430190563202 8 644.958251953 -100.411392212 1565.98339844 705.495422363 238.408416748 1586.94384766 650.369018555 32.4049530029 1714.9954834 709.038452148 46.0948028564 1446.3848877 399.017578125 -12.1933288574 1741.54052734 682.45489502 -157.190002441 1368.65869141 147.006347656 144.55708313 1681.0369873 656.59185791 -307.586120605 1300.59350586
0.0325021743774 8 649.350341797 -111.037734985 1573.95202637 705.051391602 237.320251465 1587.71069336 656.965759277 28.2565994263 1717.23815918 694.034240723 33.9267501831 1443.64245605 408.160583496 -13.2335624695 1747.53637695 671.528259277 -176.564941406 1367.94677734 140.358856201 134.04397583 1704.03771973 650.849487305 -313.595184326 1304.47680664
0.0277528762817 8 651.184631348 -112.582862854 1575.46276855 704.450683594 235.836608887 1589.62915039 658.57232666 27.3415145874 1718.57861328 692.957824707 32.4280014038 1443.77172852 410.879272461 -10.1803741455 1752.60241699 669.426086426 -177.297576904 1366.83178711 143.163665771 138.344100952 1710.53173828 652.780517578 -315.897216797 1314.87939453
0.0358779430389 8 649.826293945 -113.969612122 1576.28076172 702.655944824 232.798492432 1595.42675781 657.28314209 26.4985275269 1719.01318359 692.891662598 30.2293319702 1443.94946289 412.073455811 -12.1091537476 1764.06738281 668.471984863 -179.427154541 1365.67089844 133.460479736 131.603820801 1732.29992676 654.18927002 -311.904602051 1315.87084961
0.0307021141052 8 650.695251465 -119.68901062 1576.76660156 701.063598633 230.83303833 1598.89855957 657.932434082 18.4224624634 1720.10070801 695.106750488 21.1976242065 1443.1607666 416.999084473 -8.30125999451 1775.46105957 657.593444824 -142.960235596 1359.95739746 128.207275391 131.608200073 1750.06750488 656.436035156 -312.136199951 1325.22680664
0.0319159030914 8 649.590881348 -123.358253479 1577.4473877 700.33782959 230.536010742 1603.35791016 656.315307617 12.0914840698 1719.10388184 694.123413086 16.1328048706 1446.99572754 419.216125488 -8.12763977051 1782.80212402 658.030029297 -119.252357483 1359.79199219 130.216766357 127.672286987 1760.20129395 658.495178223 -310.646179199 1330.29833984
0.0355319976807 8 647.243896484 -126.000221252 1575.50012207 700.441955566 229.905029297 1605.44519043 654.397766113 3.96856689453 1720.7935791 703.985534668 24.8131027222 1465.54968262 419.419830322 -13.8978328705 1792.87158203 656.51953125 -76.9228591919 1353.22900391 125.012176514 119.434715271 1775.1418457 655.257751465 -324.756164551 1326.76306152
0.0318789482117 8 646.109069824 -129.316467285 1572.2635498 697.958496094 227.576690674 1618.49536133 649.967895508 -8.15219116211 1722.81835938 707.258911133 25.2151565552 1473.5559082 417.191162109 -14.471288681 1796.79345703 660.383972168 -61.1140289307 1351.16430664 123.052154541 113.725318909 1787.2232666 655.270019531 -318.774902344 1323.25842285
0.0312421321869 8 639.236328125 -127.043807983 1567.60571289 696.293395996 227.97038269 1626.49523926 637.838439941 -14.9909973145 1723.65136719 714.361633301 25.1512756348 1477.60009766 409.002441406 -11.7226600647 1796.94799805 668.565979004 -68.6436157227 1353.11669922 117.914154053 110.450942993 1793.41345215 658.802612305 -320.632446289 1326.1652832
0.0356409549713 8 640.072998047 -125.607437134 1565.92602539 695.177490234 226.593505859 1631.56762695 638.110107422 -17.078414917 1723.64099121 712.676269531 27.5599212646 1476.90319824 408.836578369 -10.2729358673 1797.60388184 669.931518555 -65.0857849121 1349.27050781 114.689941406 108.27167511 1794.09985352 659.087158203 -324.269104004 1324.2199707
0.0317440032959 8 635.045959473 -114.053108215 1568.38183594 694.890625 225.74609375 1634.85559082 635.567321777 -1.69990539551 1727.4296875 698.824279785 49.0172805786 1483.17480469 406.747253418 2.24172401428 1805.70288086 678.374694824 -74.6202087402 1345.75036621 109.167816162 121.2161026 1791.14794922 658.233642578 -355.591247559 1311.78393555
0.0316300392151 8 636.148132324 -96.7399291992 1569.46386719 693.506896973 226.098373413 1640.36413574 650.159729004 17.6367797852 1723.50622559 693.805847168 66.0500488281 1484.7142334 423.931518555 -6.75599861145 1813.28320312 685.278869629 -81.9670715332 1348.50939941 107.403167725 119.359725952 1788.80395508 639.719787598 -330.942749023 1256.27087402
0.0355808734894 8 639.162597656 -101.716247559 1573.86047363 694.251586914 226.913284302 1632.69519043 662.862121582 26.5070114136 1721.89257812 692.415710449 62.3130264282 1478.07421875 438.107299805 -13.043674469 1813.92651367 682.42388916 -83.0437393188 1351.6315918 120.494354248 113.271621704 1773.03540039 605.233215332 -409.107910156 1169.90429688
0.0320641994476 8 646.828918457 -107.847129822 1572.99890137 694.096557617 226.067169189 1631.94250488 669.01159668 13.7320404053 1715.60705566 698.616333008 40.9252929688 1469.0970459 443.790222168 -46.1832542419 1805.32214355 678.673278809 -50.1173629761 1356.35620117 127.884674072 76.8573760986 1758.17871094 622.098754883 -318.321777344 1224.68969727
0.0315678119659 8 643.657592773 -115.225471497 1567.53955078 694.961242676 225.719024658 1628.72717285 662.907836914 7.14308166504 1716.97009277 697.114135742 35.533531189 1457.59265137 435.481506348 -57.6144332886 1802.7980957 672.042724609 -65.0036315918 1367.33276367 132.069885254 61.4376144409 1739.55700684 595.103759766 -379.217193604 1165.27026367
0.0357630252838 8 645.138427734 -116.798782349 1567.74816895 694.95098877 224.199630737 1630.88964844 663.36114502 3.15724182129 1717.47058105 696.452453613 25.6839447021 1448.56774902 439.822814941 -59.692905426 1804.02856445 670.986938477 -122.770614624 1361.60900879 136.839904785 57.4076194763 1724.67602539 603.606201172 -365.928100586 1190.74890137
0.0319111347198 8 643.514770508 -128.992721558 1572.81921387 695.521118164 224.127670288 1628.96740723 665.790893555 7.48921203613 1719.03430176 690.169433594 17.3194046021 1442.74768066 446.06628418 -55.7337989807 1805.62573242 670.69519043 -180.345672607 1354.3145752 141.971710205 69.7854156494 1703.16149902 602.989196777 -364.679870605 1183.00842285
0.0321698188782 8 639.802978516 -138.72756958 1573.42993164 695.582214355 224.002548218 1628.27001953 652.934265137 -9.31394958496 1729.96325684 689.056335449 11.662612915 1445.44543457 446.044433594 -49.6900978088 1806.40905762 664.918762207 -192.536651611 1353.91418457 142.171203613 71.442489624 1682.90930176 611.382995605 -307.944885254 1231.26855469
0.0359981060028 8 639.326965332 -152.214660645 1574.24633789 695.417236328 223.688095093 1628.09155273 645.15447998 -15.2200317383 1729.5402832 692.598205566 2.98739624023 1447.78564453 436.998168945 -44.0408401489 1803.95385742 665.784240723 -200.440887451 1353.30371094 140.120819092 74.112121582 1655.06884766 599.821594238 -410.965759277 1167.35656738
0.0320820808411 8 641.165527344 -144.865829468 1577.12634277 695.622619629 224.466125488 1627.62695312 653.51550293 -5.0694732666 1727.33337402 694.32421875 7.48970031738 1449.76965332 435.932373047 -45.6804885864 1802.58752441 655.852478027 -32.0862312317 1387.30847168 163.912200928 56.5716018677 1638.7401123 591.781738281 -431.169158936 1162.99731445
0.0321190357208 8 640.774414062 -137.38394165 1573.61816406 695.278747559 224.964828491 1627.27124023 652.964477539 10.9598846436 1726.1517334 692.019287109 21.7436981201 1441.43103027 433.013305664 -42.7638015747 1792.56335449 671.932617188 -76.6672515869 1386.24963379 152.188476562 62.7068862915 1619.37487793 598.560974121 -375.69732666 1207.81445312
0.0357518196106 8 644.254516602 -129.959075928 1575.5324707 695.341674805 225.906417847 1623.78100586 658.139404297 10.2406768799 1726.23620605 697.784545898 25.4475631714 1450.85778809 438.110473633 -58.7786560059 1780.79101562 675.047912598 -82.8685073853 1377.6072998 150.45526123 53.1269378662 1602.99499512 593.81262207 -391.382476807 1200.84716797
0.0319609642029 8 645.676818848 -122.759933472 1576.34082031 695.261352539 227.146331787 1621.11804199 659.101135254 12.3237762451 1725.07800293 701.899963379 27.7077407837 1454.89489746 437.299072266 -62.7655181885 1770.64001465 685.217285156 -115.390907288 1371.49060059 149.581542969 42.8169784546 1586.33300781 589.158935547 -405.278839111 1193.37133789
0.0321581363678 8 641.138549805 -124.436218262 1571.62426758 695.278015137 228.09475708 1618.03466797 654.140258789 10.8020935059 1722.16992188 706.728027344 26.7652206421 1453.47729492 423.139862061 -62.7398071289 1751.15942383 691.934997559 -133.099151611 1367.23779297 150.307922363 33.6298065186 1556.38867188 591.958007812 -439.294342041 1172.40625
0.0358870029449 8 639.494873047 -124.46257782 1559.57250977 694.595092773 230.454315186 1606.10791016 652.300292969 18.2031784058 1693.97460938 707.776123047 16.0031661987 1440.45678711 414.437255859 -59.4498672485 1731.03881836 676.400695801 -125.046272278 1358.6328125 144.989074707 28.6920471191 1534.70263672 599.06237793 -447.859222412 1169.34655762
0.0320420265198 8 640.928955078 -119.000495911 1559.07104492 692.06072998 230.912689209 1602.16870117 651.467895508 20.7406311035 1698.5880127 711.651367188 22.9142608643 1440.90905762 410.115600586 -59.2705459595 1720.57983398 668.01751709 -117.404693604 1351.42993164 146.367370605 22.059211731 1520.56140137 662.315185547 -348.291320801 1314.17321777
0.0320248603821 8 641.424804688 -117.344490051 1562.12915039 689.610839844 230.81362915 1592.1986084 650.939575195 20.4340209961 1705.50720215 707.690063477 23.803817749 1438.36779785 407.132324219 -57.8651046753 1707.90905762 661.512390137 -118.344100952 1348.57373047 143.051055908 23.3857879639 1498.92407227 622.367553711 -441.820129395 1274.02502441
0.0510289669037 8 645.643371582 -117.492324829 1552.50708008 689.507019043 231.335739136 1589.4864502 656.513244629 31.7242736816 1692.06591797 693.516174316 21.9390563965 1410.63525391 405.92199707 -48.6180725098 1692.81677246 652.643981934 -130.369110107 1346.93579102 147.58114624 30.1452484131 1475.6932373 612.848693848 -454.792266846 1275.37756348
0.0337681770325 8 636.945678711 -108.031394958 1549.88012695 688.25994873 231.246185303 1583.40478516 643.745239258 34.4463882446 1685.92602539 695.580444336 24.655128479 1416.42236328 392.650024414 -47.6201858521 1680.3371582 662.091674805 -133.648864746 1348.60290527 145.060180664 23.6219558716 1452.3560791 620.209472656 -458.897827148 1277.83203125
0.0303618907928 8 637.135498047 -107.424880981 1549.28479004 687.452758789 231.752151489 1578.97973633 642.385131836 32.8377838135 1689.41210938 692.039794922 29.5148162842 1416.7331543 384.929870605 -51.9649429321 1659.9317627 668.399719238 -135.952468872 1353.14355469 142.653839111 19.124382019 1438.60473633 626.462158203 -453.586242676 1280.57629395
0.0289199352264 8 631.964782715 -105.042472839 1542.2923584 686.573486328 231.916687012 1576.09301758 626.783081055 29.4885787964 1686.03161621 690.431884766 37.1731491089 1419.23620605 373.754882812 -57.5698776245 1643.00219727 673.298034668 -135.137359619 1353.37219238 141.255889893 15.6275405884 1423.10095215 625.447814941 -455.253570557 1278.76757812
0.0380411148071 8 623.504943848 -107.573303223 1535.90637207 686.036071777 231.99331665 1574.38171387 606.347595215 34.1058502197 1667.38818359 667.494812012 22.8369598389 1399.11108398 367.93359375 -32.3659820557 1631.39318848 673.131774902 -175.421127319 1347.10644531 151.630935669 36.5025405884 1412.58300781 620.024902344 -478.461547852 1274.40393066
0.028774023056 8 620.421875 -116.913902283 1532.50305176 685.556396484 233.958557129 1568.00537109 599.958618164 38.9123382568 1655.25537109 658.467163086 18.1266479492 1390.78027344 361.579528809 -20.5000648499 1615.25585938 674.366638184 -193.81980896 1345.15136719 155.247741699 45.1418266296 1401.5144043 625.96887207 -480.199523926 1270.6138916
0.0315480232239 8 620.213867188 -114.87171936 1529.42272949 685.345031738 235.272735596 1563.12854004 604.583312988 45.5879364014 1644.25732422 653.714782715 21.0050201416 1389.44458008 358.353546143 -22.1315765381 1605.76867676 675.934387207 -190.743545532 1346.87341309 155.63331604 43.447807312 1391.57263184 628.846008301 -479.388305664 1271.53552246
0.030632019043 8 621.472839355 -113.555923462 1527.96325684 684.889892578 237.501571655 1560.34411621 608.038818359 50.4642410278 1638.25964355 649.986328125 25.8759994507 1390.1439209 358.395172119 -25.2565765381 1601.06396484 676.842041016 -185.758636475 1346.72521973 154.067901611 41.6378097534 1385.73803711 630.100830078 -475.383331299 1271.4041748
0.0310728549957 8 621.930541992 -114.654838562 1528.73181152 683.675476074 238.950958252 1558.15771484 608.529602051 49.6653671265 1637.49121094 649.92364502 26.8335800171 1393.79931641 360.362792969 -25.4303588867 1600.76245117 673.85736084 -184.842926025 1342.36730957 153.165298462 41.2840423584 1384.29345703 625.822631836 -475.999511719 1267.93225098
0.0353260040283 8 621.840209961 -113.719947815 1529.35571289 682.902832031 240.272796631 1556.39990234 608.85534668 49.235168457 1637.59130859 651.283935547 24.8653411865 1393.83764648 362.510162354 -23.9065856934 1600.68286133 673.915527344 -189.897232056 1336.67590332 156.471633911 40.0336341858 1388.23168945 618.023132324 -480.57434082 1265.02612305
0.0313260555267 8 622.17199707 -115.372619629 1529.62438965 682.641296387 240.529556274 1554.30224609 607.572570801 50.4904403687 1636.28564453 651.504943848 22.3134765625 1390.76293945 362.424316406 -19.7679367065 1598.73022461 675.472595215 -196.872009277 1336.78186035 146.107711792 44.90650177 1398.76330566 622.268249512 -477.111083984 1263.8651123
0.034989118576 8 621.902709961 -115.908119202 1529.00390625 682.170776367 240.14666748 1550.88146973 605.018249512 50.3518447876 1635.69555664 652.149841309 20.2485198975 1388.08862305 360.901672363 -17.7102355957 1595.14196777 676.043701172 -201.214309692 1336.57104492 150.552017212 48.1893920898 1408.13562012 630.578918457 -463.520751953 1266.10803223
0.0318009853363 8 619.175598145 -110.616134644 1527.57287598 682.777404785 239.292373657 1550.69030762 600.39440918 47.5172653198 1636.51843262 656.989135742 18.9523391724 1389.69519043 357.113037109 -19.3002548218 1594.76000977 674.740478516 -197.115142822 1337.79553223 142.294692993 38.81665802 1416.72680664 636.604675293 -426.30557251 1274.20324707
0.0314848423004 8 620.740539551 -121.679031372 1526.40612793 683.360107422 238.683135986 1550.1706543 610.580810547 37.8760375977 1639.94775391 659.151733398 10.9249267578 1387.14526367 377.062347412 -31.3935012817 1615.27709961 664.087036133 -192.240890503 1330.38916016 156.35786438 25.414478302 1441.77404785 625.383300781 -440.197601318 1269.02746582
0.0356061458588 8 621.424804688 -121.054679871 1527.10437012 683.989501953 238.004882812 1550.05603027 608.025878906 39.0040206909 1638.77990723 658.784912109 10.8706207275 1387.57043457 366.443145752 -32.2611618042 1605.34191895 667.291015625 -191.410415649 1330.6105957 128.630325317 13.6568946838 1480.75805664 585.098510742 -510.765930176 1263.5489502
0.0318129062653 8 625.301757812 -119.597175598 1529.04882812 684.590820312 237.134521484 1551.17346191 619.178955078 39.8789520264 1643.85168457 660.609863281 16.0064697266 1391.15441895 368.866882324 -47.3032836914 1612.24987793 666.852111816 -184.718215942 1330.94104004 122.167694092 -4.14412689209 1495.95007324 601.234436035 -488.04675293 1260.89611816
0.0317149162292 8 628.846496582 -126.458396912 1533.13769531 685.010253906 235.938354492 1552.13964844 628.717773438 24.0451278687 1651.96154785 669.303344727 13.5675201416 1408.53234863 386.675109863 -78.5453338623 1642.92614746 662.351135254 -168.370986938 1328.73681641 136.436050415 -24.0006370544 1508.30688477 599.185241699 -473.625549316 1257.67480469
0.0358250141144 8 630.11730957 -127.978973389 1541.10253906 685.095947266 235.26020813 1553.01733398 642.887512207 26.0930099487 1673.25671387 669.76751709 20.8377990723 1408.25866699 398.791931152 -90.6705093384 1650.8828125 657.230712891 -163.171218872 1328.05554199 125.622406006 -50.0323867798 1531.9140625 604.92364502 -463.639465332 1260.69152832
0.0318989753723 8 636.764465332 -120.118110657 1546.91003418 684.966796875 235.758972168 1554.28894043 649.255432129 22.4879608154 1691.14697266 680.30279541 31.5813293457 1418.89208984 417.413238525 -106.361877441 1656.50012207 654.768798828 -150.826171875 1327.66174316 185.271026611 -81.5564193726 1515.40649414 609.316833496 -449.349456787 1260.6072998
0.031818151474 8 640.375610352 -115.561737061 1550.88781738 684.853759766 235.528244019 1555.15966797 652.845214844 21.4440231323 1697.53430176 687.526977539 32.4669265747 1423.23352051 432.965454102 -116.306755066 1665.54980469 653.681274414 -145.745117188 1327.66650391 113.247344971 -89.8503112793 1573.49206543 620.036865234 -439.521362305 1262.0690918
0.0359559059143 8 643.093261719 -89.7295684814 1562.29125977 684.770202637 234.947814941 1555.57995605 648.224731445 23.0660400391 1702.88061523 720.516723633 31.4773254395 1453.52929688 448.627563477 -125.979217529 1689.81506348 655.951965332 -112.179901123 1327.67236328 114.432128906 -101.608825684 1593.62121582 637.373168945 -428.523071289 1266.11608887
0.0319550037384 8 642.111450195 -96.1684875488 1557.73095703 685.832946777 233.059356689 1559.39697266 647.123657227 17.3789367676 1703.93688965 720.177490234 34.726852417 1452.5333252 446.774475098 -136.014770508 1694.07836914 660.127685547 -120.715148926 1328.51477051 99.8246765137 -116.289619446 1612.34936523 636.726257324 -429.207489014 1264.77331543
0.0320219993591 8 635.967346191 -99.023651123 1561.3729248 687.190185547 232.206817627 1568.6595459 639.87890625 15.7691574097 1711.0916748 721.203979492 27.9638137817 1450.8404541 430.997039795 -142.08493042 1703.84350586 668.213134766 -129.573028564 1329.7520752 92.8637390137 -123.179328918 1622.26293945 645.477233887 -430.343902588 1270.29260254
0.0360269546509 8 635.481140137 -109.432022095 1576.04626465 688.035949707 228.443572998 1582.6583252 643.300598145 1.03746795654 1741.92211914 712.862243652 34.8458786011 1462.13574219 419.028869629 -154.2684021 1708.38500977 676.740844727 -124.489143372 1334.30273438 83.0359191895 -136.810577393 1633.47363281 651.142150879 -418.331512451 1274.84082031
0.0322470664978 8 634.845336914 -114.605583191 1580.64111328 686.643066406 227.543334961 1591.27661133 642.257629395 -2.64501953125 1749.02819824 713.336975098 33.2089080811 1466.91149902 416.784576416 -158.043991089 1714.38171387 671.973266602 -122.237533569 1334.23034668 86.054901123 -154.291061401 1647.20751953 650.17578125 -412.421813965 1276.73059082
0.0362350940704 8 636.283691406 -118.256874084 1580.66174316 683.42755127 226.503112793 1600.12731934 645.56237793 -1.95875549316 1746.88317871 720.034301758 28.4957885742 1468.00964355 416.673797607 -155.801193237 1717.7923584 666.937316895 -95.1786651611 1334.07531738 82.3808288574 -158.04473877 1664.20214844 651.866760254 -407.118713379 1281.91186523
0.0370538234711 8 643.699523926 -124.924217224 1582.57763672 683.098083496 225.785003662 1596.45068359 655.481201172 -7.80497741699 1746.90942383 718.509887695 37.5347213745 1488.39013672 424.05090332 -161.869430542 1723.39697266 657.587402344 -100.010643005 1333.43688965 87.7671813965 -168.269866943 1673.03833008 639.167663574 -408.252044678 1280.84423828
0.0310029983521 8 646.496704102 -131.099380493 1578.13269043 684.685119629 223.884170532 1598.90600586 657.772644043 -13.0182189941 1747.66589355 720.860778809 38.8379211426 1486.46350098 427.194335938 -168.649810791 1725.75476074 652.68347168 -103.183578491 1334.03417969 91.2344360352 -173.9115448 1677.33813477 658.908081055 -344.984558105 1303.28527832
0.0312721729279 8 642.901733398 -151.120407104 1572.9017334 685.673706055 223.160369873 1602.81567383 652.60546875 -26.3026733398 1743.97509766 710.602905273 26.6184387207 1479.27856445 435.089782715 -159.940811157 1730.75024414 640.357727051 -120.451873779 1332.8894043 100.326477051 -172.414901733 1698.64123535 612.829467773 -434.8253479 1275.84570312
0.0356910228729 8 639.567382812 -158.565170288 1579.97241211 685.584106445 223.052322388 1599.95690918 656.958435059 -14.8673400879 1747.31359863 709.461242676 24.9516906738 1478.03552246 438.333282471 -162.084365845 1734.40258789 638.962158203 -127.062805176 1335.73999023 103.94039917 -173.813430786 1695.29016113 617.612670898 -429.355804443 1277.29150391
0.0311620235443 8 637.189453125 -161.444976807 1576.99536133 684.287658691 223.218780518 1603.9822998 651.242492676 -18.2368469238 1745.26025391 707.60723877 22.8049621582 1476.43408203 442.223815918 -167.205657959 1742.24377441 639.714599609 -131.004501343 1333.12963867 108.900115967 -175.994262695 1696.01245117 608.631652832 -435.75579834 1277.68481445
0.0319628715515 8 632.056274414 -162.107269287 1571.04199219 683.15612793 223.06149292 1606.40600586 644.476257324 -17.5632476807 1739.80957031 691.440490723 23.5821380615 1463.69775391 437.821411133 -165.669067383 1745.45556641 647.270812988 -150.283569336 1338.86999512 104.88772583 -173.231689453 1690.98925781 610.383300781 -442.806335449 1276.80664062
0.0377271175385 8 634.183044434 -165.128051758 1570.41088867 681.995849609 222.351699829 1607.8034668 646.476318359 -22.0272216797 1735.04199219 694.533447266 17.3591308594 1466.54199219 439.314239502 -164.391815186 1750.44873047 640.313598633 -150.703536987 1334.55444336 109.723297119 -173.350402832 1692.97131348 600.307250977 -453.2734375 1273.65722656
0.030345916748 8 638.126098633 -164.369338989 1572.60717773 680.898925781 222.147994995 1608.92224121 653.426696777 -20.4937591553 1737.7298584 698.41229248 19.9344024658 1469.66247559 438.293792725 -170.882339478 1751.72558594 636.812011719 -152.673400879 1334.64208984 103.500396729 -168.670150757 1683.71398926 640.596862793 -402.737243652 1292.11706543
0.0315330028534 8 639.41418457 -163.380264282 1573.70202637 679.671325684 221.391189575 1609.57971191 656.469909668 -19.6842041016 1738.96765137 698.733337402 22.6727294922 1473.11462402 438.703918457 -171.942489624 1752.02258301 633.793884277 -147.323806763 1335.25439453 107.199737549 -168.246063232 1668.58935547 641.214660645 -400.283081055 1293.08068848
0.0350770950317 8 637.573974609 -162.066314697 1575.60021973 678.692565918 220.767105103 1608.73779297 656.049804688 -20.5157775879 1738.7487793 690.274414062 26.4857788086 1482.50732422 437.435211182 -173.626358032 1750.45812988 635.683898926 -145.063903809 1337.3848877 122.582611084 -170.103500366 1647.69592285 643.296936035 -400.22857666 1295.12316895
0.0305619239807 8 638.685546875 -161.19758606 1575.98413086 677.617858887 221.26953125 1608.90881348 656.030944824 -21.5081939697 1739.41308594 690.884338379 24.5394744873 1479.54663086 438.539886475 -174.028335571 1748.78552246 635.683227539 -144.597702026 1338.36865234 125.65246582 -165.771942139 1633.94250488 644.887268066 -396.799804688 1298.71313477
0.0318548679352 8 638.047302246 -160.832015991 1575.92565918 676.850952148 220.968322754 1610.17199707 653.850097656 -20.6885528564 1737.99987793 687.284423828 23.3273468018 1476.83410645 437.378662109 -173.210968018 1746.91052246 637.364196777 -145.986434937 1339.8503418 169.440002441 -178.440338135 1639.10339355 645.212768555 -397.252380371 1298.35864258
0.0363991260529 8 640.145629883 -149.710784912 1582.87915039 676.511901855 222.333572388 1611.0135498 645.750366211 -3.31994628906 1736.86657715 684.370117188 21.7340698242 1465.3001709 431.294189453 -168.24647522 1744.74023438 652.729064941 -160.000061035 1345.84521484 113.306274414 -158.143478394 1593.57067871 650.346801758 -399.166931152 1298.8092041
0.0320329666138 8 639.452575684 -137.147781372 1582.9375 675.311096191 223.960571289 1611.42687988 643.04699707 -6.31777954102 1737.16040039 693.978515625 21.6745300293 1470.16943359 427.803100586 -168.829544067 1739.52893066 655.705383301 -155.618438721 1345.33410645 103.537658691 -163.957763672 1578.53283691 622.825012207 -451.532318115 1279.73327637
0.032075881958 8 631.952453613 -136.686828613 1576.67993164 674.818786621 224.629180908 1609.77282715 634.234436035 -1.93878173828 1728.89587402 702.022277832 22.6090393066 1471.5748291 417.208679199 -167.717971802 1726.03601074 663.542907715 -151.833068848 1345.91796875 94.9542236328 -167.753662109 1554.35400391 637.637878418 -444.271087646 1283.82312012
0.0358221530914 8 630.313049316 -142.768081665 1562.84216309 674.339416504 225.148513794 1609.02856445 631.957214355 -6.9815826416 1712.08044434 698.112121582 22.4766693115 1468.97888184 416.838378906 -167.178634644 1705.71069336 658.345214844 -149.273834229 1343.55322266 103.57611084 -170.27532959 1538.42993164 635.197143555 -442.898498535 1278.21142578
0.0321969985962 8 629.921875 -138.855148315 1559.19335938 673.504882812 226.503890991 1608.12524414 636.053955078 -5.58853149414 1714.4407959 697.469238281 28.2583389282 1462.18859863 414.866516113 -169.896713257 1685.90759277 657.948425293 -134.205291748 1344.36547852 114.231933594 -175.782318115 1518.9708252 640.314453125 -434.124450684 1281.91052246
0.0318789482117 8 626.253540039 -135.51121521 1545.59411621 670.375366211 229.720794678 1604.52722168 626.032226562 -5.3702545166 1700.33496094 700.4765625 31.5266799927 1459.15991211 407.720947266 -170.192962646 1674.41174316 664.038635254 -126.977378845 1345.16418457 113.261322021 -179.072052002 1498.72668457 634.704467773 -441.083648682 1278.57775879
0.0359411239624 8 626.524414062 -129.755447388 1545.9597168 668.990966797 231.24760437 1601.26965332 625.891479492 -3.15255737305 1702.4967041 703.09753418 32.8536071777 1455.25427246 404.260162354 -170.87298584 1660.02270508 671.039916992 -130.425872803 1347.10070801 107.745330811 -183.925979614 1479.16906738 640.890136719 -439.815155029 1278.88891602
0.033360004425 8 630.010070801 -114.443107605 1549.30834961 668.394592285 232.611022949 1598.76733398 632.028442383 4.92590332031 1715.52490234 694.030639648 46.1314926147 1439.77172852 396.727111816 -187.333267212 1647.7713623 676.877380371 -121.949073792 1349.31542969 107.713928223 -203.68182373 1456.57995605 645.952636719 -429.845947266 1279.28588867
0.0315959453583 8 634.221557617 -109.082107544 1555.31164551 666.223571777 233.252838135 1590.84179688 635.688598633 9.21768188477 1722.25219727 695.872924805 52.0319824219 1445.27709961 400.657165527 -191.399261475 1642.93981934 674.02746582 -119.646408081 1348.00109863 118.807434082 -214.738128662 1435.19152832 653.903808594 -422.901123047 1280.23632812
0.0349860191345 8 637.600891113 -108.556152344 1546.47644043 665.188659668 233.722717285 1585.46264648 642.054443359 6.75823974609 1719.74633789 685.315063477 60.9666137695 1435.45751953 408.188781738 -196.628204346 1640.31799316 675.940490723 -113.14465332 1348.49694824 127.333099365 -228.137695312 1415.20629883 647.156799316 -415.291259766 1279.71325684
0.0320928096771 8 636.140563965 -103.752258301 1548.65209961 663.969421387 233.142944336 1581.47851562 640.238769531 14.5928497314 1718.44958496 686.824707031 60.4601593018 1433.24377441 416.483551025 -187.879989624 1631.90795898 683.547546387 -126.924575806 1346.8527832 131.593383789 -229.499145508 1398.75402832 654.608703613 -394.941711426 1285.39550781
0.0509550571442 8 639.401733398 -98.7972793579 1555.41662598 661.926513672 232.234954834 1573.65148926 644.937866211 20.0906829834 1719.37329102 686.794311523 58.8578796387 1437.32470703 423.367706299 -184.128646851 1611.59863281 683.045043945 -134.367507935 1343.97143555 138.078277588 -233.907806396 1380.6003418 652.220581055 -388.760620117 1286.25415039
0.0300741195679 8 637.746704102 -101.602394104 1553.25976562 658.523681641 230.661346436 1563.3145752 646.331359863 26.1518783569 1715.1463623 690.080505371 59.9460372925 1435.93322754 426.393310547 -186.340515137 1604.75476074 682.100219727 -129.474700928 1344.10424805 142.664123535 -239.730606079 1365.74450684 650.095703125 -404.443878174 1278.5489502
0.0284450054169 8 634.672485352 -99.9824447632 1549.38830566 657.027832031 233.112182617 1563.82714844 645.225341797 29.448638916 1711.23303223 690.763671875 62.0142364502 1432.47619629 449.168945312 -185.99937439 1596.84802246 683.310668945 -126.326034546 1343.4498291 139.799560547 -244.317672729 1356.06030273 653.049621582 -396.66027832 1279.64916992
0.0344710350037 8 634.995361328 -97.4822158813 1548.49572754 655.85723877 235.418426514 1563.28393555 643.024597168 32.9301452637 1708.98303223 693.161315918 64.5200653076 1433.60388184 461.59564209 -186.070358276 1596.47302246 682.384887695 -123.06741333 1342.89233398 146.965148926 -252.027496338 1347.5078125 649.205200195 -403.595428467 1273.01403809
0.0303058624268 8 634.529663086 -96.1404037476 1541.4473877 656.136962891 236.522369385 1562.30664062 639.481872559 36.3040237427 1701.23266602 695.48236084 67.0310745239 1428.49902344 467.465454102 -185.764007568 1599.01123047 689.280639648 -125.118873596 1340.73742676 154.162231445 -260.407989502 1345.82836914 651.458740234 -409.358764648 1269.40612793
0.0316269397736 8 632.882324219 -93.9970397949 1535.84875488 655.543823242 237.215240479 1561.34692383 634.970947266 38.780670166 1693.24755859 694.872680664 67.8462219238 1424.6159668 471.064941406 -186.130706787 1597.60083008 690.764221191 -122.64024353 1340.51965332 149.086120605 -260.51373291 1348.88378906 652.279296875 -412.035400391 1267.81201172
0.0350861549377 8 632.121032715 -92.4242324829 1535.8067627 653.476318359 239.377624512 1558.74609375 632.96295166 37.5518341064 1694.20410156 694.433776855 66.5316467285 1422.51757812 471.389892578 -184.694625854 1596.99499512 692.660766602 -125.330047607 1339.70922852 140.075134277 -261.572906494 1347.50939941 642.749694824 -419.635650635 1263.99694824
0.0310308933258 8 630.59942627 -91.9194869995 1534.23059082 651.375915527 240.500488281 1557.17443848 630.266601562 36.2683181763 1693.94702148 693.862426758 65.7557449341 1419.87158203 465.85824585 -186.55178833 1596.26928711 693.953796387 -126.513237 1339.96374512 131.708465576 -261.573059082 1358.1842041 651.525756836 -414.586914062 1266.0534668
0.0317370891571 8 626.949584961 -100.255363464 1528.63134766 651.158447266 241.074310303 1558.36987305 626.293640137 26.6459884644 1692.70715332 693.599060059 63.454826355 1420.08557129 454.230957031 -194.91998291 1584.97314453 693.61730957 -126.121482849 1335.0378418 123.321258545 -264.903320312 1369.4876709 658.362548828 -402.610137939 1270.29516602
0.0351209640503 8 630.145935059 -108.056945801 1527.70227051 650.068969727 241.538406372 1559.05505371 632.241210938 21.8389205933 1691.6060791 684.262329102 61.3673477173 1417.66247559 454.380737305 -198.767547607 1583.08007812 683.282531738 -116.55280304 1316.33984375 125.294677734 -267.201965332 1385.63317871 651.63269043 -378.223571777 1275.60693359
0.0317080020905 8 624.882324219 -119.282836914 1520.77563477 646.397216797 244.723831177 1560.27319336 626.967224121 18.8847045898 1685.38977051 682.045593262 54.4148864746 1407.84191895 444.632781982 -198.718521118 1582.859375 686.825622559 -123.947418213 1325.10559082 116.225067139 -267.92401123 1403.99353027 647.787231445 -415.228363037 1262.60144043
0.0411720275879 8 624.50402832 -120.494506836 1519.60168457 646.796142578 243.627929688 1560.67883301 627.041137695 17.724822998 1684.72058105 677.994262695 53.3327331543 1404.28356934 436.081634521 -203.542266846 1584.50109863 685.630187988 -129.131774902 1327.64733887 108.898040771 -269.371765137 1424.14929199 638.225219727 -421.31817627 1259.95617676
0.0384459495544 8 622.911560059 -98.969543457 1514.92004395 647.088256836 243.207885742 1560.37597656 622.016784668 12.4376678467 1672.2677002 700.692077637 39.6198120117 1405.7689209 409.649383545 -200.486343384 1588.09191895 705.868408203 -140.700256348 1333.83569336 82.755645752 -271.995788574 1443.70043945 660.764526367 -428.759338379 1263.95324707
0.0290110111237 8 624.796081543 -110.636497498 1516.90527344 646.206848145 242.948699951 1558.92492676 625.24407959 11.7889175415 1672.36779785 689.09942627 41.6124343872 1408.08337402 419.21685791 -206.969360352 1609.84338379 692.254577637 -142.25491333 1332.10388184 102.034240723 -276.943115234 1470.80529785 654.50201416 -414.740539551 1264.30041504
0.0288949012756 8 625.194641113 -118.718017578 1518.01757812 646.565856934 241.525238037 1559.21325684 624.672302246 11.4382629395 1671.71765137 685.33807373 39.923828125 1409.48059082 421.031066895 -209.515869141 1622.31604004 686.941040039 -145.637954712 1331.04296875 93.0127258301 -284.300537109 1491.83166504 642.278747559 -428.65625 1256.72631836
0.034725189209 8 624.805480957 -124.173408508 1516.11315918 646.114685059 240.146362305 1560.09838867 625.277954102 9.22541809082 1670.15441895 682.850830078 36.864982605 1405.56164551 424.465423584 -213.272613525 1630.73059082 683.865722656 -144.696258545 1330.49194336 122.122192383 -278.876647949 1493.76269531 652.849243164 -374.42678833 1275.41308594
0.031270980835 8 624.97052002 -130.343093872 1513.75268555 644.690002441 239.672073364 1560.8951416 624.73828125 6.3441619873 1667.10180664 682.307250977 32.5300750732 1402.46777344 427.290283203 -215.877426147 1645.77648926 680.714416504 -146.0443573 1329.91162109 123.731842041 -291.779815674 1527.94799805 653.646850586 -366.641326904 1278.33435059
0.0308239459991 8 625.225219727 -134.134353638 1512.11462402 643.972839355 239.608551025 1562.23913574 623.59375 1.56820678711 1661.8762207 683.212402344 23.590057373 1399.83374023 428.829345703 -212.021911621 1666.27539062 676.155822754 -153.622528076 1333.74914551 75.8145751953 -318.281768799 1577.61071777 647.901611328 -381.196136475 1271.75683594
0.035295009613 8 623.407287598 -137.49597168 1509.12731934 642.349975586 239.276809692 1565.09716797 623.145263672 -2.1028137207 1659.97436523 679.062255859 20.9687576294 1395.64697266 433.752319336 -211.092590332 1671.88977051 674.858459473 -155.092681885 1331.88085938 78.1355285645 -328.321411133 1612.41589355 646.058837891 -382.109130859 1271.53723145
0.0313808917999 8 625.325500488 -136.649688721 1513.64123535 641.595703125 236.476165771 1569.88793945 628.559631348 -7.10368347168 1678.54614258 678.790344238 26.1933135986 1392.76928711 432.977478027 -220.731628418 1678.66113281 680.936096191 -145.596786499 1333.09375 62.8081359863 -352.440948486 1644.0637207 647.96472168 -374.999389648 1268.46533203
0.031797170639 8 624.999816895 -135.715881348 1512.91906738 642.021972656 236.168533325 1570.07275391 627.079040527 -4.71078491211 1673.63891602 675.355041504 26.234703064 1393.61279297 442.46673584 -217.724334717 1687.0690918 680.50579834 -147.127288818 1332.24633789 61.3233337402 -352.247741699 1648.59899902 646.159606934 -389.35369873 1266.51477051
0.0351729393005 8 635.635925293 -122.527305603 1524.22155762 640.670349121 232.324554443 1578.98217773 632.030151367 4.8583984375 1672.8972168 666.955322266 20.1518096924 1393.81274414 456.462554932 -208.306869507 1697.4942627 674.513061523 -156.657516479 1330.29589844 84.1335754395 -351.647399902 1666.37695312 640.479064941 -399.438781738 1266.15966797
0.0317330360413 8 630.138671875 -126.309059143 1519.46862793 639.374511719 229.491973877 1589.69384766 628.193481445 1.20785522461 1670.51867676 659.132324219 21.4970626831 1391.43249512 454.209197998 -210.2762146 1700.16442871 677.513183594 -157.866516113 1330.96276855 180.465545654 -331.743621826 1662.46728516 641.038269043 -408.620422363 1262.65942383
0.0316309928894 8 630.82043457 -128.272491455 1520.05749512 637.269836426 229.04725647 1595.63891602 633.32244873 -3.44792175293 1679.84033203 664.004089355 27.8463287354 1394.98217773 457.273925781 -218.09274292 1702.84985352 678.817138672 -152.541122437 1331.8515625 115.239959717 -353.961730957 1665.9276123 642.953918457 -403.520446777 1265.21118164
0.035572052002 8 632.180114746 -128.227767944 1521.14672852 636.547363281 229.963241577 1599.40856934 638.309082031 -7.30123901367 1686.65722656 662.531005859 35.7035217285 1401.73144531 460.119567871 -225.207748413 1704.92382812 678.422729492 -148.688781738 1332.46582031 116.605072021 -362.254089355 1680.78381348 642.977172852 -397.651672363 1267.77722168
0.0317587852478 8 630.348876953 -127.992973328 1521.44287109 636.011352539 229.450897217 1602.1784668 637.315307617 -9.41874694824 1690.5012207 658.834350586 38.4100036621 1402.33007812 457.329315186 -227.330886841 1704.99597168 681.506347656 -148.561630249 1333.2487793 110.363433838 -373.947387695 1683.65588379 645.361328125 -396.981018066 1269.30371094
0.0314240455627 8 630.440429688 -128.016693115 1523.7364502 635.766357422 228.508529663 1605.72033691 640.292663574 -16.2510528564 1703.16918945 656.650085449 43.9984970093 1403.28466797 456.756958008 -234.022354126 1707.55407715 685.638427734 -145.470031738 1335.08630371 103.999816895 -381.091308594 1683.17468262 642.733154297 -411.305725098 1264.70397949
0.0356500148773 8 628.115905762 -128.959457397 1523.08947754 635.524169922 228.677703857 1603.70959473 639.364135742 -14.1459197998 1700.48388672 652.361083984 42.9988555908 1402.17602539 460.566772461 -233.65788269 1708.91821289 688.093139648 -150.916915894 1332.92675781 81.5631713867 -391.221679688 1686.8894043 617.390075684 -434.200683594 1255.40014648
0.0317440032959 8 627.479736328 -129.520935059 1522.2512207 634.370422363 228.575363159 1605.70458984 638.851013184 -12.2722015381 1698.49719238 651.777282715 42.1949310303 1400.33898926 461.659393311 -232.176391602 1708.18603516 688.799804688 -153.316146851 1333.31591797 78.1876525879 -386.880767822 1671.99682617 616.248596191 -434.61114502 1257.95654297
0.0322570800781 8 626.942321777 -126.300811768 1523.86047363 633.497070312 228.502319336 1607.10583496 639.659729004 -8.96585083008 1701.25061035 648.002746582 46.8630905151 1401.51940918 464.118164062 -233.652587891 1706.64538574 688.776245117 -151.832702637 1334.9810791 75.4184875488 -382.785369873 1653.22167969 606.660583496 -436.519470215 1261.82006836
0.0372519493103 8 626.176879883 -124.633049011 1524.80078125 632.865600586 228.339080811 1609.13085938 639.989379883 -5.72944641113 1702.4309082 646.475708008 49.1538696289 1401.23901367 466.695251465 -233.320236206 1707.0357666 688.996582031 -150.434814453 1336.18920898 83.1179504395 -379.427215576 1624.40490723 611.024169922 -431.935943604 1262.08251953
0.0317730903625 8 624.666015625 -120.55418396 1527.08605957 631.698181152 229.220321655 1612.40905762 639.892211914 5.06436157227 1705.23498535 645.456787109 56.5760803223 1400.8260498 470.520172119 -237.665557861 1708.25158691 689.175415039 -145.234481812 1338.13342285 74.7734069824 -382.692199707 1611.0838623 611.454284668 -427.044311523 1264.20092773
0.0459399223328 8 622.118225098 -108.330299377 1531.96276855 631.54901123 229.119476318 1612.9453125 634.972595215 8.83464050293 1716.84936523 655.950744629 65.1918945312 1402.26513672 464.234130859 -244.473327637 1706.99938965 699.160461426 -136.342559814 1339.12841797 75.624786377 -393.790893555 1584.13256836 624.07244873 -417.026794434 1263.56079102
0.0317709445953 8 623.732971191 -120.715858459 1531.43896484 632.518920898 230.119110107 1612.97851562 637.074645996 6.43087768555 1712.9699707 653.080749512 57.5902862549 1402.42895508 470.125579834 -237.292221069 1705.10827637 696.363342285 -144.656600952 1339.29748535 81.154876709 -386.991455078 1560.27734375 629.381164551 -419.833435059 1263.79162598
0.0296730995178 8 620.964477539 -124.218475342 1539.01403809 633.35168457 230.297302246 1611.06396484 636.361328125 13.1127929688 1711.45031738 652.478515625 46.7607421875 1402.61633301 455.953338623 -216.320892334 1698.51806641 695.06237793 -155.668838501 1338.2019043 166.756225586 -372.471282959 1601.59069824 627.191223145 -431.927490234 1264.06665039
0.0399389266968 8 619.279663086 -127.279876709 1541.04284668 634.490539551 230.358139038 1609.18774414 635.996826172 14.1837310791 1710.97436523 654.714233398 41.531867981 1401.70410156 464.401672363 -213.171020508 1686.23217773 696.490661621 -160.645446777 1339.07751465 132.164306641 -370.385253906 1514.62243652 628.460449219 -435.883056641 1264.9666748
0.0355041027069 8 616.816345215 -136.499588013 1536.50415039 635.1484375 230.680084229 1608.96569824 631.316101074 -0.550003051758 1704.91394043 653.252502441 29.4298858643 1401.61779785 474.988647461 -208.571578979 1666.22070312 696.020812988 -182.743530273 1341.85839844 133.567901611 -358.491455078 1495.0982666 632.731628418 -448.615783691 1266.15222168
0.0314168930054 8 614.916870117 -138.461669922 1535.50622559 635.457580566 230.842941284 1609.70373535 627.367919922 -3.16714477539 1701.01525879 650.118286133 24.0525894165 1400.58776855 445.83605957 -219.741271973 1652.76391602 695.061767578 -185.699157715 1339.80224609 138.668945312 -354.296569824 1471.36096191 630.401733398 -458.116577148 1264.39538574
0.0296270847321 8 617.04309082 -133.188568115 1536.52209473 634.895019531 230.945617676 1610.23791504 630.378417969 3.92820739746 1704.95336914 650.702880859 34.3441925049 1401.80810547 444.521728516 -225.801132202 1632.40710449 696.087768555 -174.065063477 1339.82299805 135.97555542 -366.096313477 1454.16027832 638.914367676 -447.248504639 1267.39453125
0.0299999713898 8 620.246154785 -126.965309143 1537.13195801 634.038085938 231.203552246 1610.73571777 633.073486328 4.06645202637 1709.45715332 649.890136719 41.9317932129 1404.3729248 443.632598877 -228.3800354 1623.9564209 695.932006836 -165.718719482 1340.07580566 142.004486084 -370.735168457 1441.58740234 652.675354004 -430.107421875 1273.76379395
0.0309510231018 8 621.815490723 -124.757537842 1538.31945801 633.532958984 232.051177979 1612.07299805 635.519165039 -2.30769348145 1714.05273438 651.3515625 44.8324432373 1410.13623047 461.882751465 -217.28453064 1626.03186035 696.229858398 -160.976043701 1341.37390137 149.154052734 -378.349914551 1420.4185791 661.282348633 -405.267578125 1285.06298828
0.0352530479431 8 623.569091797 -120.49407196 1541.97180176 632.639770508 232.545227051 1612.44775391 637.031677246 -1.01052856445 1725.56335449 655.360046387 54.8173065186 1413.83605957 465.060089111 -217.040893555 1628.62927246 698.694458008 -151.862075806 1342.48950195 149.029754639 -386.664916992 1408.74938965 661.578857422 -415.126953125 1278.60302734
0.0432388782501 8 624.696411133 -117.181358337 1542.91589355 632.432983398 233.084228516 1612.30041504 638.367919922 0.969131469727 1730.83239746 657.305419922 61.423866272 1414.47912598 469.555847168 -218.013977051 1624.26171875 700.395507812 -146.653930664 1343.38220215 153.360443115 -388.080932617 1402.4276123 655.287719727 -424.563171387 1272.59729004
0.0321929454803 8 623.56072998 -117.190078735 1545.0123291 632.060546875 233.90814209 1612.33447266 636.054626465 2.46780395508 1734.64489746 660.075622559 64.6153030396 1418.33068848 471.722045898 -216.443710327 1622.57250977 701.083557129 -143.656402588 1343.21801758 158.773681641 -395.24230957 1388.57165527 659.283203125 -422.639556885 1274.17456055
0.0299379825592 8 624.119812012 -107.901847839 1548.00720215 631.843139648 233.791168213 1611.06567383 630.104064941 12.7192993164 1735.75280762 666.675231934 73.4564666748 1424.99499512 465.410949707 -220.664413452 1618.64306641 702.409729004 -141.741546631 1344.02111816 152.736877441 -393.452789307 1382.00622559 648.360900879 -424.299499512 1273.50976562
0.030876159668 8 623.499389648 -102.479103088 1549.57458496 631.845275879 233.35824585 1610.45703125 629.793823242 14.896697998 1733.54077148 664.990234375 69.8757476807 1422.16699219 467.419799805 -216.74357605 1615.27941895 703.439575195 -138.253417969 1344.00964355 152.098754883 -390.812835693 1384.98547363 666.583740234 -407.909545898 1280.62316895
0.0310349464417 8 621.702453613 -95.8753814697 1547.69812012 631.411499023 233.509155273 1611.10583496 628.621643066 17.8116836548 1730.5793457 661.660583496 71.8846969604 1418.55395508 470.520477295 -219.705993652 1611.95910645 702.84753418 -135.659515381 1343.45043945 151.640808105 -397.6640625 1383.73352051 663.891967773 -399.793151855 1280.7701416
0.0339279174805 8 621.2109375 -96.2759552002 1544.55749512 631.135437012 232.777008057 1611.06054688 624.383300781 21.3573532104 1723.63708496 662.144165039 71.4788589478 1417.67150879 471.07043457 -218.627929688 1611.50244141 688.728759766 -124.453269958 1351.99353027 163.338500977 -399.676422119 1391.5123291 668.934692383 -374.773468018 1291.12719727
0.0304911136627 8 621.635986328 -97.6601333618 1543.37719727 631.580871582 232.024536133 1610.8170166 622.593017578 20.4111022949 1717.11633301 665.409545898 68.2266387939 1422.16418457 443.204467773 -238.245849609 1601.78662109 695.261291504 -132.701629639 1348.03796387 160.082702637 -401.178344727 1396.46533203 667.432556152 -378.79296875 1290.00598145
0.0305559635162 8 622.70135498 -108.487609863 1538.64758301 632.412597656 232.100006104 1610.01464844 624.462585449 8.62950134277 1696.54504395 660.700622559 46.3218231201 1423.57653809 456.429260254 -211.040176392 1601.00866699 692.465454102 -151.177368164 1346.14733887 161.679840088 -382.564758301 1410.40576172 645.007019043 -435.913970947 1276.27514648
0.0353989601135 8 619.904785156 -112.216346741 1534.78479004 633.21685791 231.862976074 1609.03747559 619.113525391 5.16441345215 1688.24047852 662.096557617 38.7755966187 1421.8737793 443.25604248 -217.867797852 1598.96740723 695.487365723 -160.048400879 1345.57946777 142.373535156 -386.336578369 1420.92126465 643.952148438 -446.136383057 1275.79858398
0.0318701267242 8 620.746459961 -111.351844788 1534.94055176 633.612121582 231.374023438 1608.28076172 619.485595703 5.99228668213 1689.82702637 663.139160156 39.0909805298 1419.48083496 464.519104004 -217.168212891 1598.77172852 693.038085938 -180.01348877 1336.01843262 139.660430908 -393.240539551 1432.28259277 662.772888184 -401.892242432 1290.33410645
0.0311989784241 8 618.222106934 -109.76525116 1531.69091797 633.595092773 232.079528809 1607.73742676 617.323852539 9.06964111328 1689.38464355 653.498535156 38.9343109131 1406.65515137 468.561889648 -216.360488892 1606.02734375 696.167297363 -167.708740234 1340.6730957 156.423126221 -395.245422363 1456.59313965 664.00793457 -401.462615967 1289.48657227
0.0360770225525 8 613.988098145 -102.283309937 1527.47241211 633.718994141 232.570953369 1608.25427246 614.170166016 26.8368148804 1682.16418457 634.469970703 47.0042495728 1393.69885254 461.316955566 -198.281585693 1622.07421875 697.532531738 -178.209747314 1344.22167969 192.888549805 -384.022705078 1512.78833008 651.335632324 -461.786346436 1271.93212891
0.0337908267975 8 614.394042969 -100.349456787 1526.63781738 633.625976562 232.985092163 1608.30615234 615.554077148 34.4989776611 1681.35888672 630.467041016 48.8966522217 1386.66845703 460.635314941 -194.119125366 1629.64697266 697.360168457 -180.039581299 1347.44226074 192.822387695 -384.81729126 1531.26477051 656.787841797 -464.983123779 1273.76831055
0.0319681167603 8 617.12109375 -107.137748718 1528.0513916 633.293151855 233.332244873 1608.90563965 618.764221191 30.9365386963 1678.19970703 634.894104004 39.8479614258 1387.72631836 463.478210449 -201.722991943 1632.08776855 695.908508301 -176.86668396 1348.73034668 132.604919434 -416.792480469 1607.33190918 645.700195312 -466.303955078 1272.30786133
0.0462849140167 8 618.77520752 -107.47227478 1528.14428711 634.03112793 233.989639282 1608.66418457 619.732299805 31.0319824219 1675.38720703 636.585449219 37.1533508301 1388.03320312 463.05355835 -203.766159058 1635.15368652 697.138427734 -175.320129395 1351.66870117 106.891265869 -454.487426758 1623.65649414 643.820495605 -468.276000977 1272.57641602
0.0314249992371 8 619.966796875 -110.890579224 1527.53967285 634.518615723 233.924957275 1608.8815918 622.671875 33.7776947021 1667.58251953 633.568969727 30.2202301025 1384.5324707 462.485931396 -197.916870117 1641.88012695 696.279541016 -183.843704224 1353.15698242 214.024780273 -390.967468262 1594.21704102 634.419067383 -482.031616211 1273.44848633
0.0281910896301 8 615.437194824 -107.616889954 1515.48901367 635.411743164 234.573272705 1608.75244141 613.039306641 56.1851806641 1642.80712891 622.992431641 25.8974151611 1356.85839844 462.448303223 -160.581481934 1652.10339355 694.61505127 -217.26902771 1352.46923828 220.469970703 -357.092224121 1619.55969238 633.002319336 -522.114685059 1267.62756348
0.0342149734497 8 613.728759766 -106.948493958 1509.95263672 636.597473145 233.474517822 1608.80529785 610.285888672 65.1251068115 1631.67468262 617.76550293 20.3165283203 1341.95007324 461.774597168 -147.020309448 1661.5090332 695.390563965 -230.999984741 1349.32983398 218.26651001 -341.371582031 1634.2043457 632.761108398 -542.184265137 1264.77624512
0.0300979614258 8 615.150268555 -112.005859375 1512.45361328 640.094726562 230.024627686 1608.00585938 610.810668945 58.1595916748 1633.54125977 620.742553711 12.207321167 1344.59301758 463.644470215 -156.787750244 1668.07873535 694.165771484 -232.004516602 1351.26574707 215.368804932 -346.05267334 1644.06896973 644.085754395 -536.446289062 1262.00598145
0.0310969352722 8 626.385314941 -144.880691528 1522.13146973 642.551086426 226.714935303 1607.14086914 621.695983887 -6.89550018311 1632.92407227 648.434753418 -28.9224472046 1390.20556641 479.139709473 -227.173583984 1666.55639648 678.542114258 -278.090515137 1334.07678223 221.199890137 -408.189941406 1641.77197266 649.512451172 -445.385620117 1278.5279541
0.0354781150818 8 633.283874512 -140.877212524 1542.53430176 642.021118164 225.470870972 1607.21069336 632.990234375 -15.0162658691 1687.15905762 663.156005859 -4.45349121094 1411.18103027 479.07208252 -255.503158569 1671.29785156 682.107849121 -234.890914917 1326.60864258 217.482696533 -432.301757812 1647.10534668 641.903198242 -201.77684021 1293.01086426
0.0307869911194 8 636.117431641 -138.530563354 1549.20800781 641.569396973 224.945495605 1608.46704102 646.237792969 -16.4628295898 1714.86547852 676.004394531 32.7113952637 1441.8269043 498.00289917 -269.441101074 1681.85107422 685.477844238 -189.953460693 1326.35070801 214.741699219 -458.946228027 1657.99829102 651.998046875 -135.892364502 1302.88513184
0.031702041626 8 634.066223145 -135.893844604 1542.23083496 642.315246582 222.266601562 1626.59570312 644.631286621 -8.07008361816 1696.99230957 682.301086426 31.3108673096 1441.6439209 505.567352295 -263.384399414 1693.21325684 684.963195801 -180.354705811 1333.56408691 220.429046631 -451.991851807 1676.11169434 675.426696777 -29.4451599121 1339.78161621
0.0354199409485 8 639.856689453 -134.585678101 1549.79736328 642.658081055 219.423843384 1637.09692383 646.393554688 -15.9039611816 1707.13818359 706.670654297 28.3207321167 1461.01855469 507.440155029 -268.969055176 1698.15405273 679.78302002 -156.4559021 1334.42724609 141.953369141 -512.735900879 1672.09973145 682.566955566 -39.4422149658 1323.45129395
0.0308821201324 8 640.223815918 -111.892196655 1569.8326416 641.180725098 216.377990723 1648.5369873 656.990844727 31.400680542 1712.38195801 675.353515625 75.1599960327 1499.74865723 518.957397461 -222.290283203 1710.31628418 666.865478516 -191.798614502 1338.12695312 156.529785156 -466.670654297 1680.37524414 680.21472168 -29.8177490234 1334.79797363
0.0320918560028 8 635.443481445 -112.525154114 1571.00158691 641.708557129 215.772888184 1638.40539551 649.99798584 29.0856781006 1713.75695801 662.851623535 73.830116272 1499.13244629 520.205932617 -230.305557251 1722.35839844 680.404418945 -156.92880249 1354.80090332 172.046813965 -474.354309082 1685.62548828 673.824829102 -311.72543335 1312.30847168
0.0354549884796 8 639.318359375 -118.813049316 1578.2253418 641.939880371 214.891921997 1634.74963379 651.385437012 17.5957489014 1715.2154541 666.543640137 60.8207550049 1511.07019043 527.062561035 -243.154983521 1726.3560791 679.41027832 -133.170730591 1359.10852051 188.243743896 -507.872375488 1678.78051758 664.713806152 -362.4425354 1301.50183105
0.0317249298096 8 639.05291748 -116.541915894 1577.85205078 641.394775391 214.413360596 1642.34277344 649.833068848 22.3481292725 1717.35620117 669.148620605 65.2132415771 1507.65625 551.727294922 -225.6875 1733.36804199 685.643615723 -127.21774292 1362.57531738 279.84942627 -474.754699707 1704.95776367 663.660461426 -388.967437744 1297.05322266
0.0317761898041 8 649.986572266 -124.9737854 1576.56762695 640.640686035 215.110168457 1649.02172852 650.015991211 -6.43742370605 1747.44421387 691.83190918 70.354598999 1518.72692871 564.538818359 -269.153320312 1709.84375 684.536560059 -60.3685302734 1415.13427734 303.448944092 -522.286865234 1695.03479004 674.343383789 -338.382324219 1311.22680664
0.0355169773102 8 654.767028809 -121.996414185 1576.2109375 638.349853516 223.961303711 1667.1998291 647.455932617 -7.16787719727 1757.73962402 706.598144531 72.8006591797 1501.64904785 571.464782715 -276.141418457 1705.59436035 693.260498047 -64.9448394775 1404.97473145 340.843200684 -549.658203125 1666.77941895 679.810058594 -328.47442627 1316.68432617
0.0318470001221 8 661.456420898 -116.255630493 1578.30065918 639.698181152 221.945236206 1664.99609375 651.16394043 -4.19627380371 1762.43041992 714.447265625 74.9237518311 1493.39160156 575.638366699 -277.089355469 1701.98022461 697.264953613 -74.2789154053 1399.04711914 368.02053833 -579.413879395 1665.35107422 679.66027832 -341.161010742 1317.35131836
0.0355820655823 8 663.444580078 -113.70539856 1581.99511719 637.303344727 228.629470825 1673.94897461 658.929260254 -4.90951538086 1767.45703125 708.445129395 72.5822143555 1484.39892578 585.864379883 -288.672729492 1698.94702148 704.374816895 -97.8440551758 1390.10180664 435.385528564 -553.166625977 1677.78796387 684.009399414 -320.823028564 1326.12939453
0.0319068431854 8 682.843078613 -110.171165466 1587.6171875 637.38659668 226.16229248 1670.24853516 691.125366211 -6.9139251709 1770.31494141 680.774169922 43.8482666016 1444.84814453 651.977478027 -169.61882019 1670.4798584 674.865844727 -85.3555908203 1395.43322754 477.71081543 -621.716247559 1665.92419434 655.853759766 -338.591003418 1319.4942627
0.032555103302 8 670.602233887 -121.902900696 1604.09460449 636.888671875 225.871246338 1669.44567871 667.835083008 12.9472122192 1773.30102539 697.187988281 23.0009841919 1445.60424805 616.791259766 -181.202941895 1699.7668457 703.129272461 -104.95854187 1396.8449707 477.881713867 -616.527526855 1653.49963379 680.313354492 -366.459228516 1320.58032227
0.0356819629669 8 667.78894043 -123.305610657 1608.90490723 635.852844238 227.073913574 1670.99890137 663.346740723 12.2496337891 1773.54846191 700.383117676 20.9422149658 1455.17541504 625.801818848 -188.198791504 1720.96630859 709.687988281 -107.455123901 1395.3795166 506.553771973 -532.366577148 1705.57116699 686.038208008 -375.193054199 1323.40087891
0.0315959453583 8 666.083374023 -123.438766479 1608.59106445 634.089782715 228.141906738 1671.89099121 662.607849121 17.8264007568 1770.41381836 702.033996582 19.5972442627 1452.37670898 645.728027344 -201.989898682 1749.77075195 714.053283691 -118.851272583 1390.85791016 520.226318359 -537.709655762 1715.23278809 679.141540527 -420.736633301 1315.55224609
0.0319349765778 8 665.712036133 -123.187538147 1609.765625 633.656433105 228.468383789 1671.59741211 662.492614746 21.1496810913 1768.38525391 703.475524902 21.3257980347 1455.83789062 654.263000488 -200.416809082 1782.22583008 713.830505371 -127.307945251 1387.45251465 583.00970459 -478.502044678 1808.63305664 689.517700195 -413.479156494 1326.53955078
0.0359120368958 8 664.658203125 -123.722984314 1609.53466797 632.510498047 229.79083252 1672.81994629 662.98651123 20.8881225586 1767.35412598 699.854309082 20.5006561279 1455.31726074 656.112121582 -193.687789917 1797.26879883 713.181640625 -129.879455566 1385.70422363 581.339050293 -470.185119629 1811.45532227 696.413330078 -410.163360596 1336.41394043
0.0320599079132 8 662.505004883 -121.848190308 1610.12121582 631.302429199 230.942367554 1673.65332031 663.165771484 21.7213592529 1765.85827637 696.431884766 18.6058197021 1455.23913574 650.10736084 -179.163284302 1796.46557617 709.735839844 -171.790145874 1376.73010254 582.656555176 -453.845031738 1823.10742188 696.810241699 -418.782470703 1337.84509277
0.0319790840149 8 655.55090332 -120.492881775 1614.97119141 630.76953125 231.482818604 1674.47033691 662.511535645 32.0895843506 1761.76647949 689.477355957 10.9482421875 1452.33337402 648.471618652 -149.086837769 1796.26074219 710.322021484 -173.97769165 1377.43225098 589.154724121 -427.073547363 1830.04943848 695.289245605 -431.608184814 1342.28125
0.0359890460968 8 654.706726074 -120.586547852 1611.74108887 630.632385254 231.446502686 1674.31445312 664.405090332 29.0533370972 1762.45800781 687.648132324 14.591468811 1450.98168945 651.073242188 -122.03276825 1794.95996094 709.483093262 -161.904571533 1380.40783691 594.033569336 -413.314788818 1833.28808594 697.332702637 -424.849334717 1349.19714355
0.0321650505066 8 651.604736328 -124.043815613 1605.91564941 630.226806641 231.526824951 1674.08239746 662.965576172 22.9803543091 1762.3996582 688.952392578 21.373664856 1451.99536133 641.230529785 -98.9493713379 1791.26391602 711.277282715 -149.907104492 1382.08679199 640.688171387 217.043701172 1533.89660645 692.481323242 -432.358123779 1344.95202637
0.0321338176727 8 647.279663086 -124.128585815 1604.72290039 629.643066406 233.547973633 1676.9329834 657.39239502 22.8503494263 1761.01623535 694.86517334 21.0770187378 1453.77990723 582.84967041 192.355743408 1756.96069336 717.173095703 -151.208984375 1383.24035645 672.559143066 69.3388900757 1578.10144043 662.482421875 -447.109893799 1238.2166748
0.0362122058868 8 647.13494873 -124.723205566 1605.43408203 630.47442627 234.624847412 1679.23571777 655.412719727 24.8679962158 1757.51428223 696.635498047 19.5168914795 1456.03845215 582.985839844 199.294754028 1760.08044434 715.551513672 -164.832748413 1381.84155273 651.674255371 57.8585205078 1620.55126953 667.169067383 -420.208709717 1271.43994141
0.031574010849 8 649.013549805 -121.971054077 1613.03637695 631.612365723 234.005599976 1679.56140137 654.906433105 32.4923248291 1755.87646484 696.80682373 11.3050079346 1457.31103516 585.089477539 208.963317871 1761.69836426 713.802856445 -179.042160034 1378.8671875 640.431030273 39.2025909424 1625.43579102 657.27935791 -432.289672852 1257.56066895
0.0323169231415 8 645.078308105 -118.33934021 1620.96374512 632.551696777 235.534561157 1681.45129395 656.840881348 42.2202148438 1752.25598145 692.881774902 1.96878051758 1458.49450684 590.699951172 218.592636108 1762.57397461 707.113769531 -191.154144287 1361.7598877 644.066101074 40.3446350098 1631.68762207 660.126647949 -443.336914062 1252.74487305
0.0357549190521 8 646.967651367 -119.342391968 1626.95117188 634.002807617 235.757598877 1682.82434082 658.409179688 48.2493743896 1751.56933594 690.021240234 -3.04383850098 1458.52099609 594.565368652 224.153945923 1767.1138916 705.872375488 -193.966674805 1367.0826416 620.513122559 69.5240020752 1700.30114746 653.918762207 -453.385253906 1254.97094727
0.0321021080017 8 649.146118164 -123.173553467 1626.33947754 635.176025391 234.601455688 1682.6940918 659.40032959 46.2305374146 1751.78381348 689.71282959 -2.86708068848 1457.75720215 610.099182129 112.108459473 1778.17163086 706.972229004 -195.688827515 1368.66760254 632.711730957 52.2750968933 1648.65161133 655.250610352 -451.123901367 1257.75878906
0.0319769382477 8 651.167724609 -126.874687195 1623.4395752 635.755432129 233.549499512 1683.23010254 660.245422363 41.2469177246 1753.62414551 690.38079834 0.123428344727 1457.21911621 642.809509277 -64.2931137085 1767.01428223 708.46673584 -194.146820068 1368.76000977 595.935302734 48.8549118042 1739.50500488 655.002441406 -443.317565918 1259.66943359
0.0359098911285 8 653.785095215 -135.000213623 1616.45996094 636.037719727 232.533432007 1683.73657227 656.874938965 29.863571167 1754.40820312 694.664978027 5.93251037598 1459.34130859 643.910095215 -82.8870849609 1766.7644043 716.282653809 -202.5209198 1370.3782959 639.606628418 27.9036712646 1678.3026123 648.000915527 -451.50402832 1257.55285645
0.0323760509491 8 654.252868652 -139.794677734 1616.32299805 636.861999512 231.68157959 1684.46716309 654.967407227 21.2517547607 1766.41430664 694.430786133 9.90376281738 1459.98974609 639.680175781 -187.999206543 1802.57739258 715.593444824 -197.003982544 1369.78417969 633.552185059 -27.9676055908 1676.11608887 640.947509766 -456.80645752 1258.78857422
0.0320730209351 8 653.7421875 -142.03465271 1617.8848877 637.970947266 229.927322388 1686.24584961 656.210998535 26.659362793 1761.66833496 692.789001465 7.88925170898 1459.34240723 636.889160156 -182.930343628 1807.58825684 717.40423584 -203.280456543 1377.96118164 575.145874023 -89.3294906616 1790.19165039 638.261657715 -455.292938232 1262.20336914
0.0354399681091 8 651.061706543 -144.746353149 1620.4041748 638.049926758 228.706802368 1687.20422363 653.826904297 31.1673278809 1758.10180664 692.633178711 4.27655029297 1459.22729492 628.057067871 -177.848770142 1819.91491699 716.39654541 -205.130828857 1378.04016113 569.250732422 -130.514480591 1806.3170166 642.067260742 -457.126739502 1264.56018066
0.0324440002441 8 651.773498535 -144.344863892 1618.32873535 637.681762695 227.926071167 1688.16027832 653.741943359 29.0335540771 1757.65002441 692.27355957 5.93138122559 1459.42224121 629.021789551 -188.329071045 1831.77502441 718.675842285 -207.169525146 1382.69567871 563.731079102 -171.801483154 1818.85253906 641.046569824 -463.247772217 1267.51843262
0.0318939685822 8 651.595825195 -145.463638306 1614.17443848 638.053833008 226.872131348 1690.03198242 650.789794922 26.8689575195 1747.12756348 692.504882812 1.53521728516 1458.95324707 637.701538086 -215.428451538 1816.28564453 718.564208984 -211.519256592 1385.25146484 528.785644531 -528.409912109 1850.79748535 641.932800293 -461.827514648 1272.57922363
0.0358130931854 8 651.5546875 -146.793060303 1611.60974121 638.876342773 225.741424561 1692.29724121 649.124755859 24.6172485352 1742.33410645 691.474121094 -1.01309204102 1457.88586426 640.014892578 -215.531936646 1815.41674805 718.875366211 -215.604919434 1386.42443848 530.890014648 -522.28692627 1857.60339355 638.862060547 -480.016174316 1271.99108887
0.0325570106506 8 652.239196777 -148.028503418 1611.60192871 638.977539062 225.522567749 1694.04663086 651.002624512 23.5101928711 1746.63146973 692.350646973 0.600555419922 1456.80969238 641.344604492 -228.754196167 1814.9296875 727.999023438 -231.47328186 1400.90979004 527.230834961 -520.129394531 1859.67480469 650.334960938 -469.312347412 1277.07336426
0.0317330360413 8 652.764953613 -148.925354004 1611.58703613 640.408935547 224.914596558 1697.49682617 651.741699219 21.9914855957 1749.36962891 693.704833984 0.659362792969 1456.19677734 642.340209961 -235.795593262 1827.6619873 731.334838867 -235.034133911 1414.95739746 524.14855957 -522.909973145 1850.1517334 649.57434082 -478.322692871 1287.19592285
0.0361919403076 8 651.421875 -145.374130249 1608.96875 641.3203125 224.141769409 1700.43713379 646.55682373 29.8847503662 1741.60241699 692.878967285 6.12471008301 1455.14880371 645.457275391 -236.880081177 1827.88745117 726.290771484 -220.409210205 1403.99621582 523.023925781 -515.080078125 1795.13049316 656.028869629 -473.892333984 1292.55029297
0.0318961143494 8 651.989257812 -145.295623779 1611.85290527 642.09197998 223.744430542 1702.0279541 646.973388672 25.8850860596 1753.36230469 694.561035156 7.73789978027 1456.54223633 648.860717773 -218.589385986 1832.57543945 728.018859863 -224.737335205 1407.55578613 521.731018066 -516.535766602 1761.28527832 675.888427734 -411.226959229 1309.0715332
0.0315577983856 8 654.918945312 -145.082962036 1617.77941895 642.221801758 223.342803955 1704.04455566 649.652038574 19.7454223633 1762.96337891 703.696105957 11.8546447754 1471.95068359 647.388793945 -215.070602417 1832.48449707 725.52532959 -213.754882812 1404.49414062 538.242553711 -504.564086914 1790.7598877 666.689697266 -476.919952393 1281.78112793
0.0361111164093 8 655.085266113 -141.036468506 1616.24475098 642.45489502 222.01272583 1708.7454834 647.567932129 21.9590301514 1763.22473145 703.429626465 13.3182525635 1467.70275879 644.82598877 -222.836135864 1831.12231445 723.090148926 -184.640899658 1407.87573242 535.322998047 -515.215820312 1788.14489746 665.248840332 -467.654205322 1284.24890137
0.0320129394531 8 657.402770996 -136.629379272 1619.02355957 642.76171875 221.772171021 1708.95153809 644.893310547 22.7129058838 1762.47961426 708.762573242 18.3092498779 1479.44421387 643.718383789 -218.760787964 1832.65527344 725.953063965 -166.930053711 1415.06262207 543.971740723 -519.296203613 1804.32775879 707.321533203 -445.599609375 1375.69494629
0.0321309566498 8 659.309143066 -136.009902954 1622.05664062 642.51940918 221.0652771 1709.54089355 644.335510254 20.7690734863 1764.14599609 711.549499512 18.4368286133 1486.37133789 636.548400879 -224.53968811 1830.20300293 727.820068359 -182.334152222 1415.21484375 538.401550293 -528.510437012 1809.65100098 698.062988281 -463.26159668 1372.8190918
0.0356750488281 8 658.327331543 -136.976821899 1624.2010498 641.773071289 220.818328857 1710.21618652 644.938964844 22.2624969482 1765.54614258 710.885986328 19.8220367432 1489.41723633 637.098999023 -222.746063232 1831.44299316 728.052856445 -186.603897095 1417.25756836 540.809387207 -527.227966309 1817.14770508 692.663879395 -471.701660156 1369.69897461
