0.0374009609222 8 577.269226074 -60.4285850525 1422.00036621 602.234375 276.716339111 1594.71374512 615.591247559 91.1276702881 1642.07666016 578.960754395 143.331390381 1244.93896484 596.644287109 -41.7546386719 1707.53918457 640.264648438 -88.7157897949 1262.86730957 507.610412598 -240.845184326 1706.12280273 593.2578125 -407.534667969 1182.2487793
0.0324931144714 8 574.33972168 -56.8272476196 1422.96032715 602.412780762 276.30557251 1594.38574219 611.708862305 101.961730957 1635.2545166 578.981567383 140.039474487 1241.57287598 594.568054199 -63.2128295898 1676.72363281 642.428710938 -97.0686035156 1262.47766113 500.81930542 -241.1456604 1711.51318359 598.981994629 -400.319061279 1182.98059082
0.0352158546448 8 570.635498047 -56.0799217224 1424.13427734 602.472961426 276.091156006 1593.82177734 607.376708984 100.60723114 1637.93579102 582.707641602 138.173721313 1240.47192383 583.69342041 -61.5722732544 1671.38342285 646.640991211 -99.3296356201 1261.45837402 459.00177002 -344.465057373 1637.37353516 603.321777344 -404.285400391 1180.6862793
0.0305321216583 8 568.486755371 -55.1023902893 1425.82580566 602.357666016 275.854034424 1593.27099609 605.006347656 101.067123413 1639.48449707 584.438842773 136.369293213 1240.1998291 576.973266602 -69.6893005371 1658.76745605 648.001098633 -92.0248413086 1262.02636719 447.591125488 -290.692565918 1649.2722168 603.273010254 -409.575775146 1175.86889648
0.031553030014 8 568.715270996 -55.4003295898 1425.66662598 601.780334473 274.993408203 1593.03796387 604.826477051 100.549308777 1639.6418457 583.540588379 136.374176025 1240.16015625 562.300842285 -76.7835464478 1644.17211914 646.980834961 -94.6796875 1262.49865723 448.863922119 -253.951904297 1675.67895508 601.89654541 -400.893585205 1177.78503418
0.035434961319 8 568.229553223 -52.5768852234 1425.83117676 601.584838867 274.948272705 1593.39428711 602.765991211 103.106811523 1639.34680176 585.193603516 137.744567871 1240.06433105 561.941711426 -77.024307251 1642.67053223 648.007141113 -93.7960968018 1262.81359863 451.088409424 -222.308517456 1697.4473877 609.751342773 -388.309570312 1180.86474609
0.0319259166718 8 568.59753418 -47.8298568726 1425.09301758 601.451782227 275.07711792 1593.86621094 602.106750488 97.7703170776 1646.77392578 586.708557129 145.308959961 1241.15185547 561.272338867 -85.9502944946 1642.36657715 649.655822754 -85.3798980713 1263.79772949 459.550292969 -208.958831787 1714.04870605 631.218017578 -303.138305664 1210.7232666
0.0314810276031 8 567.30279541 -49.5564994812 1426.01330566 601.898376465 275.876464844 1594.83837891 601.019897461 98.1976928711 1647.90771484 587.236938477 144.001495361 1240.69335938 547.856933594 -91.9314117432 1685.94628906 650.935058594 -86.5326843262 1263.33215332 453.532409668 -180.969100952 1726.09069824 609.163269043 -391.494934082 1178.52294922
0.0351810455322 8 570.42779541 -57.2634048462 1432.86791992 602.309692383 276.508453369 1595.89526367 606.579956055 102.624061584 1654.72216797 580.728149414 140.16619873 1240.49853516 544.432434082 -93.3202285767 1702.25341797 645.121582031 -89.5740661621 1263.49584961 456.4581604 -160.998321533 1733.80810547 607.71270752 -379.254577637 1181.65063477
0.0321509838104 8 568.275146484 -55.4393768311 1431.27844238 603.052429199 276.686859131 1596.16748047 603.979187012 100.633255005 1654.01660156 581.532897949 141.226364136 1240.50952148 537.969238281 -95.9834136963 1707.0032959 647.045349121 -86.4381103516 1263.49609375 447.864685059 -146.140716553 1745.56872559 604.44744873 -393.121459961 1178.19018555
0.03165102005 8 563.639160156 -57.6789398193 1431.79968262 603.147827148 277.371307373 1596.34057617 603.57232666 89.8210525513 1664.10510254 573.947692871 144.604309082 1241.29455566 533.283935547 -110.545173645 1708.95947266 648.402893066 -71.8280181885 1265.67236328 449.724273682 -142.259002686 1731.65075684 607.359985352 -371.947509766 1181.82006836
0.0358059406281 8 563.987426758 -56.0498580933 1430.01281738 603.710510254 278.133575439 1596.32507324 602.443359375 88.1749572754 1662.73620605 575.050415039 145.547195435 1241.13098145 550.194213867 -112.870727539 1705.1661377 649.253417969 -70.9943237305 1267.09130859 442.88394165 -132.090866089 1730.1932373 610.606872559 -372.015686035 1183.50537109
0.031613111496 8 564.609008789 -55.6980247498 1429.05163574 604.871398926 277.979797363 1595.84265137 602.701477051 87.1217193604 1662.8482666 574.055847168 147.315444946 1241.41931152 586.568237305 -90.7562103271 1732.13781738 648.303771973 -69.171295166 1269.07214355 439.524353027 -125.468711853 1723.40039062 605.169372559 -370.793029785 1182.54101562
0.0313708782196 8 564.81451416 -60.7025527954 1425.64477539 605.406555176 278.265106201 1594.91650391 602.41003418 83.7344207764 1663.44836426 575.513549805 151.305114746 1241.89367676 578.627929688 -114.38180542 1702.4173584 650.165039062 -65.5227203369 1269.61535645 452.765625 -145.36932373 1728.36071777 608.841674805 -365.985107422 1183.8001709
0.0354030132294 8 564.177185059 -60.6071548462 1427.85314941 605.519836426 279.17755127 1593.98706055 604.657287598 86.0191192627 1664.03857422 573.750915527 149.534423828 1241.65283203 583.703308105 -114.462341309 1702.59338379 647.903930664 -67.92628479 1268.80102539 446.041137695 -129.013687134 1722.91186523 608.854370117 -371.543457031 1185.80664062
0.0317089557648 8 563.191467285 -62.8260993958 1433.22619629 606.129150391 279.92791748 1592.55297852 605.387207031 92.4152145386 1665.13720703 574.536499023 143.258728027 1240.70703125 586.603759766 -104.725364685 1708.1776123 648.357055664 -73.93800354 1267.51977539 446.043395996 -127.142295837 1722.26757812 608.980834961 -386.841308594 1186.19763184
0.0370509624481 8 563.307739258 -61.3328285217 1430.76831055 606.411621094 281.288818359 1591.4095459 604.446166992 90.9410247803 1662.07849121 575.337158203 143.956237793 1240.77868652 582.911499023 -102.025985718 1707.33093262 648.918151855 -73.0885162354 1267.19433594 449.515197754 -134.161178589 1723.74951172 608.334899902 -389.207519531 1185.17016602
0.0355570316315 8 563.365234375 -60.1573600769 1429.55456543 605.951049805 282.540466309 1590.27954102 603.514282227 89.4119415283 1662.22131348 576.539794922 145.610458374 1240.86706543 579.469665527 -98.56690979 1711.01098633 649.59161377 -71.3444213867 1266.99291992 450.941131592 -138.084152222 1726.77355957 610.166687012 -387.519042969 1185.10058594
0.0314860343933 8 563.261657715 -62.5329551697 1427.81164551 605.817016602 283.221466064 1589.44726562 602.621032715 85.1331634521 1662.21740723 578.44317627 145.895263672 1241.72570801 575.279541016 -99.5094604492 1711.93444824 649.966186523 -67.3125305176 1267.04382324 445.295654297 -142.040771484 1722.58227539 612.337280273 -382.49597168 1185.86279297
0.0316081047058 8 566.351074219 -72.1155395508 1429.75939941 605.805786133 283.140258789 1588.17370605 600.122375488 67.6268844604 1661.25024414 597.172546387 132.527069092 1252.47973633 554.583129883 -110.963096619 1721.67919922 652.358154297 -55.431427002 1266.2166748 447.188140869 -164.419281006 1722.10864258 616.125244141 -365.447937012 1187.04943848
0.0357558727264 8 566.75769043 -76.0810546875 1430.59155273 606.014953613 282.776855469 1586.22680664 595.489257812 65.7309951782 1662.28051758 604.082275391 130.894012451 1256.28051758 544.696472168 -115.619926453 1736.04821777 658.447143555 -71.9400482178 1268.79931641 420.349609375 -141.057647705 1714.63122559 621.454040527 -365.306518555 1187.5390625
0.0313251018524 8 569.055358887 -82.3563690186 1434.35791016 606.051330566 282.666809082 1585.2142334 594.756469727 57.550567627 1662.3684082 611.536010742 122.988983154 1266.27416992 537.641357422 -118.152236938 1737.88549805 660.223815918 -76.4635772705 1270.08654785 407.237243652 -144.829421997 1717.78259277 617.475463867 -372.873352051 1182.64489746
0.0315399169922 8 568.892578125 -88.6014251709 1435.38049316 606.359191895 281.794158936 1583.80053711 591.01184082 43.6589508057 1663.89611816 620.211791992 112.269302368 1270.39880371 532.231201172 -127.333282471 1737.5012207 660.480834961 -100.312057495 1260.22912598 388.92578125 -149.185821533 1710.61120605 621.672546387 -364.358886719 1182.09802246
0.0352389812469 8 567.705505371 -83.2806167603 1434.12084961 606.764038086 280.829162598 1582.18066406 592.010131836 46.2523498535 1665.45825195 616.930786133 119.222549438 1268.42236328 527.70513916 -124.975875854 1738.62304688 662.97668457 -93.7234344482 1262.71789551 377.555328369 -140.195449829 1704.75244141 620.682128906 -369.803833008 1180.86608887
0.0313799381256 8 567.872497559 -81.2540283203 1432.65161133 607.28326416 280.501342773 1580.07543945 594.418701172 46.6854400635 1666.17614746 614.504272461 122.032302856 1264.99938965 498.719055176 -130.424057007 1734.40478516 662.560058594 -97.6593475342 1257.9967041 365.394165039 -132.123291016 1697.26135254 623.555358887 -368.424438477 1181.55822754
0.0358221530914 8 570.657165527 -88.1526870728 1444.28747559 608.162841797 279.685638428 1577.27355957 601.890136719 52.653793335 1669.26843262 607.078979492 102.905029297 1261.01428223 498.230102539 -144.181304932 1738.95153809 657.780456543 -114.252578735 1251.39575195 343.162902832 -89.9442749023 1693.34790039 615.29473877 -378.538146973 1179.84082031
0.0320818424225 8 571.248291016 -92.0269393921 1446.11364746 609.117248535 278.42590332 1574.15124512 604.062255859 50.7443161011 1669.5390625 599.067871094 91.2559127808 1253.72607422 492.453033447 -147.362487793 1736.80529785 653.05480957 -117.920768738 1248.40405273 327.330627441 -72.6143569946 1686.37402344 612.596313477 -386.568054199 1174.25158691
0.0314130783081 8 575.007507324 -94.841835022 1445.31494141 611.462036133 274.847198486 1567.43762207 604.681213379 47.9058151245 1670.54223633 600.339416504 93.7171859741 1256.13574219 484.382537842 -152.552459717 1735.22839355 653.751342773 -118.64806366 1247.8717041 306.088043213 -47.2755203247 1673.87597656 614.990722656 -385.164642334 1177.24694824
0.042228937149 8 573.961303711 -92.5424194336 1441.71472168 613.077026367 273.592193604 1562.51696777 604.302612305 47.3725891113 1671.0748291 596.583374023 100.514953613 1253.7779541 480.300323486 -150.674224854 1733.16967773 654.569702148 -112.402160645 1249.43969727 291.73638916 -33.1212539673 1673.29406738 614.362548828 -384.281860352 1177.78186035
0.0312352180481 8 569.59564209 -83.0746917725 1438.04187012 614.716064453 273.236785889 1560.46350098 605.267822266 63.5400085449 1674.1529541 577.608154297 118.659606934 1243.73254395 473.902709961 -130.019210815 1735.31591797 658.461425781 -95.5886688232 1249.99938965 270.817626953 9.37603759766 1667.82141113 610.917602539 -401.223571777 1177.7244873
0.0314037799835 8 579.755004883 -77.995475769 1448.91442871 614.416503906 274.104797363 1562.84631348 606.433105469 63.5357666016 1675.07873535 604.865966797 115.602737427 1265.11413574 466.893127441 -123.208740234 1737.78894043 661.487609863 -94.4525299072 1251.43493652 253.635070801 30.179473877 1658.69213867 619.778869629 -380.117126465 1184.64318848
0.0350141525269 8 580.150085449 -82.5016784668 1462.75549316 614.223510742 273.881103516 1563.98022461 606.137084961 72.5592803955 1682.16345215 610.78918457 104.895217896 1270.91442871 446.161132812 -99.089263916 1756.74853516 658.121887207 -107.798187256 1252.59619141 243.362258911 55.2598876953 1657.39672852 615.015380859 -397.558959961 1182.81323242
0.031956911087 8 573.389648438 -83.7259521484 1466.06774902 615.348999023 271.90612793 1561.82641602 603.4375 72.4899291992 1688.22509766 599.212280273 98.2588500977 1263.89160156 434.496765137 -92.4299163818 1765.95031738 655.212280273 -106.234710693 1258.05566406 225.224227905 70.179901123 1652.08276367 615.782226562 -386.295562744 1185.7298584
0.031240940094 8 574.226806641 -73.9517593384 1465.59289551 616.786682129 270.897491455 1560.6204834 603.891113281 66.9374313354 1689.53845215 604.860839844 101.749046326 1267.92565918 430.160400391 -94.1231002808 1769.28625488 656.009460449 -99.1318283081 1263.16479492 208.999404907 78.2250900269 1645.61608887 651.498657227 -299.555786133 1208.78955078
0.0355319976807 8 570.903564453 -77.5510101318 1472.21276855 617.032287598 271.574157715 1560.81518555 593.981689453 67.7076034546 1698.1204834 603.018920898 100.272071838 1272.17590332 425.519592285 -91.9750595093 1772.15576172 656.522277832 -101.593482971 1269.01257324 194.632141113 83.2757492065 1641.15234375 615.257019043 -394.086578369 1185.25268555
0.0313181877136 8 568.310119629 -87.9227371216 1478.39196777 617.276916504 272.216308594 1560.3392334 583.977600098 50.3314361572 1700.93725586 609.413635254 83.5556945801 1283.99047852 415.356567383 -104.547790527 1776.08764648 659.649475098 -87.5988311768 1273.64208984 171.721206665 84.1325073242 1631.47680664 617.645996094 -383.01751709 1187.31872559
0.0313289165497 8 566.335266113 -104.00743103 1483.3416748 617.201782227 272.301177979 1559.58984375 568.690002441 37.7265167236 1699.96777344 634.056091309 58.1047210693 1293.19775391 390.257019043 -100.718673706 1765.39013672 658.843444824 -87.469909668 1272.02282715 154.491699219 87.7180786133 1621.95532227 618.651794434 -380.794006348 1189.02001953
0.0357608795166 8 563.064086914 -107.49180603 1482.59216309 617.402832031 272.61050415 1558.84545898 561.181335449 33.8029708862 1695.36914062 631.89666748 50.6599197388 1294.19873047 398.013824463 -96.2869644165 1768.01403809 651.067016602 -110.81174469 1268.64831543 139.732452393 101.683830261 1620.07141113 616.13067627 -388.763366699 1187.70837402
0.0321202278137 8 554.788085938 -106.147651672 1483.79504395 617.724060059 273.233184814 1558.68835449 537.894104004 36.8042755127 1689.51306152 624.103820801 57.3655090332 1306.31384277 392.635650635 -76.7517776489 1760.7590332 646.350158691 -120.064483643 1272.93798828 133.807250977 119.553474426 1612.6998291 611.439575195 -400.442657471 1187.47375488
0.0311908721924 8 554.954040527 -109.816856384 1479.8503418 617.867919922 272.985198975 1558.42358398 540.089233398 31.7158584595 1685.46472168 623.409301758 59.4139785767 1308.9564209 377.618347168 -67.1756973267 1749.71838379 639.352416992 -125.801170349 1273.82458496 120.495178223 126.538154602 1605.96057129 599.208312988 -406.12008667 1189.24499512
0.0357539653778 8 552.057128906 -112.898971558 1480.58068848 617.68536377 272.433898926 1557.67468262 532.22253418 33.0194244385 1680.99304199 623.837097168 59.6960296631 1316.53942871 346.073455811 -49.5294723511 1742.14770508 640.298156738 -122.457321167 1272.55358887 104.584350586 140.280487061 1598.01953125 605.117858887 -408.714233398 1183.63647461
0.0376789569855 8 552.827880859 -111.656669617 1474.16162109 617.510498047 272.156585693 1557.6307373 525.158752441 24.483291626 1677.12145996 628.932678223 67.2262573242 1323.49157715 314.184082031 -41.7884521484 1716.01330566 640.489135742 -114.449707031 1278.64477539 74.7300720215 147.675033569 1586.42333984 608.141235352 -400.338623047 1185.96020508
0.0320281982422 8 551.032409668 -113.740150452 1470.15026855 617.22833252 271.821014404 1556.70959473 518.008789062 20.3857727051 1673.31494141 632.337219238 69.4908905029 1328.12109375 286.211425781 -19.6316871643 1707.02685547 641.569274902 -110.437026978 1282.0579834 57.468536377 147.72467041 1581.49560547 615.611877441 -388.811523438 1192.35473633
0.0351259708405 8 550.044494629 -125.288085938 1481.40258789 616.994506836 271.335449219 1555.64318848 522.805664062 31.6029968262 1674.84667969 624.945922852 57.6062011719 1327.39941406 283.749206543 3.48213195801 1705.93884277 633.200561523 -122.002655029 1280.22460938 60.9561309814 146.879898071 1581.85180664 602.395385742 -404.478637695 1185.85107422
0.0313990116119 8 548.800415039 -128.562408447 1476.37988281 616.266845703 271.494232178 1555.09179688 523.658325195 26.9395904541 1673.90405273 621.896118164 61.8872528076 1327.33325195 277.8621521 2.34809303284 1700.66711426 627.710083008 -121.424163818 1281.32629395 55.3582611084 145.176681519 1571.0090332 599.404174805 -408.461181641 1180.0625
0.0308809280396 8 548.083374023 -128.264389038 1478.79956055 615.861877441 271.578613281 1555.03491211 519.04510498 30.776550293 1671.19140625 621.363464355 56.1039810181 1324.55834961 271.476409912 6.92397689819 1697.50549316 626.323852539 -129.152099609 1280.30444336 56.1229705811 148.447341919 1576.81640625 605.56036377 -407.000671387 1183.61791992
0.0359780788422 8 548.861022949 -126.020126343 1481.50183105 615.148010254 271.647857666 1554.29296875 519.05657959 34.6606292725 1670.43261719 619.843078613 53.7513885498 1323.24438477 267.48248291 10.2122993469 1694.77001953 626.949890137 -131.917938232 1279.76049805 54.0798492432 153.225326538 1581.61340332 601.604309082 -400.59588623 1186.06518555
0.0315248966217 8 549.008483887 -127.432548523 1483.00439453 614.258239746 271.646118164 1553.41259766 517.430725098 36.775100708 1667.98278809 620.320800781 49.4044418335 1322.31286621 267.219024658 12.5376968384 1692.91003418 625.278625488 -137.484893799 1278.1217041 54.338104248 156.408721924 1586.04882812 603.375244141 -415.364715576 1183.39294434
0.030946969986 8 549.317443848 -127.710838318 1483.5970459 613.135559082 271.753997803 1552.31359863 515.676208496 39.9417114258 1663.69091797 620.690979004 44.8810806274 1319.91772461 271.546264648 12.5574035645 1693.90332031 624.924987793 -149.53793335 1276.66552734 58.5472106934 160.622085571 1590.16223145 592.212768555 -436.058349609 1189.31958008
0.0357649326324 8 551.812194824 -130.204193115 1489.75830078 611.995300293 272.183349609 1551.37939453 515.367919922 42.7678985596 1663.80249023 625.075805664 39.2545623779 1324.06201172 270.149719238 15.5218105316 1693.41638184 626.533630371 -157.166992188 1277.44067383 62.4529876709 167.630081177 1594.50842285 584.969360352 -437.585021973 1205.9564209
0.0316970348358 8 554.041137695 -133.975738525 1497.20239258 611.02545166 272.562988281 1550.37316895 516.847595215 37.8221893311 1664.55651855 630.447692871 34.633682251 1340.23620605 271.002807617 10.1722736359 1695.55493164 625.344543457 -147.783569336 1277.82458496 63.0843811035 171.128921509 1587.54858398 596.88458252 -429.420318604 1193.31726074
0.0319221019745 8 548.47253418 -125.619163513 1484.54528809 610.23626709 273.265289307 1549.54736328 505.436279297 33.0168914795 1660.88647461 638.01940918 44.6161804199 1339.23461914 261.078399658 4.23564338684 1692.93066406 635.127807617 -136.635421753 1281.99060059 58.8966827393 171.226745605 1592.45922852 601.717224121 -423.091369629 1195.72424316
0.0354459285736 8 542.39855957 -121.690086365 1483.31604004 610.094299316 273.587219238 1549.25 487.764953613 26.2724304199 1664.89916992 641.020324707 53.36693573 1351.10742188 256.045227051 -5.78289413452 1690.91137695 637.905700684 -124.9789505 1285.0324707 59.6996307373 169.207687378 1591.61499023 604.898132324 -420.469207764 1197.40100098
0.0316460132599 8 542.458984375 -119.139465332 1478.82910156 610.049438477 273.617248535 1549.31872559 487.894256592 27.5599212646 1660.15600586 642.100097656 55.1413116455 1348.15600586 252.680664062 -1.78792572021 1688.2479248 636.110290527 -122.752822876 1294.30383301 58.6205749512 176.899536133 1592.66943359 611.415344238 -419.138916016 1200.6685791
0.0322909355164 8 546.018676758 -117.534431458 1477.99536133 609.78717041 274.21307373 1550.00683594 490.572875977 21.4542541504 1659.3482666 640.409301758 60.4348907471 1356.75842285 254.080917358 -4.91359710693 1685.65026855 635.828735352 -117.855728149 1293.56420898 66.6044006348 176.235473633 1589.16186523 612.186096191 -398.796264648 1205.25048828
0.0356011390686 8 545.859558105 -117.724578857 1478.63378906 610.001647949 274.58380127 1550.53015137 492.145294189 20.4597167969 1659.53991699 640.783569336 61.3960952759 1361.96130371 253.087661743 -3.89169883728 1684.5123291 635.47644043 -112.388954163 1299.96508789 29.866317749 204.349578857 1578.05041504 615.439025879 -400.897247314 1198.40576172
0.0317678451538 8 545.270751953 -115.734664917 1476.28137207 610.787353516 274.704345703 1550.2286377 492.757019043 20.952255249 1660.15270996 641.156677246 62.9875640869 1357.47888184 256.430664062 16.3517742157 1687.10803223 637.824951172 -115.425918579 1296.98400879 27.8415374756 215.091445923 1571.26733398 615.822265625 -401.693054199 1194.05163574
0.0373480319977 8 543.753967285 -113.641372681 1476.87561035 611.680053711 275.043701172 1550.56982422 493.073638916 21.2588195801 1660.63647461 638.643066406 67.802947998 1364.5871582 253.523605347 19.0844650269 1683.64880371 639.312805176 -116.453460693 1296.9954834 14.6594543457 219.9659729 1561.3762207 618.565551758 -393.017120361 1203.92175293
0.0356240272522 8 543.188537598 -113.982551575 1474.88659668 612.189086914 274.912902832 1551.28771973 493.180450439 21.9859008789 1660.78222656 640.045593262 67.8224945068 1360.38256836 252.060043335 28.2809448242 1685.55285645 640.877319336 -116.626525879 1297.5057373 7.68183898926 219.221954346 1558.83007812 612.65625 -402.40246582 1195.10107422
0.0308871269226 8 541.688110352 -112.295936584 1476.89160156 612.418151855 274.262542725 1551.39746094 490.359191895 24.1470184326 1659.37182617 642.683288574 66.4811096191 1365.5847168 248.666366577 34.9915084839 1684.76000977 645.106262207 -117.614639282 1299.08776855 4.33772277832 219.556610107 1549.32373047 626.475646973 -336.256591797 1198.22705078
0.031229019165 8 542.273132324 -106.3804245 1477.12194824 612.446105957 273.964080811 1551.10388184 487.814208984 24.1612091064 1657.72338867 645.812988281 68.1367263794 1370.13085938 243.543670654 39.6641616821 1683.17883301 649.625915527 -115.574638367 1303.26220703 0.362808227539 214.277862549 1548.20361328 622.247619629 -393.704956055 1198.26293945
0.0355679988861 8 541.53326416 -106.009674072 1477.3963623 612.124328613 274.009643555 1551.25048828 487.956878662 29.2155609131 1658.05322266 642.551452637 72.5039215088 1369.13037109 240.743362427 47.4439697266 1681.93005371 648.435180664 -116.432479858 1304.06469727 -7.1095123291 216.624954224 1543.18847656 623.929931641 -337.139892578 1196.14477539
0.0319328308105 8 539.755371094 -107.460922241 1476.51342773 612.492797852 273.619934082 1551.58117676 485.992767334 29.3904266357 1657.87487793 641.793518066 72.298538208 1367.95227051 240.300689697 45.6228790283 1678.2869873 649.299499512 -116.924987793 1303.81066895 -5.07322692871 203.871231079 1523.28930664 616.946472168 -399.53692627 1189.12426758
0.0356421470642 8 538.91619873 -109.19127655 1476.48522949 612.317382812 273.180206299 1551.7878418 483.877105713 29.9024658203 1657.89379883 642.015136719 69.9728546143 1364.43017578 234.66619873 52.5527954102 1670.10388184 648.665222168 -117.860397339 1304.25 -19.2962341309 204.906433105 1508.74328613 619.19909668 -405.856018066 1194.18481445
0.0313708782196 8 539.738647461 -106.270713806 1482.7401123 611.908447266 273.119018555 1552.15515137 478.754241943 40.2203369141 1656.94641113 641.967041016 69.0455780029 1362.98937988 229.35194397 68.487121582 1661.88684082 650.121887207 -118.410446167 1309.55688477 -15.2079162598 210.686019897 1498.57470703 620.958251953 -410.900024414 1210.16796875
0.0316650867462 8 538.879638672 -107.786529541 1481.95568848 612.232543945 272.947357178 1552.94458008 481.537475586 36.8599624634 1658.78747559 640.052856445 70.4951400757 1365.93859863 235.542175293 59.6451339722 1666.97424316 647.110961914 -115.815818787 1307.65148926 -6.82086181641 200.82434082 1487.73339844 615.925415039 -401.447357178 1201.40576172
0.0355930328369 8 539.378295898 -109.006309509 1480.85656738 612.269104004 272.561798096 1553.60131836 484.276489258 35.4657897949 1659.21166992 638.402832031 72.5876922607 1367.11645508 238.286560059 58.7051391602 1665.39794922 643.848510742 -116.650360107 1306.48535156 -7.30781555176 193.457778931 1482.64904785 607.034423828 -409.855255127 1214.24658203
0.046532869339 8 540.079772949 -108.6900177 1479.43334961 612.807495117 272.054138184 1554.19177246 485.416900635 35.3153839111 1658.9453125 637.610717773 75.2224884033 1367.12060547 241.864059448 56.2766876221 1666.84802246 641.718200684 -118.77305603 1306.52258301 -1.46939086914 189.625930786 1472.77075195 626.760925293 -363.528442383 1222.27392578
0.0248100757599 8 546.47064209 -109.715774536 1492.40930176 613.162414551 272.133178711 1554.69104004 495.852142334 41.0692901611 1664.45324707 635.649536133 77.6192169189 1383.5501709 252.454116821 60.2605819702 1664.91015625 631.972595215 -123.385101318 1301.53674316 13.2411804199 190.224334717 1470.78051758 615.860046387 -365.852203369 1210.38659668
0.036838054657 8 546.937927246 -114.524543762 1492.67126465 613.745178223 271.928894043 1555.57348633 498.573822021 41.3000030518 1664.73583984 630.20098877 71.996887207 1372.23974609 254.594192505 53.5493202209 1654.10766602 629.459411621 -124.593856812 1299.25878906 19.9449462891 182.716934204 1461.13024902 615.157531738 -371.753662109 1212.55712891
0.0382509231567 8 547.475769043 -115.886138916 1492.38635254 614.01953125 271.57635498 1556.62316895 500.531616211 41.7596435547 1664.66271973 628.327392578 71.3507995605 1369.33947754 255.848800659 53.9634170532 1655.79052734 628.349975586 -125.246047974 1298.89257812 14.7336883545 180.97277832 1455.66796875 588.453308105 -427.413696289 1197.08959961
0.028883934021 8 546.755981445 -117.41960144 1492.25390625 613.784545898 271.213531494 1557.76306152 500.884429932 41.5251922607 1664.74047852 627.11517334 69.1428451538 1366.33227539 255.494522095 45.700717926 1646.01525879 628.41204834 -126.125419617 1298.47497559 22.3805389404 171.986206055 1450.92053223 612.373168945 -371.537597656 1206.59692383
0.0315270423889 8 547.24005127 -121.147010803 1485.37536621 613.453857422 270.732879639 1558.54150391 498.110534668 40.5770568848 1661.77844238 633.251037598 56.8595046997 1341.84020996 251.676605225 42.6813697815 1636.54797363 630.28717041 -131.70199585 1297.36645508 25.612487793 174.786514282 1438.83752441 613.284484863 -374.112243652 1209.23486328
0.031357049942 8 545.822265625 -118.039001465 1484.92321777 613.373718262 270.633483887 1558.75744629 494.02053833 40.1429595947 1658.67810059 631.867431641 63.1307220459 1351.99621582 246.144134521 42.3232002258 1629.54321289 641.778259277 -110.563674927 1289.16650391 39.2646942139 187.574569702 1482.19189453 614.635620117 -377.076293945 1210.12438965
0.0313038825989 8 548.922546387 -114.327293396 1492.94677734 612.586914062 270.744354248 1559.24255371 493.399810791 47.4641494751 1655.05029297 625.810913086 59.085395813 1353.11425781 238.645675659 59.9090499878 1601.3145752 644.489440918 -103.655754089 1286.51196289 24.3208007812 177.389099121 1430.43237305 602.767883301 -391.962860107 1206.96057129
0.0353591442108 8 552.405334473 -110.388618469 1497.19116211 611.909240723 270.200836182 1559.92126465 495.271942139 53.2762527466 1656.21191406 622.830078125 64.9644241333 1357.0847168 243.145370483 61.5868377686 1605.63574219 644.174987793 -105.307319641 1288.27209473 26.6864929199 182.686416626 1430.33532715 600.366516113 -400.670349121 1198.73498535
0.0308449268341 8 552.34173584 -111.160202026 1494.33935547 611.641174316 269.804962158 1560.95422363 494.867401123 49.1643371582 1655.125 627.037597656 65.8785095215 1360.40942383 245.333358765 53.0767326355 1605.01501465 642.087890625 -113.58934021 1289.88549805 33.8263549805 167.578430176 1427.2364502 607.634033203 -392.211914062 1209.68847656
0.042829990387 8 552.04699707 -121.572814941 1494.2644043 611.15032959 269.735839844 1560.6451416 493.425872803 43.6161422729 1653.22424316 632.819091797 49.0542984009 1351.59533691 246.74710083 43.4453353882 1603.35632324 636.294128418 -139.236236572 1287.08862305 19.9786834717 162.197875977 1413.37976074 609.47479248 -415.979980469 1196.85021973
0.0318579673767 8 551.495300293 -119.007766724 1487.43395996 610.95123291 269.905395508 1560.63183594 492.025604248 34.4825134277 1652.73876953 636.986694336 54.7786178589 1357.39086914 246.720428467 31.7464065552 1602.34533691 638.345947266 -148.052001953 1284.70568848 10.298828125 153.117767334 1413.7064209 638.229064941 -338.643798828 1210.88806152
0.0299229621887 8 552.654907227 -123.778800964 1475.48425293 610.988525391 269.708709717 1560.60888672 486.631713867 21.9926605225 1650.10388184 646.204650879 65.7520446777 1368.58728027 242.146148682 17.5298805237 1597.75219727 645.895141602 -141.342498779 1285.37719727 8.74624633789 135.672485352 1416.73510742 640.777709961 -314.658660889 1211.60986328
0.0308151245117 8 552.691772461 -122.346557617 1477.94384766 610.630554199 268.935119629 1560.10974121 485.341552734 24.318145752 1646.70141602 647.962219238 62.577796936 1371.8671875 241.575866699 20.3571243286 1599.67456055 644.855834961 -145.411682129 1282.05371094 7.73590087891 137.183898926 1413.68640137 635.480957031 -351.491851807 1223.69238281
0.0350370407104 8 552.166625977 -121.040184021 1477.92321777 610.820129395 268.332641602 1559.74328613 483.085388184 24.4364471436 1644.63891602 649.221618652 64.1297683716 1377.81176758 238.164764404 22.7333946228 1597.54638672 656.376281738 -107.924232483 1314.19372559 0.800491333008 131.37902832 1423.07275391 641.413330078 -320.133148193 1227.91467285
0.031546831131 8 550.757263184 -118.882614136 1477.58642578 611.204711914 268.417053223 1560.55664062 480.546813965 25.9900360107 1643.42272949 647.788146973 67.8802947998 1382.0670166 235.111816406 25.4606723785 1596.0357666 653.193115234 -91.7291107178 1321.77038574 -1.32992553711 134.920913696 1423.9296875 633.879211426 -318.4765625 1261.81066895
0.0396962165833 8 549.725524902 -119.615440369 1478.59228516 610.733520508 268.865997314 1560.45910645 480.694519043 25.4687194824 1643.76123047 645.637512207 66.9138946533 1383.18164062 234.245025635 24.3819217682 1595.34265137 651.347229004 -87.5699462891 1319.35839844 -11.1374816895 124.29019928 1438.45483398 641.15637207 -317.309448242 1227.3626709
0.031674861908 8 543.160583496 -104.757728577 1481.72741699 611.184265137 269.906158447 1561.19287109 482.544647217 40.3649978638 1647.94250488 626.422790527 85.2031326294 1385.05944824 234.797317505 38.0161209106 1599.24523926 647.785522461 -96.0199050903 1309.37939453 -6.52264404297 136.011886597 1449.30297852 638.065673828 -336.317932129 1216.13452148
0.0298800468445 8 541.02142334 -97.0619049072 1482.39892578 611.423522949 269.951416016 1560.77990723 485.967712402 47.3627548218 1650.88977051 622.28717041 90.969367981 1380.81774902 236.720687866 44.8112716675 1602.54016113 647.560424805 -99.5967178345 1307.77685547 -8.43899536133 139.849639893 1452.20471191 626.668518066 -326.640106201 1282.61755371
0.0406460762024 8 538.583862305 -103.150924683 1475.18347168 611.321472168 269.881652832 1560.33581543 480.632415771 40.5854263306 1646.16540527 629.389221191 87.770866394 1382.68127441 232.079528809 40.1770629883 1598.68395996 652.010742188 -93.3340530396 1311.48413086 -5.72581481934 133.52444458 1446.81140137 630.631286621 -324.504089355 1285.36791992
0.0321328639984 8 542.558410645 -104.141555786 1471.42272949 610.95715332 270.83026123 1560.44665527 481.348937988 34.8291931152 1644.38049316 636.261901855 88.6151123047 1387.52746582 227.344360352 37.6404190063 1596.94812012 656.39630127 -87.2575073242 1313.05126953 -14.0735626221 126.233688354 1452.89111328 630.589660645 -331.736328125 1288.83740234
0.0290229320526 8 552.555175781 -120.224067688 1469.59326172 611.132263184 271.029144287 1561.23901367 488.126831055 22.9556274414 1642.8885498 652.683105469 73.1188201904 1384.29577637 234.791549683 18.2304649353 1607.63586426 656.216003418 -75.853805542 1314.8059082 -26.1530609131 109.065856934 1469.4263916 635.686523438 -307.439575195 1289.46325684
0.0375430583954 8 554.402709961 -123.780265808 1465.26538086 611.251586914 270.843261719 1561.85754395 491.336181641 17.6125793457 1641.10241699 658.491943359 68.8590927124 1381.93737793 235.824325562 10.9715766907 1617.15649414 656.835144043 -71.6594467163 1315.78527832 -20.1806488037 106.156204224 1465.98681641 637.749206543 -295.968200684 1288.04016113
0.0314619541168 8 552.891174316 -120.76852417 1462.69042969 610.184326172 270.818847656 1563.44006348 488.242584229 20.171295166 1641.11584473 651.074768066 78.57421875 1382.0579834 233.024887085 13.0671005249 1614.93640137 660.138183594 -70.3865966797 1315.4017334 -30.9172515869 98.1816558838 1478.2076416 644.422058105 -258.735992432 1257.30151367
0.0294940471649 8 560.709106445 -118.257858276 1464.93029785 609.687133789 270.654144287 1564.84228516 509.974029541 16.0025024414 1654.6965332 655.364685059 86.4239196777 1389.05615234 225.349121094 3.5246515274 1616.45068359 667.212402344 -65.8054504395 1320.80957031 -39.1005859375 81.2669372559 1481.71606445 642.187805176 -293.324920654 1277.15405273
0.0303871631622 8 563.839477539 -117.050888062 1465.18212891 609.619689941 270.636657715 1565.90222168 515.795471191 11.5698699951 1662.69226074 661.56048584 87.4834442139 1384.69543457 220.929962158 -8.66668891907 1621.25720215 680.827758789 -91.9193267822 1340.37963867 -50.7543945312 68.550819397 1489.07653809 655.35748291 -220.897766113 1263.72216797
0.0350329875946 8 564.996704102 -116.325164795 1465.66162109 609.31262207 270.789672852 1569.39294434 515.335571289 10.742401123 1665.15380859 664.054199219 87.4758911133 1381.62402344 227.022003174 -23.1836051941 1634.14331055 679.605773926 -75.3484802246 1334.90539551 -41.3230895996 65.311630249 1498.91052246 652.674499512 -225.880599976 1254.71582031
0.0314698219299 8 562.040039062 -121.22542572 1463.39831543 609.50994873 269.723205566 1573.24353027 507.80682373 10.144821167 1660.1505127 663.542663574 76.8119812012 1366.49987793 244.603546143 -33.3424987793 1645.82116699 671.552307129 -108.17250061 1316.39575195 -28.8155517578 58.2464141846 1515.52331543 653.734863281 -218.922515869 1255.45422363
0.0313019752502 8 561.453552246 -122.676811218 1462.16821289 609.447143555 268.625946045 1573.27392578 506.685394287 6.47807312012 1663.24768066 661.674743652 74.4603347778 1356.30871582 250.148040771 -40.0431137085 1652.08300781 667.143127441 -115.875663757 1313.31164551 -48.118560791 45.9427871704 1536.48620605 629.09552002 -325.001464844 1213.81604004
0.0354700088501 8 560.936279297 -122.37902832 1460.83996582 607.847900391 265.643249512 1582.29492188 506.932159424 7.08972167969 1659.70031738 656.385437012 71.0412597656 1348.1361084 257.293518066 -40.8247032166 1658.66149902 663.905944824 -120.189407349 1308.53613281 -36.7769165039 43.0452384949 1549.76696777 605.97265625 -400.897155762 1166.86938477
0.0315201282501 8 570.930786133 -129.924133301 1489.77563477 608.316711426 264.213195801 1585.69836426 538.979370117 27.0541992188 1673.57116699 630.950317383 47.8371887207 1334.07531738 307.354125977 -27.8777809143 1692.04016113 637.710632324 -138.694869995 1294.40356445 -11.4398803711 55.6481437683 1577.14611816 585.33795166 -439.565429688 1145.72106934
0.0353488922119 8 571.546630859 -132.914733887 1497.9642334 608.838928223 264.704223633 1582.97705078 541.682434082 33.2172698975 1671.71923828 628.450012207 40.6292877197 1338.8190918 318.786193848 -21.6689071655 1705.76623535 633.083862305 -146.634933472 1288.77758789 -3.17065429688 56.0309677124 1588.87597656 583.673156738 -397.055236816 1168.38781738
0.0316350460052 8 570.501037598 -132.647781372 1499.01977539 609.421569824 263.139343262 1586.82043457 545.340270996 32.0492706299 1673.89746094 626.946960449 37.0445098877 1336.6652832 325.81036377 -23.8744888306 1713.84533691 629.721801758 -148.096084595 1285.72412109 -2.79595947266 50.0560760498 1598.34912109 578.514160156 -398.737548828 1169.02832031
0.0314481258392 8 569.666503906 -129.255111694 1501.70849609 609.559936523 261.256774902 1590.60681152 550.120727539 31.0068817139 1676.75585938 622.417480469 30.7106170654 1333.37548828 332.010253906 -24.6433868408 1719.10375977 623.223815918 -154.04510498 1281.96875 1.89813232422 48.2104721069 1618.23852539 572.309082031 -412.263793945 1161.06347656
0.0359129905701 8 565.593505859 -122.938896179 1509.46154785 609.968139648 260.441101074 1593.30505371 553.273986816 40.005531311 1677.43261719 618.165222168 20.8772735596 1332.06298828 336.200500488 -20.6887893677 1722.59936523 616.616271973 -162.774688721 1281.83129883 9.08102416992 49.940826416 1621.63098145 566.84765625 -414.764892578 1161.63623047
0.035493850708 8 565.551513672 -121.954788208 1513.11889648 610.657348633 258.34588623 1598.0526123 552.726013184 43.5919265747 1676.64587402 617.866516113 15.592086792 1332.41052246 336.164367676 -20.3239021301 1723.05187988 616.094909668 -168.48374939 1282.32849121 6.44900512695 49.4529457092 1637.08776855 573.775146484 -474.301025391 1131.02990723
0.0419940948486 8 566.15411377 -134.734176636 1511.29089355 611.665344238 257.344390869 1601.66723633 547.827758789 38.0001449585 1677.41796875 622.899414062 10.1054382324 1328.06176758 330.821624756 -24.7173652649 1722.48510742 621.008911133 -197.241012573 1273.22460938 -3.23370361328 40.6965522766 1637.53710938 577.38861084 -419.70602417 1156.16564941
0.0352790355682 8 571.522766113 -153.968276978 1512.64819336 612.319335938 256.857757568 1603.96557617 542.758300781 36.0089263916 1677.54931641 628.936889648 7.12315368652 1325.92773438 325.69519043 -31.6458511353 1722.84411621 627.09173584 -187.684280396 1274.80236816 -0.406005859375 36.8024291992 1644.04577637 584.084106445 -418.974365234 1157.55651855
0.0293049812317 8 572.382263184 -155.024993896 1510.90075684 612.110656738 257.486022949 1602.14978027 544.091064453 33.9078063965 1678.44006348 629.40612793 9.95581054688 1326.25183105 326.636047363 -35.4675598145 1726.04711914 627.102661133 -182.947494507 1272.7869873 0.527648925781 31.5478057861 1650.88061523 582.947143555 -415.172790527 1158.78955078
0.0343940258026 8 572.422119141 -153.742614746 1510.41931152 612.190185547 257.080688477 1604.62084961 543.459777832 33.3562469482 1679.20996094 629.708312988 11.9084014893 1327.07983398 324.933837891 -36.8984680176 1729.05419922 625.938415527 -186.552032471 1258.65380859 -3.48275756836 26.3892593384 1649.96655273 584.074462891 -417.231994629 1157.82226562
0.0333249568939 8 572.169433594 -153.404251099 1509.87561035 612.376953125 257.77734375 1603.7644043 542.85144043 30.9470062256 1680.55285645 630.25793457 12.2347564697 1327.76208496 322.998321533 -37.3667526245 1731.58764648 624.948608398 -187.027526855 1260.57165527 -1.13519287109 23.6382865906 1651.48974609 578.529541016 -430.170593262 1158.45812988
0.0296349525452 8 566.597412109 -147.956207275 1501.36364746 612.791931152 256.901672363 1605.65380859 547.790893555 24.7620849609 1681.24353027 618.892089844 23.7239685059 1327.1986084 327.675842285 -42.9220123291 1732.44873047 617.441955566 -180.323135376 1258.2565918 3.97061157227 16.7778625488 1655.54931641 575.526489258 -427.843383789 1151.48937988
0.039717912674 8 568.152099609 -149.79876709 1502.57165527 613.293579102 256.038726807 1606.55480957 546.900268555 25.1392822266 1681.765625 622.183105469 22.2582397461 1327.52124023 327.789703369 -45.3820724487 1736.38830566 617.709350586 -186.020202637 1254.57678223 6.13940429688 19.2999267578 1654.66638184 570.316772461 -441.729553223 1160.51171875
0.031307220459 8 568.451049805 -151.646224976 1502.70703125 613.939758301 255.447036743 1607.3951416 546.274780273 23.9580688477 1682.31726074 624.034057617 21.2730102539 1327.78381348 327.482116699 -49.0271453857 1736.2635498 618.345947266 -188.359283447 1255.35888672 14.7222290039 19.532661438 1649.9309082 571.745300293 -446.903167725 1168.92919922
0.0285828113556 8 567.364318848 -152.255783081 1503.67260742 614.496643066 255.222579956 1607.66552734 543.158081055 23.7637786865 1684.28710938 625.93359375 20.2939910889 1327.6418457 325.009094238 -49.4592285156 1735.89526367 622.05480957 -185.204269409 1259.94873047 9.36544799805 22.3227920532 1639.95349121 583.20916748 -429.990783691 1160.68774414
0.0304989814758 8 568.514038086 -145.592849731 1513.30004883 615.684326172 255.38458252 1608.31970215 537.069213867 34.0753936768 1683.31933594 628.944824219 13.5587921143 1331.10473633 318.925842285 -39.840057373 1735.21362305 627.419372559 -192.992767334 1262.06420898 8.90475463867 28.1890563965 1631.67248535 589.69744873 -436.914489746 1166.55554199
0.0348260402679 8 568.375610352 -145.817077637 1513.64709473 616.851867676 255.867904663 1609.76831055 532.143249512 34.8763427734 1681.76013184 634.752990723 11.6102294922 1331.88952637 313.945617676 -38.9356689453 1734.046875 631.881958008 -191.045318604 1265.59338379 0.637359619141 33.6370239258 1614.4855957 594.409362793 -435.904541016 1167.22106934
0.0313839912415 8 569.330444336 -146.905288696 1515.01135254 617.748962402 256.300720215 1610.78601074 531.764221191 34.3908996582 1681.95690918 636.608093262 9.02774047852 1332.5032959 311.793823242 -38.1115875244 1733.60388184 633.897583008 -191.516830444 1265.61743164 0.814758300781 32.3141174316 1605.85839844 596.499755859 -441.890686035 1168.13977051
0.0312609672546 8 566.622070312 -144.128082275 1500.7833252 618.207519531 255.996414185 1611.38134766 527.503417969 17.7737884521 1682.41027832 646.387573242 22.7693328857 1337.95300293 305.068023682 -53.0677947998 1731.72314453 640.978210449 -173.248641968 1267.08032227 -2.21853637695 16.8214187622 1593.94165039 604.703491211 -421.192871094 1166.76062012
0.0353801250458 8 569.561340332 -125.701080322 1496.09069824 618.996826172 256.550048828 1611.53271484 535.46270752 22.9645843506 1687.53637695 624.659118652 53.0360565186 1338.1887207 312.962524414 -46.3722839355 1734.06604004 634.178771973 -168.557571411 1263.99963379 3.32348632812 22.8615112305 1587.70361328 598.789367676 -424.654602051 1167.89648438
0.0314190387726 8 568.381408691 -122.23614502 1490.54614258 619.414672852 256.597015381 1611.11706543 537.693664551 25.5827636719 1688.65112305 615.469909668 50.6835021973 1317.57397461 314.59942627 -43.2639694214 1734.02990723 633.502990723 -165.620101929 1263.49707031 33.662109375 27.1125183105 1559.4864502 604.772766113 -367.97177124 1169.56359863
0.0317058563232 8 563.825622559 -130.249069214 1513.10144043 619.491577148 256.405090332 1610.92492676 543.707214355 57.1789932251 1689.28198242 606.745788574 23.0530548096 1310.04931641 319.719238281 -10.5569458008 1733.24597168 628.473876953 -182.084457397 1265.91296387 29.405090332 64.0301208496 1542.8651123 598.825744629 -450.305786133 1174.58190918
0.0355501174927 8 564.555236816 -130.361694336 1512.07641602 619.814758301 256.2578125 1610.12145996 544.636657715 56.7153701782 1688.55041504 607.675842285 21.5664978027 1308.12463379 319.440246582 -9.04055023193 1722.2388916 629.588317871 -181.873184204 1265.6697998 35.1985168457 62.4663543701 1528.49584961 601.807495117 -450.56048584 1175.07470703
0.0315330028534 8 559.976013184 -124.777153015 1505.45349121 620.248168945 256.695800781 1608.90698242 538.373352051 76.6353759766 1687.18652344 590.723449707 26.6797332764 1281.45288086 306.258300781 14.2586174011 1707.77905273 642.764648438 -185.490661621 1276.04309082 23.1589355469 84.1903533936 1515.08410645 607.694824219 -470.303894043 1179.10498047
0.0318138599396 8 559.232666016 -117.089752197 1498.78674316 620.566955566 257.322875977 1608.15124512 540.057250977 74.1538848877 1688.25695801 586.231079102 36.5846099854 1278.56799316 303.186920166 11.91173172 1701.45983887 652.285461426 -141.825942993 1286.25134277 28.4999389648 79.0247650146 1502.8770752 610.034545898 -466.389648438 1198.82531738
0.0356919765472 8 558.674377441 -112.766677856 1496.20446777 620.770080566 258.219604492 1607.19091797 540.578430176 76.4304962158 1687.55578613 583.542541504 41.3597869873 1276.28356934 300.570800781 13.8034133911 1692.68432617 657.097473145 -130.160491943 1288.42797852 29.5491027832 77.2469558716 1484.08666992 603.315124512 -472.41708374 1192.27758789
0.0317711830139 8 560.260498047 -108.466522217 1495.25720215 620.700866699 259.56451416 1605.24560547 542.559448242 81.5764846802 1684.92883301 584.568847656 42.6881942749 1273.9732666 299.700927734 18.0671806335 1686.24121094 660.084106445 -137.677581787 1291.31420898 29.3067016602 80.6737213135 1469.67651367 612.765136719 -465.142730713 1200.68859863
0.0321979522705 8 561.955078125 -105.490188599 1492.45361328 620.901306152 260.708435059 1603.40771484 541.157531738 89.0449981689 1675.13146973 586.772033691 44.5019073486 1272.14831543 295.94430542 22.7573013306 1679.98693848 663.958984375 -135.734558105 1291.53540039 36.7286987305 82.7326431274 1455.58605957 618.618286133 -445.424804688 1212.97497559
0.0363960266113 8 561.590270996 -105.52797699 1494.53173828 621.594848633 262.987121582 1597.66015625 538.508422852 92.4712142944 1678.80957031 586.662109375 45.8201141357 1270.56689453 294.127838135 27.906578064 1669.92578125 664.294677734 -136.773239136 1292.21777344 30.6564025879 83.3664169312 1435.92077637 649.39440918 -395.467651367 1283.02832031
0.0316679477692 8 562.437744141 -103.545661926 1496.21972656 622.48425293 263.979003906 1594.00830078 534.405212402 95.6576461792 1680.35778809 588.966369629 46.4075775146 1269.97839355 282.175842285 29.8496017456 1637.49316406 667.228637695 -138.520248413 1295.1661377 32.7035522461 84.4753265381 1422.58996582 655.7109375 -403.674255371 1294.7010498
0.0317358970642 8 550.008300781 -85.1285171509 1451.59033203 623.592041016 265.802856445 1587.6496582 514.14263916 49.7972564697 1671.46655273 607.190795898 94.9120483398 1272.27880859 255.310302734 -14.2640228271 1617.2052002 686.725036621 -91.7554473877 1300.88989258 18.8647766113 35.2025871277 1404.16186523 633.911987305 -448.670837402 1201.31542969
0.0439162254333 8 561.777648926 -87.3697052002 1444.91357422 623.825317383 265.730133057 1586.48901367 519.054382324 41.17578125 1665.53967285 599.354309082 101.749420166 1272.15026855 262.263244629 -21.1377487183 1608.41918945 679.744812012 -84.4734649658 1303.01257324 29.0931549072 26.4797668457 1394.4206543 625.163024902 -442.280212402 1200.41296387
0.0297138690948 8 562.419372559 -85.4490356445 1445.19689941 624.190429688 267.0284729 1582.046875 515.854248047 45.5794448853 1660.79260254 601.902832031 99.635093689 1271.9822998 263.926879883 -17.1797637939 1602.67114258 688.125183105 -108.978157043 1304.41345215 31.6437683105 25.8089752197 1381.58105469 620.876220703 -468.392791748 1185.51257324
0.0306949615479 8 566.851318359 -91.2070007324 1442.00842285 624.163269043 267.208251953 1578.47094727 512.106079102 36.1138381958 1655.76318359 616.398193359 100.687034607 1281.9440918 262.924621582 -26.6232643127 1594.43212891 692.096984863 -115.716804504 1309.10876465 30.2414550781 12.3003005981 1365.04431152 621.726135254 -475.903167725 1181.93969727
0.0356349945068 8 565.315490723 -96.7762680054 1447.75109863 624.440551758 267.280517578 1575.95483398 511.869934082 42.5450286865 1650.51208496 619.959655762 88.0086364746 1285.7401123 267.070648193 -19.9243240356 1591.66467285 692.731201172 -130.997299194 1306.30285645 40.8605957031 16.0682220459 1359.29492188 651.512451172 -374.969177246 1283.65661621
0.0308980941772 8 570.216247559 -104.738456726 1457.92272949 625.207763672 267.423156738 1571.33178711 516.116455078 48.3946762085 1647.52270508 624.268920898 74.6759262085 1292.95727539 276.959228516 -14.6515960693 1586.2043457 690.228027344 -149.218200684 1300.66906738 49.8412475586 17.8034133911 1346.5078125 656.36126709 -375.834655762 1287.12463379
0.0314259529114 8 571.203796387 -108.226768494 1462.26855469 625.156677246 266.984008789 1571.61682129 515.586120605 54.620223999 1645.97668457 619.477111816 69.0422058105 1290.20251465 280.651123047 -10.7359008789 1578.53320312 688.946777344 -156.05632019 1298.55297852 53.76171875 21.8798217773 1339.72460938 652.38104248 -380.171417236 1282.82629395
0.035208940506 8 571.885620117 -110.899688721 1458.28747559 625.467834473 267.011230469 1566.07763672 515.611755371 49.5781478882 1638.27563477 621.764343262 69.0280838013 1295.64111328 284.681396484 -14.6981658936 1572.9987793 690.240844727 -153.177001953 1297.87365723 52.1297912598 16.2673473358 1328.63037109 639.763671875 -410.207733154 1278.40991211
0.031485080719 8 571.74395752 -112.588745117 1456.73352051 625.727233887 266.690612793 1562.71069336 515.822509766 50.5901870728 1628.75256348 623.568725586 63.8114242554 1296.91345215 288.422302246 -14.6829528809 1563.38037109 690.036987305 -156.784393311 1298.38037109 63.8600769043 15.2426738739 1325.20849609 645.401916504 -392.223022461 1280.1842041
0.0400199890137 8 570.961181641 -112.017326355 1455.28063965 625.653320312 266.74810791 1560.35400391 514.055297852 51.073677063 1625.5111084 626.124389648 64.7947158813 1298.72375488 287.865112305 -16.2661819458 1556.01074219 691.77355957 -157.076782227 1301.99584961 60.9530029297 11.0304965973 1316.68908691 651.815185547 -445.028076172 1272.87719727
0.039666891098 8 570.51739502 -110.405174255 1455.47888184 626.050537109 266.806182861 1558.19763184 512.621398926 51.4088897705 1629.11523438 626.818664551 66.9745788574 1297.20043945 283.829162598 -16.598739624 1549.34997559 693.37109375 -156.589767456 1304.86669922 58.7055206299 7.78721618652 1308.9432373 638.723876953 -474.537841797 1266.50683594
0.0338051319122 8 574.840087891 -111.634460449 1462.61315918 625.450134277 266.742156982 1560.10009766 517.350036621 45.0126495361 1626.93066406 641.875915527 66.5199432373 1326.19116211 286.008361816 -24.5205764771 1539.6451416 687.735717773 -152.840942383 1312.58581543 61.9426879883 -1.31463813782 1301.66503906 625.692016602 -470.014556885 1261.01171875
0.0327179431915 8 571.3359375 -128.834609985 1465.39868164 625.625976562 267.156799316 1558.77941895 524.070739746 28.0158691406 1621.28222656 635.839660645 52.8789978027 1347.26611328 295.209197998 -43.1421508789 1535.33068848 680.588989258 -143.419616699 1318.07104492 67.9304046631 -20.3775119781 1297.50817871 617.760437012 -456.393249512 1262.27807617
0.0305421352386 8 573.744628906 -128.008621216 1472.84387207 625.37286377 267.983154297 1557.13586426 524.845397949 33.138961792 1620.34472656 640.503967285 49.321434021 1353.62329102 296.578216553 -40.3785247803 1532.12658691 677.88470459 -149.492126465 1319.08288574 71.7296600342 -17.3630428314 1298.90136719 622.11505127 -464.454864502 1264.25109863
0.02876496315 8 581.120727539 -130.053161621 1478.47314453 625.080688477 267.938232422 1555.51367188 532.717468262 34.4249725342 1621.30444336 637.627868652 47.3613967896 1355.4777832 304.056304932 -40.5406799316 1532.33447266 671.350524902 -154.315307617 1317.76757812 76.5496063232 -17.546957016 1306.4720459 612.066894531 -472.53515625 1256.77075195
0.0349960327148 8 581.037231445 -131.892288208 1479.97961426 624.648193359 268.096466064 1554.27807617 531.624267578 33.3785247803 1623.07775879 641.457763672 45.86693573 1357.56921387 304.072265625 -41.2554092407 1535.22167969 672.588012695 -152.770111084 1313.06274414 73.2360076904 -18.4953632355 1314.69848633 619.24230957 -476.863006592 1259.35290527
0.0307509899139 8 581.607421875 -130.734680176 1478.3112793 624.393798828 268.496765137 1552.99169922 532.098815918 34.4322357178 1619.28076172 642.952575684 44.7824859619 1355.69726562 305.323669434 -41.0135345459 1534.27429199 672.25994873 -154.032089233 1310.0065918 64.2121582031 -17.6147060394 1321.95129395 615.762329102 -483.996582031 1257.04724121
0.0326919555664 8 581.585449219 -131.24559021 1476.92883301 624.22454834 268.281494141 1552.1027832 531.960632324 35.9395599365 1615.69042969 641.423156738 43.94506073 1352.84790039 304.784912109 -41.0835418701 1532.68322754 671.816711426 -160.218688965 1311.65075684 133.620315552 -28.717048645 1375.10986328 614.451965332 -491.267486572 1252.16467285
0.0350470542908 8 580.894775391 -132.119613647 1477.13256836 623.962402344 268.033630371 1551.4276123 532.357788086 36.6400604248 1616.91882324 640.065795898 43.6684417725 1350.74694824 304.32989502 -40.9031219482 1535.24902344 672.54888916 -160.523010254 1311.09069824 56.7445831299 -23.6978054047 1355.3092041 614.590759277 -482.460327148 1254.7244873
0.0312509536743 8 581.995788574 -133.081268311 1481.18457031 623.545166016 267.698486328 1550.88330078 535.618103027 43.6631622314 1616.68041992 631.941955566 39.2109222412 1341.29345703 309.271270752 -41.6728591919 1540.42553711 670.168395996 -168.469741821 1309.71130371 62.2633972168 -34.7836227417 1353.45910645 615.026306152 -491.845336914 1251.41943359
0.0314450263977 8 586.001342773 -129.917800903 1488.21691895 622.677368164 267.718688965 1550.38671875 530.903381348 45.8143768311 1613.27453613 639.394836426 33.9462127686 1347.30969238 306.17175293 -49.3452835083 1548.12463379 675.21887207 -175.046142578 1312.39624023 41.2634887695 -27.70728302 1390.79418945 618.753295898 -489.543609619 1256.03125
0.0356209278107 8 585.225769043 -131.561752319 1486.7467041 622.359741211 267.781066895 1550.92260742 534.122619629 46.3431396484 1614.60461426 636.089294434 33.5517578125 1342.66369629 305.958496094 -47.1216049194 1543.83581543 673.502807617 -177.422653198 1310.58068848 37.7947998047 -41.3366088867 1421.38061523 616.421447754 -490.986083984 1255.51147461
0.0317029953003 8 584.326171875 -130.947998047 1484.98803711 621.742736816 268.532501221 1551.87817383 536.203125 45.0103607178 1618.49694824 634.818847656 36.5533294678 1341.8248291 306.212738037 -52.2220458984 1552.41699219 671.972900391 -177.825210571 1303.35266113 35.7186889648 -49.5339431763 1432.27478027 627.260803223 -411.87512207 1211.2421875
0.0314030647278 8 584.817321777 -128.981155396 1491.08203125 621.561157227 268.276306152 1552.6595459 541.638305664 43.0296936035 1619.85778809 633.456542969 45.0522079468 1367.05749512 308.938354492 -59.5812911987 1562.10180664 668.902404785 -175.215606689 1300.0123291 29.495300293 -56.2273635864 1447.30773926 609.544616699 -488.867645264 1246.42431641
0.0355219841003 8 580.102600098 -136.020462036 1490.98547363 621.052978516 268.407775879 1554.34875488 529.673583984 33.1352386475 1624.01794434 633.03137207 30.995223999 1356.23083496 307.972259521 -55.767074585 1571.38378906 662.743041992 -187.855026245 1290.84094238 37.2619018555 -46.158996582 1446.36560059 610.676330566 -500.095336914 1242.69934082
0.0316069126129 8 578.622253418 -140.256546021 1493.22546387 620.378234863 268.035339355 1556.04870605 522.664306641 24.1555786133 1632.07299805 634.298461914 23.1355285645 1353.06640625 296.224182129 -65.1962966919 1587.46276855 660.874572754 -191.76852417 1288.52722168 26.9707641602 -65.6650390625 1462.13208008 606.153442383 -502.381591797 1240.25305176
0.0312740802765 8 577.532226562 -144.4190979 1495.1583252 620.294311523 266.82800293 1557.6517334 522.623046875 20.3688049316 1635.43811035 634.905517578 17.5361938477 1352.58410645 287.744689941 -70.0969314575 1602.95678711 658.44317627 -192.902130127 1286.85534668 24.3573303223 -74.1019744873 1480.53173828 604.517578125 -499.662658691 1241.33374023
0.0354280471802 8 584.201477051 -147.816757202 1506.87084961 619.977111816 265.80859375 1559.4855957 533.666625977 23.2594909668 1640.96801758 645.790039062 12.9339294434 1364.8527832 289.999176025 -79.9722442627 1609.97558594 657.231567383 -185.254241943 1289.07922363 21.8450622559 -86.8531036377 1493.85693359 605.670471191 -487.778381348 1248.09020996
0.0316689014435 8 584.673828125 -151.488098145 1508.04223633 619.806030273 265.108184814 1561.31713867 536.682983398 13.7812347412 1646.67028809 645.107421875 9.1166229248 1368.79846191 306.813049316 -83.6298141479 1622.97668457 652.960144043 -182.761062622 1288.29907227 43.4973449707 -97.891242981 1501.27294922 599.987976074 -486.720458984 1243.08105469
0.0317358970642 8 585.302490234 -153.040054321 1510.14379883 617.892272949 264.278625488 1566.1895752 536.731262207 8.98954772949 1648.43151855 648.007751465 8.27442932129 1376.79431152 314.074432373 -87.8806152344 1634.17004395 650.293579102 -182.612731934 1285.5859375 53.8895874023 -103.598922729 1511.2845459 602.081970215 -481.204528809 1242.71240234
0.0411601066589 8 581.917541504 -146.17225647 1507.35632324 617.324707031 263.311401367 1571.35668945 537.461120605 23.033706665 1652.60412598 633.934875488 18.6544036865 1359.6048584 317.25592041 -87.1921463013 1642.50622559 656.548278809 -193.644561768 1287.29833984 29.0459899902 -102.600959778 1532.61889648 602.223022461 -491.294433594 1242.2220459
0.0318219661713 8 577.858398438 -114.631866455 1475.94946289 616.635559082 261.787963867 1577.73291016 552.912780762 25.3827362061 1665.60852051 626.059143066 66.0743331909 1330.28210449 315.878204346 -119.00189209 1639.80432129 671.56628418 -161.530151367 1297.04870605 25.1879577637 -138.368011475 1533.41699219 613.545959473 -465.279052734 1248.73376465
0.0312359333038 8 578.294555664 -102.291542053 1470.47155762 614.904541016 260.997314453 1593.57348633 562.554382324 36.3016357422 1668.35107422 610.304748535 74.4702606201 1308.16674805 327.297180176 -117.092544556 1646.6517334 665.347900391 -161.56401062 1291.49743652 27.5967712402 -138.157470703 1538.54858398 608.000366211 -463.793640137 1247.40478516
0.0357310771942 8 577.225646973 -91.5987548828 1466.54394531 614.28137207 261.534606934 1595.15637207 569.417541504 47.6943206787 1669.94238281 601.276428223 79.6157989502 1290.64135742 339.704071045 -117.95401001 1657.45080566 664.264709473 -157.017089844 1284.33972168 55.7384643555 -139.59072876 1517.48022461 587.282897949 -507.52935791 1227.32702637
0.0314691066742 8 574.837463379 -88.1481246948 1463.27575684 614.159179688 260.698120117 1592.9777832 570.262695312 52.0370864868 1673.84973145 596.897949219 84.0243301392 1279.1986084 344.317810059 -115.345283508 1659.03674316 663.26965332 -152.232666016 1279.86120605 55.8769836426 -140.607177734 1589.04821777 596.508789062 -492.30267334 1233.22607422
0.0311408042908 8 574.013244629 -91.6664886475 1458.31542969 613.415527344 260.83190918 1592.82202148 570.615722656 45.6223526001 1673.76928711 593.455932617 75.801322937 1266.33398438 346.637573242 -124.623527527 1659.56518555 660.602233887 -137.839141846 1274.30871582 33.2161560059 -167.747070312 1557.64416504 572.836364746 -486.34753418 1243.04187012
0.035346031189 8 575.53918457 -88.4213562012 1451.20288086 612.251953125 261.138000488 1593.47741699 576.472839355 40.7102432251 1676.1262207 585.49017334 90.2373886108 1263.45678711 358.708862305 -131.576965332 1665.7166748 657.766601562 -134.324645996 1277.78833008 27.0198974609 -180.187988281 1569.11877441 582.79309082 -446.027435303 1171.4362793
0.0468640327454 8 575.116210938 -87.4191513062 1452.81103516 612.213134766 260.470458984 1594.29699707 579.735290527 44.0098419189 1677.6315918 583.691345215 88.8932189941 1261.29125977 376.767791748 -126.035934448 1676.18359375 659.163696289 -138.590621948 1280.80187988 48.1979064941 -179.41394043 1578.9465332 589.704711914 -428.024597168 1200.60864258
0.0302741527557 8 580.983154297 -93.5012283325 1461.20861816 612.530395508 260.420074463 1590.9309082 577.473144531 55.4488449097 1678.06323242 584.464355469 74.1320724487 1258.44873047 372.320373535 -113.569511414 1679.7479248 659.936035156 -154.046264648 1279.67077637 41.0137634277 -167.879013062 1578.2980957 609.18347168 -461.978637695 1133.75134277
0.0301599502563 8 579.151550293 -93.4006881714 1461.11682129 611.832641602 259.717590332 1592.0177002 580.19543457 56.2689819336 1677.1673584 580.499511719 74.1334991455 1258.6060791 372.71081543 -113.800369263 1682.02832031 658.300048828 -155.615890503 1278.51281738 45.126159668 -166.972412109 1580.5802002 590.293640137 -458.760681152 1174.34716797
0.0303888320923 8 579.141662598 -93.0218582153 1461.84680176 611.300598145 259.94140625 1591.16259766 583.726013184 59.2643814087 1675.71264648 580.211120605 74.9727859497 1260.03588867 379.292480469 -111.064903259 1689.18530273 658.815673828 -157.690032959 1278.16564941 -26.0696105957 -175.938674927 1563.9498291 591.075439453 -459.917724609 1173.13781738
0.0302090644836 8 578.904418945 -94.1671981812 1461.95397949 611.013061523 259.638458252 1590.53015137 584.753234863 61.8464508057 1672.77636719 580.577087402 71.4280700684 1258.4934082 382.882263184 -109.631072998 1693.65136719 658.139526367 -160.932937622 1272.18493652 51.4237670898 -164.766189575 1571.01013184 587.126220703 -456.141052246 1178.12280273
0.0352909564972 8 577.549987793 -97.4109420776 1467.40148926 610.38104248 259.285797119 1591.59289551 583.650695801 69.6854476929 1671.02624512 583.037902832 61.5587997437 1257.35339355 379.473907471 -102.992271423 1692.0 660.238586426 -170.820587158 1274.33483887 17.4315490723 -127.13445282 1501.91870117 598.331359863 -442.068115234 1162.80200195
0.031750202179 8 576.504577637 -100.060180664 1470.37585449 609.385070801 259.395080566 1592.68603516 582.683349609 71.0621185303 1669.72570801 585.188964844 56.6703643799 1259.61120605 378.855194092 -104.001464844 1690.55517578 659.240966797 -173.046218872 1274.92944336 46.1360473633 -149.275817871 1549.85498047 598.554931641 -463.164001465 1178.83447266
0.0304780006409 8 576.9921875 -100.261940002 1468.80249023 608.153137207 259.747802734 1593.6550293 581.859130859 55.1958465576 1669.87158203 587.858398438 63.6982727051 1274.84692383 380.08190918 -125.911178589 1689.37109375 658.592224121 -155.958602905 1276.24499512 72.3750305176 -168.926544189 1601.80737305 596.274658203 -444.995849609 1175.22143555
0.0353968143463 8 583.656555176 -106.907699585 1469.74938965 608.063232422 259.89465332 1594.04406738 588.695739746 33.5991363525 1668.15539551 602.339660645 57.564163208 1291.61291504 387.476806641 -152.864990234 1678.05932617 652.751525879 -135.60723877 1275.53503418 127.206481934 -185.708511353 1551.19274902 595.770324707 -421.056854248 1191.25976562
0.0317800045013 8 587.877563477 -109.180145264 1472.66455078 607.79876709 259.986785889 1594.59533691 595.282348633 20.0891723633 1678.68908691 614.848999023 60.0095901489 1299.86682129 400.149780273 -165.820739746 1670.6496582 647.45501709 -135.2237854 1272.07983398 -19.7426147461 -180.706481934 1499.98608398 601.516296387 -386.596923828 1180.66442871
0.0356340408325 8 588.229187012 -113.101531982 1470.57946777 607.382995605 260.250061035 1593.98620605 594.144836426 14.9851074219 1674.96716309 619.563049316 55.6074295044 1300.9588623 397.972717285 -168.069259644 1675.26477051 644.58026123 -152.895019531 1275.12268066 64.4296264648 -201.521652222 1492.08654785 593.659301758 -401.863708496 1190.97607422
0.0314159393311 8 590.269775391 -112.605628967 1475.02453613 606.899047852 260.586212158 1592.2532959 596.518249512 12.1995544434 1685.28771973 627.653381348 63.135635376 1309.06188965 406.08026123 -177.166992188 1668.67431641 647.832275391 -133.595321655 1275.51940918 116.775360107 -219.039916992 1504.33630371 599.55456543 -399.945617676 1185.87756348
0.031946182251 8 590.073913574 -116.930183411 1476.95117188 606.415100098 260.844909668 1590.94848633 595.942687988 10.9223175049 1687.47998047 632.532653809 65.4554367065 1316.83862305 409.749755859 -179.592987061 1664.36279297 652.130615234 -125.872032166 1275.03759766 134.239227295 -216.324584961 1500.8371582 600.996154785 -398.334686279 1187.59130859
0.0357809066772 8 590.830444336 -115.334251404 1483.61181641 605.859863281 261.142272949 1589.45983887 595.807250977 9.95141601562 1687.38256836 638.41003418 69.8441085815 1339.77490234 411.833343506 -180.262863159 1662.78149414 654.0859375 -120.729743958 1275.67224121 129.110870361 -216.726394653 1496.6262207 605.522338867 -391.200592041 1209.54870605
0.0316560268402 8 588.883605957 -120.248703003 1484.48400879 605.62487793 261.507843018 1588.05371094 589.944213867 11.1831665039 1681.14050293 641.525268555 62.5215454102 1343.86657715 410.231506348 -176.153427124 1660.6328125 655.717224121 -126.876861572 1277.31530762 49.2506408691 -215.43800354 1430.64697266 607.879943848 -397.987518311 1209.04516602
0.0316939353943 8 587.702148438 -123.480979919 1486.43664551 605.217834473 262.076782227 1586.52661133 584.281311035 21.8161468506 1679.15393066 646.336853027 55.8821640015 1335.92443848 402.754089355 -170.727554321 1659.04846191 662.63458252 -133.731719971 1279.40161133 -3.45465087891 -185.553634644 1391.55908203 618.540283203 -405.39654541 1211.00476074
0.035943031311 8 590.189880371 -118.956367493 1499.52587891 605.445373535 261.556365967 1584.70776367 583.772827148 39.1912078857 1679.19494629 643.394897461 42.5639038086 1330.9630127 399.194519043 -156.175384521 1649.36218262 661.575256348 -147.975967407 1278.4979248 44.8611755371 -195.867736816 1405.7598877 612.231628418 -417.171691895 1183.81066895
0.0317580699921 8 584.7734375 -109.122093201 1497.53808594 605.335327148 261.622375488 1582.98413086 583.833190918 66.7525863647 1677.82519531 619.536804199 53.4717330933 1308.35229492 398.369873047 -130.119781494 1643.39074707 672.001708984 -154.477905273 1302.6751709 42.9395141602 -170.948043823 1387.94482422 637.561523438 -449.377349854 1271.21203613
0.0319449901581 8 581.001647949 -105.460845947 1484.47265625 605.426696777 262.331604004 1578.08496094 581.112121582 64.5951309204 1671.90515137 614.321838379 63.9080123901 1299.3939209 396.425415039 -132.337158203 1639.89929199 668.348571777 -157.883911133 1297.86425781 43.728302002 -175.707611084 1375.58459473 636.58984375 -453.262451172 1252.03271484
0.0360200405121 8 581.527832031 -109.895309448 1478.97766113 604.551696777 262.567321777 1572.94519043 581.041503906 56.4819107056 1671.17858887 615.081054688 64.3092575073 1296.90637207 395.346130371 -138.421356201 1629.01159668 667.418151855 -154.790008545 1299.08496094 55.0965881348 -187.096496582 1372.65930176 641.631591797 -435.617950439 1258.90612793
0.03187084198 8 582.208374023 -111.673812866 1472.04663086 603.673339844 262.884399414 1569.31152344 578.269836426 48.9386520386 1668.36303711 616.295227051 66.1092300415 1294.32910156 393.136047363 -144.509979248 1621.16137695 670.098205566 -149.156219482 1302.33398438 49.8728942871 -194.436355591 1359.11901855 645.870239258 -415.226287842 1252.15625
0.0319931507111 8 582.806030273 -114.022285461 1474.80236816 603.428649902 263.537017822 1566.29711914 579.206542969 47.83959198 1667.7833252 618.333251953 62.4873886108 1298.63122559 393.465698242 -140.599487305 1605.79345703 668.573181152 -151.840942383 1304.06408691 54.3322753906 -197.555770874 1341.72485352 648.056274414 -414.246826172 1257.79101562
0.036120891571 8 582.125488281 -115.626930237 1474.63952637 603.11932373 263.966491699 1564.69958496 576.111755371 48.1449203491 1662.41882324 619.697692871 60.1517868042 1301.98718262 368.804534912 -146.154418945 1574.90698242 668.547973633 -158.803222656 1309.98486328 56.8957214355 -198.775344849 1336.11804199 656.057189941 -426.080566406 1267.30651855
0.0320489406586 8 583.040405273 -116.815589905 1474.17675781 602.00201416 265.591186523 1557.95556641 574.865661621 43.9352874756 1661.24621582 623.856872559 61.042388916 1308.03405762 367.121734619 -152.687637329 1567.68188477 668.946777344 -154.006622314 1303.45654297 59.1275634766 -207.162475586 1326.3737793 659.251281738 -427.092895508 1277.81640625
0.0475890636444 8 585.847961426 -121.805671692 1470.32299805 601.296691895 266.031921387 1557.95385742 579.398925781 38.2764434814 1663.34790039 619.621582031 65.3342895508 1306.72387695 366.052185059 -160.149597168 1562.17980957 665.496459961 -150.061004639 1300.00146484 62.8964538574 -214.351379395 1318.95300293 647.157470703 -431.479675293 1268.28686523
0.0325739383698 8 583.947265625 -120.015525818 1471.48620605 600.448547363 267.309936523 1559.23669434 578.711914062 42.0525665283 1662.45593262 619.440673828 64.7553710938 1306.06848145 365.375732422 -155.058151245 1561.79162598 669.177612305 -152.662872314 1300.41577148 52.1209716797 -208.112319946 1314.02563477 642.237487793 -446.038391113 1264.46362305
0.0287370681763 8 582.398986816 -118.411315918 1471.42175293 600.068481445 267.811462402 1559.1361084 576.446472168 44.8049163818 1660.36987305 621.176208496 64.9277801514 1306.31665039 362.527770996 -154.886108398 1557.1184082 672.201477051 -154.253250122 1302.10693359 64.450958252 -213.443740845 1311.32385254 639.01159668 -447.223632812 1263.43774414
0.0310349464417 8 581.960754395 -116.563354492 1467.97485352 599.400878906 268.350646973 1558.45288086 575.795410156 41.7598724365 1655.84350586 625.699707031 66.4069671631 1309.83618164 363.873046875 -158.331375122 1554.79333496 672.661376953 -152.359008789 1303.20446777 64.3061218262 -217.568466187 1305.22644043 642.599365234 -429.376586914 1268.14160156
0.0347239971161 8 581.404541016 -115.674705505 1464.61694336 598.813720703 268.767852783 1558.0255127 570.016601562 49.9992675781 1636.76660156 625.998901367 59.8255462646 1308.33447266 363.217285156 -150.963577271 1552.63293457 673.375976562 -159.941436768 1301.22021484 63.7534484863 -209.203689575 1308.2565918 641.994628906 -446.360076904 1265.97814941
0.031140089035 8 580.877380371 -114.339279175 1469.72290039 598.117004395 269.025268555 1557.54125977 569.211669922 51.5085678101 1646.31811523 630.495117188 59.7026443481 1308.24487305 358.850280762 -150.137969971 1550.15942383 678.509521484 -160.031311035 1300.80957031 57.7164611816 -207.602264404 1308.86486816 635.572570801 -452.329650879 1259.98999023
0.031152009964 8 583.647705078 -115.891242981 1471.91711426 597.801330566 269.143951416 1557.20141602 569.879882812 49.7557144165 1648.79785156 638.121459961 58.7810134888 1312.42529297 358.650512695 -152.082366943 1548.85229492 679.489868164 -157.845703125 1302.21191406 44.360748291 -212.337982178 1310.91369629 636.863952637 -451.079193115 1260.81652832
0.0355758666992 8 585.966064453 -118.672637939 1476.19885254 596.524780273 270.444244385 1553.72802734 568.401977539 38.9736022949 1649.54943848 646.835571289 51.85546875 1326.44421387 357.265319824 -162.467834473 1547.95629883 680.606018066 -150.624649048 1303.9921875 51.3739013672 -223.577484131 1322.57958984 635.953369141 -437.310668945 1259.87915039
0.0307211875916 8 589.932617188 -126.979476929 1471.1126709 597.242126465 269.738098145 1554.16662598 566.309143066 19.0547485352 1650.58935547 666.567443848 46.5167922974 1336.49389648 355.247711182 -182.859573364 1545.22875977 682.23828125 -134.11730957 1304.89123535 31.4371337891 -251.787322998 1345.89208984 637.184448242 -417.820068359 1259.72436523
0.0313289165497 8 586.309509277 -135.518173218 1465.54101562 597.502624512 269.239562988 1554.29370117 565.40435791 13.387512207 1651.1105957 670.008972168 53.0390090942 1345.18041992 353.674072266 -188.996948242 1545.10375977 661.82434082 -136.105194092 1280.08105469 36.9718017578 -255.195281982 1347.83532715 639.257873535 -413.035552979 1259.10412598
0.0358250141144 8 578.658447266 -127.722694397 1455.77624512 597.65234375 268.862945557 1554.43737793 555.71270752 9.4850769043 1646.25537109 678.651916504 61.5545501709 1356.72924805 342.838500977 -193.922744751 1540.65209961 678.248657227 -130.311477661 1291.16162109 7.33123779297 -276.90435791 1363.80285645 650.342895508 -410.415405273 1262.49621582
0.0316460132599 8 580.512634277 -119.064544678 1445.54589844 597.588623047 269.053100586 1554.69165039 553.337158203 -0.159454345703 1640.60852051 673.943481445 73.120880127 1360.32971191 340.592254639 -202.884124756 1538.95483398 682.061645508 -118.776443481 1300.40881348 6.09878540039 -290.634643555 1372.73339844 651.73223877 -400.681274414 1263.46276855
0.0316920280457 8 580.755065918 -111.825492859 1445.08825684 596.896606445 269.361755371 1555.1361084 552.997375488 -2.25442504883 1639.23144531 670.731140137 75.8224639893 1360.46850586 339.345336914 -205.754394531 1539.17285156 675.17980957 -112.374908447 1300.74975586 20.9175720215 -293.476837158 1376.98376465 643.358703613 -402.440582275 1261.84606934
0.0352878570557 8 588.754577637 -113.963935852 1435.50878906 596.848571777 268.98614502 1554.67407227 560.745422363 -14.30809021 1631.37133789 660.476989746 80.6082839966 1357.56323242 347.572845459 -213.48638916 1540.73217773 664.012268066 -102.979362488 1300.07629395 18.507232666 -309.716827393 1395.96130371 636.673706055 -391.630706787 1260.77685547
0.0317239761353 8 590.97479248 -110.931106567 1439.27368164 596.687561035 268.34765625 1554.63830566 568.895446777 -15.7422027588 1636.50415039 651.765197754 82.6037445068 1353.85058594 364.896331787 -215.146286011 1567.60559082 659.474975586 -101.774780273 1299.03881836 25.2834777832 -321.003387451 1408.90344238 624.507629395 -386.674713135 1257.45397949
0.0318281650543 8 587.8203125 -114.036010742 1450.6361084 596.202636719 268.324401855 1555.11791992 572.705444336 -3.16708374023 1642.43469238 643.908081055 75.0344848633 1348.58874512 364.513061523 -209.037261963 1567.40441895 658.791687012 -112.410827637 1297.24755859 31.6647949219 -322.262664795 1432.71264648 619.294006348 -396.643829346 1251.69921875
0.0352599620819 8 580.750793457 -125.749252319 1479.06750488 595.923461914 268.00177002 1555.12927246 574.683166504 25.9710540771 1652.39001465 641.999084473 48.7259063721 1341.57653809 386.242492676 -183.890396118 1582.84912109 653.560119629 -142.661056519 1290.12988281 28.9339294434 -301.660736084 1450.24768066 615.696472168 -426.870178223 1244.1517334
0.0316340923309 8 582.936645508 -124.295372009 1479.35998535 594.938171387 268.368133545 1555.33007812 578.561279297 26.2323608398 1664.47680664 646.631347656 59.2816619873 1340.8371582 403.776733398 -193.548950195 1610.4128418 660.657653809 -134.139724731 1293.09619141 80.6705322266 -288.816680908 1431.6607666 612.535644531 -420.707275391 1241.82177734
0.0323529243469 8 579.989562988 -115.434768677 1474.04040527 594.16998291 267.624267578 1556.47436523 582.696716309 38.7312469482 1670.1550293 629.784240723 76.9566802979 1323.23730469 410.213195801 -183.601959229 1610.31604004 662.303161621 -142.648284912 1295.95349121 56.204284668 -311.843414307 1409.60510254 617.041137695 -429.82043457 1241.71948242
0.0355160236359 8 577.872436523 -111.894897461 1470.8527832 594.000183105 266.195465088 1559.13330078 585.686706543 44.1779327393 1672.47888184 618.112121582 82.8869400024 1311.12219238 417.57723999 -174.199508667 1618.81201172 663.914550781 -144.685089111 1296.26989746 93.2799377441 -300.284729004 1476.11486816 618.088256836 -433.144683838 1239.06262207
0.0320298671722 8 578.533569336 -110.784820557 1466.78845215 594.065612793 265.63671875 1561.56188965 593.801147461 46.167098999 1672.80578613 612.740356445 85.6686553955 1300.81774902 420.801879883 -169.728820801 1623.52441406 665.958740234 -145.38873291 1296.54382324 32.2432250977 -322.931152344 1508.2722168 621.80279541 -436.081787109 1238.74121094
0.0322480201721 8 577.270996094 -111.496696472 1466.1706543 594.141113281 264.328735352 1563.64294434 593.796936035 47.5097198486 1675.01916504 609.807800293 86.3275527954 1295.93273926 424.514984131 -170.226272583 1624.1784668 666.04309082 -148.081268311 1295.12060547 38.6826782227 -328.640380859 1522.73181152 620.536437988 -437.523590088 1237.84033203
0.0358071327209 8 575.315490723 -104.60206604 1463.58679199 594.080871582 262.227325439 1568.73840332 590.232421875 63.5362930298 1672.49584961 604.680908203 97.1346969604 1288.72631836 428.71661377 -153.202697754 1630.67138672 666.595947266 -153.121063232 1290.60070801 41.9758300781 -315.478668213 1525.71374512 619.29510498 -456.611175537 1236.54833984
0.0318369865417 8 573.571411133 -103.813362122 1462.52233887 593.911437988 259.564910889 1579.04760742 588.661560059 64.6462249756 1670.86901855 600.866394043 94.2333679199 1283.5045166 432.132537842 -152.170562744 1634.3145752 667.44909668 -145.662490845 1287.59509277 43.9628295898 -319.290344238 1535.51098633 617.789794922 -458.368225098 1235.98571777
0.0371508598328 8 574.16015625 -102.22908783 1465.61303711 594.570861816 258.843719482 1586.92333984 594.437805176 64.8321838379 1677.06713867 598.044250488 94.6689300537 1282.05249023 434.734191895 -153.911819458 1635.7800293 667.837890625 -142.920913696 1288.31872559 53.169128418 -311.364746094 1528.79846191 618.502197266 -454.110229492 1235.89880371
0.031357049942 8 576.664123535 -88.5963363647 1471.7409668 594.741455078 258.038482666 1589.56542969 598.077392578 66.9915542603 1679.60058594 592.459106445 89.1267471313 1281.90673828 439.976379395 -153.719238281 1635.73840332 661.96496582 -149.654815674 1288.77026367 32.8592834473 -336.101257324 1553.87109375 616.106323242 -454.40222168 1236.48364258
0.0322580337524 8 574.264404297 -91.7091064453 1471.95959473 594.785217285 257.628173828 1591.3137207 592.031555176 63.4431533813 1685.69921875 592.786682129 92.0597457886 1282.33178711 439.793426514 -161.189575195 1636.18896484 662.334594727 -145.117370605 1289.13684082 37.7683105469 -354.329162598 1567.24377441 616.948974609 -445.944976807 1238.98291016
0.0422670841217 8 572.724243164 -87.8962249756 1473.2590332 595.501464844 256.938232422 1594.15869141 585.968200684 67.784286499 1691.63806152 592.160827637 99.2076873779 1281.64538574 442.363708496 -175.721923828 1638.57995605 664.79284668 -132.321212769 1287.38928223 52.5940856934 -375.756164551 1567.31884766 611.476013184 -434.66418457 1237.5949707
0.0314919948578 8 575.62109375 -99.2197418213 1477.0534668 596.440856934 255.728042603 1595.92993164 586.718994141 60.7749481201 1686.71740723 596.694946289 73.1784820557 1278.26867676 443.881134033 -179.159240723 1645.06616211 668.464294434 -149.230804443 1280.58361816 62.7993774414 -394.967224121 1578.5802002 599.232421875 -435.102264404 1236.95593262
0.0311858654022 8 577.246948242 -98.5758590698 1482.00817871 596.948730469 256.582794189 1592.82092285 585.785705566 70.7657546997 1685.03479004 597.03326416 72.2063369751 1280.98205566 474.004425049 -180.538818359 1652.47705078 666.077209473 -152.821624756 1283.90686035 88.3228149414 -415.904296875 1629.24963379 575.550415039 -470.925018311 1224.59094238
0.0349450111389 8 577.252380371 -95.6429443359 1481.2454834 598.490234375 256.186462402 1593.9909668 585.469604492 68.1207580566 1687.88549805 600.592651367 75.0225830078 1281.45825195 467.73248291 -186.427825928 1651.5682373 664.766235352 -138.423599243 1284.18640137 124.202697754 -437.594848633 1604.48596191 592.402648926 -440.890075684 1237.71240234
0.0311050415039 8 577.449523926 -96.7702407837 1480.15539551 599.434936523 257.223571777 1592.5267334 587.742980957 63.2388839722 1685.82458496 603.707702637 71.4574813843 1282.62341309 472.73034668 -186.458557129 1655.35668945 664.114746094 -144.378662109 1280.82226562 185.039611816 -471.795898438 1641.35546875 571.045410156 -461.237091064 1226.66479492
0.0314679145813 8 577.776611328 -99.1200942993 1482.10681152 601.036682129 257.575866699 1593.41662598 587.848999023 62.8638458252 1684.31225586 607.21496582 65.4589538574 1283.9284668 481.815551758 -186.709243774 1657.21435547 663.648376465 -149.649505615 1279.27331543 235.911087036 -475.918334961 1617.35522461 595.792053223 -406.314361572 1164.64233398
0.035010099411 8 580.594055176 -97.4274139404 1490.11010742 602.843383789 257.832702637 1593.4987793 585.301757812 73.4482879639 1682.7520752 611.566894531 56.131942749 1285.67907715 487.017150879 -182.36781311 1659.16687012 665.26159668 -162.011978149 1277.12561035 286.234558105 -494.881164551 1622.89685059 599.258239746 -413.407958984 1161.70800781
0.0315549373627 8 582.289245605 -98.1404418945 1488.52197266 603.06628418 258.777862549 1591.45397949 589.601257324 69.967338562 1681.89404297 615.204650879 59.1102981567 1288.78344727 497.460784912 -196.943969727 1666.33898926 664.773132324 -158.283172607 1275.0534668 332.145446777 -530.657714844 1622.99645996 602.674194336 -410.170837402 1166.86206055
0.0315670967102 8 583.57598877 -96.3847198486 1487.54211426 603.152282715 260.322631836 1590.45727539 589.858886719 67.0490112305 1683.03967285 618.804077148 64.4844055176 1292.99206543 535.284790039 -175.314239502 1687.26513672 665.440246582 -154.29977417 1273.71862793 374.602722168 -555.164978027 1613.72595215 605.626586914 -405.405578613 1171.31298828
0.036248922348 8 583.087524414 -97.7083740234 1485.80615234 602.69329834 261.741485596 1589.06713867 591.822509766 65.1974411011 1683.70153809 615.0859375 66.4063796997 1291.33288574 554.068725586 -157.482635498 1697.23474121 665.571289062 -159.521636963 1272.8651123 426.544525146 -536.212585449 1617.18359375 601.816345215 -413.967529297 1176.64440918
0.0313670635223 8 584.247436523 -101.888259888 1483.03649902 602.294799805 263.047790527 1588.49169922 592.677307129 57.5018005371 1687.38586426 618.795593262 70.7141113281 1292.64221191 559.302307129 -159.451202393 1697.46252441 665.274353027 -152.800689697 1270.37988281 413.15133667 -463.068634033 1666.2232666 602.910766602 -411.646881104 1179.61523438
0.0317099094391 8 584.815002441 -96.6751098633 1483.11877441 601.968566895 264.311889648 1587.34460449 590.838989258 46.480140686 1694.78869629 631.847167969 74.8369064331 1299.52770996 554.71697998 -166.221343994 1690.49963379 673.096923828 -142.557678223 1270.23913574 411.543701172 -457.785552979 1670.7130127 612.128967285 -398.707550049 1184.19641113
0.0357301235199 8 590.403503418 -99.5406417847 1488.51013184 601.937561035 269.20300293 1582.6072998 587.303833008 30.33177948 1692.9822998 658.47644043 75.839225769 1335.88830566 557.38293457 -180.143707275 1693.53161621 676.873657227 -126.94707489 1270.65515137 418.31918335 -464.489929199 1684.5402832 617.758789062 -386.489929199 1188.92663574
0.0317158699036 8 590.439758301 -98.5956420898 1484.9263916 600.995910645 268.702850342 1583.34484863 589.345153809 32.2386322021 1691.90856934 654.670227051 76.4487457275 1326.1986084 560.794921875 -166.511672974 1696.92785645 676.823425293 -129.009613037 1269.95910645 519.380981445 -351.840393066 1730.5291748 620.565551758 -392.191802979 1190.44519043
0.0438480377197 8 593.548706055 -101.453269958 1481.50244141 597.245544434 272.965240479 1578.66540527 596.517456055 32.3564224243 1673.70935059 658.64453125 66.5163040161 1331.81530762 557.955871582 -144.971191406 1690.70861816 674.071899414 -133.388916016 1269.22753906 521.723999023 -342.782592773 1734.37268066 611.265930176 -405.309143066 1199.74816895
0.033725976944 8 594.546386719 -105.84161377 1476.69897461 598.044616699 271.43347168 1580.35913086 597.727722168 28.492980957 1664.32580566 659.089904785 63.616027832 1333.94689941 556.559082031 -130.955444336 1683.76574707 670.949462891 -133.890090942 1269.20300293 520.673095703 -333.894378662 1732.65441895 619.137573242 -396.379333496 1195.79870605
0.0300309658051 8 596.036071777 -108.501548767 1475.25244141 598.016967773 272.467132568 1578.25317383 597.492797852 19.1682739258 1675.13146973 660.138549805 72.464553833 1335.98449707 556.391479492 -136.301437378 1680.62780762 668.231506348 -125.770782471 1267.36682129 513.06854248 -340.529296875 1732.76696777 619.273010254 -391.256774902 1193.36608887
0.0304081439972 8 595.065002441 -108.352897644 1473.92419434 597.67199707 271.917816162 1577.83825684 597.394897461 19.1684875488 1679.35888672 655.657836914 76.4141311646 1330.18701172 558.015991211 -133.675613403 1679.22937012 666.194213867 -125.540306091 1266.31420898 510.651184082 -340.65057373 1726.71789551 618.003417969 -391.332580566 1191.54968262
0.0354189872742 8 596.46887207 -109.868888855 1471.8527832 597.198974609 272.023162842 1577.18408203 598.339782715 14.1996765137 1680.08532715 657.343811035 80.1522369385 1334.21691895 563.483581543 -140.384902954 1678.01196289 659.297363281 -123.465988159 1261.90966797 509.840393066 -343.13269043 1725.7565918 618.261169434 -383.214233398 1187.85339355
0.0341908931732 8 597.303649902 -109.704475403 1469.76611328 596.382324219 272.694091797 1576.93212891 600.713256836 13.2684173584 1680.83398438 654.835693359 83.2859115601 1331.46020508 575.530883789 -145.9425354 1682.1463623 658.14666748 -125.062171936 1257.43408203 505.412658691 -343.211242676 1724.96716309 612.724304199 -380.817901611 1199.22583008
0.0374200344086 8 595.57244873 -112.008613586 1476.70654297 595.764038086 273.918884277 1576.35839844 602.408081055 22.8136749268 1678.16491699 657.151000977 72.3463821411 1331.68688965 572.63104248 -132.304153442 1679.92089844 661.413452148 -136.013244629 1255.68310547 503.496398926 -332.997833252 1728.06677246 612.120117188 -395.641448975 1189.09484863
0.0339550971985 8 596.911315918 -118.060646057 1469.6307373 595.216369629 273.628051758 1576.89819336 607.034667969 19.5949859619 1675.73168945 651.356079102 79.210975647 1329.45581055 577.63104248 -137.238754272 1679.76538086 658.632568359 -130.685913086 1256.70495605 506.488464355 -336.90612793 1728.59619141 606.745117188 -388.856658936 1187.52404785
0.0297999382019 8 596.440185547 -116.372375488 1468.32250977 594.165710449 273.942382812 1577.40454102 605.892089844 15.1763305664 1678.3293457 651.88671875 83.5184631348 1332.43017578 576.390869141 -134.09413147 1672.06335449 657.040344238 -125.524139404 1256.95861816 508.224914551 -344.383850098 1730.95373535 603.499694824 -381.875762939 1186.08056641
0.0305368900299 8 599.853149414 -119.849914551 1461.74328613 593.52722168 274.251525879 1577.54309082 612.905090332 4.94073486328 1680.59228516 647.37322998 93.683380127 1336.11108398 576.356323242 -133.429016113 1677.54077148 651.181213379 -114.491821289 1258.7623291 518.210205078 -356.026977539 1739.08764648 596.180297852 -370.579650879 1186.92724609
0.0354340076447 8 597.238342285 -118.317108154 1469.00561523 593.121337891 274.441253662 1578.10192871 610.588806152 11.5381164551 1684.62658691 648.737731934 88.4278564453 1334.3302002 569.832641602 -116.165779114 1679.01916504 653.724365234 -120.002609253 1257.21875 519.707702637 -345.567016602 1747.92797852 596.086608887 -376.578186035 1182.03234863
0.0313510894775 8 594.529663086 -117.007339478 1483.67102051 592.710021973 274.681762695 1578.69726562 610.9140625 22.6282958984 1690.43640137 650.497314453 76.3400268555 1335.33679199 571.203552246 -109.293075562 1676.19934082 653.551818848 -131.201324463 1254.70532227 522.229431152 -330.219604492 1758.78210449 596.555664062 -382.269287109 1182.73876953
0.0312008857727 8 592.731323242 -116.666114807 1490.28527832 592.502807617 274.592956543 1579.14538574 612.397949219 27.2596893311 1692.9609375 651.171020508 69.6025390625 1335.1472168 563.507263184 -139.462600708 1666.90466309 653.256774902 -137.134902954 1254.27001953 512.103393555 -318.170471191 1755.75354004 590.215454102 -390.010223389 1178.17736816
0.0354371070862 8 592.379089355 -116.446502686 1494.68127441 592.760009766 274.256530762 1580.44055176 614.434509277 31.5897216797 1691.95922852 649.420715332 63.2990112305 1334.18896484 576.931396484 -156.17225647 1679.30285645 651.628356934 -142.64982605 1253.61352539 509.959655762 -315.855865479 1760.48840332 587.588806152 -389.979553223 1176.22814941
0.0307369232178 8 591.561828613 -116.344863892 1495.27185059 593.82220459 273.647094727 1583.05395508 613.74609375 32.1572875977 1692.77124023 648.685058594 62.134552002 1332.6887207 580.15625 -160.310241699 1685.51928711 653.630065918 -144.17098999 1253.59143066 505.504699707 -318.092041016 1766.15161133 583.784179688 -391.949279785 1176.99768066
0.031750202179 8 591.435913086 -117.029403687 1495.38684082 594.794006348 273.652954102 1584.52429199 613.023010254 31.3530578613 1694.48632812 649.840881348 61.9677124023 1332.06811523 579.32220459 -164.034225464 1692.3807373 655.83581543 -143.59614563 1253.05078125 496.436645508 -318.598754883 1769.29956055 583.362121582 -391.184753418 1177.80273438
0.0352239608765 8 590.623168945 -117.70476532 1495.90893555 595.924926758 273.334655762 1587.09375 612.621643066 30.9737701416 1695.6505127 649.760314941 60.9577636719 1331.38342285 574.184875488 -166.731552124 1690.93457031 657.155517578 -144.372253418 1252.92651367 490.026611328 -319.744445801 1773.5748291 582.252258301 -389.183776855 1174.93151855
0.0316908359528 8 589.778381348 -117.93069458 1497.06750488 597.385437012 272.280578613 1591.31115723 612.636413574 31.3057861328 1696.87597656 648.291320801 59.8961257935 1330.7199707 576.578430176 -167.047134399 1690.62268066 656.751464844 -145.477203369 1252.8190918 485.41696167 -320.82019043 1777.77282715 576.519042969 -391.523193359 1176.16418457
0.0353381633759 8 587.939453125 -118.800788879 1500.47314453 601.018920898 270.946136475 1596.09973145 610.946899414 30.890335083 1702.29748535 647.064453125 58.4214477539 1330.86608887 576.633605957 -166.191314697 1689.60229492 655.997253418 -147.623382568 1252.6270752 480.910614014 -323.121520996 1780.98901367 574.190429688 -395.191772461 1173.79138184
0.0325589179993 8 590.602478027 -121.238105774 1506.79138184 601.226318359 270.536102295 1597.88769531 608.454711914 39.7258605957 1702.32849121 648.881958008 51.6045379639 1330.17883301 567.151367188 -160.892807007 1671.4588623 658.164733887 -155.682006836 1253.33483887 477.346435547 -324.828643799 1783.9934082 575.512817383 -402.999908447 1173.87976074
0.031681060791 8 590.999023438 -121.73903656 1511.55383301 605.522338867 268.900390625 1603.28198242 610.209655762 43.2865219116 1702.90112305 647.614807129 46.1921920776 1330.41772461 578.306152344 -156.566589355 1702.00244141 656.445007324 -164.008453369 1255.33276367 472.584838867 -324.72442627 1781.48876953 574.18359375 -406.647705078 1175.93029785
0.0361330509186 8 589.879882812 -119.962753296 1511.29138184 608.860290527 267.484619141 1605.50439453 615.38671875 41.3750991821 1705.50769043 644.596313477 48.6009140015 1329.65124512 581.229431152 -156.052459717 1704.11340332 652.61126709 -163.572113037 1255.83496094 477.54196167 -329.014343262 1787.80273438 568.187072754 -413.409240723 1178.6673584
0.0314719676971 8 587.892089844 -118.936470032 1511.5526123 611.290039062 266.440460205 1607.08813477 617.097167969 42.1164627075 1705.69836426 638.367797852 48.0372085571 1327.01062012 578.096069336 -150.627746582 1702.98681641 651.912536621 -163.910949707 1255.24230957 476.434783936 -330.684906006 1791.38427734 577.334350586 -407.720458984 1179.328125
0.031760931015 8 578.936645508 -95.4036407471 1510.52990723 613.230407715 265.79296875 1607.45483398 627.580566406 59.0431365967 1708.38171387 605.690917969 75.0850982666 1321.89416504 574.056091309 -123.565002441 1705.45214844 647.489807129 -151.907714844 1268.30383301 479.652862549 -312.025146484 1794.45739746 580.51953125 -424.852996826 1182.63037109
0.0354290008545 8 568.238891602 -79.8236618042 1505.02258301 614.581176758 265.462310791 1607.65625 627.788696289 73.9670257568 1713.43835449 578.647216797 89.7828979492 1300.66882324 570.122375488 -88.6890563965 1710.59130859 645.07800293 -146.705825806 1267.39074707 482.801025391 -287.209197998 1800.60009766 587.018188477 -433.085571289 1183.44189453
0.0318329334259 8 564.388305664 -73.3078689575 1495.03796387 614.854858398 265.262390137 1608.75402832 626.384460449 62.9706878662 1712.29223633 577.232116699 102.541473389 1298.75488281 613.882019043 224.479934692 1834.54064941 646.319152832 -117.369552612 1264.03381348 483.934082031 -319.23840332 1776.51623535 590.724731445 -417.233093262 1182.86853027
0.031895160675 8 564.856567383 -69.5397186279 1494.52514648 616.280578613 265.895874023 1610.99645996 632.480895996 59.8369293213 1717.53857422 577.261779785 107.207107544 1295.39379883 610.475219727 183.015426636 1833.28320312 646.52130127 -105.771255493 1261.59265137 480.17276001 -314.942687988 1771.5748291 593.209228516 -410.479553223 1179.3861084
0.0359988212585 8 565.236877441 -67.6223983765 1494.94482422 618.280761719 266.085479736 1612.31738281 635.230041504 62.1396713257 1718.36193848 573.496765137 107.800285339 1292.92663574 608.661437988 157.269134521 1827.47180176 642.983520508 -103.384498596 1260.5357666 482.899597168 -298.038848877 1788.9732666 592.62121582 -401.899475098 1174.33520508
0.0340960025787 8 566.67175293 -67.2912139893 1495.63476562 618.457824707 265.161437988 1612.84448242 637.505249023 65.7753829956 1718.50476074 568.856689453 106.932258606 1290.6060791 613.188293457 135.921966553 1830.28723145 639.677856445 -104.489524841 1261.09692383 490.073730469 -295.840362549 1802.54455566 591.694824219 -399.817749023 1171.58447266
0.0319421291351 8 569.305541992 -68.0783920288 1494.97619629 621.84197998 264.118713379 1614.40270996 641.208679199 69.4781799316 1716.95837402 563.120910645 106.915176392 1288.31896973 616.091674805 110.401138306 1827.52929688 636.190429688 -107.802764893 1262.82897949 493.144134521 -307.469116211 1794.11621094 588.387207031 -400.927825928 1173.76831055
0.0349729061127 8 570.577026367 -67.3575057983 1496.17614746 624.715942383 263.833709717 1614.48449707 641.438354492 75.1813049316 1715.48168945 559.011352539 103.557113647 1286.20410156 619.842407227 -111.919326782 1785.66455078 633.715209961 -113.580780029 1264.55859375 499.462677002 -269.819763184 1805.48803711 586.372924805 -407.568511963 1177.49682617
0.0320429801941 8 572.141967773 -67.5282440186 1495.19458008 626.835754395 264.057525635 1615.05407715 644.429443359 74.333770752 1718.10351562 557.925048828 106.985900879 1284.52514648 615.279785156 -114.02885437 1773.18139648 634.467346191 -108.585327148 1266.13659668 500.925170898 -284.058837891 1804.80310059 581.131103516 -419.98425293 1187.7043457
0.0312781333923 8 573.348999023 -68.5419464111 1494.43762207 628.743530273 264.93258667 1615.23962402 636.962280273 77.1965637207 1718.95959473 563.322265625 105.980651855 1281.98034668 605.97076416 -114.198577881 1769.5904541 642.366149902 -108.420120239 1266.06152344 494.83605957 -292.680419922 1803.31689453 603.925231934 -402.057922363 1181.61169434
0.0430719852448 8 573.441101074 -67.1165618896 1494.44018555 630.201904297 265.257080078 1615.34716797 639.620849609 82.8488540649 1716.83837891 560.305908203 108.61882782 1281.66064453 605.582641602 -118.492683411 1765.51696777 642.541625977 -105.289115906 1269.51721191 496.792510986 -313.504089355 1800.04003906 605.987182617 -389.921844482 1183.81262207
0.0407719612122 8 572.043151855 -65.7242736816 1496.87744141 630.067260742 266.521453857 1614.83129883 638.16619873 91.7730712891 1714.6854248 560.097961426 106.987243652 1280.89978027 601.429199219 -114.602706909 1765.41491699 649.706176758 -103.692367554 1277.98950195 497.668548584 -319.004455566 1800.04321289 591.709594727 -423.76751709 1193.8515625
0.0301160812378 8 569.562805176 -62.3449287415 1496.93713379 631.81829834 267.590515137 1615.81091309 634.744506836 95.566368103 1713.46386719 563.553833008 107.48828125 1279.70605469 594.773010254 -111.738548279 1765.34399414 652.381103516 -106.422653198 1276.08435059 496.238891602 -315.914459229 1808.30895996 597.903625488 -427.725708008 1198.77368164
0.0314118862152 8 571.525390625 -62.1633644104 1494.96582031 632.826416016 268.22668457 1617.21875 636.11529541 91.6387176514 1714.72741699 566.019226074 110.826065063 1280.10144043 592.225830078 -111.555160522 1763.39147949 657.816650391 -104.417739868 1282.60583496 489.580078125 -311.939208984 1808.79199219 604.942077637 -427.795410156 1204.85778809
0.0296249389648 8 578.407958984 -67.5680236816 1496.79650879 633.997192383 268.436706543 1617.34875488 635.320678711 94.6131362915 1719.18249512 575.554321289 113.849143982 1282.14025879 584.410095215 -111.452583313 1762.07910156 666.402954102 -106.690925598 1283.21484375 479.249328613 -310.306121826 1810.02124023 619.52947998 -431.582946777 1209.8215332
0.0296640396118 8 588.445373535 -75.5519332886 1493.91638184 635.240905762 268.795471191 1617.0189209 645.472351074 76.0086898804 1715.63085938 593.227722168 117.524864197 1298.77856445 611.33392334 -123.36415863 1734.26037598 657.928466797 -90.59740448 1288.27844238 484.487304688 -329.308685303 1810.08044434 609.334960938 -400.520172119 1208.31054688
0.0355160236359 8 597.722839355 -82.5266952515 1502.36413574 637.362365723 268.972930908 1616.2890625 664.557189941 59.5778808594 1727.91003418 604.280822754 112.981307983 1309.32165527 603.573547363 -131.223632812 1735.64782715 658.541748047 -90.2268218994 1291.65429688 489.461303711 -332.520141602 1807.99206543 607.560241699 -397.236083984 1209.59020996
0.0312569141388 8 604.073669434 -84.3597259521 1510.07775879 638.640686035 269.245605469 1614.92321777 666.197265625 51.7485961914 1725.25524902 625.30847168 107.257598877 1332.54382324 603.274597168 -142.601211548 1734.72375488 659.389831543 -94.0015563965 1291.43334961 493.571075439 -340.417907715 1805.15576172 605.383483887 -388.374237061 1209.78979492
0.0314161777496 8 611.9140625 -79.6655883789 1502.31420898 640.767333984 270.571960449 1612.97497559 674.280273438 40.4247055054 1721.38537598 617.574584961 119.405586243 1339.08972168 611.729248047 -155.177520752 1731.72998047 651.601806641 -83.5527114868 1293.43615723 496.0440979 -347.628967285 1793.5279541 596.05670166 -381.243225098 1210.43493652
0.0356168746948 8 612.867126465 -76.4481964111 1499.57995605 640.553283691 270.846984863 1611.78149414 675.50793457 39.505027771 1718.9967041 613.42578125 131.843231201 1350.82751465 604.039611816 -153.243103027 1709.88232422 647.728271484 -78.9830169678 1292.58520508 494.459991455 -344.99420166 1788.99121094 593.69732666 -377.930603027 1208.18566895
0.0317101478577 8 608.6171875 -70.7113571167 1497.92004395 641.05682373 271.222839355 1610.73168945 673.12286377 37.9897994995 1717.30163574 619.251647949 144.00970459 1364.17736816 599.174865723 -158.763793945 1697.90405273 650.16583252 -75.1002349854 1293.32019043 488.016998291 -341.267242432 1783.99353027 596.946472168 -367.35144043 1209.05310059
0.0312459468842 8 606.782653809 -69.3683547974 1497.79638672 642.710632324 271.255645752 1609.18823242 672.434936523 37.7798461914 1716.61694336 619.186767578 145.354354858 1365.83496094 600.272399902 -164.734710693 1704.73669434 649.574645996 -72.971282959 1292.0859375 483.645965576 -337.429473877 1775.87878418 595.427246094 -378.712890625 1203.48937988
