0.0315220355988 8 -336.862121582 -80.5343170166 1521.92285156 -345.307342529 252.511352539 1582.41442871 -344.053771973 17.4865112305 1376.37438965 -344.019592285 18.9428863525 1666.48181152 -314.609283447 -229.5415802 1251.74597168 -279.426208496 -71.4224472046 1351.78930664 -215.543670654 -432.361633301 1382.49499512 -302.54397583 -354.575683594 1246.81164551
0.0324678421021 8 -336.882110596 -80.6157608032 1520.49584961 -343.935455322 252.96975708 1581.77099609 -344.680541992 18.4631347656 1375.90673828 -343.869384766 17.2395782471 1665.95727539 -306.833251953 -232.702957153 1255.84020996 -281.130554199 -68.5647125244 1356.98266602 -225.288909912 -372.890808105 1379.84509277 -370.901489258 -450.227600098 1280.85986328
0.0318121910095 8 -335.884765625 -80.3068084717 1520.19250488 -344.241363525 252.875946045 1581.36035156 -350.089691162 19.8030776978 1376.27368164 -335.480743408 16.0821304321 1667.31665039 -291.941040039 -238.713287354 1255.35046387 -277.016571045 -69.0948181152 1361.00622559 -235.349472046 -449.555297852 1346.42114258 -392.438232422 -465.731567383 1292.27197266
0.0358598232269 8 -335.268768311 -80.0439376831 1520.66516113 -343.798278809 253.305252075 1581.38061523 -354.857696533 21.7501144409 1378.37475586 -329.768035889 14.2300491333 1669.24023438 -301.750793457 -235.049407959 1257.91064453 -273.34274292 -69.6603164673 1361.59338379 -235.17074585 -367.502380371 1382.36694336 -370.169342041 -454.139770508 1281.88977051
0.0320680141449 8 -334.404205322 -80.2603759766 1521.30322266 -343.916412354 253.42225647 1581.28930664 -357.3175354 22.8267593384 1379.11401367 -327.277130127 14.7851486206 1670.58618164 -307.817504883 -232.862609863 1257.41625977 -271.170684814 -69.9932174683 1362.41601562 -268.433746338 -427.969482422 1238.22766113 -362.273406982 -450.170806885 1282.15527344
0.032210111618 8 -335.477996826 -79.3499298096 1522.64160156 -344.044677734 253.208816528 1581.1427002 -353.399719238 25.5621414185 1379.26477051 -336.002380371 16.4247360229 1673.34558105 -315.837646484 -223.414642334 1258.87268066 -275.097076416 -68.8388061523 1363.82446289 -259.556152344 -432.929138184 1236.13037109 -296.927520752 -353.796722412 1246.49694824
0.0357868671417 8 -335.39855957 -78.6373138428 1523.5324707 -343.818511963 253.304992676 1580.95153809 -354.59197998 25.7824325562 1379.35949707 -335.112731934 18.7727279663 1673.7623291 -315.66607666 -225.211547852 1256.3314209 -272.885620117 -67.1297683716 1366.82531738 -277.004760742 -364.098815918 1241.60693359 -276.53225708 -449.094512939 1243.80371094
0.0354690551758 8 -336.419464111 -76.0960006714 1528.24511719 -343.599853516 254.000137329 1580.94116211 -351.634399414 28.2208480835 1379.44592285 -341.698791504 28.0743484497 1677.82946777 -320.431732178 -218.134246826 1257.13513184 -277.342102051 -66.0322036743 1374.23522949 -269.983306885 -379.684082031 1239.79211426 -204.936340332 -480.355957031 1251.29064941
0.0284340381622 8 -337.102539062 -73.8395462036 1528.05786133 -343.272766113 254.679382324 1581.19958496 -350.796142578 34.19581604 1379.23449707 -345.679748535 30.2870025635 1680.01745605 -316.714416504 -214.439025879 1256.81518555 -278.646453857 -69.3330841064 1381.07214355 -257.896606445 -416.601623535 1238.07165527 -350.2578125 -462.696960449 1274.48083496
0.0355989933014 8 -336.200805664 -75.2819213867 1526.82971191 -343.231231689 255.191589355 1581.14562988 -351.004119873 31.088432312 1379.15808105 -341.399261475 27.0504989624 1677.96496582 -316.754608154 -218.265045166 1255.74633789 -278.941711426 -66.9636001587 1382.10180664 -272.612579346 -369.260620117 1240.66772461 -422.607147217 -460.860351562 1321.05712891
0.032016992569 8 -336.074127197 -74.4174346924 1526.87792969 -342.98840332 255.990753174 1580.91870117 -352.012145996 33.2983398438 1379.44458008 -339.69744873 27.2686767578 1679.32519531 -320.121185303 -215.769363403 1259.11962891 -278.192230225 -71.7200317383 1377.87536621 -269.431884766 -382.675201416 1241.54272461 -424.919616699 -461.251434326 1327.82519531
0.0320930480957 8 -336.298126221 -72.7216796875 1528.48364258 -343.569366455 256.555480957 1581.56933594 -353.400085449 38.5990066528 1381.98742676 -339.848449707 29.9503555298 1682.07995605 -323.910461426 -211.942382812 1260.69348145 -277.679290771 -73.9641723633 1374.86230469 -261.120910645 -404.998352051 1239.86999512 -416.093261719 -524.666931152 1312.49804688
0.0398509502411 8 -336.97543335 -72.6709518433 1528.59143066 -343.941558838 256.622619629 1582.06860352 -351.458892822 39.6050262451 1381.99841309 -344.001922607 29.5390167236 1682.89318848 -295.737030029 -225.140396118 1277.72009277 -280.199493408 -76.6467819214 1373.30078125 -259.586578369 -399.931335449 1240.46264648 -299.26574707 -365.197601318 1248.31481934
0.0286059379578 8 -336.875152588 -73.4162826538 1528.93811035 -344.373291016 256.675750732 1581.83398438 -351.395172119 39.5019302368 1383.99951172 -343.941314697 27.3017044067 1683.12817383 -302.448913574 -223.441436768 1270.65026855 -279.546295166 -78.6395492554 1373.54345703 -257.626617432 -405.556182861 1261.23071289 -293.739318848 -362.661621094 1238.63525391
0.0320489406586 8 -336.23626709 -74.0893325806 1529.38146973 -345.013458252 256.205322266 1581.69335938 -351.427398682 39.6703186035 1385.25549316 -342.790374756 25.0305328369 1684.54821777 -307.624511719 -221.124633789 1265.63122559 -279.023742676 -77.6778030396 1373.47277832 -268.01953125 -384.787109375 1239.6574707 -343.659423828 -466.005279541 1271.43603516
0.0356380939484 8 -335.773712158 -75.5272293091 1529.91772461 -345.13671875 256.049560547 1581.78894043 -351.54876709 36.5403213501 1385.46240234 -341.162963867 25.7891769409 1682.82739258 -312.536224365 -222.373016357 1264.57287598 -278.58782959 -71.8752441406 1373.4909668 -234.851348877 -477.360290527 1237.03967285 -301.117218018 -361.567810059 1249.54980469
0.0319819450378 8 -335.088989258 -81.7520141602 1534.14416504 -345.087036133 256.280700684 1581.39782715 -349.860809326 27.0543136597 1384.53564453 -345.134735107 33.5870285034 1679.18139648 -311.97064209 -230.637573242 1262.4173584 -280.217102051 -59.9808120728 1373.63769531 -248.450820923 -447.954650879 1257.91296387 -301.523223877 -355.598266602 1250.89440918
0.0321509838104 8 -334.154693604 -82.7543258667 1533.52355957 -345.905578613 256.419555664 1581.73083496 -344.281402588 24.446762085 1383.88415527 -349.350250244 34.5571899414 1674.92297363 -298.545318604 -223.42930603 1257.73010254 -286.509735107 -56.3835601807 1373.86340332 -255.741638184 -427.426300049 1237.35925293 -375.569366455 -454.280761719 1283.10290527
0.0357811450958 8 -334.874786377 -82.2452774048 1535.20178223 -345.755523682 256.890869141 1581.40197754 -341.542694092 25.5187301636 1384.67712402 -353.069061279 36.7713088989 1675.98303223 -296.613952637 -223.417175293 1262.03161621 -289.058837891 -57.322517395 1373.69921875 -253.096603394 -425.36730957 1235.4588623 -366.389892578 -441.49230957 1276.32348633
0.0322558879852 8 -335.226287842 -82.0793838501 1536.31396484 -345.20715332 257.34564209 1581.71203613 -340.003112793 25.2105102539 1384.62316895 -354.513000488 38.7315368652 1676.23156738 -298.658050537 -222.102432251 1263.52148438 -290.888275146 -58.2726135254 1372.1809082 -242.731948853 -462.969543457 1252.9074707 -296.269805908 -365.209472656 1244.60180664
0.0356421470642 8 -335.499969482 -82.1697616577 1537.65478516 -344.187835693 257.250854492 1581.46765137 -338.996032715 24.4596481323 1385.25354004 -354.70526123 39.951210022 1676.67248535 -296.716888428 -224.381988525 1260.22888184 -292.85269165 -57.3825759888 1372.63452148 -238.81590271 -457.260131836 1249.93078613 -361.7265625 -438.970581055 1272.03125
0.0319719314575 8 -335.566497803 -82.8026885986 1538.50488281 -344.271942139 257.1690979 1581.39074707 -338.319946289 22.2827911377 1385.35058594 -354.519836426 40.1880645752 1676.42138672 -297.067443848 -230.100875854 1259.7166748 -294.821990967 -57.6993408203 1370.90454102 -235.4324646 -455.634674072 1254.60949707 -304.805511475 -350.582580566 1244.515625
0.0321390628815 8 -335.689453125 -83.3533248901 1538.5793457 -344.24041748 256.764282227 1581.71606445 -337.402618408 20.4722518921 1385.3260498 -355.378753662 40.2621994019 1674.96447754 -296.348907471 -233.570526123 1255.36645508 -297.550872803 -64.245300293 1364.24768066 -236.86164856 -454.327209473 1254.98217773 -310.517089844 -334.730285645 1238.79052734
0.0362529754639 8 -335.790130615 -83.8160018921 1538.61755371 -343.365753174 256.323516846 1582.80908203 -335.653320312 19.0122451782 1384.32531738 -356.035705566 40.703163147 1674.50354004 -298.37512207 -244.655334473 1246.46826172 -296.03112793 -60.4191513062 1368.16687012 -233.481018066 -471.606842041 1245.30065918 -309.227233887 -343.250793457 1242.79003906
0.0320858955383 8 -336.304138184 -85.0895767212 1537.28442383 -344.208343506 255.993209839 1582.9095459 -332.239105225 16.4587554932 1382.99389648 -357.258636475 40.3019866943 1671.34472656 -302.073883057 -245.823654175 1246.56994629 -297.767913818 -56.3784561157 1368.14489746 -230.29019165 -447.170959473 1288.81628418 -366.704528809 -444.308013916 1273.7199707
0.0319790840149 8 -335.245605469 -84.7424850464 1532.2890625 -344.22454834 256.203857422 1583.3873291 -333.153594971 22.0201263428 1381.15490723 -355.304656982 35.2903137207 1671.69519043 -307.810882568 -238.074935913 1247.44946289 -296.993347168 -59.4380950928 1368.29589844 -228.102752686 -460.02130127 1249.6229248 -384.085418701 -460.637573242 1281.92736816
0.0359020233154 8 -335.616577148 -84.6889343262 1534.58154297 -344.60244751 256.449829102 1582.84130859 -331.881225586 18.8452148438 1381.00366211 -356.041503906 38.6156311035 1671.32348633 -304.099334717 -238.80581665 1251.21704102 -297.501617432 -55.5487670898 1368.73010254 -215.173110962 -472.189483643 1265.19506836 -388.698150635 -459.944946289 1282.49475098
0.0318720340729 8 -335.352844238 -84.7215805054 1533.13452148 -344.672973633 256.173614502 1582.98596191 -329.625549316 18.2747650146 1379.15197754 -356.427734375 36.9124755859 1671.38366699 -303.095947266 -241.47517395 1248.99597168 -297.084747314 -56.5933990479 1368.03796387 -207.402984619 -480.225341797 1261.97167969 -388.537353516 -460.241455078 1285.88659668
0.0322799682617 8 -334.689361572 -84.3019256592 1532.97705078 -344.871368408 255.518310547 1583.86083984 -330.856750488 18.1056976318 1379.5958252 -353.795959473 35.7807006836 1671.69641113 -302.919342041 -239.189254761 1250.20690918 -283.432312012 -73.5037231445 1383.05065918 -187.36038208 -485.02331543 1257.95458984 -383.199493408 -447.439422607 1278.67126465
0.0358948707581 8 -334.385498047 -82.8458023071 1531.40332031 -344.551513672 255.954666138 1583.75598145 -334.092102051 20.9944458008 1380.83862305 -351.197937012 32.1718139648 1672.6159668 -302.547149658 -230.701400757 1251.05383301 -282.120697021 -70.5311813354 1379.18322754 -172.508529663 -484.495697021 1274.36364746 -230.936416626 -382.118682861 1311.00378418
0.0318191051483 8 -333.897369385 -78.5941848755 1526.44250488 -343.791320801 256.757720947 1584.015625 -337.070800781 28.9365081787 1381.85632324 -348.434753418 25.2607879639 1673.00646973 -300.59967041 -220.864318848 1248.66186523 -257.815093994 -100.777580261 1377.70263672 -165.637039185 -424.117523193 1262.75671387 -434.655151367 -457.054260254 1324.54858398
0.0319838523865 8 -332.295166016 -77.4538955688 1523.81933594 -340.982299805 257.373809814 1585.20422363 -341.424743652 32.8234710693 1381.97888184 -343.443908691 22.3152923584 1673.10119629 -300.026733398 -210.986602783 1235.83215332 -259.524230957 -99.1173706055 1375.48071289 -149.933456421 -391.316772461 1270.38549805 -237.098358154 -470.565979004 1323.26782227
0.0358710289001 8 -331.655853271 -77.3941345215 1522.97424316 -341.297668457 256.861175537 1585.26123047 -343.014129639 33.6165161133 1383.04406738 -340.091094971 20.8015289307 1672.37097168 -299.829925537 -197.442153931 1226.86560059 -261.25479126 -102.291404724 1379.52185059 -120.990280151 -361.692687988 1282.23400879 -237.19078064 -451.386749268 1329.01306152
0.0320060253143 8 -331.743103027 -76.6955337524 1525.5390625 -341.347442627 256.945251465 1584.94372559 -342.096405029 33.6765136719 1387.15893555 -340.609832764 21.8882751465 1672.64770508 -294.896942139 -182.810150146 1223.78222656 -265.246673584 -87.7524414062 1363.05664062 -88.1814727783 -324.854644775 1292.41186523 -246.604736328 -471.372680664 1310.70898438
0.0321850776672 8 -319.107299805 -105.261528015 1508.76245117 -340.884521484 257.511352539 1584.98425293 -355.884155273 47.1242828369 1388.23498535 -325.653930664 8.44973754883 1670.40344238 -305.202514648 -160.400680542 1225.95153809 -249.439178467 -109.097084045 1381.0723877 -81.0990142822 -275.733459473 1308.33825684 -167.127059937 -392.684631348 1380.95349121
0.0412809848785 8 -313.628509521 -104.704986572 1505.46435547 -340.082885742 258.097045898 1585.1472168 -350.518096924 46.6421203613 1387.7376709 -315.237518311 10.124786377 1663.38195801 -290.84954834 -155.145187378 1231.06018066 -236.187576294 -174.768157959 1513.64355469 -34.236907959 -240.386856079 1330.33215332 -72.7040710449 -248.147918701 1297.28759766
0.0431270599365 8 -313.804229736 -104.757026672 1504.16223145 -340.506896973 258.252532959 1584.51184082 -351.438659668 47.8545379639 1386.73095703 -319.016296387 8.83990478516 1664.05395508 -274.208374023 -149.780456543 1244.2121582 -212.413208008 -176.116714478 1511.59521484 -16.9976806641 -199.928573608 1345.51049805 -75.0773925781 -213.53263855 1292.6652832
0.0304939746857 8 -314.423461914 -106.223831177 1504.09277344 -340.917663574 258.291870117 1584.99963379 -352.678894043 46.9828186035 1385.9185791 -323.93371582 8.16928100586 1664.48205566 -243.213287354 -142.844573975 1267.23706055 -185.384887695 -150.771240234 1509.3494873 1.55281066895 -165.797927856 1363.38671875 -61.9521942139 -181.615142822 1302.02563477
0.0301039218903 8 -321.03036499 -102.000076294 1503.95471191 -341.262481689 258.932495117 1586.32922363 -360.392822266 57.5906066895 1384.29150391 -340.831542969 18.9489746094 1666.18041992 -212.74710083 -130.696762085 1269.11022949 -186.58152771 -140.681350708 1541.16650391 10.9120178223 -124.241333008 1374.09545898 -59.2657623291 -173.25541687 1303.38708496
0.0305681228638 8 -322.666717529 -102.811790466 1502.06555176 -341.891143799 258.736297607 1587.73950195 -360.495361328 55.241027832 1383.80737305 -347.601745605 18.8413238525 1660.10205078 -193.918991089 -125.84552002 1275.82958984 -182.698287964 -136.537399292 1545.07629395 38.3279418945 -97.3688201904 1397.15478516 -78.4587554932 -148.07069397 1300.78820801
0.031229019165 8 -322.765777588 -102.174949646 1502.2767334 -342.239501953 258.285552979 1588.11437988 -357.934112549 55.8634338379 1384.67431641 -348.520782471 18.4709014893 1659.83496094 -179.457199097 -121.47618103 1276.15734863 -181.737030029 -135.169891357 1554.90319824 49.9793548584 -65.1635437012 1411.15771484 -87.39478302 -119.933006287 1301.09436035
0.0353357791901 8 -322.583770752 -101.120796204 1502.27661133 -343.040863037 258.305999756 1588.63842773 -356.203186035 57.4045639038 1385.75744629 -349.284667969 17.8051986694 1660.33044434 -149.95072937 -93.6116714478 1270.375 -179.078689575 -131.749176025 1576.32495117 65.8182983398 -35.6391906738 1422.20544434 -28.5772094727 -91.2038040161 1337.68286133
0.030837059021 8 -321.927490234 -98.537902832 1503.25231934 -343.374572754 258.822479248 1588.75134277 -354.580505371 62.4526901245 1386.63574219 -351.909301758 20.5662307739 1662.9362793 -135.21232605 -70.5869216919 1270.77416992 -179.143218994 -129.849517822 1588.37487793 72.133605957 -6.83340072632 1429.49926758 -4.56799316406 -79.0038299561 1357.32275391
0.0312609672546 8 -321.080352783 -98.3241653442 1502.89453125 -343.905670166 259.345977783 1588.11901855 -352.001739502 62.1432952881 1384.96057129 -353.062408447 20.8225708008 1662.2545166 -131.709945679 -70.2010040283 1273.8807373 -178.545074463 -122.337310791 1603.28100586 80.5852508545 13.9242630005 1441.93566895 10.717010498 -51.9182128906 1371.76416016
0.0356180667877 8 -319.252319336 -96.1787414551 1502.88842773 -344.491546631 260.085632324 1588.62475586 -347.079315186 67.6439437866 1383.30700684 -350.382354736 25.2966384888 1664.71130371 -127.808059692 -60.0469055176 1283.08825684 -179.795150757 -114.902519226 1616.42956543 86.3299102783 39.4696731567 1449.64135742 14.3823699951 -30.5477981567 1377.16699219
0.031672000885 8 -317.604614258 -94.7279815674 1501.64880371 -344.645324707 260.528076172 1588.37133789 -342.105102539 70.947227478 1382.48510742 -350.545776367 26.1487808228 1664.59765625 -127.058441162 -27.031288147 1289.53955078 -176.183135986 -104.663459778 1629.29833984 90.157119751 61.8933944702 1458.76525879 19.9753875732 -6.59632873535 1379.70275879
0.0316069126129 8 -318.525146484 -95.2305908203 1501.07299805 -345.492889404 260.251953125 1588.328125 -344.806518555 70.3143768311 1381.50463867 -350.903625488 26.2037506104 1664.16137695 -126.054855347 -13.9376831055 1284.59765625 -168.795410156 -90.5139007568 1642.36938477 100.979553223 90.7045059204 1473.32775879 34.2678985596 12.9775848389 1395.39526367
0.0356900691986 8 -318.504547119 -93.6515197754 1500.00512695 -346.50994873 260.78994751 1588.57910156 -345.476104736 71.9140319824 1380.32373047 -351.669219971 27.2789306641 1663.52587891 -117.245834351 -0.272323608398 1278.75744629 -116.704971313 16.9128074646 1779.9921875 106.117248535 110.012023926 1478.60742188 26.6793823242 29.0212860107 1390.69604492
0.0314581394196 8 -318.321289062 -91.6820526123 1498.87976074 -346.798950195 261.084259033 1587.6854248 -346.531280518 74.1190643311 1380.02648926 -348.946380615 32.901260376 1659.97937012 -105.550170898 13.507396698 1282.46728516 -113.587432861 10.1839866638 1763.56262207 107.254333496 130.066955566 1484.4642334 28.2151184082 37.8561019897 1393.23217773
0.0314300060272 8 -316.688720703 -89.7042007446 1497.81262207 -346.171447754 261.185821533 1586.453125 -343.049163818 76.3812866211 1378.64257812 -346.086029053 37.3486480713 1657.41894531 -99.4484558105 20.6828346252 1285.11535645 -109.52822876 9.8220615387 1754.99694824 113.918945312 145.322875977 1492.77685547 34.1016693115 66.7984695435 1398.0201416
0.0359349250793 8 -317.216583252 -76.688369751 1494.77661133 -347.30871582 263.108215332 1587.3371582 -344.397735596 94.768371582 1375.453125 -348.777801514 63.5787963867 1648.73583984 -89.3543395996 66.0570144653 1287.34460449 -102.671478271 -4.88875579834 1752.18457031 113.206390381 179.510192871 1498.12158203 45.1126403809 78.7452926636 1414.5057373
0.0314800739288 8 -315.713226318 -77.7724533081 1494.58166504 -346.12789917 263.958709717 1587.85217285 -342.438323975 91.088180542 1377.9083252 -345.355743408 58.8953552246 1647.17297363 -90.5942687988 59.311050415 1291.52001953 -102.823074341 0.22912979126 1746.05407715 126.759567261 192.829345703 1512.1640625 70.2128601074 107.275146484 1437.44787598
0.0318658351898 8 -316.305480957 -73.4372558594 1495.60559082 -345.014678955 265.359039307 1587.78417969 -343.068908691 90.9901733398 1378.88659668 -343.555236816 60.1206970215 1646.58825684 -91.3676452637 69.4041442871 1294.62768555 -109.239624023 56.1645812988 1754.11279297 136.353530884 208.30039978 1526.45141602 79.4996337891 126.687812805 1446.82287598
0.0358240604401 8 -316.213378906 -71.1361923218 1496.23925781 -344.058807373 268.387298584 1589.7878418 -343.095611572 91.8818511963 1380.24963379 -343.273956299 61.0992050171 1646.3482666 -92.4630584717 96.569152832 1301.8807373 -103.168609619 57.1785583496 1754.34667969 138.276702881 224.616333008 1532.91040039 86.1993408203 143.038833618 1460.6315918
0.0316059589386 8 -316.16506958 -69.4496994019 1497.14489746 -344.015930176 267.558502197 1590.73999023 -342.713592529 92.5544128418 1382.16015625 -343.278656006 61.615486145 1646.33764648 -92.0168762207 98.2298736572 1306.70959473 -98.6351776123 58.8377532959 1752.86669922 134.582107544 238.749221802 1528.54553223 75.0249328613 160.458679199 1456.75500488
0.0325241088867 8 -315.843231201 -65.0153656006 1499.05773926 -344.921875 266.493988037 1591.43835449 -342.050109863 92.0632553101 1384.04138184 -344.212341309 62.1873245239 1646.04064941 -89.0160217285 103.229202271 1322.55334473 -92.3896179199 62.1658477783 1747.36828613 110.347320557 208.203918457 1438.76623535 154.578048706 162.112136841 1382.48205566
0.0361008644104 8 -315.525543213 -68.0684661865 1497.85778809 -344.876647949 266.115722656 1592.50073242 -342.724456787 93.0066375732 1384.64892578 -343.355682373 61.8448944092 1645.67285156 -91.0555877686 102.803909302 1326.09301758 -86.5192871094 63.9734725952 1743.84802246 103.291122437 221.962692261 1435.00878906 130.813537598 161.750274658 1385.10766602
0.0367791652679 8 -315.535003662 -69.9078903198 1496.76184082 -345.160736084 266.92477417 1593.9387207 -342.764465332 94.1026000977 1385.1472168 -343.379577637 61.1966094971 1645.54052734 -93.3184051514 105.868896484 1333.84313965 -81.76953125 65.3287200928 1740.93115234 133.134841919 273.142333984 1538.62365723 51.187789917 184.439910889 1453.59814453
0.0364968776703 8 -314.888458252 -59.951587677 1493.49060059 -345.14553833 267.371154785 1594.59509277 -345.286682129 101.060134888 1390.59033203 -340.524719238 57.8059463501 1644.86206055 -92.4710998535 121.85736084 1346.14782715 -72.9215698242 65.0067977905 1736.75085449 123.382293701 286.564910889 1536.31848145 53.5970230103 191.335876465 1454.04467773
0.0312190055847 8 -311.573608398 -59.6771392822 1497.04211426 -345.61529541 267.823852539 1596.52734375 -330.923675537 105.217285156 1397.52978516 -341.150848389 59.5936889648 1646.59814453 -65.0211486816 142.251495361 1350.26611328 -68.7335510254 70.1712265015 1735.2520752 121.487197876 297.406921387 1542.11621094 50.9543228149 204.364593506 1459.07592773
0.0317370891571 8 -314.12210083 -63.858215332 1496.83227539 -346.200592041 267.444122314 1596.65625 -335.640899658 102.990287781 1398.38720703 -346.853973389 55.463722229 1647.44384766 -64.8776245117 141.59526062 1351.60852051 -65.3110961914 77.5618133545 1733.71899414 102.340133667 302.827087402 1536.6484375 41.9387130737 212.50553894 1456.12194824
0.0350708961487 8 -315.845214844 -64.9281005859 1497.24145508 -346.993408203 267.691101074 1596.29589844 -339.847839355 101.979492188 1399.0423584 -349.647766113 53.2758483887 1648.7755127 -69.3843994141 144.401855469 1354.44970703 -114.339492798 120.489334106 1694.46484375 114.440704346 311.840362549 1548.49829102 61.7744598389 224.738647461 1469.15600586
0.0315809249878 8 -308.757232666 -67.5566558838 1503.66723633 -346.414886475 268.563049316 1596.53112793 -333.07598877 102.049110413 1403.86315918 -351.924072266 58.340965271 1650.65319824 -59.2641601562 140.497024536 1374.29211426 -110.176269531 130.166717529 1694.88769531 117.459899902 317.287475586 1549.43408203 79.6294403076 251.721252441 1488.69909668
0.031524181366 8 -308.643188477 -64.7781600952 1504.38244629 -349.792358398 268.441619873 1590.99182129 -327.751037598 104.115997314 1403.07922363 -350.110290527 59.8150482178 1652.40197754 -57.8581237793 143.855148315 1381.8692627 -103.204925537 134.918457031 1695.7557373 121.307647705 323.499755859 1558.47717285 135.830841064 260.137268066 1435.98547363
0.0350468158722 8 -309.018127441 -62.88879776 1504.69433594 -348.867095947 267.946228027 1592.21630859 -324.450042725 106.197250366 1402.73803711 -348.829620361 61.0858230591 1653.92138672 -51.177520752 146.943786621 1386.00610352 -94.7932434082 130.777328491 1697.08056641 111.047393799 331.184204102 1551.87670898 135.105804443 260.089477539 1436.8996582
0.0311541557312 8 -308.474182129 -62.1538391113 1504.51513672 -348.641540527 268.384643555 1592.73608398 -320.22354126 107.919296265 1403.02661133 -348.175323486 61.0475006104 1654.87524414 -46.8042297363 151.016143799 1387.06054688 -91.7539672852 131.314453125 1697.33813477 112.083953857 324.603759766 1554.91137695 133.247314453 258.215148926 1437.42663574
0.0319159030914 8 -306.111419678 -59.3667221069 1502.45532227 -349.071624756 268.623352051 1592.9720459 -306.78527832 112.928245544 1403.40136719 -348.505004883 58.5229721069 1656.73608398 -11.0217285156 188.670288086 1406.90307617 -88.3125305176 129.249008179 1698.40270996 96.9921417236 307.697631836 1539.81079102 129.331237793 251.417572021 1434.72485352
0.0359320640564 8 -307.825256348 -59.5959663391 1504.36877441 -348.804718018 268.263427734 1593.17712402 -311.205535889 112.100784302 1405.73571777 -347.919830322 58.9331359863 1657.87121582 -21.7156677246 177.29524231 1398.83984375 -85.6655578613 129.070007324 1698.39624023 88.614151001 295.133728027 1529.25756836 45.1302947998 213.751953125 1465.69909668
0.0317599773407 8 -308.651489258 -59.4468955994 1505.19506836 -347.401245117 267.818786621 1593.68676758 -313.66305542 111.414710999 1407.36743164 -347.224884033 58.3224487305 1658.26879883 -21.3688659668 173.131896973 1396.36901855 -82.1307373047 128.828704834 1701.07775879 87.282409668 284.835510254 1524.66394043 33.7085647583 194.839523315 1454.15771484
0.0366010665894 8 -308.838745117 -60.0557327271 1505.86132812 -346.53036499 268.654998779 1593.02001953 -314.51550293 110.343643188 1407.44873047 -346.928894043 57.6961669922 1658.95239258 -8.88873291016 163.567642212 1402.47631836 -79.4685668945 128.135665894 1702.47912598 83.5510559082 270.479095459 1521.4732666 31.0425720215 184.027893066 1455.85876465
0.0366308689117 8 -308.627960205 -60.4976234436 1506.51342773 -345.696990967 269.10824585 1594.55688477 -314.153594971 109.143852234 1406.72094727 -345.525848389 57.5532226562 1659.71240234 -1.41931152344 158.118301392 1404.89379883 -79.2143554688 125.259262085 1698.12609863 30.1508769989 236.827545166 1432.21899414 121.002349854 191.979248047 1511.63745117
0.0311839580536 8 -309.136230469 -64.8834381104 1507.55810547 -345.513122559 269.448242188 1595.15087891 -313.794891357 106.971290588 1404.94506836 -343.964019775 59.4839401245 1660.54516602 -1.22827148438 154.867279053 1402.91748047 -77.8400878906 125.712249756 1700.39465332 84.3502578735 247.538604736 1498.4498291 123.264480591 185.990234375 1518.94055176
0.0314021110535 8 -318.555236816 -60.1381187439 1502.01318359 -344.681945801 269.060760498 1596.23901367 -339.892730713 109.866500854 1405.75756836 -349.68649292 75.729385376 1640.55175781 -21.506072998 134.420806885 1385.2154541 -84.874786377 123.968612671 1705.59790039 86.6343154907 239.358520508 1503.97485352 155.645904541 182.291748047 1574.11169434
0.0351989269257 8 -321.643951416 -67.7521133423 1505.21899414 -344.248413086 268.503173828 1596.91625977 -351.803009033 104.721893311 1411.61206055 -341.998443604 67.6957244873 1648.95043945 -54.4112243652 112.30909729 1366.3939209 -88.0686187744 120.599472046 1707.35913086 112.618972778 238.293716431 1517.30993652 96.0826873779 170.418029785 1496.94616699
0.0315990447998 8 -315.492645264 -64.3395462036 1505.41113281 -343.796447754 268.563323975 1596.34020996 -343.306945801 104.931938171 1410.12817383 -337.872253418 65.001121521 1651.27246094 -74.7766418457 100.882270813 1356.88684082 -84.6672210693 116.80380249 1710.48217773 113.947128296 233.551208496 1519.37927246 86.3668823242 159.332748413 1475.5135498
0.031149148941 8 -312.651641846 -62.9522666931 1507.41235352 -343.458465576 268.92565918 1595.44250488 -334.177612305 107.39994812 1410.40429688 -336.82421875 63.5034790039 1656.80615234 -69.4632568359 106.37322998 1357.04956055 -83.5642700195 114.04133606 1712.88500977 112.667831421 232.873291016 1522.37280273 69.2850952148 150.746582031 1462.18115234
0.0355508327484 8 -312.049102783 -63.871257782 1507.36791992 -342.021362305 269.259368896 1595.83056641 -330.679168701 105.609146118 1409.2767334 -337.456085205 61.1234436035 1657.11242676 -61.8619995117 109.6926651 1362.13659668 -83.7548980713 112.947540283 1716.42614746 104.510726929 228.365982056 1511.31677246 49.2591247559 144.168670654 1451.35571289
0.0314140319824 8 -311.718200684 -64.4265213013 1507.20544434 -341.574157715 269.251373291 1595.53234863 -326.511077881 104.623718262 1407.93920898 -339.300933838 59.455368042 1657.34912109 -56.9419250488 110.042358398 1366.55957031 -83.0713195801 114.117782593 1719.01745605 109.933624268 222.849060059 1511.67224121 59.8637237549 146.234893799 1453.80212402
0.0315930843353 8 -311.525543213 -64.9438934326 1507.56567383 -339.068695068 270.557373047 1596.66662598 -324.218322754 104.002944946 1408.4074707 -340.942687988 58.2439727783 1657.55200195 -53.8988037109 111.181976318 1367.09558105 -83.3439941406 112.027542114 1724.76208496 108.010620117 219.210266113 1509.13647461 55.3586578369 137.468521118 1450.36157227
0.0359280109406 8 -311.740509033 -65.3221206665 1508.07275391 -338.575866699 271.19720459 1596.26403809 -324.717132568 103.141281128 1408.41638184 -340.813201904 57.4274291992 1658.29626465 -52.1342163086 111.95426178 1367.54992676 -83.404510498 110.109741211 1727.78637695 118.082321167 216.512649536 1510.2869873 62.0014190674 135.268951416 1451.77893066
0.031898021698 8 -311.029205322 -65.5559539795 1507.86950684 -336.514160156 271.630187988 1594.13012695 -321.69128418 101.129585266 1405.52941895 -340.695678711 56.0727462769 1658.52697754 -53.9996337891 111.500846863 1364.92077637 -83.0473327637 107.510772705 1731.44689941 120.278610229 210.767028809 1498.79846191 81.9329071045 132.308059692 1457.10046387
0.0315380096436 8 -309.019287109 -59.9701805115 1499.78210449 -336.323883057 272.057922363 1593.34655762 -327.245483398 109.450759888 1406.37219238 -336.818786621 50.0947113037 1657.49694824 -62.7381591797 111.034072876 1361.06958008 -78.8413085938 98.5327606201 1735.71972656 114.583740234 208.86907959 1492.00854492 84.9248046875 114.306976318 1465.68444824
0.0360507965088 8 -308.207305908 -57.6195297241 1497.33984375 -335.519287109 271.291351318 1593.06713867 -331.594238281 110.798789978 1407.02844238 -331.298400879 47.9704208374 1656.66784668 -69.8210449219 104.225494385 1355.28649902 -77.850189209 93.4962768555 1742.6640625 116.297012329 206.014251709 1481.09106445 59.0042877197 106.430404663 1422.32336426
0.0320200920105 8 -312.778076172 -59.484588623 1501.20825195 -335.514129639 271.129486084 1591.93188477 -344.366638184 103.365287781 1406.94116211 -334.122741699 49.6903762817 1656.22265625 -78.4076843262 88.2158660889 1344.91479492 -80.5708770752 93.3979721069 1746.99145508 125.708633423 198.744720459 1470.5904541 56.5961303711 105.917945862 1416.10986328
0.0318229198456 8 -314.167633057 -57.2197265625 1503.54333496 -335.32220459 270.752838135 1591.30004883 -350.79888916 101.166168213 1405.32824707 -333.538696289 52.5324707031 1657.33996582 -82.9441833496 78.7083129883 1339.93505859 -81.844543457 94.264793396 1752.96704102 132.65826416 190.61541748 1457.63427734 59.567276001 100.792869568 1405.13989258
0.0360250473022 8 -309.447631836 -53.9920425415 1505.9942627 -335.445892334 270.695343018 1590.15490723 -341.671478271 110.934661865 1406.35351562 -321.492706299 57.9098968506 1665.68261719 -82.1832275391 81.7407073975 1335.55737305 -79.2085113525 84.8017883301 1760.93408203 143.966079712 194.186279297 1446.50769043 56.4318695068 89.3150177002 1389.66931152
0.0317649841309 8 -307.260650635 -54.5155639648 1507.48925781 -335.363037109 270.429992676 1589.38146973 -335.902801514 109.646736145 1405.99230957 -316.148223877 58.6564865112 1666.18518066 -79.2427978516 76.9459609985 1331.93896484 -79.5936431885 82.5565719604 1769.44580078 152.05921936 186.573425293 1430.99707031 68.1199798584 91.7935714722 1435.65881348
0.0319950580597 8 -309.61114502 -57.0781784058 1506.36987305 -334.37689209 270.317138672 1588.42907715 -339.539428711 103.981750488 1400.70397949 -319.766601562 58.7741851807 1662.81921387 -78.1914978027 71.1407699585 1326.15197754 -77.2607269287 81.924118042 1776.04333496 153.110687256 177.886322021 1411.93383789 69.4442901611 96.3568725586 1439.33459473
0.0364999771118 8 -309.396789551 -59.0294761658 1506.04968262 -333.909332275 270.650939941 1587.68444824 -337.838684082 101.550437927 1399.30627441 -320.199279785 57.479598999 1661.92785645 -75.6791687012 65.564743042 1317.37023926 -75.2097625732 79.8860626221 1780.37805176 157.274414062 168.604217529 1390.61523438 75.3321685791 98.3426055908 1446.80786133
0.0319399833679 8 -309.426452637 -60.6433830261 1505.86010742 -333.239593506 270.31918335 1587.53979492 -334.217681885 101.042877197 1398.81115723 -320.029876709 56.4935150146 1662.01086426 -75.3341369629 61.5850601196 1308.88232422 -70.6279907227 75.9979705811 1782.12695312 144.760650635 165.34173584 1366.14477539 87.0636291504 102.791854858 1458.8548584
0.0323281288147 8 -308.210571289 -61.3170013428 1507.70068359 -332.42074585 270.141387939 1586.76525879 -331.108581543 100.751075745 1400.09777832 -318.164367676 56.7207870483 1663.70324707 -76.9310455322 58.1195526123 1295.90112305 -65.4272613525 72.8009262085 1775.65966797 148.427108765 160.438049316 1347.67236328 95.0477600098 105.195960999 1463.33276367
0.0416519641876 8 -309.126861572 -62.9425582886 1507.69238281 -332.032165527 270.139801025 1585.85974121 -332.596618652 97.8000564575 1397.90551758 -319.964233398 56.4470596313 1662.84033203 -77.6893768311 55.0028190613 1288.47924805 -60.7981872559 70.6419830322 1769.74890137 156.004180908 155.939041138 1328.82519531 101.238647461 107.803604126 1466.56433105
0.0326950550079 8 -311.214477539 -73.476852417 1506.90637207 -331.445343018 269.623291016 1585.109375 -333.581359863 79.8395385742 1394.33105469 -326.189575195 38.8949279785 1661.26879883 -78.6905212402 41.3822517395 1283.88696289 -59.9476318359 73.0769195557 1747.93273926 169.19720459 141.465866089 1313.56970215 148.565444946 90.1172637939 1304.61767578
0.0346319675446 8 -309.199493408 -73.0209350586 1508.60253906 -331.15335083 268.571655273 1585.40942383 -332.585998535 81.1311187744 1396.08789062 -319.850646973 40.9557037354 1663.08642578 -78.0030975342 40.4493865967 1279.49060059 -62.9161682129 64.6170654297 1728.39538574 178.688491821 139.587799072 1306.4486084 151.148239136 84.9369049072 1286.22668457
0.0311439037323 8 -306.591491699 -72.9668426514 1510.33679199 -330.81628418 267.534729004 1584.94384766 -328.665679932 83.4369354248 1398.51318359 -314.474884033 43.6941986084 1664.55102539 -82.9557342529 36.9933700562 1269.54785156 -58.9070739746 61.5531234741 1715.28955078 181.788619995 136.299911499 1298.03320312 143.392303467 84.5202331543 1281.41467285
0.0308530330658 8 -293.596069336 -68.6636505127 1507.59106445 -330.559051514 267.053222656 1584.97595215 -316.452636719 86.7690124512 1396.98840332 -275.259765625 56.6168823242 1652.10168457 -70.5808410645 38.7900390625 1265.46069336 -71.5306396484 49.5526657104 1686.93481445 196.287902832 136.602310181 1296.16894531 125.331359863 78.8569717407 1279.80163574
0.0358619689941 8 -287.8046875 -67.6578521729 1507.99926758 -329.281219482 267.571807861 1584.35253906 -311.010772705 89.2427520752 1394.65209961 -257.478546143 57.8175506592 1654.08227539 -65.4847717285 38.7951316833 1261.33959961 -70.9121551514 41.0122375488 1671.54919434 195.830413818 137.058502197 1286.84484863 87.1190032959 69.3242950439 1284.05310059
0.0313401222229 8 -292.816467285 -68.3127975464 1506.51306152 -328.475891113 268.608428955 1583.22021484 -314.661010742 85.1874389648 1395.48791504 -273.897705078 59.855178833 1646.44592285 -67.2714538574 33.0378799438 1262.96020508 -61.5792999268 39.9385757446 1665.44677734 188.933105469 130.992752075 1289.93835449 90.7643127441 69.7591705322 1283.72167969
0.0313069820404 8 -294.415313721 -71.1037597656 1505.91003418 -327.429504395 268.853515625 1582.10095215 -315.717803955 80.5848312378 1395.3416748 -280.574859619 56.7913284302 1644.25720215 -55.4370422363 24.9617958069 1269.32885742 -56.3659667969 44.3404541016 1665.03820801 189.624801636 119.892883301 1296.23986816 95.6222229004 71.1801605225 1289.80566406
0.0363450050354 8 -292.166473389 -70.4228134155 1506.75817871 -326.617523193 269.268280029 1581.4017334 -313.870056152 84.992729187 1393.8425293 -274.144592285 56.6357040405 1651.34863281 -56.2639465332 29.8465080261 1268.47595215 -55.3263092041 36.5991020203 1656.72290039 195.095489502 110.536361694 1304.19934082 106.367218018 57.8433609009 1293.56201172
0.0312829017639 8 -295.167938232 -76.2168121338 1499.85290527 -326.187957764 269.170349121 1580.5111084 -313.606048584 78.5761871338 1379.88635254 -280.891448975 51.8660430908 1648.45935059 -51.549041748 26.7722015381 1271.22546387 -47.3311767578 29.8469238281 1658.53894043 191.853713989 98.9111022949 1318.31640625 112.94758606 44.9461517334 1303.0144043
0.0315690040588 8 -301.18927002 -83.2629089355 1492.76831055 -326.615631104 268.089477539 1578.46923828 -318.36505127 65.8200302124 1365.67614746 -296.70904541 45.8531265259 1641.03234863 -54.6076049805 18.4327812195 1272.00891113 -38.1031494141 30.765045166 1658.00610352 179.146087646 79.8101654053 1329.26477051 117.425109863 31.0423316956 1312.85778809
0.0354380607605 8 -300.27835083 -81.9697494507 1496.70336914 -325.768890381 266.913146973 1577.25622559 -317.803100586 67.2559051514 1373.47949219 -295.90423584 44.1523742676 1644.46557617 -52.7306518555 7.65223312378 1272.26843262 -31.8106384277 27.6345539093 1663.68322754 171.86706543 60.9604988098 1342.07458496 106.229263306 21.6520442963 1323.67346191
0.0319979190826 8 -303.300231934 -89.3408889771 1500.42834473 -325.184936523 266.286956787 1576.4597168 -323.345855713 60.3208236694 1389.53845215 -301.900299072 28.5721359253 1646.00183105 -60.4794311523 -1.81411361694 1275.36169434 -36.0942077637 8.9213218689 1654.21032715 170.696563721 46.1539039612 1357.85009766 95.5539550781 0.732927322388 1334.61486816
0.0321760177612 8 -305.85144043 -95.4380950928 1499.64257812 -324.571746826 265.909423828 1575.43359375 -324.503082275 53.3026275635 1391.09033203 -306.772979736 20.3861236572 1644.00048828 -55.6098327637 -22.2175369263 1285.1541748 -33.8023986816 -9.78560256958 1643.13769531 165.072357178 30.8871536255 1373.02246094 9.88670730591 23.8985595703 1624.00183105
0.0351340770721 8 -306.753631592 -94.8025741577 1498.58447266 -323.324401855 265.995941162 1575.16955566 -323.480255127 52.4665908813 1384.63598633 -313.043792725 21.1348342896 1645.11523438 -54.2066040039 -36.0130310059 1296.15808105 -41.8582458496 -11.3315887451 1648.32873535 165.892532349 10.508682251 1394.34509277 104.079406738 -19.3320426941 1540.63818359
0.0320448875427 8 -306.728027344 -97.162322998 1498.93493652 -322.495361328 265.383056641 1574.92114258 -318.410766602 51.8715362549 1387.83654785 -317.350463867 18.242477417 1644.74084473 -55.5162353516 -48.6541824341 1307.00195312 -103.849395752 -49.1752319336 1695.4609375 161.0337677 -4.50737380981 1412.77099609 117.039093018 -15.1449890137 1522.43066406
0.031928062439 8 -307.059844971 -98.3098526001 1497.67199707 -321.412475586 264.824462891 1575.1003418 -314.797058105 52.9699249268 1385.24707031 -320.047912598 19.3721923828 1644.52954102 -58.9761962891 -67.4628829956 1313.47570801 -112.830322266 -55.0308837891 1704.51501465 146.018005371 -20.1100654602 1429.61657715 89.3708953857 -58.4204864502 1554.82507324
0.0355648994446 8 -307.911102295 -98.8537445068 1496.78942871 -320.544067383 264.462463379 1575.34326172 -312.871948242 53.6236801147 1383.50244141 -323.063171387 20.0230789185 1644.25708008 -63.8488464355 -79.7022781372 1317.19006348 -117.726119995 -60.0958099365 1717.87915039 140.040817261 -32.7530174255 1453.48779297 90.9573059082 -58.699508667 1562.02978516
0.0321261882782 8 -308.132568359 -98.385093689 1496.96984863 -320.253082275 263.995239258 1574.89160156 -311.25869751 55.3029785156 1385.79528809 -325.256195068 20.1377716064 1644.10510254 -71.0653686523 -87.2859191895 1325.21154785 -121.532943726 -64.2561645508 1731.10900879 135.814498901 -42.7937583923 1478.27416992 86.7015228271 -61.7891159058 1566.11437988
0.0320529937744 8 -308.626953125 -95.5652542114 1497.16564941 -320.093505859 263.882537842 1574.47167969 -309.841186523 60.697769165 1386.99926758 -327.377441406 24.673248291 1644.63574219 -79.6932983398 -97.393371582 1334.98950195 -124.886016846 -62.5736999512 1745.35681152 127.922439575 -56.5386314392 1496.40332031 83.497467041 -59.528427124 1571.07836914
0.0362758636475 8 -310.066741943 -92.6147689819 1498.82666016 -320.474243164 264.771942139 1574.28100586 -312.429870605 68.4598846436 1394.72143555 -329.426452637 29.3971557617 1645.54711914 -85.4954071045 -104.795928955 1347.4395752 -135.500259399 -61.1236953735 1760.51928711 122.360534668 -70.2121505737 1525.16369629 49.3528137207 -83.9933624268 1630.02416992
0.0361769199371 8 -309.779754639 -93.0814971924 1500.82507324 -321.018218994 265.330871582 1574.34240723 -310.01763916 68.4992904663 1396.70788574 -330.371826172 26.8960037231 1649.58728027 -88.6664733887 -108.371315002 1357.98974609 -144.524658203 -67.9134521484 1775.90234375 111.102203369 -73.3318328857 1540.12780762 48.301864624 -89.3792037964 1642.50683594
0.0318930149078 8 -310.488647461 -91.5919952393 1505.39038086 -321.583007812 265.608825684 1574.49328613 -309.696380615 76.5786590576 1397.09912109 -332.96383667 26.7157745361 1665.10009766 -86.1546478271 -102.147613525 1367.8026123 -154.095825195 -82.7889251709 1792.05517578 108.669342041 -70.3070755005 1566.86254883 30.0204772949 -120.947479248 1743.64819336
0.0354080200195 8 -312.657806396 -93.8732299805 1505.07177734 -321.873291016 265.208312988 1574.04602051 -311.795288086 72.6478424072 1395.88830566 -336.550048828 24.4611053467 1663.42980957 -76.8793182373 -103.291519165 1379.21520996 -160.5209198 -85.8279266357 1804.01025391 112.753463745 -78.7783889771 1586.6706543 34.6128997803 -123.805603027 1724.75134277
0.0309121608734 8 -313.179901123 -96.2858810425 1503.71813965 -322.379638672 264.342071533 1573.38061523 -311.223022461 70.4525299072 1394.78857422 -337.445922852 23.1142883301 1661.28076172 -69.3068237305 -103.361679077 1384.47924805 -166.898727417 -92.7466812134 1798.22338867 137.316390991 -91.9987106323 1615.44555664 91.7886199951 -152.760314941 1582.65771484
0.0317950248718 8 -313.181488037 -99.248374939 1502.66918945 -322.184417725 263.717773438 1573.28674316 -311.429626465 75.54271698 1395.50292969 -336.591003418 23.2153244019 1665.43994141 -69.7176361084 -100.955848694 1385.96948242 -172.301544189 -109.162727356 1779.58764648 121.96257019 -95.2853927612 1630.41479492 61.0952911377 -164.356033325 1559.74328613
0.0353319644928 8 -312.869598389 -98.0458526611 1504.02734375 -322.652038574 263.411132812 1573.14453125 -309.162322998 76.4641418457 1396.97924805 -336.638885498 23.4467163086 1667.12670898 -68.9876098633 -101.472717285 1385.51257324 -175.634872437 -118.629974365 1763.26306152 111.874679565 -100.09815979 1634.86291504 28.7579040527 -182.279342651 1531.80871582
0.0314428806305 8 -313.11932373 -97.2913665771 1504.47192383 -323.153381348 263.888122559 1572.20239258 -310.325012207 75.8063735962 1395.86633301 -337.144226074 23.7761154175 1667.35632324 -70.854095459 -103.409141541 1385.76086426 -172.506210327 -122.425102234 1744.77600098 109.505477905 -105.466896057 1634.13769531 121.594711304 -188.478668213 1473.60083008
0.0319180488586 8 -313.35369873 -97.9319534302 1505.1217041 -322.557373047 264.515441895 1571.78051758 -310.240966797 75.2772445679 1396.78942871 -336.866333008 22.9707565308 1668.14538574 -71.2911682129 -104.786872864 1386.48400879 -124.34147644 -188.446563721 1512.49182129 118.020202637 -110.662590027 1634.98779297 158.817611694 -189.378890991 1473.18774414
0.0398309230804 8 -312.727722168 -97.8748779297 1505.70739746 -322.240997314 263.727905273 1571.64501953 -308.033630371 75.026222229 1397.48095703 -336.835510254 23.1911239624 1668.16259766 -68.3752746582 -106.470741272 1387.02368164 -148.272384644 -195.510986328 1500.10131836 126.117218018 -117.08846283 1630.19165039 164.401535034 -192.682937622 1475.17456055
0.0427939891815 8 -312.912689209 -98.1067581177 1505.7467041 -322.11706543 263.152648926 1571.24060059 -308.540344238 74.2855453491 1396.76550293 -337.255493164 23.4657211304 1667.74279785 -80.8036956787 -117.932136536 1366.97607422 -143.064193726 -195.20690918 1483.93713379 126.646179199 -121.378334045 1613.64746094 171.043838501 -191.742767334 1466.81811523
0.0319130420685 8 -313.382720947 -97.9867553711 1505.08117676 -321.955810547 263.164672852 1571.11022949 -309.034484863 73.8647460938 1395.34375 -338.85345459 24.9229736328 1665.82519531 -76.6407623291 -119.354003906 1373.30737305 -148.303924561 -167.502182007 1452.78234863 129.799972534 -127.552017212 1601.72399902 147.696228027 -202.101959229 1463.98779297
0.0306529998779 8 -313.111083984 -97.7721557617 1504.953125 -321.929412842 263.307556152 1571.37512207 -307.453338623 74.2253570557 1395.20568848 -339.576385498 25.5986480713 1665.38684082 -74.8131866455 -117.430282593 1376.79553223 -157.481445312 -158.917160034 1446.20751953 136.221405029 -131.10055542 1581.47216797 35.7467193604 -214.982147217 1577.72851562
0.030748128891 8 -313.651184082 -98.007194519 1504.64196777 -321.161407471 263.651153564 1571.60949707 -307.558990479 73.3138885498 1394.56811523 -341.734283447 25.2255554199 1664.42114258 -78.7312469482 -122.193466187 1375.0859375 -156.571395874 -159.454544067 1447.31359863 104.069885254 -131.790679932 1537.79638672 20.3447875977 -213.33291626 1598.03540039
0.0301189422607 8 -313.894042969 -98.4644851685 1505.38354492 -320.649536133 263.705291748 1571.18029785 -307.938140869 72.8084182739 1394.94482422 -342.365325928 25.6623306274 1664.59594727 -86.7361450195 -127.882087708 1368.91772461 -155.864486694 -155.096038818 1454.64318848 110.991287231 -132.448318481 1519.80371094 12.1162567139 -213.203033447 1609.11364746
0.0350730419159 8 -314.250396729 -98.6323699951 1505.52075195 -319.618469238 263.554595947 1570.94628906 -307.870513916 72.3287353516 1394.90344238 -342.952362061 25.4353942871 1664.54284668 -86.4845275879 -128.020141602 1369.33740234 -162.034439087 -154.194442749 1472.44055176 114.941894531 -136.879043579 1500.58752441 12.5390777588 -210.329055786 1597.28747559
0.0306408405304 8 -314.324249268 -98.4506454468 1506.02368164 -318.711853027 264.255615234 1571.22045898 -308.263702393 72.2236785889 1394.42565918 -342.281219482 25.6970825195 1665.48034668 -87.1365509033 -128.305603027 1369.70129395 -172.488525391 -153.783721924 1488.49914551 116.991653442 -137.525787354 1484.69335938 64.6640472412 -213.227737427 1402.24304199
0.0311532020569 8 -313.834777832 -98.2469711304 1506.91723633 -317.919128418 264.716705322 1571.28808594 -306.899383545 72.3763809204 1393.87280273 -341.630706787 27.1421279907 1666.43066406 -91.700881958 -130.152282715 1366.40148926 -182.9165802 -157.694702148 1513.3293457 114.890853882 -142.228393555 1460.9954834 30.65965271 -211.981811523 1412.0534668
0.034777879715 8 -313.300598145 -97.0703811646 1507.68603516 -317.120269775 265.194091797 1570.92456055 -306.312469482 72.4538421631 1392.43151855 -341.437469482 28.2471008301 1667.6072998 -93.7899780273 -129.114425659 1364.14880371 -185.877456665 -153.845703125 1531.4675293 114.918182373 -144.182189941 1438.37890625 44.8243713379 -224.331115723 1402.67553711
0.0309329032898 8 -310.879730225 -91.3089675903 1508.0670166 -315.810089111 265.621276855 1570.80700684 -306.678466797 78.1567001343 1384.82177734 -333.907531738 35.9579391479 1672.98706055 -93.63671875 -126.083839417 1360.97045898 -184.800765991 -152.500061035 1550.82189941 115.29586792 -144.535202026 1416.26586914 50.9018096924 -224.222518921 1384.63757324
0.0360941886902 8 -310.514343262 -91.7944793701 1508.31945801 -314.558135986 265.468505859 1570.05505371 -306.64755249 76.9999389648 1384.69677734 -331.763275146 34.9956970215 1673.43115234 -97.3581237793 -124.507034302 1340.39733887 -181.560211182 -154.20123291 1568.57434082 112.681747437 -149.217788696 1392.35852051 19.2238922119 -209.426239014 1355.18920898
0.0315539836884 8 -313.92401123 -93.8645782471 1505.89416504 -312.928649902 265.089355469 1569.09155273 -311.654937744 76.9172973633 1383.94311523 -328.649078369 32.1147766113 1673.0949707 -100.951171875 -125.385894775 1320.21374512 -176.226348877 -159.221252441 1572.609375 113.614471436 -150.720657349 1370.80859375 21.1795654297 -209.4168396 1339.64941406
0.0314610004425 8 -315.302185059 -95.3585662842 1504.29614258 -310.882110596 264.549621582 1567.88464355 -314.344024658 75.5574188232 1381.86682129 -326.555450439 29.3090057373 1673.21496582 -104.854629517 -131.133605957 1301.86962891 -169.840881348 -163.694442749 1572.59350586 119.377044678 -154.712554932 1348.79455566 24.1851196289 -219.067001343 1322.640625
0.0354959964752 8 -314.724853516 -107.487243652 1504.03369141 -309.710296631 263.067321777 1566.60900879 -313.259063721 56.9400787354 1382.51293945 -324.1434021 5.23008728027 1674.36254883 -105.698791504 -134.559112549 1292.17077637 -163.449371338 -157.0625 1564.85534668 124.350234985 -162.392074585 1329.32531738 26.9786834717 -220.929138184 1306.94433594
0.0319759845734 8 -311.898681641 -107.557128906 1506.9810791 -308.182006836 262.115661621 1566.07592773 -310.243286133 53.2285461426 1385.72619629 -324.403869629 0.779754638672 1676.28649902 -105.719207764 -141.462875366 1287.85180664 -162.840591431 -149.247650146 1564.08129883 142.324264526 -175.628356934 1310.48791504 37.4914550781 -219.098480225 1290.77636719
0.0319318771362 8 -307.350341797 -111.989776611 1503.13586426 -306.823455811 261.018371582 1565.47290039 -305.625305176 36.337272644 1384.31848145 -313.673095703 -3.33892822266 1658.94519043 -103.697875977 -149.7684021 1280.2557373 -158.267730713 -146.088516235 1560.55053711 130.718719482 -187.517684937 1295.90100098 28.7113647461 -211.515487671 1278.40258789
0.0363130569458 8 -307.744903564 -113.070648193 1503.52148438 -303.424835205 259.189239502 1563.31164551 -307.697357178 33.909614563 1382.00939941 -315.620880127 -4.95829772949 1660.42321777 -104.018630981 -154.523284912 1280.42077637 -149.166122437 -146.326812744 1557.3092041 126.697235107 -194.587127686 1280.33569336 36.9322509766 -211.002990723 1265.5625
0.0316219329834 8 -308.478424072 -117.582420349 1503.7175293 -301.409912109 257.875366211 1561.97277832 -307.742218018 28.8315734863 1380.45129395 -314.954376221 -9.87212371826 1661.79602051 -104.334243774 -155.273330688 1278.89306641 -143.893386841 -146.624023438 1555.55603027 125.400497437 -195.730209351 1269.41625977 50.510269165 -218.093078613 1260.19897461
0.0322749614716 8 -309.023071289 -121.459732056 1503.38122559 -299.962219238 256.495269775 1560.22741699 -308.094818115 28.1132965088 1380.09106445 -314.350494385 -9.64445495605 1661.62939453 -104.275665283 -158.934585571 1275.58361816 -142.259567261 -147.48399353 1551.03723145 121.486877441 -200.26335144 1261.08032227 41.6647186279 -211.863739014 1257.79931641
0.0353810787201 8 -313.948577881 -127.286003113 1494.95324707 -300.846130371 255.663787842 1559.40673828 -312.433929443 28.4783477783 1378.82861328 -309.458343506 -17.0379638672 1654.87524414 -110.287033081 -153.819625854 1268.93127441 -144.81489563 -163.360687256 1552.23535156 121.327941895 -198.655456543 1259.65637207 36.1884307861 -211.966079712 1253.84863281
0.0321080684662 8 -313.503082275 -131.436050415 1493.50109863 -297.245880127 251.355316162 1555.54296875 -311.783782959 26.3679122925 1378.09277344 -308.632171631 -16.4013977051 1651.51220703 -112.73664856 -155.870422363 1263.1854248 -152.276870728 -169.836868286 1552.35119629 112.819320679 -203.144363403 1258.58996582 26.6915130615 -209.894287109 1249.93945312
0.0321140289307 8 -312.426452637 -131.283065796 1494.92797852 -295.277038574 250.360275269 1552.90014648 -310.148956299 24.7737808228 1376.52392578 -310.783050537 -15.788772583 1653.15844727 -126.909851074 -148.663482666 1249.78479004 -153.934417725 -167.538619995 1531.7043457 112.24017334 -206.818466187 1262.09069824 49.9769592285 -239.912094116 1193.95446777
0.0364398956299 8 -311.624237061 -130.367523193 1494.96069336 -295.478881836 251.571105957 1553.63757324 -308.980163574 24.4147109985 1375.70922852 -310.275756836 -12.2323760986 1650.61352539 -123.47354126 -154.336700439 1251.88195801 -158.679092407 -170.845428467 1527.88195801 111.272155762 -214.694152832 1265.22973633 37.8980560303 -218.398208618 1259.16137695
0.0366060733795 8 -312.699707031 -130.761184692 1496.15405273 -293.442810059 250.011947632 1551.48278809 -307.778045654 21.8660049438 1373.17175293 -311.540924072 -11.6401519775 1651.8873291 -119.746643066 -155.59765625 1257.1751709 -155.883804321 -175.135070801 1524.49609375 112.444442749 -219.94833374 1271.17871094 55.8668518066 -237.770324707 1203.85803223
0.0323178768158 8 -313.357757568 -132.177658081 1494.46655273 -291.809661865 247.990066528 1550.12194824 -308.452514648 21.0956192017 1371.21398926 -309.532226562 -11.0220184326 1649.43347168 -117.693954468 -157.54788208 1259.1328125 -151.885467529 -177.816223145 1519.70471191 113.250396729 -226.37387085 1277.45385742 37.8110961914 -229.55430603 1266.30285645
0.0352780818939 8 -313.542358398 -131.526153564 1494.69689941 -290.38394165 247.168823242 1549.98095703 -308.202209473 22.3542175293 1370.76818848 -311.281982422 -10.0165100098 1650.56994629 -117.512634277 -158.023696899 1257.96740723 -143.582443237 -179.355056763 1511.44299316 111.880508423 -232.54447937 1284.9329834 74.6750793457 -256.611999512 1216.81152344
0.0315709114075 8 -312.912719727 -132.813690186 1493.82507324 -287.967590332 246.333709717 1549.09094238 -306.012359619 21.9962768555 1371.21630859 -309.868133545 -10.9628601074 1649.35595703 -121.640701294 -157.384262085 1254.26879883 -140.843551636 -174.518356323 1500.69348145 115.31578064 -242.082641602 1297.62145996 75.3082122803 -264.07635498 1220.67480469
0.0317389965057 8 -312.256439209 -132.688079834 1493.34204102 -284.399353027 245.135055542 1547.34143066 -304.726837158 22.7089691162 1371.09960938 -309.777740479 -9.28382873535 1647.98193359 -120.584365845 -156.994827271 1255.52954102 -142.425018311 -172.386154175 1506.16467285 113.578414917 -250.347183228 1307.44018555 71.3888092041 -270.378234863 1220.72314453
0.0345101356506 8 -311.338500977 -130.740692139 1493.53491211 -282.342956543 244.44883728 1545.49536133 -302.866638184 27.0039672852 1371.75915527 -310.342163086 -5.93096923828 1649.11804199 -124.712203979 -156.142440796 1255.73010254 -150.195449829 -174.540863037 1509.4005127 108.439956665 -257.790924072 1318.28588867 60.0557098389 -284.540771484 1223.2677002
0.031436920166 8 -310.166900635 -118.656669617 1498.75305176 -280.141876221 244.648925781 1544.92138672 -302.086517334 39.1437225342 1383.50048828 -312.568634033 3.53662109375 1651.4375 -126.35055542 -160.439910889 1255.56738281 -155.305206299 -168.107254028 1507.09313965 108.499755859 -273.333068848 1333.20947266 54.5731811523 -286.652526855 1227.43371582
0.0313150882721 8 -308.439422607 -112.882278442 1499.88427734 -279.568908691 245.980789185 1545.66369629 -299.0546875 41.7211151123 1382.83068848 -314.570800781 7.50700378418 1652.07067871 -126.263320923 -164.072891235 1258.5567627 -155.618850708 -162.681488037 1503.47229004 106.460510254 -287.625091553 1348.9284668 44.15675354 -296.726074219 1236.64453125
0.0356268882751 8 -307.737243652 -106.701751709 1502.00634766 -277.220947266 246.668395996 1545.16064453 -296.366699219 46.5830993652 1384.44189453 -314.66015625 14.4853515625 1652.71386719 -136.562591553 -171.156616211 1265.46228027 -155.917572021 -154.406829834 1501.41540527 102.561141968 -306.147613525 1365.92126465 36.0626678467 -309.101928711 1254.35351562
0.0383851528168 8 -307.374847412 -104.937431335 1502.91540527 -276.978179932 246.732635498 1545.24035645 -295.748626709 46.3524246216 1384.25427246 -314.778594971 15.1491165161 1653.34387207 -143.280441284 -173.457183838 1270.51452637 -158.537002563 -153.167724609 1500.98400879 95.234588623 -318.422119141 1383.15563965 32.5388031006 -318.7762146 1265.17858887
0.0323488712311 8 -304.833618164 -109.24193573 1500.58654785 -275.059783936 245.81842041 1544.2310791 -287.131011963 34.3772583008 1374.43371582 -314.958648682 6.2466583252 1653.60412598 -148.257843018 -178.637374878 1280.12487793 -173.717178345 -173.474014282 1517.86767578 94.3257141113 -325.204162598 1404.00927734 28.2683563232 -329.405517578 1298.25708008
0.0352160930634 8 -306.733154297 -117.121688843 1493.95227051 -271.610931396 244.343185425 1543.35461426 -286.003662109 33.1174621582 1369.06420898 -311.488769531 -3.25347900391 1653.98364258 -144.379638672 -186.182266235 1284.33105469 -178.679718018 -183.732925415 1524.26635742 91.6001739502 -328.986846924 1423.60437012 35.3656158447 -345.790496826 1318.35327148
0.0313799381256 8 -305.045684814 -126.540763855 1492.4942627 -265.968536377 242.310974121 1541.46936035 -278.815643311 28.6767807007 1365.30688477 -310.973724365 -4.78805541992 1654.04418945 -136.015411377 -194.789672852 1307.40124512 -185.156860352 -184.69418335 1531.82922363 79.2397766113 -335.619018555 1439.08666992 33.88621521 -348.942626953 1328.2878418
0.0315680503845 8 -303.457550049 -130.685043335 1493.20214844 -265.082458496 240.796234131 1541.28051758 -273.546447754 25.6352310181 1365.43591309 -311.581054688 -5.44190979004 1654.14685059 -136.30821228 -218.447937012 1322.64587402 -191.023223877 -188.810302734 1541.27099609 82.9513549805 -349.224395752 1458.63806152 30.8464508057 -354.23614502 1339.44775391
0.0350229740143 8 -303.059234619 -133.284820557 1492.65014648 -261.354003906 238.410858154 1540.3157959 -271.188323975 24.321105957 1365.89526367 -311.99319458 -6.52548217773 1653.19458008 -134.041320801 -218.42237854 1324.98913574 -194.754608154 -188.137985229 1548.67346191 72.9081115723 -355.596252441 1472.57312012 27.545791626 -363.213928223 1359.71606445
0.0317010879517 8 -304.810455322 -138.364746094 1491.27441406 -256.87298584 236.736557007 1539.51220703 -270.231231689 24.441947937 1366.65185547 -311.434661865 -6.93305969238 1652.25415039 -133.389144897 -219.670440674 1328.85668945 -191.828308105 -195.596847534 1551.32092285 81.4868011475 -370.272216797 1491.7689209 46.7169647217 -388.585083008 1370.45666504
0.0307898521423 8 -304.860321045 -140.037094116 1491.06933594 -253.544174194 235.675292969 1538.86096191 -268.958770752 23.1442489624 1367.34216309 -310.07699585 -7.90872192383 1651.50769043 -164.437210083 -208.549133301 1333.85217285 -186.521530151 -190.508209229 1543.19287109 83.1876983643 -375.735168457 1501.58129883 51.0671081543 -403.550018311 1377.16943359
0.0352430343628 8 -305.557067871 -144.842041016 1491.28979492 -247.389801025 229.992340088 1536.39111328 -264.749420166 20.3771209717 1369.15026855 -307.394134521 -9.96238708496 1651.55480957 -158.765167236 -199.228057861 1349.67993164 -184.557189941 -190.937042236 1537.33776855 80.7008514404 -374.67767334 1509.81005859 52.3363037109 -409.063476562 1387.59667969
0.031327009201 8 -305.151306152 -145.392868042 1492.08496094 -243.235961914 226.353683472 1536.12695312 -262.958557129 19.5713653564 1370.69140625 -307.039245605 -9.51188659668 1651.02734375 -150.198028564 -204.884216309 1343.52575684 -146.48374939 -167.04536438 1426.98144531 80.0626373291 -375.316040039 1519.33410645 42.6198883057 -413.036743164 1416.31604004
0.0319800376892 8 -305.127166748 -146.368087769 1491.52380371 -240.627410889 223.384490967 1535.98828125 -262.117095947 19.1073760986 1371.19433594 -306.565704346 -10.130569458 1650.10668945 -147.562789917 -200.46546936 1343.4329834 -146.988296509 -170.835189819 1431.09265137 80.3235473633 -377.887756348 1525.60229492 42.8064117432 -412.249694824 1429.38549805
0.0354878902435 8 -303.336700439 -147.541564941 1492.1953125 -238.581665039 221.577850342 1536.36962891 -254.413467407 18.6914978027 1375.0612793 -305.643981934 -9.9958190918 1649.74926758 -155.901351929 -200.875061035 1341.4699707 -147.172561646 -177.039337158 1433.00317383 72.6147003174 -375.110076904 1523.25732422 44.159866333 -413.82510376 1427.92175293
0.0312659740448 8 -303.390991211 -148.457626343 1491.734375 -238.727249146 220.684692383 1537.42150879 -252.159118652 17.9201507568 1375.78430176 -306.397033691 -9.1058807373 1647.69226074 -153.058410645 -206.979309082 1339.43066406 -150.296844482 -187.441207886 1425.6739502 69.3774108887 -374.304077148 1520.93383789 46.0695800781 -409.189697266 1428.53820801
0.0317170619965 8 -303.769348145 -149.477630615 1491.40148926 -237.43548584 219.727737427 1538.12353516 -251.657318115 17.7572937012 1376.38513184 -306.638824463 -8.69442749023 1646.59143066 -157.069824219 -215.349655151 1339.53979492 -146.957138062 -195.050842285 1428.22802734 70.157043457 -376.339599609 1519.57092285 46.0032653809 -406.329345703 1427.63562012
0.0360491275787 8 -304.685333252 -151.401611328 1490.65625 -235.207015991 219.032302856 1538.77050781 -250.921768188 16.6660614014 1377.71679688 -307.579040527 -8.97001647949 1644.27124023 -134.858200073 -228.624450684 1342.67492676 -145.918182373 -194.818328857 1432.74523926 66.7454071045 -381.754821777 1519.57543945 46.5090789795 -403.536071777 1430.98681641
0.0319349765778 8 -305.76373291 -153.506484985 1489.28442383 -233.832839966 219.532043457 1538.93115234 -251.420791626 15.3693389893 1376.70227051 -306.941772461 -10.082321167 1642.82653809 -124.175788879 -240.53704834 1344.6862793 -169.94694519 -187.291397095 1466.25268555 68.0255508423 -385.137084961 1514.41101074 49.7341156006 -401.162750244 1423.2565918
0.0359089374542 8 -305.066162109 -157.903945923 1486.91870117 -232.711685181 219.671264648 1539.24682617 -248.163589478 7.08006286621 1367.83874512 -304.697784424 -14.3430938721 1641.92810059 -116.632476807 -245.392944336 1346.24621582 -170.244506836 -186.996582031 1469.09777832 66.9431152344 -386.112670898 1505.66870117 -10.4454650879 -389.784545898 1453.10095215
0.0319240093231 8 -305.217559814 -158.054489136 1487.92333984 -231.550918579 220.190185547 1538.7298584 -247.805603027 9.08921813965 1372.7142334 -304.129333496 -13.0738677979 1641.17419434 -120.920188904 -249.070022583 1347.69604492 -172.348312378 -183.534515381 1471.74865723 63.8660354614 -390.510375977 1495.07312012 29.991897583 -393.947937012 1396.28295898
0.0321381092072 8 -305.937194824 -158.431991577 1488.29516602 -231.297286987 220.852310181 1538.29101562 -248.374084473 10.1987915039 1374.64367676 -303.78503418 -11.8256225586 1640.50744629 -123.194992065 -251.952575684 1347.18554688 -163.369522095 -177.446456909 1443.55554199 60.8734588623 -395.342346191 1478.65087891 23.9222869873 -392.862854004 1383.21740723
0.0357158184052 8 -306.326171875 -158.657928467 1488.15124512 -230.544845581 221.237243652 1538.29663086 -248.801467896 9.86628723145 1374.37646484 -303.815032959 -10.9716033936 1639.26953125 -124.28099823 -249.087020874 1346.07556152 -164.195632935 -176.206329346 1424.60424805 64.3434371948 -409.461853027 1468.39160156 24.303024292 -393.37097168 1375.24914551
0.0320160388947 8 -306.160125732 -158.964859009 1488.19006348 -230.058624268 221.673980713 1538.45019531 -247.712997437 8.3419342041 1373.53112793 -304.046936035 -10.6808929443 1638.39587402 -131.075149536 -248.155227661 1341.02734375 -163.716339111 -176.186782837 1404.94750977 59.5784759521 -411.730651855 1451.41638184 24.4803771973 -397.441833496 1374.98669434
0.03253698349 8 -301.28604126 -154.528289795 1491.61865234 -230.264877319 222.440383911 1538.54882812 -243.208572388 2.76168823242 1373.38085938 -309.75604248 -9.44442749023 1636.43701172 -179.559753418 -271.241485596 1300.85412598 -167.384216309 -166.104003906 1386.68896484 60.550201416 -420.262023926 1433.94091797 37.6753234863 -436.25579834 1420.60766602
0.0352399349213 8 -298.685241699 -151.108551025 1494.20837402 -230.326522827 222.779785156 1538.80541992 -240.974349976 0.243148803711 1373.24768066 -312.058837891 -7.18989562988 1635.55212402 -180.42616272 -276.288146973 1302.73474121 -178.334579468 -150.219955444 1377.43457031 46.5356903076 -421.409484863 1407.90686035 -14.6578826904 -392.479553223 1360.94555664
0.0345191955566 8 -298.108764648 -146.930084229 1498.03308105 -231.44418335 223.095092773 1539.29284668 -240.631591797 -2.45704650879 1373.05041504 -312.432067871 -2.99922180176 1635.42175293 -199.044265747 -266.310974121 1299.60095215 -185.648620605 -131.207641602 1371.84729004 41.006942749 -429.768493652 1389.19555664 -27.2072906494 -387.909423828 1347.80456543
0.0322968959808 8 -297.839080811 -146.362091064 1497.89855957 -232.886062622 223.80229187 1539.82385254 -241.268386841 -2.36512756348 1372.77441406 -312.512786865 -3.10289001465 1635.20483398 -198.536026001 -270.649658203 1300.74951172 -189.116348267 -121.898986816 1368.22253418 42.3140106201 -440.50402832 1370.29321289 -8.11961364746 -409.691467285 1354.88317871
0.0356290340424 8 -297.909088135 -145.196014404 1498.11499023 -234.385009766 224.570587158 1540.63903809 -242.845214844 -2.43258666992 1372.14050293 -312.323181152 -2.64807128906 1635.06555176 -206.317764282 -267.324523926 1295.70898438 -187.865264893 -116.789619446 1365.87060547 37.6198577881 -448.781280518 1349.91088867 -14.0827941895 -410.174591064 1341.32592773
0.0297510623932 8 -298.921966553 -142.51008606 1497.84960938 -236.182601929 226.701263428 1541.06713867 -246.914535522 -0.769012451172 1370.41223145 -312.99041748 -1.23278808594 1635.24865723 -203.083206177 -269.079559326 1296.79553223 -186.406814575 -110.913330078 1360.57507324 11.5800628662 -435.126342773 1329.07556152 -40.6882171631 -417.610748291 1320.36376953
0.0348649024963 8 -299.566619873 -139.822143555 1498.49938965 -242.185943604 231.467041016 1543.55773926 -250.513671875 2.12748718262 1370.76916504 -313.503295898 0.19416809082 1636.60168457 -201.269165039 -269.762268066 1297.43798828 -187.187316895 -112.430633545 1359.07348633 -40.9551544189 -372.190643311 1318.19885254 -11.3780059814 -446.312225342 1311.27746582
0.0389609336853 8 -299.572235107 -135.695236206 1500.28466797 -241.099533081 230.527603149 1543.06030273 -251.545379639 8.45783996582 1370.81005859 -313.858551025 3.87623596191 1642.29248047 -200.241012573 -265.224487305 1298.03381348 -187.105407715 -132.348419189 1354.07470703 -69.7839508057 -385.130828857 1315.03173828 -6.42279052734 -463.254089355 1291.89001465
0.0323731899261 8 -300.907348633 -132.285247803 1500.08215332 -244.122955322 232.941864014 1542.46520996 -254.907516479 16.7344055176 1370.00317383 -315.124267578 8.78372192383 1645.48144531 -200.478027344 -260.570983887 1297.86022949 -186.937927246 -138.145904541 1356.10534668 -78.3756332397 -384.743133545 1304.48693848 -14.3099060059 -469.730316162 1278.67675781
0.0258448123932 8 -302.48260498 -129.75340271 1499.2779541 -250.23336792 236.825180054 1542.79162598 -262.30291748 20.4500350952 1368.80090332 -316.539367676 10.5184783936 1645.31237793 -224.225692749 -258.12286377 1290.90551758 -189.68208313 -135.191741943 1356.19543457 -83.9129943848 -398.575561523 1294.66894531 -20.9825286865 -471.038970947 1267.27172852
0.0484800338745 8 -307.411834717 -133.770568848 1492.81689453 -254.349609375 239.152160645 1542.45214844 -268.121856689 24.6076431274 1366.13427734 -310.703399658 5.11840820312 1645.70556641 -236.533599854 -257.157562256 1280.90625 -184.829345703 -138.795013428 1356.68273926 -101.452789307 -389.321411133 1281.08654785 -30.4992218018 -469.870544434 1257.65124512
0.040027141571 8 -305.557617188 -131.64453125 1493.95263672 -256.854431152 240.555770874 1543.46508789 -267.093048096 22.9109039307 1366.19238281 -312.817596436 5.6446685791 1644.91186523 -239.7059021 -257.96081543 1276.38574219 -188.68989563 -134.829925537 1355.265625 -129.583251953 -429.186859131 1277.32543945 -75.3951797485 -421.368804932 1263.29870605
0.0308458805084 8 -306.334259033 -129.936187744 1494.28527832 -259.336975098 241.495788574 1544.51196289 -269.46383667 23.6748657227 1366.46325684 -314.706756592 6.77734375 1644.39758301 -243.391555786 -257.215301514 1273.81079102 -198.992401123 -124.029174805 1353.02929688 -358.020965576 -464.119445801 1265.87634277 -84.051574707 -447.496948242 1248.05114746
0.0291879177094 8 -306.663543701 -129.367004395 1494.20776367 -260.355377197 242.594451904 1544.0098877 -270.876525879 23.8448104858 1367.4276123 -315.72869873 5.76490783691 1644.15808105 -246.832473755 -256.732055664 1272.47131348 -210.133270264 -115.643943787 1350.5135498 -354.49621582 -463.239379883 1264.8638916 -96.4235839844 -444.668487549 1242.29492188
0.0274481773376 8 -309.666717529 -127.99471283 1493.45874023 -264.634338379 244.592010498 1544.77429199 -276.814880371 25.4571685791 1367.109375 -314.798828125 6.16540527344 1643.67773438 -252.36756897 -256.932800293 1270.49401855 -206.419219971 -120.238883972 1351.5657959 -343.491424561 -464.509918213 1266.85913086 -112.402633667 -441.929962158 1237.56445312
0.0306458473206 8 -310.486785889 -127.565055847 1491.17993164 -269.757873535 246.371826172 1544.90441895 -279.020172119 26.9778060913 1365.88293457 -314.576751709 4.87071228027 1642.8939209 -254.353912354 -254.816680908 1269.19348145 -213.61428833 -117.707649231 1348.28527832 -104.555587769 -445.726623535 1224.4309082 -116.968635559 -434.372619629 1231.06433105
0.0311441421509 8 -311.710327148 -127.058181763 1490.0078125 -275.869232178 248.069335938 1546.58337402 -281.88949585 28.3804321289 1365.32373047 -314.557342529 4.98175048828 1642.17236328 -256.238800049 -252.957214355 1267.57055664 -223.67590332 -117.543838501 1345.30285645 -121.462402344 -443.100585938 1214.60217285 -141.932754517 -416.592773438 1236.74768066
0.0490510463715 8 -312.697692871 -125.527366638 1489.13537598 -276.287109375 247.988464355 1547.38793945 -287.193389893 30.0763626099 1365.93835449 -316.67098999 4.46539306641 1641.21008301 -256.427490234 -252.51776123 1266.80883789 -228.587280273 -114.528343201 1343.17993164 -142.637619019 -439.035461426 1211.69702148 -162.436447144 -416.765167236 1234.0612793
0.0337958335876 8 -318.410247803 -128.594116211 1480.47436523 -280.017303467 248.71762085 1547.79223633 -302.611236572 39.1954498291 1369.91503906 -317.528533936 -5.25074768066 1639.88574219 -286.01651001 -236.055831909 1262.87072754 -241.525619507 -117.357727051 1341.7265625 -164.426498413 -426.073059082 1212.19702148 -181.907318115 -420.212493896 1233.32324219
0.0285620689392 8 -323.533050537 -124.283508301 1481.23339844 -283.652099609 249.603988647 1548.32373047 -328.333374023 49.3018569946 1388.44628906 -329.125488281 -9.94068908691 1641.41723633 -283.552368164 -217.158599854 1283.17468262 -262.340942383 -107.2134552 1344.84875488 -248.605209351 -336.876342773 1188.7923584 -200.796569824 -465.188293457 1222.83447266
0.027302980423 8 -327.607635498 -118.208618164 1477.67810059 -290.633117676 251.992828369 1550.95861816 -344.591278076 61.2427062988 1398.3861084 -330.720733643 -11.1610412598 1642.9342041 -290.500610352 -203.547546387 1282.55566406 -266.595855713 -93.549156189 1351.23303223 -213.933410645 -405.407043457 1229.90844727 -223.208068848 -417.084350586 1233.94274902
0.0302839279175 8 -329.60345459 -112.489761353 1474.40576172 -297.166595459 255.355926514 1553.2088623 -349.826873779 70.5574188232 1408.78649902 -332.185516357 -14.9634246826 1643.82556152 -330.04901123 -177.318954468 1287.38977051 -264.866699219 -87.4264373779 1353.89025879 -229.693634033 -397.939300537 1231.45373535 -241.898742676 -400.055053711 1234.95605469
0.0351459980011 8 -330.733886719 -107.22719574 1471.74365234 -301.939575195 257.826904297 1554.6541748 -346.463684082 80.1029891968 1417.40270996 -337.851318359 -15.8106689453 1644.61730957 -343.192352295 -165.142028809 1287.63745117 -268.405944824 -85.0441818237 1354.70605469 -250.266235352 -403.441589355 1239.68737793 -252.543762207 -410.824432373 1231.93029785
0.0337650775909 8 -331.550048828 -102.304946899 1477.51513672 -311.548706055 262.404907227 1560.8828125 -345.324279785 81.6575927734 1420.11853027 -341.198425293 -11.8392944336 1647.95324707 -324.652191162 -165.114624023 1292.80297852 -267.21182251 -85.2894973755 1354.18615723 -273.504669189 -419.690948486 1245.63134766 -269.066436768 -410.740112305 1230.04052734
0.0275540351868 8 -331.470062256 -102.064224243 1478.64489746 -320.52557373 262.912963867 1565.27319336 -342.604705811 80.8740692139 1416.42346191 -345.029449463 -14.0712432861 1650.50305176 -312.100708008 -165.877532959 1289.86706543 -269.638702393 -89.0759277344 1359.1081543 -270.618438721 -424.212188721 1253.02075195 -306.4715271 -437.502838135 1232.84313965
0.0357129573822 8 -333.297698975 -101.701072693 1479.83496094 -322.284912109 262.845214844 1568.3001709 -342.381652832 80.8841705322 1416.94848633 -348.419311523 -16.4853820801 1652.70532227 -305.358001709 -163.226242065 1289.5489502 -273.195983887 -92.0738067627 1359.72277832 -257.983093262 -421.43548584 1256.02441406 -308.284088135 -456.657592773 1234.11804199
0.0310039520264 8 -334.490356445 -101.533111572 1479.4465332 -329.764587402 260.928833008 1574.72143555 -347.630462646 79.9234161377 1414.06262207 -349.634246826 -19.810256958 1653.99206543 -316.656616211 -156.396820068 1289.12695312 -276.368865967 -117.371459961 1370.84814453 -256.61328125 -420.216094971 1257.21252441 -324.94644165 -485.61428833 1230.63208008
0.0318381786346 8 -334.654388428 -97.9207077026 1479.33569336 -333.10067749 259.349945068 1574.7755127 -350.345489502 79.4751586914 1408.16088867 -351.48739624 -22.5891876221 1654.90087891 -322.937591553 -152.035064697 1287.46936035 -289.238128662 -130.104644775 1384.82885742 -259.292175293 -418.246002197 1254.55273438 -333.704345703 -504.540740967 1235.6151123
0.0353047847748 8 -338.523101807 -90.6364898682 1473.88903809 -339.881347656 257.03237915 1577.84631348 -352.765838623 81.1804275513 1398.53271484 -363.792816162 -3.68293762207 1638.82226562 -327.923217773 -149.140655518 1280.68798828 -290.475158691 -126.922721863 1383.03967285 -267.031768799 -411.646789551 1250.1348877 -346.046569824 -486.7315979 1240.86730957
0.031720161438 8 -342.465606689 -93.6837005615 1478.94018555 -343.208312988 256.681732178 1579.03723145 -356.974395752 75.4330215454 1396.09472656 -364.244842529 -13.6610641479 1648.63500977 -328.26083374 -153.509338379 1278.73339844 -274.857086182 -118.43850708 1348.0670166 -269.256439209 -414.613006592 1261.59667969 -353.497467041 -487.25668335 1245.55627441
0.0322489738464 8 -343.251312256 -93.2902297974 1477.6171875 -345.334014893 255.977386475 1579.95678711 -356.973236084 78.7340545654 1400.26843262 -364.92276001 -16.2904968262 1648.97888184 -325.808441162 -153.345687866 1277.8347168 -291.183746338 -123.367538452 1359.99584961 -257.513122559 -416.267333984 1273.35620117 -347.241912842 -492.819763184 1242.95288086
0.0445790290833 8 -345.314941406 -96.3386764526 1470.58081055 -346.74230957 255.22807312 1580.55053711 -361.796508789 79.3080215454 1394.18237305 -363.626342773 -25.1162185669 1648.20996094 -344.578155518 -151.927398682 1246.40881348 -295.421630859 -129.455307007 1360.98376465 -264.622589111 -402.738708496 1267.95373535 -369.11239624 -544.736450195 1248.55297852
0.0291359424591 8 -345.213500977 -100.839302063 1467.34814453 -351.791259766 252.201599121 1583.47509766 -361.937530518 79.9088287354 1396.35754395 -364.259246826 -29.9795608521 1647.91760254 -342.915710449 -147.446853638 1250.50537109 -291.825531006 -132.569030762 1373.62731934 -269.781555176 -397.762969971 1257.34472656 -370.276672363 -547.10534668 1246.23181152
0.0340280532837 8 -343.542572021 -103.952262878 1471.56005859 -352.867858887 251.712677002 1585.0982666 -361.426574707 76.0601501465 1397.42895508 -364.942382812 -26.6524505615 1649.84765625 -342.29006958 -158.756057739 1250.3762207 -286.518676758 -124.698364258 1379.70996094 -272.218536377 -394.54788208 1256.3449707 -362.861877441 -516.07598877 1248.37036133
0.0307960510254 8 -343.521362305 -106.488677979 1473.97216797 -356.127349854 251.274703979 1587.37646484 -360.465393066 71.8003997803 1395.11364746 -366.96282959 -26.3326263428 1650.94177246 -338.081298828 -175.597305298 1267.24121094 -289.261383057 -119.355064392 1385.55065918 -270.57244873 -399.960205078 1254.48925781 -379.958099365 -540.828735352 1260.30529785
0.0314228534698 8 -344.386444092 -106.81199646 1481.30957031 -358.858459473 250.611633301 1588.80883789 -359.543731689 66.1538391113 1396.10742188 -370.022186279 -21.7324829102 1653.09594727 -331.418670654 -189.021499634 1275.94470215 -299.143890381 -78.8101348877 1380.02075195 -273.679504395 -398.741394043 1248.54089355 -387.930847168 -498.454040527 1280.59472656
0.0392589569092 8 -344.76663208 -107.350509644 1482.80102539 -358.469482422 250.498443604 1588.86181641 -360.347717285 63.5433807373 1395.07312012 -372.341796875 -22.3533248901 1653.5604248 -299.239562988 -214.448898315 1304.56176758 -301.526733398 -59.173992157 1377.06628418 -327.352294922 -245.942153931 1250.10656738 -308.796844482 -484.591339111 1244.13989258
0.0272881984711 8 -345.327026367 -107.11530304 1484.48352051 -359.460845947 249.469192505 1590.88366699 -360.355926514 62.5991897583 1395.56323242 -374.067901611 -20.8994827271 1653.82470703 -297.876037598 -209.550415039 1307.16125488 -302.71005249 -50.8064041138 1380.3470459 -318.629302979 -279.32144165 1249.93469238 -293.442077637 -492.395843506 1238.04772949
0.0314249992371 8 -346.162719727 -106.989128113 1486.78771973 -360.973602295 249.776184082 1591.59008789 -360.967285156 59.3266830444 1393.4095459 -375.110229492 -19.8170623779 1654.60510254 -296.867797852 -208.863800049 1305.63146973 -300.885772705 -64.0024414062 1384.35705566 -311.428375244 -302.827606201 1247.24169922 -283.531402588 -493.215759277 1239.75585938
0.0360219478607 8 -340.315002441 -105.012161255 1487.75366211 -363.722625732 250.653930664 1593.85632324 -355.776672363 55.6799316406 1390.5847168 -355.721740723 -11.2501525879 1650.46240234 -291.52053833 -210.678009033 1303.11523438 -299.824920654 -109.146255493 1383.00134277 -297.121276855 -318.672363281 1245.25549316 -278.785552979 -499.44317627 1254.7487793
0.0317668914795 8 -349.59197998 -103.573814392 1486.76391602 -364.41809082 250.769439697 1594.96191406 -363.738250732 55.5205688477 1389.14038086 -361.309539795 -13.1237945557 1650.2355957 -297.801422119 -211.910980225 1304.26879883 -287.459899902 -131.635437012 1391.51452637 -315.901519775 -365.749359131 1244.82226562 -240.830429077 -499.57989502 1277.68164062
0.0377750396729 8 -349.61114502 -102.502807617 1488.80053711 -365.267913818 251.049667358 1594.72021484 -362.224273682 53.5969543457 1387.69836426 -363.017059326 -11.5768127441 1650.97521973 -299.259521484 -215.401580811 1302.26733398 -284.579742432 -139.972290039 1395.89208984 -316.519439697 -359.357757568 1245.12231445 -248.492706299 -502.605773926 1274.84924316
0.0361731052399 8 -363.374755859 -87.7102737427 1514.15515137 -366.014404297 251.062728882 1594.61083984 -380.988342285 31.0076446533 1384.48327637 -351.801330566 17.2233123779 1655.8380127 -327.984069824 -219.568862915 1284.95251465 -266.850097656 -107.713722229 1397.30249023 -330.034851074 -345.00177002 1247.18896484 -250.132110596 -472.695159912 1268.44677734
0.0309789180756 8 -361.761260986 -87.4632415771 1511.09423828 -366.517974854 251.053436279 1594.46459961 -382.092041016 34.7828292847 1384.93835449 -352.502990723 13.8346786499 1655.75183105 -326.723724365 -225.716766357 1288.5579834 -270.232849121 -99.5510101318 1396.14233398 -337.016662598 -333.600952148 1248.59265137 -254.345794678 -472.925231934 1259.30310059
0.0339338779449 8 -362.286804199 -85.068107605 1511.69250488 -366.200897217 251.048156738 1593.5612793 -377.337341309 39.9671325684 1385.95153809 -359.221618652 12.0221557617 1660.80749512 -325.231750488 -222.896057129 1286.91564941 -278.601165771 -98.8026428223 1396.2331543 -306.465454102 -330.389923096 1244.88049316 -266.499450684 -472.020782471 1261.69067383
0.0319011211395 8 -361.694488525 -84.8126602173 1511.67004395 -366.312469482 250.854522705 1593.59765625 -375.231658936 39.9844970703 1386.0201416 -363.141143799 10.8491363525 1661.3104248 -380.092834473 -166.613632202 1387.95849609 -279.192687988 -109.56867981 1376.6998291 -291.529754639 -401.811645508 1253.47033691 -286.35760498 -391.249389648 1248.59643555
0.0318140983582 8 -361.64453125 -87.6567306519 1509.6472168 -368.036621094 250.996032715 1592.26403809 -376.727172852 38.4805374146 1386.4239502 -364.962341309 3.81560516357 1661.11975098 -383.772827148 -135.551757812 1417.27246094 -285.195220947 -99.7391281128 1353.37548828 -309.374420166 -328.136016846 1246.07385254 -275.191375732 -488.537139893 1258.73913574
0.0312898159027 8 -370.099822998 -83.821434021 1514.46777344 -367.478912354 251.456878662 1591.09277344 -404.336120605 49.6329421997 1404.45849609 -369.792663574 11.8791122437 1662.54077148 -383.461242676 -114.411750793 1449.40136719 -287.23135376 -86.3045730591 1342.5333252 -317.009735107 -317.611206055 1256.86096191 -256.912567139 -451.753173828 1237.99316406
0.0358829498291 8 -371.083435059 -86.1374740601 1513.73254395 -367.823852539 252.419158936 1590.60205078 -403.731414795 59.3303871155 1407.66467285 -377.159637451 14.1622772217 1666.6385498 -376.436828613 -86.5818939209 1479.03527832 -294.071716309 -83.8425674438 1356.32531738 -311.250915527 -315.23626709 1260.95361328 -274.932159424 -477.300140381 1260.10534668
0.0352010726929 8 -366.440826416 -82.0000534058 1505.11328125 -368.668914795 253.534057617 1590.85925293 -389.90246582 46.053817749 1399.14111328 -376.583007812 34.966003418 1625.09033203 -342.413970947 88.5182037354 1680.64770508 -296.126281738 -73.2700119019 1352.91711426 -462.558044434 -346.019165039 1360.43041992 -339.787353516 -487.411346436 1277.95227051
0.0279819965363 8 -364.500274658 -79.9160614014 1503.57629395 -369.626220703 254.690734863 1591.85693359 -372.749633789 44.1507034302 1396.67565918 -387.713623047 39.5415878296 1613.48278809 -335.119110107 93.2030258179 1678.2800293 -303.594024658 -76.0706939697 1353.2175293 -462.771820068 -38.9255599976 1397.61120605 -434.144500732 -475.444274902 1337.3548584
0.0351841449738 8 -363.206604004 -79.3969955444 1506.51123047 -370.255279541 254.519378662 1593.08557129 -361.242034912 42.7205963135 1395.92858887 -396.4402771 38.4674224854 1616.7322998 -350.066650391 105.15486145 1659.55358887 -311.661590576 -77.7086257935 1355.85595703 -400.709259033 -17.7209396362 1346.97070312 -439.346557617 -475.175079346 1331.07763672
0.0316088199615 8 -363.098083496 -78.6195831299 1509.94897461 -371.801269531 255.083175659 1592.81323242 -359.602111816 42.8726882935 1397.61486816 -399.628723145 38.7701950073 1620.74963379 -359.521484375 109.349647522 1648.59838867 -314.361663818 -80.0887908936 1359.13806152 -414.905914307 -30.3488998413 1369.44848633 -295.375091553 -460.672424316 1266.71374512
0.0317511558533 8 -362.271453857 -79.0883789062 1512.29858398 -372.420715332 255.533416748 1593.05529785 -354.216705322 42.1225891113 1396.91882324 -404.192779541 36.8513946533 1625.74523926 -377.885314941 126.537712097 1625.88513184 -300.884002686 -99.738571167 1388.91577148 -399.127868652 -26.7990036011 1359.50854492 -307.58770752 -405.37097168 1242.65661621
0.0356509685516 8 -361.35748291 -78.8099594116 1512.67919922 -372.755432129 256.217163086 1593.21655273 -346.804229736 43.9147338867 1398.11157227 -410.780426025 33.6892852783 1628.00610352 -415.116882324 150.691436768 1620.08642578 -306.081695557 -108.815719604 1395.70849609 -409.058532715 -18.7516021729 1373.69018555 -305.782958984 -464.868591309 1260.27783203
0.0318188667297 8 -361.54800415 -77.4518356323 1514.97302246 -373.251861572 257.133789062 1593.4510498 -344.325439453 43.3240966797 1396.19677734 -414.140625 33.7476348877 1632.70166016 -386.596557617 36.1376419067 1584.81005859 -310.00112915 -108.638778687 1393.63305664 -375.835296631 -20.5319709778 1346.07495117 -457.424346924 -484.558105469 1328.5703125
