0.0375649929047 8 -419.984375 -76.3954315186 1517.50854492 -343.940582275 304.984436035 1670.66052246 -394.607788086 174.910675049 1452.91882324 -367.943908691 64.0625457764 1730.89538574 -498.892974854 -67.6234436035 1319.30480957 -367.944061279 -214.592147827 1730.89538574 -417.799041748 -345.537261963 1220.67907715 -367.938568115 -493.246520996 1730.89538574
0.0340061187744 8 -421.210540771 -74.7686920166 1519.56738281 -344.406402588 306.875457764 1673.7923584 -398.774536133 177.079772949 1456.06225586 -365.269104004 64.6780700684 1732.61450195 -499.457000732 -87.8159790039 1306.15893555 -365.269256592 -213.976623535 1732.61450195 -387.14175415 -361.265899658 1211.21044922 -365.263763428 -492.631011963 1732.61450195
0.0296409130096 8 -423.750366211 -73.0765686035 1513.75842285 -342.12322998 304.539245605 1675.91796875 -403.938751221 180.571655273 1457.57177734 -359.952789307 59.6607055664 1728.69458008 -501.854766846 -100.434753418 1295.13549805 -359.952941895 -218.993988037 1728.69458008 -359.282409668 -365.06048584 1205.30737305 -359.94744873 -497.648376465 1728.69458008
0.0327119827271 8 -425.228942871 -68.5508117676 1509.87866211 -342.578521729 305.479736328 1676.93237305 -408.963470459 186.342025757 1458.27490234 -356.460784912 60.423324585 1725.59716797 -503.975524902 -103.717025757 1284.5838623 -356.4609375 -218.231369019 1725.59716797 -331.431488037 -353.382324219 1205.56494141 -356.455444336 -496.885742188 1725.59716797
0.0302491188049 8 -425.301818848 -67.140411377 1506.81982422 -342.864349365 304.830627441 1676.93347168 -411.626037598 188.658203125 1458.82373047 -354.288391113 59.0498352051 1723.51489258 -505.010803223 -99.3503112793 1277.29907227 -354.288543701 -219.604858398 1723.51489258 -307.467407227 -333.420715332 1207.75097656 -354.283050537 -498.259246826 1723.51489258
0.0300378799438 8 -422.259643555 -65.0936508179 1502.89025879 -343.593597412 305.123901367 1676.9029541 -414.687774658 191.700454712 1459.05065918 -350.464263916 58.9055175781 1720.58752441 -506.027404785 -90.1309356689 1273.63256836 -350.464416504 -219.749176025 1720.58752441 -285.860778809 -304.344665527 1209.71679688 -350.45892334 -498.403564453 1720.58752441
0.03493309021 8 -422.757843018 -61.5226402283 1501.99291992 -342.373352051 306.852203369 1677.91931152 -415.924926758 195.734741211 1460.5300293 -349.919494629 60.5255737305 1720.50170898 -506.524536133 -78.5618591309 1271.33520508 -349.919647217 -218.129119873 1720.50170898 -267.28692627 -270.737182617 1213.38305664 -349.914154053 -496.783508301 1720.50170898
0.0308799743652 8 -423.735015869 -61.0261421204 1494.0423584 -340.841766357 303.571807861 1677.94042969 -417.814758301 197.152893066 1458.96887207 -347.359741211 55.5649261475 1714.25817871 -503.810241699 -67.2806396484 1268.1895752 -347.359893799 -223.089767456 1714.25817871 -251.268936157 -240.594604492 1217.63085938 -347.354400635 -501.744140625 1714.25817871
0.0316290855408 8 -424.665557861 -59.0456848145 1494.84362793 -340.176025391 304.542663574 1680.93762207 -416.918701172 199.280044556 1460.8302002 -348.619567871 56.1626434326 1715.96179199 -502.880584717 -58.1384429932 1262.60620117 -348.619720459 -222.492050171 1715.96179199 -237.458892822 -210.104904175 1222.20629883 -348.614227295 -501.14642334 1715.96179199
0.035817861557 8 -424.42590332 -57.8714599609 1498.90722656 -341.585205078 304.594970703 1685.43505859 -413.984619141 200.284454346 1464.19274902 -351.052001953 57.4717712402 1720.87756348 -499.932891846 -49.0704650879 1260.30126953 -351.052154541 -221.182922363 1720.87756348 -225.757446289 -180.248748779 1226.75256348 -351.046661377 -499.837310791 1720.87756348
0.0316369533539 8 -422.230621338 -58.2414588928 1500.47314453 -342.632232666 304.190795898 1688.18469238 -411.483764648 199.83430481 1465.20812988 -352.871520996 57.8099212646 1723.37145996 -495.468597412 -42.0512084961 1257.65783691 -352.871673584 -220.844772339 1723.37145996 -215.141235352 -154.465911865 1230.51611328 -352.86618042 -499.499145508 1723.37145996
0.031886100769 8 -421.011047363 -60.1072616577 1504.65429688 -341.141082764 302.379699707 1690.03710938 -407.62612915 197.371124268 1466.11804199 -353.447357178 58.3259277344 1726.84362793 -490.242980957 -37.0182952881 1255.32128906 -353.447509766 -220.328765869 1726.84362793 -207.26272583 -134.371551514 1233.86096191 -353.442016602 -498.983154297 1726.84362793
0.0455429553986 8 -418.928527832 -61.7141952515 1513.11157227 -343.292755127 303.142791748 1698.0057373 -401.978942871 195.132293701 1472.17480469 -358.590698242 58.8645172119 1736.16625977 -483.14755249 -34.541519165 1250.68395996 -358.59085083 -219.790176392 1736.16625977 -198.177764893 -114.916503906 1241.29138184 -358.585357666 -498.444580078 1736.16625977
0.0321419239044 8 -416.809570312 -66.9730148315 1520.26269531 -342.316375732 300.92098999 1701.46472168 -397.114471436 188.906982422 1474.82873535 -360.82925415 57.4716644287 1742.31335449 -475.116607666 -32.2718963623 1245.8503418 -360.829406738 -221.183029175 1742.31335449 -190.882598877 -100.281486511 1250.52880859 -360.823913574 -499.837402344 1742.31335449
0.0286920070648 8 -419.030548096 -65.9375915527 1526.11010742 -342.020294189 301.761962891 1707.65441895 -389.719970703 188.820510864 1480.0579834 -370.192321777 58.7809295654 1749.58654785 -466.040435791 -30.6029510498 1239.40270996 -370.192474365 -219.873764038 1749.58654785 -183.194519043 -81.6089782715 1260.29248047 -370.186981201 -498.528137207 1749.58654785
0.0340600013733 8 -419.799743652 -69.4848175049 1527.44116211 -342.626373291 300.008666992 1706.77526855 -386.574462891 184.190170288 1477.92333984 -374.567626953 58.2547149658 1750.02514648 -453.550506592 -27.2923583984 1235.19995117 -374.567779541 -220.399978638 1750.02514648 -174.590179443 -62.5894889832 1272.6583252 -374.562286377 -499.054382324 1750.02514648
0.0307772159576 8 -419.886291504 -72.2199783325 1529.81079102 -342.191741943 296.767486572 1710.33862305 -382.50302124 180.783599854 1479.62939453 -378.973846436 56.3770599365 1752.78051758 -439.276428223 -24.1477050781 1230.10046387 -378.973999023 -222.277633667 1752.78051758 -165.67276001 -43.8167114258 1285.12365723 -378.968505859 -500.932006836 1752.78051758
0.0309808254242 8 -419.142028809 -72.8521575928 1535.02624512 -342.03515625 298.858459473 1712.63366699 -377.284423828 178.717803955 1481.42675781 -384.206665039 59.5291442871 1756.76293945 -426.192169189 -20.5798034668 1226.06091309 -384.206817627 -219.125549316 1756.76293945 -159.4375 -26.2237071991 1296.78710938 -384.201324463 -497.779937744 1756.76293945
0.034912109375 8 -419.80291748 -73.0535888672 1540.30004883 -344.178588867 298.820831299 1716.77966309 -372.722839355 177.373214722 1485.71032715 -391.373779297 61.2888946533 1761.78161621 -409.6144104 -15.3013916016 1223.0390625 -391.373931885 -217.36579895 1761.78161621 -150.3331604 -9.78390884399 1310.76123047 -391.368438721 -496.020202637 1761.78161621
0.0319030284882 8 -420.121582031 -71.0430221558 1541.33081055 -345.45211792 299.73248291 1719.34399414 -370.664978027 179.071716309 1487.15283203 -394.952087402 63.4618377686 1763.17211914 -390.299804688 -9.15682983398 1222.02319336 -394.95223999 -215.192855835 1763.17211914 -140.592010498 3.45835971832 1331.7611084 -394.946746826 -493.847229004 1763.17211914
0.0351538658142 8 -419.753601074 -67.9140396118 1540.2800293 -346.687927246 299.073364258 1724.12768555 -367.404724121 182.336853027 1489.54968262 -398.399108887 64.2745819092 1763.90856934 -369.617736816 -2.5874786377 1222.51904297 -398.399261475 -214.380111694 1763.90856934 -129.714447021 15.4261722565 1351.89318848 -398.393768311 -493.034484863 1763.90856934
0.0319540500641 8 -419.487670898 -65.9535140991 1538.79199219 -347.566497803 298.557189941 1726.51672363 -364.596099854 184.125045776 1489.81335449 -401.242156982 65.3611755371 1763.23547363 -351.291107178 3.70120239258 1222.76513672 -401.24230957 -213.293518066 1763.23547363 -118.542785645 28.572769165 1365.3737793 -401.236816406 -491.947906494 1763.23547363
0.042496919632 8 -419.176055908 -61.1520652771 1535.578125 -349.29574585 298.147827148 1731.71459961 -364.709899902 189.977508545 1491.93212891 -402.120178223 65.5301208496 1762.73095703 -328.147064209 11.3516845703 1225.39343262 -402.120330811 -213.124572754 1762.73095703 -104.158401489 39.9484786987 1383.11157227 -402.114837646 -491.778961182 1762.73095703
0.0350701808929 8 -419.49029541 -57.3999404907 1532.41308594 -350.978118896 297.916320801 1734.30993652 -367.077392578 194.859176636 1492.95458984 -401.859558105 65.2872924805 1761.70727539 -308.09588623 19.1829528809 1228.70385742 -401.859710693 -213.367401123 1761.70727539 -93.5027770996 52.313835144 1398.99169922 -401.854217529 -492.021789551 1761.70727539
0.0297818183899 8 -417.765075684 -56.1199302673 1529.91296387 -348.825317383 296.144744873 1735.60668945 -367.693786621 196.974197388 1492.67285156 -398.386108398 64.1614532471 1760.36352539 -289.068695068 29.5966339111 1233.35803223 -398.386260986 -214.493240356 1760.36352539 -80.5432281494 63.7975234985 1412.92285156 -398.380767822 -493.147644043 1760.36352539
0.0379891395569 8 -414.900817871 -46.7198791504 1524.53381348 -349.721069336 297.348754883 1740.24401855 -370.957763672 208.511199951 1496.77416992 -392.164245605 64.3274459839 1759.04638672 -268.168640137 39.3355407715 1239.17626953 -392.164398193 -214.32723999 1759.04638672 -65.6834869385 76.4473266602 1428.54931641 -392.158905029 -492.981628418 1759.04638672
0.0318720340729 8 -412.359313965 -42.0231361389 1522.21252441 -349.655700684 297.066833496 1743.06628418 -374.541595459 214.751403809 1500.19775391 -385.028656006 63.2521362305 1758.89428711 -247.665435791 51.1902770996 1247.58642578 -385.028808594 -215.402557373 1758.89428711 -49.5529327393 92.054901123 1444.25964355 -385.02331543 -494.056945801 1758.89428711
0.0289618968964 8 -408.929626465 -35.3737754822 1516.76818848 -349.639038086 298.550476074 1744.47619629 -374.630706787 222.434280396 1502.18981934 -382.041534424 63.13671875 1756.40710449 -225.857574463 65.1107177734 1257.79089355 -382.041687012 -215.517974854 1756.40710449 -31.016418457 105.50504303 1461.97839355 -382.036193848 -494.172363281 1756.40710449
0.0303721427917 8 -403.601257324 -27.9832191467 1511.36767578 -351.337799072 302.278259277 1744.71740723 -369.143341064 230.089096069 1502.94506836 -383.711883545 65.6670379639 1753.63574219 -205.355621338 79.0041046143 1269.91015625 -383.712036133 -212.98765564 1753.63574219 -10.2243652344 118.696487427 1480.15917969 -383.706542969 -491.642028809 1753.63574219
0.0350999832153 8 -398.50982666 -22.788608551 1509.22961426 -353.561553955 303.048370361 1748.82409668 -365.94732666 235.672988892 1507.43652344 -383.707946777 65.2481536865 1753.96728516 -189.132110596 87.98046875 1282.9630127 -383.708099365 -213.406539917 1753.96728516 10.359588623 132.9246521 1494.37597656 -383.702606201 -492.060913086 1753.96728516
0.0305819511414 8 -391.842315674 -37.8417358398 1518.81298828 -352.93951416 301.110412598 1746.79663086 -368.852935791 220.965438843 1504.43066406 -375.039886475 61.9522247314 1758.5534668 -168.454681396 98.0613708496 1298.94702148 -375.040039062 -216.702468872 1758.5534668 39.7282562256 143.327774048 1508.68798828 -375.034545898 -495.356872559 1758.5534668
0.0315890312195 8 -388.138671875 -44.9575195312 1523.48669434 -352.498626709 297.974487305 1746.89465332 -360.146148682 213.054351807 1503.39013672 -380.404083252 61.2092666626 1761.02929688 -153.676605225 107.71232605 1314.01904297 -380.40423584 -217.44543457 1761.02929688 68.650390625 161.986907959 1509.00366211 -380.398742676 -496.099822998 1761.02929688
0.0353000164032 8 -385.021057129 -41.6849632263 1526.9140625 -352.260650635 300.716003418 1750.4173584 -350.4112854 215.650268555 1507.11108398 -385.839630127 65.6308441162 1764.17797852 -139.137908936 117.626342773 1334.1784668 -385.839782715 -213.023849487 1764.17797852 101.24017334 180.350341797 1503.35437012 -385.834289551 -491.678222656 1764.17797852
0.0316209793091 8 -383.397644043 -41.1862220764 1527.24902344 -351.903991699 299.698364258 1752.1619873 -342.604980469 215.392608643 1508.32348633 -390.96270752 66.7516021729 1764.203125 -128.297409058 126.915931702 1351.82861328 -390.962860107 -211.903091431 1764.203125 121.803573608 202.083221436 1502.03173828 -390.957366943 -490.557495117 1764.203125
0.0317788124084 8 -382.421142578 -41.3851623535 1529.04150391 -351.405181885 300.521911621 1753.02514648 -343.643737793 215.521942139 1508.81079102 -387.988708496 67.125328064 1765.91455078 -118.172134399 137.780715942 1363.92456055 -387.988861084 -211.52935791 1765.91455078 135.863327026 216.700759888 1507.98657227 -387.98336792 -490.183746338 1765.91455078
0.0355269908905 8 -381.977966309 -40.681930542 1528.86779785 -351.718414307 298.77520752 1756.47827148 -343.61605835 216.518112183 1510.99365234 -387.755096436 65.547164917 1766.828125 -111.973068237 148.639663696 1372.86486816 -387.755249023 -213.107528687 1766.828125 144.171859741 222.472045898 1517.32568359 -387.749755859 -491.761901855 1766.828125
0.0315461158752 8 -379.858001709 -40.4304962158 1526.63452148 -350.546142578 298.467163086 1754.68994141 -340.417144775 216.663299561 1509.07470703 -387.438323975 65.8233108521 1764.57128906 -107.321517944 157.499450684 1381.17919922 -387.438476562 -212.831390381 1764.57128906 147.492767334 229.487121582 1529.61901855 -387.432983398 -491.485778809 1764.57128906
0.0400791168213 8 -381.529418945 -36.191204071 1527.61340332 -354.251342773 301.727172852 1757.8034668 -341.347320557 220.916503906 1511.88696289 -391.654022217 68.7916412354 1766.0300293 -102.509521484 162.238021851 1388.38977051 -391.654174805 -209.863052368 1766.0300293 151.577926636 239.380477905 1535.82336426 -391.648681641 -488.517456055 1766.0300293
0.0358228683472 8 -382.628234863 -39.0299224854 1527.67077637 -355.600158691 303.14239502 1751.84448242 -340.369720459 217.369293213 1507.21130371 -394.730010986 70.8384780884 1763.73742676 -102.131210327 160.809631348 1393.90905762 -394.730163574 -207.816223145 1763.73742676 154.433456421 238.713287354 1536.75366211 -394.72467041 -486.470611572 1763.73742676
0.0299940109253 8 -385.420196533 -42.7628555298 1525.58886719 -358.464599609 300.512939453 1748.37121582 -340.363525391 213.116348267 1504.40869141 -400.829040527 68.6701660156 1760.74462891 -95.6858825684 158.86730957 1397.79516602 -400.829193115 -209.984527588 1760.74462891 156.35949707 237.827911377 1547.85180664 -400.823699951 -488.638916016 1760.74462891
0.0301330089569 8 -389.044311523 -38.0541267395 1528.19824219 -363.730560303 303.01361084 1754.63391113 -346.941955566 218.556472778 1510.01550293 -403.588806152 70.0898590088 1764.93786621 -94.9038238525 150.580581665 1396.78381348 -403.58895874 -208.564834595 1764.93786621 154.375350952 234.960632324 1548.57946777 -403.583465576 -487.219238281 1764.93786621
0.0351068973541 8 -390.451965332 -39.1220054626 1528.50585938 -365.710662842 302.083465576 1754.25488281 -349.333496094 217.652893066 1509.97583008 -404.810791016 69.1767272949 1765.21826172 -106.015945435 138.760101318 1391.11938477 -404.810943604 -209.477966309 1765.21826172 146.081634521 219.475570679 1540.30859375 -404.805450439 -488.132354736 1765.21826172
0.0308651924133 8 -393.35736084 -41.6584320068 1528.27441406 -368.277191162 302.121551514 1749.56726074 -350.794006348 214.662002563 1506.99707031 -409.081237793 69.549118042 1763.54077148 -103.516235352 125.877441406 1384.04748535 -409.081390381 -209.105575562 1763.54077148 145.521820068 194.290664673 1543.58227539 -409.075897217 -487.75994873 1763.54077148
0.0311298370361 8 -395.925170898 -43.0448226929 1528.38232422 -370.842529297 303.18649292 1747.71484375 -352.668182373 212.999481201 1505.15356445 -412.240753174 70.1259841919 1762.68066406 -103.754974365 111.934799194 1379.50097656 -412.240905762 -208.528717041 1762.68066406 142.512741089 170.807174683 1548.27441406 -412.235412598 -487.183105469 1762.68066406
0.0350210666656 8 -397.666931152 -41.3588943481 1531.33544922 -371.704986572 306.034851074 1747.80224609 -357.006561279 214.900970459 1505.96044922 -411.263946533 73.0623931885 1765.19287109 -105.871871948 100.96761322 1376.74523926 -411.264099121 -205.592300415 1765.19287109 145.721862793 157.036102295 1540.46118164 -411.258605957 -484.246704102 1765.19287109
0.0318260192871 8 -399.282287598 -39.0338363647 1530.96289062 -373.536956787 306.61920166 1749.85888672 -360.087280273 217.665206909 1507.79968262 -411.66027832 73.0127258301 1766.03649902 -108.453903198 88.4857177734 1375.88391113 -411.660430908 -205.641967773 1766.03649902 149.297683716 143.423522949 1533.75012207 -411.654937744 -484.296356201 1766.03649902
0.0395560264587 8 -401.626159668 -37.73487854 1532.11474609 -375.465148926 307.386993408 1751.8815918 -360.982086182 218.815917969 1509.69360352 -415.511993408 74.0136413574 1767.25830078 -110.71144104 75.7407073975 1376.94897461 -415.512145996 -204.641052246 1767.25830078 151.764419556 132.633285522 1532.02416992 -415.506652832 -483.295440674 1767.25830078
0.0362870693207 8 -399.307830811 -42.3711853027 1534.05395508 -374.163848877 307.179931641 1748.37268066 -363.754821777 214.350769043 1506.35827637 -409.936523438 73.2345199585 1767.4197998 -114.314544678 62.8881378174 1378.46313477 -409.936676025 -205.420166016 1767.4197998 153.189239502 116.078674316 1527.20007324 -409.931182861 -484.074554443 1767.4197998
0.0299038887024 8 -398.162963867 -46.1174316406 1536.25854492 -373.915100098 308.975006104 1742.62609863 -364.413024902 210.107879639 1502.58569336 -408.119506836 74.5896530151 1767.02905273 -116.152511597 51.9472351074 1381.72045898 -408.119659424 -204.065032959 1767.02905273 156.24671936 96.7806396484 1524.53430176 -408.11416626 -482.719421387 1767.02905273
0.030277967453 8 -399.86618042 -45.3615722656 1536.86242676 -376.643096924 310.084106445 1743.76538086 -364.092437744 210.72869873 1503.90991211 -412.632781982 75.2627029419 1767.58886719 -123.066757202 35.96925354 1384.86450195 -412.63293457 -203.391998291 1767.58886719 153.224197388 71.5323791504 1521.26782227 -412.627441406 -482.046386719 1767.58886719
0.0350630283356 8 -400.009368896 -50.1153068542 1535.73901367 -377.262542725 307.171081543 1740.33508301 -360.007568359 205.121749878 1501.21520996 -417.725280762 73.1587219238 1764.71008301 -125.062850952 21.4760742188 1390.43249512 -417.72543335 -205.49597168 1764.71008301 154.939163208 48.4439468384 1523.56408691 -417.719940186 -484.150360107 1764.71008301
0.0309789180756 8 -398.671264648 -49.0515060425 1537.10498047 -376.286773682 310.578094482 1739.11755371 -355.352905273 205.567901611 1501.91162109 -420.090637207 75.8295211792 1764.90332031 -128.040939331 4.73342895508 1395.71582031 -420.090789795 -202.825164795 1764.90332031 153.011672974 24.400844574 1528.44604492 -420.085296631 -481.479553223 1764.90332031
0.0314500331879 8 -397.246765137 -51.1486091614 1534.92468262 -374.505432129 308.88458252 1734.50915527 -349.289031982 202.629577637 1499.75964355 -423.510406494 75.2849578857 1761.34191895 -130.030822754 -7.13714599609 1403.35778809 -423.510559082 -203.369735718 1761.34191895 150.404754639 5.442943573 1539.88928223 -423.505065918 -482.024108887 1761.34191895
0.035619020462 8 -395.886932373 -52.2825546265 1534.7310791 -373.223846436 308.488220215 1732.19580078 -346.754760742 201.198120117 1498.77819824 -423.495300293 75.2190628052 1760.43054199 -130.007247925 -19.5732727051 1412.17077637 -423.495452881 -203.435638428 1760.43054199 147.278884888 -11.0399436951 1555.08557129 -423.489959717 -482.090026855 1760.43054199
0.0312979221344 8 -394.326507568 -53.6105766296 1534.0690918 -372.306091309 309.403045654 1727.05078125 -339.644378662 198.500457764 1496.96533203 -427.93862915 77.2113037109 1756.96533203 -131.550140381 -33.7973937988 1422.58312988 -427.938781738 -201.443389893 1756.96533203 142.808959961 -22.8794059753 1572.62536621 -427.933288574 -480.09777832 1756.96533203
0.0318591594696 8 -392.026794434 -58.3594970703 1531.31445312 -368.926879883 307.287231445 1720.46643066 -333.69140625 192.665039062 1492.31848145 -428.015258789 75.3702392578 1752.12731934 -130.294174194 -42.8962402344 1433.7824707 -428.015411377 -203.284454346 1752.12731934 136.877944946 -29.8334579468 1594.25756836 -428.009918213 -481.938842773 1752.12731934
0.0353529453278 8 -393.000640869 -59.3893852234 1533.23791504 -368.835266113 307.237365723 1721.66918945 -333.432952881 191.311889648 1493.74475098 -429.185089111 75.0501556396 1753.6373291 -130.114624023 -52.4573059082 1444.37817383 -429.185241699 -203.604537964 1753.6373291 132.035552979 -35.9773788452 1613.00817871 -429.179748535 -482.258911133 1753.6373291
0.0317668914795 8 -393.194030762 -60.4960021973 1533.70031738 -368.862731934 306.821350098 1721.78161621 -331.583984375 189.762405396 1494.42089844 -430.748535156 74.5196380615 1753.53759766 -134.045303345 -57.7303619385 1452.68945312 -430.748687744 -204.135055542 1753.53759766 124.124313354 -43.7417106628 1627.76245117 -430.74319458 -482.789428711 1753.53759766
0.0430190563202 8 -392.157165527 -63.6897506714 1532.37670898 -366.306762695 304.478271484 1719.83337402 -326.781311035 185.646286011 1493.37463379 -432.166442871 72.6187438965 1750.96984863 -134.021057129 -61.8609771729 1460.8404541 -432.166595459 -206.035949707 1750.96984863 119.762680054 -48.3937225342 1643.0892334 -432.161102295 -484.690338135 1750.96984863
0.0325021743774 8 -391.247497559 -65.5500488281 1533.75830078 -365.93927002 304.485412598 1716.86401367 -324.033752441 182.931625366 1492.55883789 -433.918884277 73.7515716553 1749.93530273 -132.53263855 -65.4391174316 1468.91394043 -433.919036865 -204.903121948 1749.93530273 117.012878418 -48.9349899292 1655.4017334 -433.913543701 -483.557495117 1749.93530273
0.0277528762817 8 -390.847106934 -66.5801849365 1539.05517578 -366.878082275 305.125701904 1719.37390137 -327.151947021 182.204360962 1494.30786133 -430.660308838 74.2307281494 1754.78735352 -129.250198364 -67.2108764648 1476.4498291 -430.660461426 -204.423965454 1754.78735352 116.372070312 -45.5950241089 1667.6907959 -430.654968262 -483.078369141 1754.78735352
0.0358779430389 8 -390.164001465 -68.390914917 1538.35205078 -364.973052979 304.947052002 1716.62670898 -322.769744873 179.278274536 1492.82641602 -432.053497314 74.5673065186 1752.2746582 -126.632247925 -67.6020355225 1481.71655273 -432.053649902 -204.087387085 1752.2746582 116.468185425 -43.9671325684 1676.93457031 -432.048156738 -482.741760254 1752.2746582
0.0307021141052 8 -390.596099854 -70.7590637207 1536.45910645 -364.113830566 301.815185547 1715.2557373 -318.245849609 175.815673828 1492.73828125 -436.497253418 73.0944824219 1748.93139648 -124.308822632 -69.2941589355 1485.85510254 -436.497406006 -205.560211182 1748.93139648 115.582595825 -41.2341156006 1684.21582031 -436.491912842 -484.214599609 1748.93139648
0.0319159030914 8 -391.70425415 -69.7841339111 1537.25219727 -365.054962158 303.662353516 1714.57385254 -316.454956055 175.971740723 1493.70080566 -439.997375488 75.3957824707 1748.31091309 -123.654663086 -70.6483306885 1488.42553711 -439.997528076 -203.258911133 1748.31091309 112.431884766 -38.9739685059 1690.17260742 -439.992034912 -481.913299561 1748.31091309
0.0355319976807 8 -391.751556396 -70.4373931885 1536.81518555 -363.944549561 302.569274902 1714.73352051 -313.572174072 174.639831543 1494.54748535 -442.196380615 75.1523208618 1747.10168457 -122.81690979 -70.8224029541 1491.21411133 -442.196533203 -203.502380371 1747.10168457 111.214569092 -38.0706138611 1695.12011719 -442.191040039 -482.156768799 1747.10168457
0.0318789482117 8 -391.882476807 -69.9229278564 1538.25378418 -363.890197754 304.032745361 1714.8034668 -314.468017578 175.188613892 1494.68591309 -441.311889648 76.224319458 1748.41711426 -121.920516968 -71.4111022949 1494.08398438 -441.312042236 -202.430374146 1748.41711426 110.848373413 -41.5734558105 1699.05334473 -441.306549072 -481.084777832 1748.41711426
0.0312421321869 8 -390.930725098 -70.5204467773 1538.37194824 -362.640136719 303.294616699 1714.34472656 -312.253570557 174.197845459 1494.79418945 -440.699249268 76.139831543 1748.11010742 -122.430450439 -71.7146453857 1495.04125977 -440.699401855 -202.514862061 1748.11010742 109.037872314 -45.5483551025 1703.13232422 -440.693908691 -481.169250488 1748.11010742
0.0356409549713 8 -391.795471191 -71.6162490845 1539.51489258 -362.332946777 304.069915771 1714.11584473 -310.628753662 172.163208008 1495.30456543 -443.404937744 76.9557342529 1747.44250488 -122.219467163 -71.8602600098 1496.01574707 -443.405090332 -201.698959351 1747.44250488 108.486740112 -46.4955215454 1704.60119629 -443.399597168 -480.35333252 1747.44250488
0.0317440032959 8 -392.311889648 -72.5646286011 1539.43664551 -362.078155518 302.431152344 1714.55517578 -310.687255859 171.19519043 1495.90063477 -443.557312012 75.4857025146 1747.83984375 -120.572906494 -72.4328918457 1497.5645752 -443.5574646 -203.168991089 1747.83984375 108.840362549 -46.1627693176 1707.53710938 -443.551971436 -481.823364258 1747.83984375
0.0316300392151 8 -393.716796875 -73.4184265137 1540.24365234 -362.942077637 302.209686279 1714.2208252 -310.164978027 169.60723877 1496.28210449 -446.402954102 76.0959396362 1747.23327637 -123.78288269 -73.220703125 1496.27819824 -446.403106689 -202.558746338 1747.23327637 104.63369751 -48.6550521851 1706.75256348 -446.397613525 -481.213134766 1747.23327637
0.0355808734894 8 -393.780578613 -71.6643829346 1542.83740234 -363.543273926 303.97869873 1715.05688477 -312.330749512 171.743469238 1497.10009766 -444.385375977 78.052734375 1750.1953125 -127.394439697 -74.6077880859 1495.13208008 -444.385528564 -200.601959229 1750.1953125 100.506698608 -53.2052688599 1704.92028809 -444.3800354 -479.256347656 1750.1953125
0.0320641994476 8 -394.401367188 -70.0938491821 1543.71582031 -364.606170654 303.970458984 1718.48449707 -314.754852295 174.154022217 1499.32897949 -443.65725708 77.4762802124 1752.92321777 -129.217590332 -75.8013000488 1493.56994629 -443.657409668 -201.178405762 1752.92321777 99.6230316162 -58.0184173584 1702.6114502 -443.651916504 -479.832794189 1752.92321777
0.0315678119659 8 -393.384887695 -70.6332702637 1543.49047852 -362.392669678 302.583618164 1720.19897461 -315.158752441 174.060272217 1499.03552246 -439.811889648 75.8047866821 1754.13464355 -130.620849609 -75.9061431885 1490.7878418 -439.812042236 -202.849914551 1754.13464355 99.0941467285 -59.6948318481 1698.64233398 -439.806549072 -481.504302979 1754.13464355
0.0357630252838 8 -393.854095459 -70.2668457031 1545.34606934 -362.631500244 303.736694336 1720.55053711 -317.890228271 174.808990479 1499.13232422 -437.324432373 76.2353820801 1756.57080078 -132.810302734 -76.4547576904 1485.89233398 -437.324584961 -202.419311523 1756.57080078 98.6329345703 -60.2707443237 1690.76794434 -437.319091797 -481.073699951 1756.57080078
0.0319111347198 8 -394.378479004 -69.0885314941 1545.00415039 -362.804260254 304.509094238 1721.22998047 -320.114959717 176.544952393 1498.95617676 -435.948699951 76.2748184204 1757.4017334 -136.919708252 -76.2265014648 1477.9473877 -435.948852539 -202.379882812 1757.4017334 98.8101348877 -66.4861068726 1678.17004395 -435.943359375 -481.03427124 1757.4017334
0.0321698188782 8 -393.995849609 -69.0541381836 1543.84423828 -361.995361328 303.073852539 1722.07568359 -320.61541748 177.019775391 1498.71447754 -434.116394043 74.8881149292 1757.49060059 -137.474349976 -77.1118621826 1470.98254395 -434.116546631 -203.766571045 1757.49060059 104.805847168 -69.5877914429 1665.7779541 -434.111053467 -482.420959473 1757.49060059
0.0359981060028 8 -395.705749512 -64.9979553223 1546.28393555 -363.550537109 306.216674805 1725.52514648 -321.784667969 181.113632202 1502.21081543 -435.899291992 78.1919403076 1760.43078613 -138.211227417 -77.0546417236 1462.0423584 -435.89944458 -200.462753296 1760.43078613 109.650238037 -71.1888580322 1649.87072754 -435.893951416 -479.117126465 1760.43078613
0.0320820808411 8 -395.776428223 -62.8882980347 1545.57458496 -362.673461914 306.14666748 1728.72180176 -324.262481689 184.203857422 1503.22668457 -432.534698486 77.310874939 1762.26599121 -140.639968872 -75.0355529785 1451.52453613 -432.534851074 -201.343811035 1762.26599121 112.62638855 -72.6442108154 1632.4934082 -432.52935791 -479.998199463 1762.26599121
0.0321190357208 8 -395.812988281 -66.8563232422 1542.68005371 -360.184967041 303.046691895 1725.31335449 -326.764648438 180.669708252 1498.79370117 -429.215270996 73.2682189941 1759.96386719 -142.319946289 -73.0212249756 1440.76245117 -429.215423584 -205.386474609 1759.96386719 118.425140381 -79.7016906738 1610.15527344 -429.20993042 -484.040863037 1759.96386719
0.0357518196106 8 -398.018157959 -63.3418045044 1545.17224121 -361.33972168 306.925964355 1727.11254883 -331.418548584 184.597045898 1499.86877441 -427.592315674 76.5739517212 1763.14147949 -145.160293579 -74.0176391602 1428.88391113 -427.592468262 -202.080749512 1763.14147949 122.781204224 -84.2076950073 1586.05969238 -427.586975098 -480.735137939 1763.14147949
0.0319609642029 8 -399.248657227 -62.3510818481 1542.98413086 -361.671875 306.154907227 1728.0222168 -331.387969971 185.618118286 1499.69042969 -428.619781494 76.0123291016 1761.984375 -150.065536499 -71.0074310303 1416.46447754 -428.619934082 -202.642364502 1761.984375 124.882675171 -86.6556243896 1560.63476562 -428.614440918 -481.29675293 1761.984375
0.0321581363678 8 -398.720916748 -65.9917907715 1542.1496582 -358.419769287 303.010559082 1724.97302246 -335.074645996 182.501464844 1495.84484863 -422.03302002 72.8466796875 1761.52233887 -154.009963989 -69.5177154541 1403.74157715 -422.033172607 -205.808013916 1761.52233887 125.854507446 -89.5101852417 1535.73083496 -422.027679443 -484.462402344 1761.52233887
0.0358870029449 8 -398.948425293 -67.1721038818 1540.20678711 -358.162902832 301.998779297 1723.44152832 -338.003295898 181.841079712 1492.98620605 -418.3828125 71.1091766357 1760.32556152 -156.508148193 -68.2655792236 1390.8737793 -418.382965088 -207.545516968 1760.32556152 127.870117188 -89.9825897217 1513.04162598 -418.377471924 -486.199890137 1760.32556152
0.0320420265198 8 -398.21862793 -63.4584007263 1538.3190918 -356.027404785 304.36126709 1722.67785645 -338.750152588 186.026535034 1491.60839844 -414.896820068 73.50390625 1759.50756836 -157.767166138 -66.6372070312 1378.94177246 -414.896972656 -205.150787354 1759.50756836 131.086410522 -90.5029754639 1491.02954102 -414.891479492 -483.805175781 1759.50756836
0.0320248603821 8 -400.470153809 -61.7203712463 1536.84082031 -355.482818604 305.010498047 1722.27819824 -335.738189697 186.808959961 1492.21069336 -420.904144287 75.2347717285 1757.69067383 -157.364074707 -63.3065643311 1367.46557617 -420.904296875 -203.419921875 1757.69067383 134.901855469 -90.2520217896 1470.94555664 -420.898803711 -482.074310303 1757.69067383
0.0510289669037 8 -401.29888916 -61.9902267456 1533.89013672 -355.50112915 304.446807861 1718.58886719 -332.629119873 185.614639282 1490.0189209 -425.806488037 76.0714111328 1753.63269043 -159.181503296 -62.1558227539 1357.73376465 -425.806640625 -202.583282471 1753.63269043 136.358932495 -89.7535934448 1452.79870605 -425.801147461 -481.237670898 1753.63269043
0.0337681770325 8 -403.307189941 -61.4808654785 1530.29443359 -354.538574219 303.527038574 1716.73400879 -330.101196289 185.219329834 1488.71081543 -430.418640137 76.239440918 1749.9473877 -160.570220947 -60.5655059814 1350.36291504 -430.418792725 -202.415252686 1749.9473877 136.623687744 -89.039680481 1437.75402832 -430.413299561 -481.069641113 1749.9473877
0.0303618907928 8 -404.998291016 -59.4064025879 1527.89794922 -353.899780273 304.918457031 1716.31506348 -328.736602783 186.708068848 1488.2623291 -432.493804932 77.3892822266 1748.10266113 -162.265213013 -58.7766876221 1343.68518066 -432.49395752 -201.265411377 1748.10266113 135.615402222 -88.1419067383 1425.0032959 -432.488464355 -479.919799805 1748.10266113
0.0289199352264 8 -405.694610596 -59.2540740967 1526.03686523 -352.826385498 304.188781738 1715.60070801 -325.423187256 185.815841675 1487.90124512 -436.095916748 78.0916900635 1745.51135254 -165.621002197 -57.3827667236 1339.34082031 -436.096069336 -200.56300354 1745.51135254 133.353729248 -89.3715667725 1415.05981445 -436.090576172 -479.217407227 1745.51135254
0.0380411148071 8 -408.732177734 -56.7558250427 1521.99829102 -351.039978027 303.581115723 1715.22509766 -322.728363037 186.837188721 1487.18701172 -440.324066162 79.599029541 1741.89697266 -167.279510498 -58.1605224609 1335.65698242 -440.32421875 -199.055664062 1741.89697266 132.847869873 -91.4225158691 1408.17785645 -440.318725586 -477.71005249 1741.89697266
0.028774023056 8 -409.570129395 -56.5992774963 1518.44750977 -351.235046387 303.084350586 1711.55810547 -320.14855957 185.945251465 1484.84301758 -443.881408691 80.5899581909 1737.43432617 -167.131408691 -57.5784912109 1334.32836914 -443.881561279 -198.064727783 1737.43432617 132.447875977 -95.0453186035 1404.80419922 -443.876068115 -476.719116211 1737.43432617
0.0315480232239 8 -408.909606934 -58.0634727478 1516.9777832 -350.376831055 302.179504395 1709.22460938 -318.268981934 184.051574707 1483.34912109 -444.54296875 79.9329681396 1735.27490234 -167.055328369 -61.2948760986 1333.1640625 -444.543121338 -198.721725464 1735.27490234 132.314910889 -101.014785767 1403.94238281 -444.537628174 -477.376098633 1735.27490234
0.030632019043 8 -408.935546875 -60.0647315979 1515.11157227 -348.767333984 299.527740479 1708.06921387 -316.772674561 181.569976807 1482.06323242 -444.153533936 77.7490234375 1733.60791016 -167.99029541 -65.1578216553 1333.09521484 -444.153686523 -200.905670166 1733.60791016 130.862365723 -106.628990173 1404.87316895 -444.148193359 -479.560058594 1733.60791016
0.0310728549957 8 -409.021911621 -59.3447151184 1514.57287598 -348.12677002 301.292297363 1706.97424316 -315.962677002 181.943084717 1481.43481445 -444.572113037 78.9513702393 1732.72045898 -171.459899902 -70.0931396484 1334.54394531 -444.572265625 -199.703323364 1732.72045898 126.59954834 -115.333236694 1404.20031738 -444.566772461 -478.357727051 1732.72045898
0.0353260040283 8 -410.298614502 -58.7439880371 1514.2199707 -348.034637451 302.372192383 1706.43151855 -314.449127197 181.536468506 1481.77404785 -447.227630615 80.3793716431 1731.60339355 -174.718902588 -74.0454864502 1336.7713623 -447.227783203 -198.27532959 1731.60339355 121.661224365 -128.521438599 1404.7713623 -447.222290039 -476.929718018 1731.60339355
0.0313260555267 8 -410.84777832 -58.0333099365 1513.04553223 -345.458740234 300.599487305 1706.65148926 -310.705047607 180.738967896 1482.62744141 -448.890228271 81.2250823975 1730.13061523 -176.838760376 -78.0083770752 1340.38037109 -448.890380859 -197.429611206 1730.13061523 117.733688354 -138.321090698 1409.7644043 -448.884887695 -476.083984375 1730.13061523
0.034989118576 8 -413.178833008 -56.5028762817 1516.94055176 -345.669799805 303.053436279 1710.76318359 -309.142028809 180.670455933 1487.15063477 -452.877502441 84.3267211914 1732.70288086 -176.913360596 -82.9965667725 1344.68383789 -452.877655029 -194.327972412 1732.70288086 116.812286377 -144.635437012 1417.59680176 -452.872161865 -472.98236084 1732.70288086
0.0318009853363 8 -413.421722412 -57.9649276733 1518.06616211 -343.960906982 299.814056396 1712.32788086 -307.091156006 178.289489746 1488.95727539 -453.207061768 83.1634063721 1733.63427734 -177.435287476 -87.0014648438 1349.3449707 -453.207214355 -195.491287231 1733.63427734 114.953323364 -155.620056152 1426.74511719 -453.201721191 -474.145690918 1733.63427734
0.0314848423004 8 -414.012756348 -56.7150268555 1518.54504395 -342.255310059 299.584136963 1714.10412598 -303.97164917 178.072662354 1491.51220703 -455.414031982 84.7302856445 1733.58984375 -176.699707031 -92.4917907715 1355.17053223 -455.41418457 -193.924407959 1733.58984375 112.769805908 -166.203338623 1438.07055664 -455.408691406 -472.578796387 1733.58984375
0.0356061458588 8 -414.969909668 -58.9970474243 1517.27832031 -342.057739258 296.998352051 1713.49157715 -300.463897705 173.897766113 1492.74304199 -459.366241455 83.4757156372 1731.01672363 -179.33354187 -97.7358093262 1362.08203125 -459.366394043 -195.178985596 1731.01672363 106.487594604 -180.595870972 1450.109375 -459.360900879 -473.833374023 1731.01672363
0.0318129062653 8 -414.688049316 -59.305606842 1517.40551758 -339.962005615 295.566040039 1714.68798828 -296.548980713 172.001113892 1495.13305664 -461.125457764 83.708984375 1730.35180664 -180.15020752 -105.360214233 1369.03979492 -461.125610352 -194.945709229 1730.35180664 101.558227539 -190.611053467 1465.33349609 -461.120117188 -473.600097656 1730.35180664
0.0317149162292 8 -414.805908203 -58.068862915 1517.17431641 -338.02444458 296.364501953 1715.26013184 -286.360137939 167.904754639 1501.15771484 -469.826385498 89.6323852539 1724.48095703 -182.053253174 -110.643188477 1378.49951172 -469.826538086 -189.02230835 1724.48095703 94.6861877441 -201.378341675 1482.48913574 -469.821044922 -467.676696777 1724.48095703
0.0358250141144 8 -414.899108887 -60.4743728638 1515.26184082 -336.477661133 293.263397217 1714.55493164 -279.168823242 161.484573364 1503.45324707 -475.341918945 90.8320007324 1718.43908691 -183.528076172 -116.791152954 1387.72668457 -475.342071533 -187.822692871 1718.43908691 87.4554443359 -210.839096069 1501.86523438 -475.336578369 -466.477081299 1718.43908691
0.0318989753723 8 -414.534576416 -62.3120574951 1515.87353516 -336.310791016 292.357025146 1714.22888184 -273.560943604 156.551086426 1507.20007324 -480.352874756 92.855682373 1714.47058105 -184.292831421 -125.397827148 1397.85510254 -480.353027344 -185.79901123 1714.47058105 81.9072113037 -218.961669922 1522.43029785 -480.34753418 -464.453399658 1714.47058105
0.031818151474 8 -414.058013916 -62.8299560547 1520.6184082 -335.467468262 292.574401855 1718.5604248 -270.095275879 154.253967285 1513.51452637 -482.427368164 94.4622802734 1716.79675293 -182.15246582 -134.197967529 1409.42346191 -482.427520752 -184.19241333 1716.79675293 79.0482788086 -226.586029053 1545.79650879 -482.422027588 -462.846801758 1716.79675293
0.0359559059143 8 -414.740081787 -66.5611877441 1521.47192383 -334.052032471 288.110870361 1720.24121094 -269.826385498 149.985122681 1514.44824219 -482.366516113 90.6765899658 1718.05419922 -183.031463623 -139.128677368 1421.22070312 -482.366668701 -187.978103638 1718.05419922 72.2211914062 -235.954711914 1565.05603027 -482.361175537 -466.632507324 1718.05419922
0.0319550037384 8 -408.94934082 -77.2023925781 1532.75805664 -332.845733643 284.88684082 1721.36193848 -290.742248535 151.363464355 1505.40795898 -452.023010254 73.6871643066 1738.52563477 -182.348999023 -144.265808105 1432.04064941 -452.023162842 -204.967529297 1738.52563477 68.8543243408 -241.778106689 1582.9954834 -452.017669678 -483.621917725 1738.52563477
0.0320219993591 8 -406.993286133 -80.5482788086 1537.69921875 -332.706970215 284.050170898 1721.59020996 -301.225860596 153.45980835 1501.49841309 -438.945465088 66.9659423828 1748.5916748 -182.928588867 -147.124511719 1442.56286621 -438.945617676 -211.688751221 1748.5916748 64.329574585 -246.278610229 1602.70605469 -438.940124512 -490.343139648 1748.5916748
0.0360269546509 8 -406.075561523 -83.0395507812 1540.60107422 -332.57635498 282.22265625 1722.23999023 -304.534545898 152.931716919 1500.60168457 -434.237426758 63.4575042725 1753.52941895 -182.91418457 -149.063400269 1452.28979492 -434.237579346 -215.197189331 1753.52941895 61.8840332031 -247.084747314 1619.87866211 -434.232086182 -493.8515625 1753.52941895
0.0322470664978 8 -404.864685059 -86.1056060791 1544.2097168 -332.770355225 281.647888184 1722.0567627 -307.654846191 151.17956543 1499.40405273 -429.865539551 61.3894042969 1757.23950195 -179.910858154 -152.015991211 1461.14050293 -429.865692139 -217.265289307 1757.23950195 61.0050048828 -248.711486816 1636.19055176 -429.860198975 -495.919677734 1757.23950195
0.0362350940704 8 -404.459747314 -87.1260223389 1549.17578125 -331.966217041 281.927032471 1725.4777832 -310.33706665 151.126464844 1501.89733887 -426.104034424 60.126159668 1762.96740723 -177.942108154 -155.008422852 1469.56982422 -426.104187012 -218.528533936 1762.96740723 60.7098236084 -250.149215698 1649.66125488 -426.098693848 -497.182922363 1762.96740723
0.0370538234711 8 -404.532958984 -86.4035720825 1551.99926758 -330.755218506 283.106750488 1727.68481445 -310.101715088 151.772857666 1504.29882812 -425.285797119 60.7758178711 1766.07446289 -176.95350647 -156.515991211 1475.76660156 -425.285949707 -217.878875732 1766.07446289 59.0774383545 -250.840393066 1661.10656738 -425.280456543 -496.53326416 1766.07446289
0.0310029983521 8 -404.65020752 -85.8064651489 1558.64794922 -330.737457275 284.222625732 1732.25134277 -310.234130859 152.170318604 1509.62390137 -425.052001953 62.3171844482 1772.1751709 -176.979125977 -157.268615723 1480.82775879 -425.052154541 -216.337509155 1772.1751709 56.2724151611 -254.433959961 1669.42468262 -425.046661377 -494.991882324 1772.1751709
0.0312721729279 8 -403.442260742 -87.018371582 1562.1418457 -329.747833252 283.53503418 1735.57946777 -311.189605713 151.577087402 1511.9387207 -420.738922119 60.5151977539 1776.36914062 -177.993347168 -157.137756348 1484.41394043 -420.739074707 -218.13949585 1776.36914062 53.3055877686 -260.045959473 1671.9987793 -420.733581543 -496.793884277 1776.36914062
0.0356910228729 8 -402.885498047 -87.7598266602 1561.78540039 -328.313781738 280.833374023 1737.25732422 -310.660949707 151.11239624 1512.77075195 -418.856201172 58.2182006836 1777.19921875 -189.463317871 -146.491424561 1482.56958008 -418.85635376 -220.43649292 1777.19921875 36.0101776123 -264.098754883 1660.33276367 -418.850860596 -499.090881348 1777.19921875
0.0311620235443 8 -402.814941406 -87.9220504761 1561.92553711 -326.425476074 280.64465332 1737.57971191 -309.104614258 150.474838257 1513.3527832 -419.63470459 58.3199157715 1777.11010742 -185.209686279 -153.751937866 1484.79052734 -419.634857178 -220.334777832 1777.11010742 41.6122283936 -267.551879883 1668.65576172 -419.629364014 -498.98916626 1777.11010742
0.0319628715515 8 -411.833374023 -84.9082717896 1554.33666992 -323.811584473 278.347564697 1733.84326172 -292.36706543 142.506378174 1517.64892578 -444.200622559 68.4025115967 1761.17895508 -182.306976318 -157.953491211 1485.63354492 -444.200775146 -210.252182007 1761.17895508 46.1866760254 -271.565887451 1669.15478516 -444.195281982 -488.906555176 1761.17895508
0.0377271175385 8 -412.79888916 -88.0128173828 1553.69311523 -322.510681152 276.359802246 1731.35095215 -286.904663086 136.523742676 1516.98059082 -449.419372559 69.0057067871 1757.69787598 -178.212417603 -165.939453125 1487.78186035 -449.419525146 -209.648986816 1757.69787598 50.1600036621 -276.655975342 1669.86621094 -449.414031982 -488.303375244 1757.69787598
0.030345916748 8 -413.201416016 -88.8941497803 1553.0246582 -319.946594238 275.38494873 1728.10656738 -282.705657959 133.305892944 1515.92907715 -451.500518799 70.8518218994 1754.99597168 -179.123291016 -170.449417114 1485.87084961 -451.500671387 -207.802871704 1754.99597168 50.217666626 -282.115631104 1665.95288086 -451.495178223 -486.457275391 1754.99597168
0.0315330028534 8 -414.211303711 -85.3089752197 1555.90136719 -315.684265137 275.820129395 1734.51196289 -281.066955566 135.882369995 1521.06420898 -450.281677246 72.1425933838 1760.28955078 -176.058898926 -174.228500366 1484.94213867 -450.281829834 -206.51210022 1760.28955078 56.1874847412 -285.832855225 1661.35168457 -450.27633667 -485.166503906 1760.28955078
0.0350770950317 8 -413.658538818 -87.2918243408 1558.58349609 -313.194274902 275.915222168 1731.71020508 -282.691864014 134.294921875 1518.06140137 -445.303985596 71.9076538086 1762.41931152 -175.493835449 -175.618774414 1480.97558594 -445.304138184 -206.747039795 1762.41931152 60.9273681641 -286.570251465 1654.82531738 -445.29864502 -485.401428223 1762.41931152
0.0305619239807 8 -414.021362305 -87.3464050293 1558.43701172 -311.021057129 275.21395874 1730.29150391 -282.225585938 133.638320923 1516.81347656 -444.073486328 72.3588409424 1762.22119141 -173.726745605 -176.827102661 1474.96435547 -444.073638916 -206.295852661 1762.22119141 63.2289428711 -291.832275391 1645.11218262 -444.068145752 -484.950256348 1762.22119141
0.0318548679352 8 -413.270050049 -88.3550567627 1557.44897461 -306.966186523 274.303649902 1727.62097168 -283.224975586 133.151763916 1513.17736816 -437.659301758 70.1982421875 1762.88244629 -174.860275269 -177.441131592 1468.50134277 -437.659454346 -208.456451416 1762.88244629 65.9089202881 -296.647125244 1630.08435059 -437.653961182 -487.110839844 1762.88244629
0.0363991260529 8 -410.45324707 -91.9490509033 1560.94152832 -303.274719238 274.36315918 1725.77746582 -288.494506836 132.381378174 1509.4744873 -424.92376709 65.6251220703 1767.84216309 -175.330505371 -177.239685059 1459.2722168 -424.923919678 -213.029571533 1767.84216309 67.7375488281 -304.506988525 1610.93127441 -424.918426514 -491.683959961 1767.84216309
0.0320329666138 8 -411.115692139 -89.7474822998 1564.22875977 -300.578399658 275.37097168 1728.36291504 -291.951873779 135.777404785 1511.05981445 -419.878448486 65.6961288452 1773.15185547 -175.670776367 -178.145782471 1449.1541748 -419.878601074 -212.958557129 1773.15185547 71.7432556152 -309.633514404 1589.79504395 -419.87310791 -491.612945557 1773.15185547
0.032075881958 8 -410.957092285 -95.3911437988 1560.92504883 -297.205718994 270.773986816 1721.13671875 -292.544891357 129.604034424 1503.71582031 -415.50668335 61.5291748047 1768.9453125 -176.315505981 -177.087005615 1437.57995605 -415.506835938 -217.125518799 1768.9453125 76.9052124023 -309.776489258 1568.34240723 -415.501342773 -495.779907227 1768.9453125
0.0358221530914 8 -408.739868164 -96.5215454102 1561.43823242 -292.026184082 270.311828613 1717.54980469 -295.547607422 129.979705811 1499.98974609 -404.974121094 59.3240966797 1770.21826172 -177.617553711 -179.08114624 1425.81652832 -404.974273682 -219.330596924 1770.21826172 79.472442627 -316.164642334 1541.82165527 -404.968780518 -497.984985352 1770.21826172
0.0321969985962 8 -410.217834473 -98.4292373657 1557.09960938 -287.336151123 266.277282715 1711.69042969 -291.16796875 125.045135498 1495.45507812 -405.983886719 58.9192047119 1764.79443359 -177.293289185 -178.012084961 1414.38354492 -405.984039307 -219.735488892 1764.79443359 85.5096282959 -318.00567627 1515.95727539 -405.978546143 -498.389892578 1764.79443359
0.0318789482117 8 -411.622253418 -98.1344680786 1554.46826172 -282.787414551 264.851745605 1708.76660156 -287.100830078 122.561134338 1493.50158691 -406.651672363 59.8250732422 1761.71936035 -176.623809814 -178.483459473 1403.17163086 -406.651824951 -218.829620361 1761.71936035 90.7716369629 -317.067260742 1492.18762207 -406.646331787 -497.484008789 1761.71936035
0.0359411239624 8 -413.673309326 -99.0270614624 1550.42150879 -279.23626709 261.031677246 1707.26391602 -280.143432617 117.1095047 1492.58544922 -412.337219238 61.040687561 1756.01000977 -176.264968872 -178.178955078 1393.03637695 -412.337371826 -217.614013672 1756.01000977 93.6810760498 -318.858337402 1468.21789551 -412.331878662 -496.2684021 1756.01000977
0.033360004425 8 -413.940124512 -100.492172241 1547.04553223 -273.902130127 258.620544434 1699.07287598 -278.046569824 113.427322388 1486.29370117 -409.264526367 61.3440093994 1751.26708984 -176.617431641 -181.099136353 1382.50952148 -409.264678955 -217.310684204 1751.26708984 94.5471191406 -324.046813965 1444.75512695 -409.259185791 -495.965087891 1751.26708984
0.0315959453583 8 -415.141601562 -101.947151184 1544.16699219 -269.146911621 256.85546875 1691.46179199 -275.213104248 108.614959717 1480.8494873 -408.535491943 62.8023834229 1746.00671387 -177.806228638 -184.038360596 1373.23620605 -408.535644531 -215.852310181 1746.00671387 97.094619751 -323.20690918 1426.4420166 -408.530151367 -494.506713867 1746.00671387
0.0349860191345 8 -415.803710938 -104.223854065 1540.46411133 -264.988555908 254.692016602 1684.63830566 -269.238708496 101.619003296 1476.83947754 -411.61151123 65.0945739746 1738.48986816 -176.929901123 -186.479537964 1364.58312988 -411.611663818 -213.560119629 1738.48986816 101.445098877 -321.128112793 1410.22387695 -411.606170654 -492.214508057 1738.48986816
0.0320928096771 8 -416.803314209 -105.430740356 1536.7097168 -261.066101074 250.908630371 1680.72229004 -263.594970703 96.0201187134 1474.69799805 -414.561706543 66.6570968628 1732.36572266 -175.450469971 -189.700683594 1357.2565918 -414.561859131 -211.997589111 1732.36572266 103.644561768 -322.252563477 1396.12731934 -414.556365967 -490.651977539 1732.36572266
0.0509550571442 8 -416.493225098 -104.82043457 1532.90307617 -257.148834229 249.495910645 1675.77966309 -258.07611084 92.9656829834 1472.07141113 -415.516052246 69.5879364014 1726.54284668 -174.715026855 -191.82661438 1351.10522461 -415.516204834 -209.066757202 1726.54284668 103.768341064 -325.543884277 1383.1739502 -415.51071167 -487.721130371 1726.54284668
0.0300741195679 8 -416.64642334 -104.205245972 1527.60778809 -253.243148804 247.963363647 1669.29626465 -251.996856689 89.0099563599 1468.73486328 -417.649078369 73.2276229858 1718.45849609 -175.345199585 -194.378417969 1346.01928711 -417.649230957 -205.427062988 1718.45849609 103.473190308 -328.330749512 1372.47692871 -417.643737793 -484.081451416 1718.45849609
0.0284450054169 8 -417.474121094 -107.88319397 1523.12487793 -251.264068604 244.12487793 1663.08459473 -249.424255371 82.6368484497 1464.89074707 -419.88092041 71.9324264526 1711.77844238 -176.174316406 -198.182189941 1341.99987793 -419.881072998 -206.722259521 1711.77844238 102.662719727 -329.450439453 1364.98876953 -419.875579834 -485.376647949 1711.77844238
0.0344710350037 8 -416.938293457 -106.554161072 1520.05517578 -248.32522583 245.000427246 1658.96740723 -242.696502686 79.1389770508 1464.84472656 -423.686920166 77.855758667 1704.00488281 -178.103118896 -201.070343018 1339.47790527 -423.687072754 -200.798934937 1704.00488281 99.4222106934 -334.094909668 1360.4095459 -423.68157959 -479.453308105 1704.00488281
0.0303058624268 8 -414.19342041 -111.172485352 1518.16845703 -246.165893555 244.281509399 1653.98522949 -231.125579834 67.4074859619 1470.35571289 -431.439056396 82.2590484619 1691.30786133 -178.184051514 -204.066543579 1338.76037598 -431.439208984 -196.395645142 1691.30786133 98.2607116699 -339.24822998 1358.92431641 -431.43371582 -475.050048828 1691.30786133
0.0316269397736 8 -414.131011963 -111.272666931 1515.13146973 -243.75692749 242.866210938 1652.41113281 -224.849151611 62.2456512451 1472.40588379 -435.598236084 86.3262329102 1683.2244873 -177.593231201 -208.498275757 1339.34008789 -435.598388672 -192.328460693 1683.2244873 97.5149536133 -344.053161621 1359.35827637 -435.592895508 -470.982849121 1683.2244873
0.0350861549377 8 -416.393127441 -112.066726685 1513.42651367 -242.676544189 240.524368286 1650.62915039 -223.270004272 57.7599258423 1472.03991699 -438.168945312 88.1049423218 1678.67565918 -177.798248291 -213.729888916 1341.64587402 -438.1690979 -190.549743652 1678.67565918 94.7078552246 -352.063659668 1362.37194824 -438.163604736 -469.20413208 1678.67565918
0.0310308933258 8 -417.525085449 -114.360740662 1513.6517334 -241.860290527 238.069061279 1649.7520752 -221.994049072 52.9567871094 1472.72705078 -440.022003174 88.4343643188 1675.73242188 -179.912094116 -217.86038208 1344.3112793 -440.022155762 -190.220336914 1675.73242188 91.2646636963 -357.703491211 1368.28771973 -440.016662598 -468.874725342 1675.73242188
0.0317370891571 8 -419.302612305 -117.474899292 1514.10375977 -242.280181885 235.514892578 1648.31469727 -222.037628174 47.8212280273 1472.91796875 -442.040161133 87.6662597656 1673.26513672 -182.466873169 -221.430358887 1348.1463623 -442.040313721 -190.988433838 1673.26513672 86.4408416748 -363.388275146 1374.01965332 -442.034820557 -469.642822266 1673.26513672
0.0351209640503 8 -420.928161621 -119.772399902 1514.37084961 -242.599212646 232.49508667 1648.59509277 -221.157196045 43.0158233643 1475.18286133 -444.556335449 87.3336868286 1670.87207031 -182.731079102 -225.21244812 1353.06677246 -444.556488037 -191.321014404 1670.87207031 83.5908508301 -369.197235107 1383.50231934 -444.550994873 -469.975402832 1670.87207031
0.0317080020905 8 -421.765869141 -119.032150269 1516.67712402 -241.227005005 231.846740723 1652.74438477 -220.024383545 41.7283477783 1479.06176758 -444.464569092 88.178855896 1673.22265625 -182.845092773 -229.616012573 1359.53991699 -444.46472168 -190.475830078 1673.22265625 80.1311645508 -377.128173828 1393.41064453 -444.459228516 -469.130218506 1673.22265625
0.0411720275879 8 -422.057800293 -117.359130859 1517.87915039 -238.988952637 230.822921753 1654.79833984 -217.063262939 39.9760131836 1483.61328125 -444.944366455 91.3352127075 1672.390625 -185.399688721 -234.797912598 1366.75708008 -444.944519043 -187.319488525 1672.390625 74.2358703613 -386.023010254 1406.51916504 -444.939025879 -465.973876953 1672.390625
0.0384459495544 8 -422.776519775 -120.202880859 1516.30151367 -238.946151733 228.59034729 1651.34472656 -215.379058838 34.5463104248 1484.9810791 -447.667205811 91.3166046143 1666.57336426 -187.710586548 -239.399703979 1375.87658691 -447.667358398 -187.338088989 1666.57336426 68.8389129639 -393.265930176 1423.83239746 -447.661865234 -465.992492676 1666.57336426
0.0290110111237 8 -423.788208008 -123.052238464 1516.86767578 -239.296264648 225.653381348 1653.1159668 -213.164840698 28.189666748 1490.87524414 -451.557983398 91.8862228394 1661.58081055 -187.857284546 -246.197845459 1385.43432617 -451.558135986 -186.768463135 1661.58081055 65.9004974365 -400.805114746 1444.28198242 -451.552642822 -465.422851562 1661.58081055
0.0288949012756 8 -422.802459717 -123.236953735 1519.59509277 -236.040527344 224.52633667 1654.48718262 -209.712097168 24.8084411621 1494.94287109 -449.775360107 93.7071533203 1661.51074219 -187.427474976 -252.093719482 1397.20263672 -449.775512695 -184.947540283 1661.51074219 61.9674682617 -409.941101074 1464.53735352 -449.770019531 -463.601928711 1661.51074219
0.034725189209 8 -422.975982666 -125.504478455 1520.73266602 -233.480209351 221.057983398 1654.66455078 -206.834503174 18.5655517578 1499.42504883 -449.989440918 94.15965271 1658.37329102 -187.212371826 -259.533569336 1408.07800293 -449.989593506 -184.495040894 1658.37329102 57.1619720459 -420.820709229 1485.59375 -449.984100342 -463.149414062 1658.37329102
0.031270980835 8 -423.686218262 -128.626754761 1523.66455078 -230.790771484 217.61567688 1656.22741699 -203.556640625 9.82722473145 1507.61621094 -450.864501953 95.2130889893 1654.20483398 -189.118026733 -268.23828125 1420.48681641 -450.864654541 -183.441604614 1654.20483398 52.02684021 -433.029907227 1503.94116211 -450.859161377 -462.096008301 1654.20483398
0.0308239459991 8 -424.141174316 -131.5809021 1522.95092773 -228.742248535 212.288635254 1656.02416992 -200.85269165 2.27555847168 1512.1114502 -451.105224609 94.7365875244 1649.22741699 -191.034088135 -274.598937988 1432.21191406 -451.105377197 -183.918106079 1649.22741699 45.2710418701 -443.73526001 1522.5567627 -451.099884033 -462.572509766 1649.22741699
0.035295009613 8 -422.485229492 -133.200866699 1525.5255127 -223.171127319 209.562728882 1656.92724609 -196.498733521 -3.68388366699 1517.36303711 -447.792663574 95.3540496826 1648.13452148 -192.012329102 -281.785644531 1442.0769043 -447.792816162 -183.300643921 1648.13452148 41.7880706787 -452.028137207 1540.93017578 -447.787322998 -461.95501709 1648.13452148
0.0313808917999 8 -424.117553711 -137.554077148 1528.83728027 -219.390228271 204.979949951 1655.86669922 -195.369598389 -12.9418945312 1522.06311035 -447.160949707 94.6302490234 1644.84924316 -191.549758911 -290.371154785 1450.98205566 -447.161102295 -184.02444458 1644.84924316 41.2874908447 -461.614715576 1556.25634766 -447.155609131 -462.678833008 1644.84924316
0.031797170639 8 -426.534118652 -139.074066162 1532.58032227 -214.835006714 199.483688354 1656.37719727 -195.388198853 -19.0754241943 1523.4979248 -444.181884766 93.9940948486 1647.8104248 -190.768798828 -299.193908691 1458.98828125 -444.182037354 -184.660598755 1647.8104248 38.9984436035 -473.628723145 1568.02124023 -444.176544189 -463.315002441 1647.8104248
0.0351729393005 8 -428.83416748 -140.85369873 1536.37084961 -210.233261108 196.364135742 1653.6484375 -196.315856934 -23.9778289795 1522.52490234 -441.330841064 92.8920440674 1650.92553711 -191.37197876 -306.10736084 1466.49621582 -441.330993652 -185.762649536 1650.92553711 36.7617340088 -479.991027832 1579.8359375 -441.325500488 -464.417053223 1650.92553711
0.0317330360413 8 -431.905426025 -141.812927246 1540.5657959 -206.005599976 192.392456055 1654.31201172 -198.185241699 -28.2005310059 1521.20544434 -438.048248291 91.4948120117 1656.48400879 -190.671340942 -311.577178955 1472.28479004 -438.048400879 -187.159881592 1656.48400879 34.729675293 -485.573974609 1589.90112305 -438.042907715 -465.81427002 1656.48400879
0.0316309928894 8 -434.29309082 -141.689346313 1545.74560547 -202.621856689 189.556167603 1655.65588379 -200.241027832 -30.009552002 1520.26416016 -434.434753418 90.2344665527 1664.54345703 -190.321182251 -315.316955566 1476.19274902 -434.434906006 -188.420227051 1664.54345703 33.9533538818 -488.563720703 1597.33557129 -434.429412842 -467.074615479 1664.54345703
0.035572052002 8 -437.35357666 -142.553146362 1548.95288086 -199.234985352 184.887435913 1655.81652832 -202.639770508 -33.5299682617 1518.45690918 -431.578979492 88.2804794312 1669.7364502 -189.151168823 -319.184295654 1479.63623047 -431.57913208 -190.374206543 1669.7364502 34.4019470215 -494.423034668 1597.89025879 -431.573638916 -469.028594971 1669.7364502
0.0317587852478 8 -438.242126465 -144.015441895 1550.9498291 -196.330047607 181.036224365 1657.37646484 -203.274414062 -36.2256164551 1517.7520752 -428.903076172 85.453338623 1674.18518066 -190.079177856 -322.106811523 1481.33459473 -428.90322876 -193.20135498 1674.18518066 33.8253326416 -498.310058594 1599.6027832 -428.897735596 -471.855743408 1674.18518066
0.0314240455627 8 -438.021270752 -146.293884277 1552.86767578 -194.150482178 178.802505493 1656.63708496 -203.634063721 -38.2464599609 1516.29553223 -426.763366699 82.6591491699 1676.97424316 -190.032302856 -323.555450439 1482.16027832 -426.763519287 -195.995544434 1676.97424316 33.7169342041 -499.924987793 1599.92797852 -426.758026123 -474.649932861 1676.97424316
0.0356500148773 8 -438.365661621 -145.973251343 1555.05419922 -190.91973877 177.480880737 1657.27099609 -203.58102417 -39.7305908203 1515.75817871 -423.751678467 82.6480102539 1679.44787598 -190.511032104 -323.791717529 1482.078125 -423.751831055 -196.00668335 1679.44787598 31.7021331787 -502.315734863 1599.64196777 -423.746337891 -474.661071777 1679.44787598
0.0317440032959 8 -440.709259033 -147.203308105 1556.66625977 -190.802734375 174.679138184 1656.09643555 -206.748443604 -41.0106658936 1512.66320801 -422.679168701 80.3324661255 1682.57385254 -191.241271973 -323.405700684 1481.04711914 -422.679321289 -198.322235107 1682.57385254 30.4523010254 -502.760681152 1597.34216309 -422.673828125 -476.976623535 1682.57385254
0.0322570800781 8 -442.523895264 -147.065307617 1558.20214844 -191.52947998 172.655166626 1663.0111084 -209.505889893 -39.3039550781 1513.12561035 -422.68270874 77.0821838379 1689.75256348 -191.165664673 -322.701904297 1479.5291748 -422.682861328 -201.572509766 1689.75256348 29.7738494873 -504.599639893 1593.18127441 -422.677368164 -480.226898193 1689.75256348
0.0372519493103 8 -443.912109375 -143.980651855 1561.72290039 -191.588394165 173.850784302 1669.97741699 -212.108947754 -34.6255493164 1514.39746094 -421.239562988 76.4155883789 1698.98876953 -189.126419067 -321.856719971 1476.28076172 -421.239715576 -202.239105225 1698.98876953 31.6928863525 -504.396087646 1586.58886719 -421.234222412 -480.893493652 1698.98876953
0.0317730903625 8 -446.238494873 -142.341522217 1564.41894531 -192.086013794 171.852554321 1674.46350098 -215.889602661 -31.4799041748 1513.6895752 -419.971801758 74.474105835 1706.63342285 -188.089248657 -321.940856934 1471.66369629 -419.971954346 -204.180587769 1706.63342285 34.4337921143 -506.308319092 1576.25891113 -419.966461182 -482.834960938 1706.63342285
0.0459399223328 8 -447.534667969 -141.220062256 1568.27404785 -192.505355835 171.306060791 1679.20031738 -219.991226196 -27.1724090576 1512.44763184 -417.157104492 71.2966766357 1715.96594238 -188.557449341 -319.482177734 1463.85095215 -417.15725708 -207.358016968 1715.96594238 36.288192749 -506.387756348 1560.5501709 -417.151763916 -486.012390137 1715.96594238
0.0317709445953 8 -447.42401123 -140.995880127 1569.2331543 -192.770355225 171.564910889 1681.54260254 -222.046615601 -23.633895874 1511.36987305 -415.869140625 68.3544387817 1721.19775391 -186.796768188 -317.232543945 1456.41784668 -415.869293213 -210.300262451 1721.19775391 40.2004699707 -506.89743042 1540.83215332 -415.863800049 -488.954650879 1721.19775391
0.0296730995178 8 -447.136657715 -141.6746521 1570.10375977 -192.728057861 169.271987915 1683.71789551 -223.497207642 -21.9822845459 1510.14367676 -414.137939453 65.3513336182 1724.9810791 -185.405410767 -314.612060547 1446.70544434 -414.138092041 -213.303359985 1724.9810791 42.0830078125 -507.831481934 1518.32507324 -414.132598877 -491.957763672 1724.9810791
0.0399389266968 8 -447.056335449 -141.572174072 1573.09606934 -192.776153564 171.881195068 1684.29467773 -227.195632935 -17.8364868164 1507.77893066 -410.806213379 62.450920105 1731.13293457 -182.672439575 -312.804656982 1436.84350586 -410.806365967 -216.203765869 1731.13293457 45.6042327881 -509.984863281 1492.61096191 -410.800872803 -494.858154297 1731.13293457
0.0355041027069 8 -446.036743164 -140.167678833 1575.02294922 -191.397705078 173.386352539 1684.59606934 -228.173828125 -14.4071655273 1506.79785156 -407.487426758 61.8274765015 1735.16699219 -179.833267212 -311.403015137 1425.92053223 -407.487579346 -216.827209473 1735.16699219 49.3318328857 -511.805389404 1466.35571289 -407.482086182 -495.4815979 1735.16699219
0.0314168930054 8 -444.068786621 -141.192047119 1575.07641602 -189.836273193 172.625411987 1681.23583984 -227.965835571 -14.0821228027 1503.70690918 -404.156616211 60.6341781616 1735.15075684 -175.90953064 -311.196807861 1416.44592285 -404.156768799 -218.020507812 1735.15075684 55.4139556885 -513.211181641 1440.81945801 -404.151275635 -496.67489624 1735.15075684
0.0296270847321 8 -442.751953125 -143.48085022 1571.70166016 -187.890197754 170.382537842 1676.07128906 -225.169403076 -18.239074707 1501.52844238 -405.019226074 61.3096923828 1728.50915527 -172.970932007 -311.101226807 1406.2286377 -405.019378662 -217.345001221 1728.50915527 59.6230316162 -513.729431152 1416.37487793 -405.013885498 -495.999389648 1728.50915527
0.0299999713898 8 -441.525421143 -145.552398682 1568.2701416 -186.607040405 167.243438721 1672.98132324 -222.358154297 -22.1320648193 1499.7677002 -405.153594971 60.9643096924 1723.14733887 -178.964950562 -302.481872559 1399.23986816 -405.153747559 -217.690383911 1723.14733887 45.4266357422 -511.86517334 1393.12268066 -405.148254395 -496.344787598 1723.14733887
0.0309510231018 8 -441.625671387 -150.479003906 1565.8125 -185.638061523 163.162155151 1668.42797852 -223.513702393 -26.6315155029 1494.70996094 -403.749389648 55.9964752197 1720.40698242 -184.587844849 -296.901184082 1392.70727539 -403.749542236 -222.658218384 1720.40698242 37.1108398438 -507.883911133 1375.50695801 -403.744049072 -501.31262207 1720.40698242
0.0352530479431 8 -441.548065186 -152.118896484 1565.18457031 -183.562667847 160.302780151 1666.13964844 -223.158798218 -29.6693878174 1492.49865723 -401.948669434 54.8517913818 1718.69543457 -186.664962769 -296.709106445 1386.53320312 -401.948822021 -223.802902222 1718.69543457 33.7368621826 -507.936279297 1360.41601562 -401.943328857 -502.457275391 1718.69543457
0.0432388782501 8 -440.980285645 -153.717391968 1564.84521484 -181.4012146 158.045074463 1661.01525879 -223.66545105 -31.572769165 1488.55078125 -398.450134277 53.0774002075 1717.79150391 -188.261657715 -297.18157959 1380.59277344 -398.450286865 -225.577301025 1717.79150391 32.3055877686 -507.645202637 1349.80297852 -398.444793701 -504.231689453 1717.79150391
0.0321929454803 8 -440.319702148 -157.417266846 1562.48620605 -179.362167358 154.674179077 1655.43640137 -223.815841675 -35.3770599365 1483.73132324 -396.496887207 49.9088897705 1714.35803223 -189.695129395 -298.611083984 1376.00549316 -396.497039795 -228.745803833 1714.35803223 31.8530273438 -507.631164551 1342.25646973 -396.491546631 -507.40020752 1714.35803223
0.0299379825592 8 -439.773620605 -158.59777832 1561.31201172 -176.929824829 153.432723999 1652.65234375 -222.568878174 -37.8613433838 1482.4440918 -395.390777588 49.2689971924 1712.296875 -190.835083008 -301.805358887 1372.38513184 -395.390930176 -229.385696411 1712.296875 31.8620910645 -509.515869141 1337.8605957 -395.385437012 -508.040100098 1712.296875
0.030876159668 8 -440.306274414 -162.040527344 1559.27185059 -176.882537842 151.052047729 1646.76794434 -222.867248535 -42.6286315918 1479.08569336 -396.441223145 48.354637146 1706.84570312 -191.445495605 -304.724517822 1369.89794922 -396.441375732 -230.300048828 1706.84570312 31.6705169678 -512.150878906 1336.21289062 -396.435882568 -508.954437256 1706.84570312
0.0310349464417 8 -440.769470215 -162.857086182 1559.78479004 -175.306915283 149.147583008 1644.31726074 -223.390426636 -45.0860595703 1477.0567627 -394.374023438 47.9866333008 1705.93371582 -189.961975098 -310.376861572 1368.9354248 -394.374176025 -230.668060303 1705.93371582 34.5048370361 -516.578979492 1336.72253418 -394.368682861 -509.32244873 1705.93371582
0.0339279174805 8 -440.479095459 -165.004776001 1558.20336914 -174.617218018 146.627578735 1639.58227539 -223.267074585 -48.2967376709 1473.5345459 -392.952331543 46.8355484009 1702.54699707 -189.999740601 -313.923034668 1369.92700195 -392.952484131 -231.819152832 1702.54699707 34.7268066406 -520.209228516 1340.15380859 -392.946990967 -510.47354126 1702.54699707
0.0304911136627 8 -440.734130859 -165.251068115 1557.88476562 -174.829849243 147.537780762 1637.23352051 -222.952224731 -49.6808013916 1473.11218262 -394.009155273 48.3707427979 1699.84899902 -188.744308472 -318.174743652 1372.02661133 -394.009307861 -230.283950806 1699.84899902 37.2727050781 -523.64831543 1347.14282227 -394.003814697 -508.938354492 1699.84899902
0.0305559635162 8 -441.80480957 -165.715942383 1559.73291016 -173.773147583 146.448257446 1633.56079102 -225.015838623 -51.1851196289 1471.13793945 -391.938903809 48.0295944214 1700.40844727 -187.957336426 -321.110595703 1375.98864746 -391.939056396 -230.625091553 1700.40844727 38.5400238037 -526.690673828 1357.875 -391.933563232 -509.27947998 1700.40844727
0.0353989601135 8 -444.022155762 -167.455169678 1562.00195312 -173.820983887 144.295440674 1630.7421875 -229.662872314 -52.7375030518 1468.01293945 -389.365844727 44.9403457642 1702.87182617 -186.717285156 -324.065856934 1380.9987793 -389.365997314 -233.714355469 1702.87182617 39.9143371582 -529.971740723 1371.65429688 -389.36050415 -512.368774414 1702.87182617
0.0318701267242 8 -444.998962402 -167.105957031 1564.87329102 -173.952636719 146.52015686 1632.3145752 -232.451553345 -51.0655212402 1468.3626709 -388.634521484 44.3308410645 1706.55310059 -185.585769653 -326.855682373 1388.2520752 -388.634674072 -234.323852539 1706.55310059 40.0369262695 -533.95690918 1388.95983887 -388.629180908 -512.978271484 1706.55310059
0.0311989784241 8 -443.795013428 -165.827697754 1568.45678711 -173.695205688 149.855728149 1636.5982666 -233.483566284 -46.8913421631 1470.58569336 -386.256469727 43.4030303955 1712.91040039 -187.000305176 -328.235046387 1397.99902344 -386.256622314 -235.251663208 1712.91040039 37.3128967285 -536.502197266 1407.86254883 -386.25112915 -513.906066895 1712.91040039
0.0360770225525 8 -441.929962158 -163.830108643 1571.3046875 -173.763168335 152.583145142 1638.73718262 -234.124649048 -41.9263458252 1471.7442627 -383.29486084 43.5042495728 1718.03503418 -182.502883911 -332.106933594 1407.98779297 -383.295013428 -235.15045166 1718.03503418 43.8157958984 -537.220214844 1432.95153809 -383.289520264 -513.80480957 1718.03503418
0.0337908267975 8 -439.328308105 -163.659942627 1571.63708496 -172.367538452 153.359832764 1636.80834961 -232.776519775 -40.2794647217 1471.23181152 -381.206817627 43.7139434814 1718.55578613 -178.767089844 -335.03125 1420.97949219 -381.206970215 -234.940750122 1718.55578613 46.4580993652 -541.188720703 1456.94897461 -381.201477051 -513.595153809 1718.55578613
0.0319681167603 8 -437.555664062 -163.471878052 1573.88635254 -171.091796875 154.420944214 1639.38330078 -231.323776245 -39.1380615234 1473.96508789 -380.142028809 43.6019515991 1721.52905273 -172.401443481 -341.465148926 1434.01586914 -380.142181396 -235.052734375 1721.52905273 52.1084747314 -546.556274414 1482.94763184 -380.136688232 -513.70715332 1721.52905273
0.0462849140167 8 -436.709899902 -164.055038452 1575.57055664 -170.394363403 153.240142822 1640.63464355 -229.54460144 -40.932723999 1476.06896973 -379.705932617 43.9154510498 1722.11584473 -170.692077637 -345.74420166 1447.0111084 -379.706085205 -234.739242554 1722.11584473 52.2805023193 -550.877258301 1504.91760254 -379.700592041 -513.393615723 1722.11584473
0.0314249992371 8 -437.067993164 -165.281478882 1575.13989258 -169.382659912 149.751068115 1640.74707031 -226.809692383 -45.492401123 1478.15002441 -380.730102539 43.9180908203 1720.14367676 -167.826263428 -348.370025635 1457.99291992 -380.730255127 -234.736602783 1720.14367676 49.5766906738 -556.463134766 1527.14074707 -380.724761963 -513.390991211 1720.14367676
0.0281910896301 8 -436.141296387 -166.414886475 1574.90087891 -166.653991699 148.240142822 1638.80126953 -222.437698364 -50.7421112061 1480.5802002 -381.374572754 45.4845123291 1716.4798584 -165.408172607 -352.676391602 1469.4798584 -381.374725342 -233.170181274 1716.4798584 48.6015930176 -561.700561523 1544.4276123 -381.369232178 -511.824584961 1716.4798584
0.0342149734497 8 -436.142578125 -169.488052368 1575.94873047 -165.742492676 145.407653809 1637.34313965 -220.89781189 -56.2160797119 1482.18310547 -382.353027344 44.7038650513 1714.44384766 -162.214736938 -356.836975098 1478.73669434 -382.353179932 -233.950836182 1714.44384766 49.1142730713 -567.140625 1558.76611328 -382.347686768 -512.605224609 1714.44384766
0.0300979614258 8 -436.403442383 -170.359466553 1576.05773926 -163.383773804 142.416488647 1637.07641602 -216.99961853 -62.4903564453 1485.75512695 -383.302612305 46.3851318359 1710.70507812 -160.588912964 -359.901000977 1485.33117676 -383.302764893 -232.269561768 1710.70507812 46.7697143555 -573.240966797 1569.47924805 -383.297271729 -510.923950195 1710.70507812
0.0310969352722 8 -436.417297363 -170.820556641 1577.50805664 -161.375717163 139.914840698 1640.47741699 -214.828842163 -65.6619110107 1489.25756836 -382.764160156 46.0809173584 1711.75610352 -159.275131226 -363.456359863 1490.16259766 -382.764312744 -232.573776245 1711.75610352 46.1624755859 -579.556640625 1573.41064453 -382.75881958 -511.228149414 1711.75610352
0.0354781150818 8 -436.227600098 -170.709579468 1579.76062012 -159.087936401 138.26675415 1641.67822266 -213.570022583 -67.8253326416 1491.44421387 -380.940002441 46.2499465942 1713.29968262 -165.0234375 -357.705444336 1490.87536621 -380.940155029 -232.404754639 1713.29968262 32.3350067139 -579.932739258 1571.17175293 -380.934661865 -511.059143066 1713.29968262
0.0307869911194 8 -435.502258301 -171.802062988 1580.77441406 -157.233673096 136.31262207 1642.2890625 -212.468933105 -69.8903808594 1492.22253418 -378.934143066 44.6954956055 1714.56408691 -168.568939209 -354.068206787 1491.28967285 -378.934295654 -233.959197998 1714.56408691 24.4784851074 -579.559326172 1570.1817627 -378.92880249 -512.613586426 1714.56408691
0.031702041626 8 -435.45413208 -172.833007812 1580.83972168 -156.549377441 134.360687256 1648.60791016 -211.570083618 -70.174987793 1495.37512207 -379.975524902 42.2010192871 1717.40075684 -169.907394409 -353.209075928 1492.10559082 -379.97567749 -236.453674316 1717.40075684 21.6212005615 -580.163818359 1569.22094727 -379.970184326 -515.108032227 1717.40075684
0.0354199409485 8 -434.428894043 -172.004501343 1583.65673828 -154.067886353 135.332366943 1651.75646973 -211.410217285 -68.2286987305 1497.26599121 -377.70526123 41.437461853 1722.20129395 -170.782470703 -351.725708008 1491.51318359 -377.705413818 -237.217224121 1722.20129395 19.4847259521 -579.971984863 1567.29907227 -377.699920654 -515.871582031 1722.20129395
0.0308821201324 8 -434.817077637 -170.601531982 1585.41992188 -155.387908936 137.771957397 1656.84667969 -212.06942749 -65.5090026855 1499.90234375 -378.907196045 42.0871963501 1725.46020508 -170.92048645 -349.523895264 1490.4029541 -378.907348633 -236.567504883 1725.46020508 19.160369873 -578.568481445 1563.88671875 -378.901855469 -515.221923828 1725.46020508
0.0320918560028 8 -435.615783691 -167.904251099 1586.56445312 -156.894256592 138.94519043 1662.89111328 -212.107757568 -62.591003418 1503.33666992 -380.309661865 43.6586608887 1728.53442383 -165.45451355 -354.758300781 1490.2208252 -380.309814453 -234.996032715 1728.53442383 31.5898132324 -578.239135742 1563.92907715 -380.304321289 -513.650390625 1728.53442383
0.0354549884796 8 -435.080413818 -163.014465332 1588.18676758 -159.157409668 145.617218018 1670.41003418 -210.462112427 -56.6931610107 1509.43225098 -383.593994141 48.8095245361 1731.15222168 -163.710571289 -355.886474609 1488.12878418 -383.594146729 -229.845169067 1731.15222168 38.245010376 -574.488342285 1562.32910156 -383.588653564 -508.499572754 1731.15222168
0.0317249298096 8 -433.358306885 -160.966430664 1588.69433594 -162.82901001 151.098449707 1677.14208984 -210.357833862 -49.7962799072 1512.17944336 -385.749328613 49.4756317139 1734.94604492 -162.8646698 -355.424072266 1483.55541992 -385.749481201 -229.17906189 1734.94604492 42.7391357422 -572.013183594 1556.31445312 -385.743988037 -507.833435059 1734.94604492
0.0317761898041 8 -431.65512085 -156.755508423 1589.43725586 -167.367797852 159.105514526 1684.53051758 -209.471130371 -41.4397125244 1516.87280273 -389.575561523 53.3603363037 1737.79223633 -163.428482056 -353.713195801 1475.79455566 -389.575714111 -225.2943573 1737.79223633 44.8128356934 -569.911132812 1544.97912598 -389.570220947 -503.948730469 1737.79223633
0.0355169773102 8 -430.917419434 -150.992614746 1589.82446289 -173.209411621 167.377227783 1691.70202637 -210.323806763 -30.8209075928 1520.41821289 -392.837219238 56.9597930908 1742.22265625 -167.231567383 -346.335327148 1466.38452148 -392.837371826 -221.694900513 1742.22265625 40.8120117188 -564.901000977 1529.33642578 -392.831878662 -500.349304199 1742.22265625
0.0318470001221 8 -429.7421875 -145.722106934 1593.5534668 -179.263977051 177.431716919 1703.20202637 -214.695251465 -16.204574585 1524.10314941 -393.364074707 56.362197876 1753.80773926 -180.806411743 -325.291320801 1456.01904297 -393.364227295 -222.292495728 1753.80773926 18.3826599121 -553.637817383 1503.48522949 -393.358734131 -500.946899414 1753.80773926
0.0355820655823 8 -425.909057617 -141.908508301 1593.24902344 -186.344268799 186.138824463 1708.89819336 -218.177185059 -1.2740020752 1523.65039062 -392.242492676 54.2269439697 1761.09301758 -194.38053894 -305.829772949 1445.7286377 -392.242645264 -224.427749634 1761.09301758 -4.11848449707 -543.340515137 1476.9387207 -392.2371521 -503.08215332 1761.09301758
0.0319068431854 8 -422.612731934 -139.282699585 1594.92895508 -193.227020264 193.844177246 1719.21264648 -223.695526123 13.6345672607 1526.04736328 -391.224822998 49.3192214966 1771.39477539 -207.793762207 -289.043579102 1434.78369141 -391.224975586 -229.335479736 1771.39477539 -28.7850189209 -536.037841797 1447.56787109 -391.219482422 -507.989868164 1771.39477539
0.032555103302 8 -419.999725342 -136.15184021 1596.94604492 -203.780181885 202.654953003 1727.86901855 -230.374862671 28.4334259033 1528.84619141 -392.12713623 46.6464767456 1779.95166016 -221.921173096 -271.03302002 1424.12585449 -392.127288818 -232.008209229 1779.95166016 -55.6622314453 -526.676635742 1418.91223145 -392.121795654 -510.662597656 1779.95166016
0.0356819629669 8 -419.044830322 -132.223449707 1597.17651367 -213.493896484 209.243515015 1736.78735352 -236.121917725 41.233795166 1532.54260254 -395.933441162 45.515838623 1785.85632324 -237.296569824 -252.523132324 1415.12365723 -395.93359375 -233.13885498 1785.85632324 -86.3322906494 -516.047485352 1390.79309082 -395.928100586 -511.793243408 1785.85632324
0.0315959453583 8 -417.472900391 -125.970321655 1597.20874023 -223.534912109 218.273529053 1748.81298828 -238.696075439 54.3273239136 1540.01635742 -401.761444092 46.5754394531 1791.42553711 -252.986419678 -234.446105957 1408.17333984 -401.76159668 -232.07925415 1791.42553711 -120.722595215 -504.670410156 1362.95166016 -401.756103516 -510.733642578 1791.42553711
0.0319349765778 8 -414.56652832 -115.765701294 1598.91333008 -232.872161865 226.336517334 1758.60668945 -252.330657959 79.3785858154 1543.82507324 -392.863861084 42.4302520752 1803.70422363 -267.660461426 -214.633956909 1402.37438965 -392.864013672 -236.224441528 1803.70422363 -158.556152344 -490.378295898 1336.5826416 -392.858520508 -514.878845215 1803.70422363
0.0359120368958 8 -413.23046875 -110.768295288 1598.19641113 -243.411102295 233.004135132 1763.59326172 -262.103515625 93.9085693359 1545.01940918 -391.666931152 40.4379882812 1808.50866699 -281.87020874 -187.255096436 1403.09619141 -391.66708374 -238.216705322 1808.50866699 -193.851348877 -465.533111572 1318.67553711 -391.661590576 -516.87109375 1808.50866699
0.0320599079132 8 -410.190338135 -105.060119629 1596.52929688 -252.103988647 237.909698486 1770.55627441 -273.636688232 110.4659729 1547.42285156 -384.778717041 35.3628234863 1813.65917969 -295.021148682 -166.664916992 1403.39672852 -384.778869629 -243.291870117 1813.65917969 -230.341491699 -445.608459473 1301.88989258 -384.773376465 -521.946289062 1813.65917969
0.0319790840149 8 -406.587524414 -101.933197021 1595.20288086 -259.399139404 244.100784302 1774.54931641 -283.145019531 122.018730164 1548.23461914 -380.732299805 32.809677124 1816.05200195 -309.682342529 -150.208862305 1404.26037598 -380.732452393 -245.845016479 1816.05200195 -267.862731934 -425.534088135 1283.203125 -380.726959229 -524.499389648 1816.05200195
0.0359890460968 8 -404.304656982 -96.55443573 1588.76660156 -269.026550293 249.29800415 1780.06872559 -293.603729248 135.362731934 1549.38635254 -379.355682373 28.8625488281 1815.12731934 -330.916473389 -142.85269165 1396.11010742 -379.355834961 -249.792144775 1815.12731934 -299.994232178 -416.868469238 1266.32678223 -379.350341797 -528.446533203 1815.12731934
0.0321650505066 8 -400.286499023 -92.5243835449 1582.6081543 -277.040039062 252.792694092 1782.73730469 -308.662261963 148.329818726 1550.14282227 -369.1824646 22.4995880127 1813.39331055 -348.949981689 -167.181503296 1372.64489746 -369.182617188 -256.155090332 1813.39331055 -329.383880615 -439.330932617 1235.58276367 -369.177124023 -534.809448242 1813.39331055
0.0321338176727 8 -400.063446045 -88.5867614746 1585.47460938 -286.631713867 257.447814941 1792.67578125 -322.817077637 158.053985596 1557.9564209 -365.029663086 19.8595275879 1819.07263184 -368.267700195 -197.183502197 1350.36181641 -365.029815674 -258.795166016 1819.07263184 -350.020935059 -468.360992432 1209.96789551 -365.02432251 -537.449584961 1819.07263184
0.0362122058868 8 -401.150695801 -86.0573272705 1588.19897461 -296.122955322 262.601043701 1794.16540527 -338.014434814 164.706207275 1560.41430664 -359.831939697 21.1807250977 1821.50854492 -386.567474365 -215.136260986 1337.66918945 -359.832092285 -257.473968506 1821.50854492 -354.983612061 -483.097900391 1193.56970215 -359.826599121 -536.128356934 1821.50854492
0.031574010849 8 -404.270904541 -85.4492645264 1589.5925293 -307.087493896 265.257324219 1794.43029785 -355.543518066 168.605224609 1562.14526367 -355.146118164 20.9014892578 1821.85913086 -405.520629883 -185.513885498 1349.3026123 -355.146270752 -257.753204346 1821.85913086 -361.270141602 -451.714782715 1205.1652832 -355.140777588 -536.407592773 1821.85913086
0.0323169231415 8 -406.724853516 -84.0276565552 1594.65893555 -315.668457031 268.596832275 1799.09729004 -371.405487061 172.452270508 1568.76464844 -349.55581665 21.2697906494 1825.62255859 -415.812469482 -77.8396148682 1454.61376953 -349.555969238 -257.384887695 1825.62255859 -387.76260376 -326.063110352 1331.13623047 -349.550476074 -536.039306641 1825.62255859
0.0357549190521 8 -409.152130127 -84.2561035156 1598.59350586 -323.081359863 272.006500244 1800.92480469 -387.298095703 173.796081543 1573.17150879 -344.07208252 22.0306243896 1827.02868652 -433.972869873 -85.9498901367 1483.71801758 -344.072235107 -256.624084473 1827.02868652 -415.796691895 -339.203186035 1368.91040039 -344.066741943 -535.278442383 1827.02868652
0.0321021080017 8 -412.896087646 -84.9564819336 1600.39123535 -327.564575195 271.873077393 1801.90563965 -399.849395752 173.914154053 1576.04760742 -340.060638428 21.5087585449 1826.52636719 -444.072296143 -92.3207397461 1506.6809082 -340.060791016 -257.145935059 1826.52636719 -433.689483643 -349.896118164 1400.87194824 -340.055297852 -535.800292969 1826.52636719
0.0319769382477 8 -415.903625488 -85.5809936523 1599.40063477 -332.742889404 272.375396729 1798.89624023 -411.844024658 173.744903564 1576.10571289 -335.886505127 21.8563537598 1822.70239258 -451.425750732 -96.8285217285 1522.51721191 -335.886657715 -256.798339844 1822.70239258 -447.070983887 -358.072387695 1425.66101074 -335.881164551 -535.452758789 1822.70239258
0.0359098911285 8 -418.757781982 -87.1143798828 1598.82373047 -339.115142822 273.281188965 1796.3638916 -422.846191406 172.264404297 1575.25939941 -334.771728516 22.6999359131 1819.58752441 -457.069885254 -101.163452148 1533.85412598 -334.771881104 -255.95475769 1819.58752441 -457.278717041 -365.491363525 1445.65478516 -334.766387939 -534.609130859 1819.58752441
0.0323760509491 8 -419.307983398 -87.4278640747 1598.23620605 -344.123413086 274.169128418 1795.61169434 -431.046447754 171.927520752 1576.43383789 -331.946716309 23.2851867676 1817.30029297 -459.984130859 -103.359375 1544.36853027 -331.946868896 -255.369506836 1817.30029297 -463.563598633 -370.260742188 1464.37304688 -331.941375732 -534.023925781 1817.30029297
0.0320730209351 8 -421.151672363 -86.7907409668 1597.52685547 -347.391479492 275.067810059 1794.75952148 -437.766174316 172.461669922 1576.98962402 -330.059326172 24.5567626953 1814.81384277 -461.869354248 -104.028320312 1552.07446289 -330.05947876 -254.097930908 1814.81384277 -467.862487793 -373.06439209 1479.74121094 -330.053985596 -532.752319336 1814.81384277
0.0354399681091 8 -422.202270508 -86.1533126831 1597.73242188 -351.261383057 277.081695557 1794.33728027 -442.389160156 172.922210693 1577.44812012 -330.267150879 26.209487915 1814.20812988 -462.257232666 -104.343261719 1558.01708984 -330.267303467 -252.445205688 1814.20812988 -469.906982422 -375.141845703 1492.76342773 -330.261810303 -531.099609375 1814.20812988
0.0324440002441 8 -423.731445312 -83.4994888306 1598.35852051 -354.679138184 279.64541626 1794.62768555 -444.572143555 175.541534424 1577.76123047 -332.543457031 29.2569122314 1814.99584961 -460.828125 -102.222473145 1562.55151367 -332.543609619 -249.397781372 1814.99584961 -469.543670654 -374.47076416 1503.78637695 -332.538116455 -528.052185059 1814.99584961
0.0318939685822 8 -424.871643066 -83.5701370239 1596.17370605 -357.635650635 280.08883667 1790.75878906 -446.484558105 175.292739868 1573.99780273 -334.77520752 30.7016601562 1812.49194336 -459.713684082 -102.791244507 1562.05175781 -334.775360107 -247.953033447 1812.49194336 -469.040100098 -376.22845459 1509.19775391 -334.769866943 -526.607421875 1812.49194336
0.0358130931854 8 -424.924255371 -82.8776092529 1595.17675781 -362.036254883 282.169128418 1788.34277344 -446.820220947 175.799987793 1571.17407227 -337.523284912 32.8891296387 1811.80761719 -457.543457031 -102.489196777 1561.76269531 -337.5234375 -245.765563965 1811.80761719 -467.135681152 -376.899078369 1514.26904297 -337.517944336 -524.419921875 1811.80761719
0.0325570106506 8 -424.298217773 -81.0378723145 1594.6932373 -365.145965576 285.159790039 1787.13269043 -448.152313232 177.387268066 1569.81982422 -338.988616943 36.0329589844 1811.46044922 -456.818511963 -101.03338623 1562.38562012 -338.988769531 -242.621734619 1811.46044922 -466.419250488 -376.237518311 1519.7364502 -338.983276367 -521.276123047 1811.46044922
0.0317330360413 8 -423.159606934 -81.7057342529 1591.078125 -368.136962891 285.317077637 1783.0411377 -446.68963623 176.556884766 1564.39819336 -342.189086914 36.5714569092 1808.83813477 -453.67767334 -101.947937012 1558.51245117 -342.189239502 -242.083236694 1808.83813477 -463.099182129 -377.799591064 1520.23022461 -342.183746338 -520.737609863 1808.83813477
0.0361919403076 8 -421.678588867 -82.8955993652 1589.49865723 -367.748046875 287.648925781 1775.99072266 -443.735687256 174.947372437 1558.15930176 -343.844940186 38.6974945068 1806.54431152 -449.360900879 -103.611343384 1553.49060059 -343.845092773 -239.957199097 1806.54431152 -458.469970703 -379.99029541 1519.1373291 -343.839599609 -518.611572266 1806.54431152
0.0318961143494 8 -420.392944336 -83.2369003296 1586.09912109 -372.704284668 287.725646973 1772.47302246 -443.338897705 174.356964111 1553.35400391 -347.371185303 39.6037139893 1804.11621094 -447.861022949 -104.236358643 1549.64477539 -347.371337891 -239.050979614 1804.11621094 -456.566894531 -381.044189453 1518.82165527 -347.365844727 -517.705383301 1804.11621094
0.0315577983856 8 -421.016052246 -83.7264938354 1581.40075684 -373.048217773 290.355285645 1763.68823242 -442.443450928 173.542236328 1545.19226074 -349.023895264 41.5395050049 1798.38708496 -446.075012207 -105.073150635 1542.24157715 -349.024047852 -237.115188599 1798.38708496 -454.319519043 -382.229614258 1514.5871582 -349.018554688 -515.769592285 1798.38708496
0.0361111164093 8 -421.654174805 -82.7063446045 1578.13745117 -372.418945312 292.346069336 1758.30236816 -439.667266846 174.504760742 1539.70410156 -351.978607178 43.4218902588 1795.38427734 -442.581298828 -104.124786377 1537.35424805 -351.978759766 -235.232803345 1795.38427734 -450.331207275 -381.564422607 1512.54223633 -351.973266602 -513.887207031 1795.38427734
0.0320129394531 8 -420.792602539 -83.4676742554 1573.50048828 -372.293426514 292.75994873 1751.62878418 -436.695037842 173.60635376 1533.2355957 -354.496917725 43.592300415 1791.26635742 -439.031951904 -105.032226562 1531.36254883 -354.497070312 -235.062393188 1791.26635742 -446.272766113 -382.701751709 1509.09912109 -354.491577148 -513.716796875 1791.26635742
0.0321309566498 8 -419.782836914 -82.3114624023 1572.91625977 -376.168457031 296.921447754 1748.30297852 -435.822937012 174.294464111 1529.890625 -358.123779297 47.0461730957 1790.67749023 -437.696044922 -104.349914551 1528.39660645 -358.123931885 -231.608520508 1790.67749023 -444.427215576 -382.2059021 1508.41784668 -358.118438721 -510.262908936 1790.67749023
0.0356750488281 8 -418.943267822 -81.1139831543 1568.29345703 -379.270446777 298.446777344 1743.1060791 -437.365722656 175.271881104 1524.79248047 -358.322570801 49.1923828125 1785.80419922 -438.866485596 -103.376159668 1523.60009766 -358.322723389 -229.462310791 1785.80419922 -445.09753418 -381.383514404 1505.66906738 -358.317230225 -508.116699219 1785.80419922
