0.0374009609222 8 -511.70892334 -98.2788925171 1497.60632324 -442.272521973 255.925750732 1688.42504883 -520.945617676 153.371353149 1468.75891113 -436.042816162 4.13031005859 1716.76940918 -550.279052734 -55.104675293 1331.47375488 -436.043518066 -264.187774658 1716.76940918 -298.681152344 -127.369262695 1359.19128418 -436.038238525 -532.505493164 1716.76940918
0.0324931144714 8 -513.056152344 -98.5375671387 1497.30004883 -441.947174072 255.226593018 1689.01196289 -518.728149414 153.272583008 1468.99609375 -439.143463135 2.37811279297 1717.7421875 -548.76940918 -53.1389923096 1333.3182373 -439.144165039 -265.939971924 1717.7421875 -298.400054932 -132.331054688 1359.43762207 -439.138885498 -534.25769043 1717.7421875
0.0352158546448 8 -513.774658203 -97.5000915527 1497.54125977 -442.718475342 255.82170105 1689.84448242 -520.213378906 154.332962036 1469.53271484 -438.596282959 3.35957336426 1717.59008789 -546.039672852 -52.1698608398 1335.76159668 -438.596984863 -264.958496094 1717.59008789 -297.432434082 -136.188201904 1359.25671387 -438.591705322 -533.276245117 1717.59008789
0.0305321216583 8 -512.003234863 -98.1222229004 1498.34338379 -442.173461914 255.893722534 1690.25708008 -520.155883789 153.620239258 1469.9564209 -437.525543213 3.58419799805 1718.24230957 -543.176757812 -50.687210083 1337.9822998 -437.526245117 -264.733886719 1718.24230957 -296.523376465 -140.271484375 1359.21228027 -437.520965576 -533.051635742 1718.24230957
0.031553030014 8 -510.658935547 -99.5289306641 1498.61206055 -441.436462402 255.713287354 1689.96154785 -520.053710938 152.133911133 1469.8894043 -435.051391602 2.83595275879 1717.82080078 -552.702026367 -48.0441894531 1339.91186523 -435.052093506 -265.482116699 1717.82080078 -307.332641602 -148.469085693 1353.56408691 -435.046813965 -533.799865723 1717.82080078
0.035434961319 8 -510.73236084 -100.051254272 1498.99304199 -441.322235107 255.456115723 1689.81616211 -521.205932617 151.570251465 1470.27160645 -433.805664062 2.63638305664 1717.59240723 -551.501220703 -49.6274871826 1339.05944824 -433.806365967 -265.68170166 1717.59240723 -306.459960938 -150.060134888 1353.68457031 -433.801086426 -533.999450684 1717.59240723
0.0319259166718 8 -511.673797607 -97.7660064697 1498.35888672 -441.899505615 256.039703369 1690.24804688 -522.52142334 153.995498657 1471.04406738 -433.743286133 3.79560852051 1717.12780762 -549.403442383 -52.4127349854 1338.13867188 -433.743988037 -264.522460938 1717.12780762 -304.130401611 -150.611755371 1354.5135498 -433.738708496 -532.840209961 1717.12780762
0.0314810276031 8 -511.664978027 -98.1907348633 1497.58129883 -440.283935547 256.054016113 1686.93847656 -522.495239258 153.497253418 1469.58117676 -432.320556641 3.97538757324 1715.56018066 -547.344360352 -51.8126831055 1339.16809082 -432.321258545 -264.342712402 1715.56018066 -302.763214111 -150.716781616 1355.36022949 -432.315979004 -532.660461426 1715.56018066
0.0351810455322 8 -510.937072754 -99.4024658203 1498.44641113 -441.21762085 256.10760498 1688.29577637 -521.900939941 152.218734741 1469.90112305 -433.1612854 3.27809143066 1716.74902344 -550.207336426 -51.6794433594 1339.67504883 -433.161987305 -265.039978027 1716.74902344 -306.944396973 -158.982192993 1351.97045898 -433.156707764 -533.357727051 1716.74902344
0.0321509838104 8 -511.436340332 -99.4113769531 1499.23120117 -439.968139648 255.913345337 1685.48339844 -521.162353516 151.96661377 1468.26159668 -432.723297119 4.98126220703 1716.37438965 -548.74029541 -52.4460601807 1339.4432373 -432.723999023 -263.33682251 1716.37438965 -304.726257324 -154.384277344 1354.16308594 -432.718719482 -531.654541016 1716.37438965
0.03165102005 8 -511.710968018 -98.7244949341 1498.49401855 -440.513763428 256.992492676 1684.57788086 -522.56463623 152.614624023 1467.56469727 -432.524291992 5.98686218262 1715.31396484 -549.037414551 -52.3337860107 1338.8347168 -432.524993896 -262.331237793 1715.31396484 -304.12210083 -149.268096924 1355.72558594 -432.519714355 -530.648986816 1715.31396484
0.0358059406281 8 -512.331176758 -96.1461486816 1498.56884766 -439.899871826 258.320007324 1684.08972168 -520.322998047 155.29196167 1467.62133789 -433.49206543 7.68435668945 1715.93139648 -549.656982422 -52.2672119141 1339.01696777 -433.492767334 -260.633728027 1715.93139648 -304.113708496 -146.538208008 1356.3223877 -433.487487793 -528.951477051 1715.93139648
0.031613111496 8 -511.153442383 -95.435546875 1498.15490723 -439.174621582 258.852844238 1683.3605957 -519.096862793 156.040893555 1467.46936035 -432.910186768 8.13441467285 1715.86218262 -548.973022461 -50.2410736084 1340.12634277 -432.910888672 -260.183654785 1715.86218262 -303.134399414 -143.626495361 1357.79626465 -432.905609131 -528.501403809 1715.86218262
0.0313708782196 8 -510.832214355 -94.490737915 1498.70727539 -439.878356934 259.744995117 1683.51293945 -520.954345703 156.891662598 1467.9152832 -431.963256836 9.85704040527 1715.81347656 -548.140869141 -49.2292938232 1340.67028809 -431.96395874 -258.46105957 1715.81347656 -301.939697266 -141.502105713 1358.4967041 -431.958679199 -526.778808594 1715.81347656
0.0354030132294 8 -510.714233398 -94.1923065186 1498.34423828 -440.200683594 259.88470459 1683.07250977 -520.921325684 157.139343262 1467.14465332 -432.250183105 10.5933227539 1715.38952637 -548.716247559 -47.7315368652 1340.91137695 -432.25088501 -257.724761963 1715.38952637 -302.380249023 -138.516143799 1358.93994141 -432.245605469 -526.042480469 1715.38952637
0.0317089557648 8 -510.624603271 -94.2729492188 1498.16967773 -440.464752197 259.2265625 1682.87841797 -521.696655273 157.044250488 1467.14428711 -432.112213135 10.6077880859 1715.15234375 -549.047607422 -45.9785919189 1341.57727051 -432.112915039 -257.710296631 1715.15234375 -300.90625 -133.510162354 1359.48498535 -432.107635498 -526.028076172 1715.15234375
0.0370509624481 8 -509.809509277 -95.0481719971 1498.34362793 -440.742858887 259.179443359 1682.75231934 -518.941833496 156.246200562 1466.54040527 -433.813873291 9.91508483887 1716.17663574 -547.659301758 -44.5994415283 1342.38647461 -433.814575195 -258.403015137 1716.17663574 -299.785186768 -130.752166748 1359.46765137 -433.809295654 -526.72076416 1716.17663574
0.0355570316315 8 -509.391906738 -93.884979248 1498.41296387 -441.710662842 259.203613281 1686.21520996 -519.630432129 157.621826172 1468.7244873 -433.753479004 9.54566955566 1717.09753418 -550.771240234 -47.6448059082 1340.0411377 -433.754180908 -258.772399902 1717.09753418 -300.454162598 -134.838241577 1357.54931641 -433.748901367 -527.090148926 1717.09753418
0.0314860343933 8 -509.15802002 -93.5777130127 1497.20117188 -441.637695312 259.626159668 1684.90429688 -515.933044434 157.940933228 1466.70605469 -436.901947021 9.5931854248 1717.13842773 -549.518737793 -48.9223632812 1338.60058594 -436.902648926 -258.724914551 1717.13842773 -298.546600342 -128.284301758 1360.08178711 -436.897369385 -527.042663574 1717.13842773
0.0316081047058 8 -507.336181641 -92.7442016602 1495.90673828 -442.684631348 259.890869141 1687.26342773 -513.555236816 159.008346558 1467.24487305 -438.426452637 8.68147277832 1717.72631836 -547.36920166 -49.0620422363 1336.88513184 -438.427154541 -259.63659668 1717.72631836 -295.309326172 -119.51688385 1362.0546875 -438.421875 -527.954345703 1717.72631836
0.0357558727264 8 -504.557189941 -94.1257629395 1497.78173828 -443.165588379 258.519287109 1688.91015625 -506.34487915 157.501663208 1467.58728027 -443.335754395 7.74629211426 1721.62414551 -544.313659668 -46.6242370605 1336.98852539 -443.336456299 -260.571777344 1721.62414551 -291.236572266 -113.514595032 1364.78527832 -443.331176758 -528.889526367 1721.62414551
0.0313251018524 8 -502.254974365 -94.0601043701 1498.26135254 -444.558441162 257.692871094 1692.74597168 -499.809875488 157.557525635 1468.06604004 -448.92477417 7.16555786133 1724.39978027 -540.749267578 -46.9062347412 1333.03234863 -448.925476074 -261.152526855 1724.39978027 -286.532470703 -102.460083008 1367.00500488 -448.920196533 -529.470275879 1724.39978027
0.0315399169922 8 -499.76751709 -94.0076141357 1496.47314453 -445.319458008 256.75 1695.19921875 -495.883972168 157.80305481 1468.0020752 -451.399139404 5.52854919434 1724.48083496 -537.449523926 -47.0513153076 1328.58081055 -451.399841309 -262.789550781 1724.48083496 -282.406188965 -90.9818725586 1368.12646484 -451.394561768 -531.107299805 1724.48083496
0.0352389812469 8 -499.608703613 -94.380531311 1496.7277832 -446.18862915 256.249481201 1696.40039062 -499.549468994 157.664672852 1470.20825195 -448.871246338 4.01481628418 1724.70654297 -528.843688965 -47.6100769043 1324.3515625 -448.871948242 -264.303283691 1724.70654297 -273.518554688 -79.6662139893 1370.03076172 -448.866668701 -532.621032715 1724.70654297
0.0313799381256 8 -496.938110352 -100.097824097 1503.85083008 -447.872344971 255.032852173 1700.01391602 -493.88961792 151.250640869 1471.74194336 -454.037109375 3.08645629883 1731.29077148 -519.598937988 -48.3876037598 1319.24694824 -454.037811279 -265.231628418 1731.29077148 -264.682373047 -66.2541427612 1371.02246094 -454.032531738 -533.549377441 1731.29077148
0.0358221530914 8 -494.029632568 -107.946029663 1513.21850586 -450.909759521 252.708251953 1701.85510254 -494.62298584 142.441970825 1474.41918945 -451.649291992 1.79960632324 1737.62841797 -502.872619629 -55.2742767334 1306.73083496 -451.649993896 -266.518493652 1737.62841797 -252.289825439 -51.2737503052 1375.23059082 -451.644714355 -534.836242676 1737.62841797
0.0320818424225 8 -493.676422119 -112.848510742 1520.38879395 -453.055755615 250.643554688 1702.25097656 -492.214111328 136.570922852 1475.78259277 -454.981781006 1.89233398438 1742.9630127 -479.062896729 -65.2427062988 1291.98071289 -454.98248291 -266.425750732 1742.9630127 -237.587661743 -34.0132522583 1381.8692627 -454.977203369 -534.743530273 1742.9630127
0.0314130783081 8 -492.62612915 -114.221115112 1526.30151367 -454.253204346 251.508239746 1704.45507812 -489.107757568 134.52947998 1478.0904541 -457.095123291 3.58218383789 1747.82702637 -451.131347656 -75.749786377 1278.61047363 -457.095825195 -264.735900879 1747.82702637 -224.090911865 -18.475605011 1388.98547363 -457.090545654 -533.053649902 1747.82702637
0.042228937149 8 -492.254669189 -114.694465637 1528.12353516 -454.499450684 250.826904297 1705.05578613 -485.658996582 133.704437256 1478.35791016 -461.434143066 4.37699890137 1749.69580078 -428.647979736 -78.0097961426 1270.91394043 -461.434844971 -263.941101074 1749.69580078 -212.549880981 -3.00280761719 1395.08825684 -461.42956543 -532.258850098 1749.69580078
0.0312352180481 8 -492.186065674 -116.901931763 1529.95410156 -455.882080078 248.830749512 1703.84985352 -482.800415039 130.842071533 1477.4276123 -466.089416504 4.63697814941 1750.79699707 -406.415710449 -75.1417388916 1268.07592773 -466.090118408 -263.681091309 1750.79699707 -199.241546631 11.4903869629 1403.6270752 -466.084838867 -531.998840332 1750.79699707
0.0314037799835 8 -493.295654297 -117.418655396 1533.89624023 -457.190338135 249.672439575 1705.23608398 -479.849090576 129.545394897 1478.68017578 -472.127349854 6.57521057129 1753.89257812 -385.799407959 -70.7051239014 1267.15124512 -472.128051758 -261.742858887 1753.89257812 -184.101898193 22.0791168213 1409.39160156 -472.122772217 -530.06060791 1753.89257812
0.0350141525269 8 -494.142211914 -116.351623535 1535.52856445 -460.090820312 249.791091919 1709.46496582 -480.246063232 130.87953186 1481.54748535 -474.97555542 6.61192321777 1756.3067627 -364.949645996 -62.4975891113 1269.20996094 -474.976257324 -261.706176758 1756.3067627 -169.438781738 34.7348403931 1419.23999023 -474.970977783 -530.023925781 1756.3067627
0.031956911087 8 -494.29675293 -113.104660034 1537.55090332 -462.665161133 250.172805786 1715.08007812 -480.55380249 134.66293335 1486.02514648 -476.197723389 7.70910644531 1759.60742188 -349.528137207 -54.3832397461 1271.73364258 -476.198425293 -260.608978271 1759.60742188 -155.977340698 45.3934860229 1425.06494141 -476.193145752 -528.926757812 1759.60742188
0.031240940094 8 -493.746582031 -110.116897583 1539.70532227 -464.793151855 250.48236084 1721.38452148 -480.240203857 138.296554565 1491.33422852 -477.71182251 7.99046325684 1763.36816406 -333.302520752 -43.818069458 1275.98193359 -477.712524414 -260.327636719 1763.36816406 -141.976043701 56.5619735718 1433.38647461 -477.707244873 -528.645385742 1763.36816406
0.0355319976807 8 -491.725158691 -111.18296814 1538.60266113 -466.228759766 248.85887146 1721.03637695 -479.96585083 137.280181885 1490.00061035 -478.361968994 7.34234619141 1762.22668457 -318.2003479 -33.0485229492 1281.11425781 -478.362670898 -260.975738525 1762.22668457 -127.489242554 66.8307342529 1441.10192871 -478.357391357 -529.293457031 1762.22668457
0.0313181877136 8 -490.131164551 -111.165588379 1542.71057129 -466.845062256 250.014907837 1724.83691406 -474.139556885 137.267486572 1495.24462891 -483.12588501 6.71069335938 1766.95141602 -304.612518311 -24.1534576416 1285.63549805 -483.126586914 -261.607391357 1766.95141602 -114.759185791 76.8236160278 1448.1060791 -483.121307373 -529.925170898 1766.95141602
0.0313289165497 8 -490.457580566 -107.471542358 1539.70727539 -467.463562012 249.596603394 1726.25610352 -476.423919678 141.464080811 1494.2779541 -482.100250244 8.46166992188 1764.91711426 -291.861114502 -15.7035827637 1289.92224121 -482.100952148 -259.856414795 1764.91711426 -104.347106934 87.3133010864 1456.48791504 -482.095672607 -528.174194336 1764.91711426
0.0357608795166 8 -489.151611328 -110.528991699 1541.29772949 -467.427642822 249.826858521 1723.84130859 -465.82333374 137.406280518 1494.67102051 -491.160675049 7.60328674316 1765.42053223 -279.487060547 -5.93087768555 1294.93725586 -491.161376953 -260.714782715 1765.42053223 -88.6864929199 93.805847168 1464.20300293 -491.156097412 -529.032531738 1765.42053223
0.0321202278137 8 -489.182983398 -111.051513672 1543.65136719 -467.418884277 251.005218506 1726.21313477 -459.517791748 136.269042969 1497.31518555 -497.722503662 7.82551574707 1767.23583984 -266.765838623 0.920135498047 1299.02270508 -497.723205566 -260.492553711 1767.23583984 -76.9794311523 101.626373291 1472.2947998 -497.717926025 -528.810302734 1767.23583984
0.0311908721924 8 -488.45703125 -111.085952759 1544.50109863 -468.707550049 251.221313477 1727.43066406 -454.788757324 135.911651611 1499.03686523 -503.140808105 8.01344299316 1767.67871094 -258.888366699 5.32641601562 1302.59362793 -503.14151001 -260.304626465 1767.67871094 -69.0559997559 106.013908386 1479.34716797 -503.136230469 -528.622375488 1767.67871094
0.0357539653778 8 -493.451171875 -108.338577271 1540.81872559 -468.89453125 252.053009033 1726.67907715 -434.180267334 134.485992432 1503.69458008 -528.544921875 12.1722412109 1760.13769531 -251.990783691 11.5449905396 1304.55749512 -528.545654297 -256.145843506 1760.13769531 -58.8170318604 104.738754272 1484.27575684 -528.540344238 -524.463623047 1760.13769531
0.0376789569855 8 -495.563964844 -108.047195435 1539.70800781 -469.727874756 251.876327515 1726.9152832 -422.673400879 131.766693115 1506.27868652 -543.279296875 15.6553344727 1755.02722168 -245.937362671 16.2820129395 1307.59387207 -543.280029297 -252.662750244 1755.02722168 -51.6894378662 100.215141296 1493.04919434 -543.274719238 -520.98046875 1755.02722168
0.0320281982422 8 -495.82409668 -108.131248474 1538.42285156 -470.343719482 252.196044922 1727.27624512 -417.613342285 130.604751587 1507.43371582 -549.246887207 16.2275085449 1752.32287598 -237.959320068 21.5234680176 1311.85705566 -549.247619629 -252.090576172 1752.32287598 -45.159942627 94.4143371582 1506.94970703 -549.24230957 -520.408325195 1752.32287598
0.0351259708405 8 -495.520507812 -107.618408203 1538.03369141 -471.419464111 252.823776245 1727.49523926 -416.093078613 130.919891357 1507.29541016 -551.718078613 17.4056091309 1751.0246582 -227.986114502 28.6177520752 1316.03759766 -551.718811035 -250.912475586 1751.0246582 -35.00340271 96.3695373535 1518.94116211 -551.713500977 -519.230224609 1751.0246582
0.0313990116119 8 -494.968780518 -106.345840454 1538.24865723 -472.035827637 253.202178955 1727.61010742 -415.22567749 132.222808838 1507.88928223 -552.917663574 18.7726745605 1750.81188965 -227.499923706 32.4560546875 1313.34838867 -552.918395996 -249.545410156 1750.81188965 -35.6493682861 101.132629395 1520.17578125 -552.913085938 -517.86315918 1750.81188965
0.0308809280396 8 -495.039672852 -106.580688477 1536.73632812 -472.469451904 252.259963989 1727.65441895 -412.493164062 131.282119751 1508.13391113 -555.717285156 18.8050079346 1748.41442871 -229.146713257 35.9814758301 1309.96154785 -555.718017578 -249.513076782 1748.41442871 -37.261428833 105.096549988 1518.2121582 -555.71270752 -517.830810547 1748.41442871
0.0359780788422 8 -492.910095215 -106.600128174 1537.17724609 -472.42376709 252.035232544 1728.18273926 -412.167785645 131.864486694 1508.2409668 -552.878723145 18.0954437256 1749.49072266 -231.965774536 42.1559295654 1306.59118652 -552.879455566 -250.222640991 1749.49072266 -40.6145019531 107.400749207 1517.31860352 -552.874145508 -518.540405273 1749.49072266
0.0315248966217 8 -491.002380371 -105.923721313 1537.30444336 -472.008300781 253.215011597 1728.43200684 -413.96282959 133.641098022 1507.38842773 -548.926452637 17.6318817139 1750.84692383 -234.435180664 48.8343734741 1304.45703125 -548.927185059 -250.686203003 1750.84692383 -43.9014587402 109.733230591 1517.57446289 -548.921875 -519.003967285 1750.84692383
0.030946969986 8 -489.348266602 -105.937973022 1536.15844727 -472.781982422 253.012496948 1725.55480957 -416.108825684 134.501251221 1503.8581543 -546.314575195 18.0626220703 1749.69360352 -235.832138062 53.5111160278 1303.64770508 -546.315307617 -250.255462646 1749.69360352 -44.2966766357 115.301361084 1515.84082031 -546.309997559 -518.573242188 1749.69360352
0.0357649326324 8 -487.573974609 -110.061958313 1534.49108887 -471.34463501 251.517822266 1719.11633301 -416.973022461 130.542297363 1497.89257812 -542.848266602 16.3827362061 1747.02587891 -235.289001465 57.354057312 1303.90966797 -542.848999023 -251.935348511 1747.02587891 -45.1889343262 124.288856506 1515.88842773 -542.843688965 -520.253112793 1747.02587891
0.0316970348358 8 -487.065368652 -112.046508789 1534.87548828 -471.916931152 251.569549561 1715.90393066 -418.186950684 128.641494751 1495.57006836 -541.868225098 16.0670318604 1746.54418945 -235.513275146 61.2142028809 1306.47644043 -541.86895752 -252.251052856 1746.54418945 -43.5339355469 135.101623535 1514.34545898 -541.863647461 -520.568786621 1746.54418945
0.0319221019745 8 -487.138183594 -111.891479492 1534.99560547 -473.308685303 253.16784668 1715.29858398 -419.752838135 129.015533447 1494.39099121 -541.912658691 16.8382263184 1746.31140137 -236.094268799 64.5690612793 1309.54760742 -541.913391113 -251.479858398 1746.31140137 -43.4452209473 145.027893066 1514.3380127 -541.908081055 -519.797607422 1746.31140137
0.0354459285736 8 -487.824707031 -111.152770996 1534.7565918 -474.162597656 254.450485229 1714.4942627 -420.909332275 129.810852051 1493.65808105 -542.061035156 17.7394714355 1746.12268066 -237.172485352 68.1719818115 1313.13342285 -542.061767578 -250.578613281 1746.12268066 -42.2615203857 151.171508789 1514.82580566 -542.05645752 -518.896362305 1746.12268066
0.0316460132599 8 -489.148498535 -109.796340942 1534.55773926 -476.405670166 255.473556519 1714.60656738 -423.560211182 131.654144287 1494.17053223 -543.083068848 17.9366607666 1746.70593262 -237.94859314 70.186050415 1317.36169434 -543.08380127 -250.38142395 1746.70593262 -41.7335662842 158.497558594 1515.48962402 -543.078491211 -518.699157715 1746.70593262
0.0322909355164 8 -488.660888672 -111.098419189 1534.9519043 -476.458374023 255.566497803 1709.64758301 -424.872680664 130.212890625 1491.07629395 -541.366943359 18.8604125977 1746.03991699 -237.850448608 71.7633590698 1320.49597168 -541.367675781 -249.457672119 1746.03991699 -40.6379547119 162.116348267 1516.78405762 -541.362365723 -517.775390625 1746.03991699
0.0356011390686 8 -489.561706543 -111.175315857 1534.80847168 -477.67767334 254.98638916 1711.18493652 -424.87991333 130.122741699 1492.14538574 -543.375854492 18.2239227295 1745.96887207 -227.903961182 77.7222137451 1326.88635254 -543.376586914 -250.094161987 1745.96887207 -27.0054168701 151.340545654 1526.25109863 -543.371276855 -518.41192627 1745.96887207
0.0317678451538 8 -490.441589355 -110.413711548 1535.73657227 -479.588531494 254.959762573 1712.45349121 -426.610290527 131.167205811 1493.36743164 -544.664367676 18.4976959229 1747.09619141 -221.983825684 81.7135009766 1331.07507324 -544.665100098 -249.820388794 1747.09619141 -17.513458252 143.337982178 1533.3762207 -544.659790039 -518.138122559 1747.09619141
0.0373480319977 8 -492.057067871 -108.801383972 1535.62744141 -481.556640625 255.645080566 1716.57617188 -426.098632812 132.739456177 1496.48144531 -549.038696289 18.5945739746 1747.16577148 -220.45425415 82.210723877 1333.15527344 -549.039428711 -249.723510742 1747.16577148 -11.4915618896 137.692901611 1535.01306152 -549.034118652 -518.041259766 1747.16577148
0.0356240272522 8 -492.350219727 -108.445663452 1535.57751465 -482.86026001 256.088989258 1715.12585449 -426.857147217 133.110015869 1495.6986084 -549.352539062 19.4686889648 1746.80651855 -217.250442505 82.9505310059 1334.67382812 -549.353271484 -248.849395752 1746.80651855 -6.01263427734 132.889404297 1537.65368652 -549.347961426 -517.167114258 1746.80651855
0.0308871269226 8 -492.255126953 -108.956665039 1535.11950684 -482.828277588 255.589736938 1713.91418457 -428.053863525 132.845581055 1494.62487793 -548.434936523 18.8757324219 1746.62097168 -215.62789917 82.8201599121 1334.95568848 -548.435668945 -249.442352295 1746.62097168 -3.08753967285 127.848495483 1538.55847168 -548.430358887 -517.760131836 1746.62097168
0.031229019165 8 -492.030792236 -109.856246948 1534.8581543 -483.292510986 254.763900757 1713.30737305 -429.188659668 132.192749023 1493.70703125 -547.23425293 17.896697998 1746.6652832 -214.814544678 81.7541351318 1334.59753418 -547.234985352 -250.421386719 1746.6652832 -0.147186279297 126.478927612 1536.25390625 -547.229675293 -518.739135742 1746.6652832
0.0355679988861 8 -492.094696045 -109.454788208 1536.25292969 -483.685028076 255.498596191 1712.98168945 -433.119110107 133.088806152 1492.49389648 -543.533081055 18.6719055176 1748.75756836 -216.379135132 80.7273178101 1332.40844727 -543.533813477 -249.646179199 1748.75756836 0.435180664062 123.204116821 1531.78149414 -543.528503418 -517.963928223 1748.75756836
0.0319328308105 8 -493.23828125 -107.541870117 1530.88964844 -482.464080811 255.529769897 1708.49084473 -448.793395996 137.072357178 1482.94604492 -529.543029785 18.5897521973 1747.41455078 -218.578964233 79.8528594971 1327.98596191 -529.543762207 -249.72833252 1747.41455078 0.661224365234 119.763839722 1525.26257324 -529.538452148 -518.046081543 1747.41455078
0.0356421470642 8 -493.768829346 -105.077880859 1529.91540527 -483.372375488 256.156341553 1710.43286133 -459.366912842 140.962463379 1480.92370605 -520.303283691 18.8857421875 1749.11535645 -221.277572632 78.3415374756 1324.95593262 -520.304016113 -249.432342529 1749.11535645 -0.718826293945 116.384506226 1519.44763184 -520.298706055 -517.75012207 1749.11535645
0.0313708782196 8 -492.007995605 -105.000839233 1527.75512695 -482.735931396 255.869644165 1707.48815918 -464.809936523 141.679412842 1477.18566895 -512.911010742 18.6698608398 1747.7935791 -222.116409302 76.5490493774 1321.53625488 -512.911743164 -249.648223877 1747.7935791 0.0458831787109 112.644271851 1515.43151855 -512.906433105 -517.965942383 1747.7935791
0.0316650867462 8 -493.012969971 -106.343765259 1529.52038574 -483.013275146 257.235900879 1709.39819336 -443.938781738 137.797317505 1485.78820801 -533.842041016 18.4205474854 1745.60534668 -223.725753784 74.4753875732 1317.20507812 -533.842773438 -249.897537231 1745.60534668 -0.315994262695 110.361587524 1509.82519531 -533.837463379 -518.215270996 1745.60534668
0.0355930328369 8 -493.040679932 -104.842895508 1527.74645996 -482.721801758 257.466766357 1707.25427246 -457.560028076 140.927978516 1479.6550293 -521.220581055 19.15625 1746.390625 -226.21812439 71.2142105103 1313.95617676 -521.221313477 -249.161834717 1746.390625 -0.721969604492 109.075378418 1504.28210449 -521.216003418 -517.479614258 1746.390625
0.046532869339 8 -490.833709717 -106.576690674 1533.65454102 -483.247924805 258.41607666 1709.96728516 -457.363525391 139.316375732 1483.50769043 -519.410949707 18.472366333 1751.93103027 -231.110748291 67.9489059448 1312.10131836 -519.411682129 -249.845718384 1751.93103027 -0.455627441406 108.501235962 1494.9666748 -519.40637207 -518.163452148 1751.93103027
0.0248100757599 8 -493.917480469 -102.817657471 1531.02563477 -483.890380859 258.824279785 1711.21984863 -468.438049316 144.193740845 1481.33874512 -513.492431641 19.8112335205 1751.73303223 -235.078796387 63.8641357422 1309.55529785 -513.493164062 -248.506851196 1751.73303223 -1.7806854248 106.965637207 1485.29406738 -513.487854004 -516.824584961 1751.73303223
0.036838054657 8 -494.346588135 -104.639022827 1530.98413086 -483.86239624 259.821624756 1711.95654297 -449.932189941 140.339782715 1486.24633789 -530.212768555 18.9549255371 1748.76171875 -245.7396698 60.4461517334 1307.76818848 -530.213500977 -249.36315918 1748.76171875 -5.71839904785 109.188865662 1470.37353516 -530.208190918 -517.680908203 1748.76171875
0.0382509231567 8 -495.212219238 -103.84312439 1527.91394043 -482.304718018 259.110412598 1708.01379395 -464.350524902 142.45880127 1479.02185059 -516.174926758 19.3536682129 1747.89318848 -242.232192993 58.1900482178 1302.70861816 -516.17565918 -248.964416504 1747.89318848 -3.79774475098 98.757598877 1468.33325195 -516.170349121 -517.282165527 1747.89318848
0.028883934021 8 -496.379608154 -102.755645752 1524.97888184 -481.478240967 258.230133057 1706.28796387 -471.508178711 144.307357788 1475.56176758 -510.082672119 19.2420806885 1746.40551758 -243.620513916 55.4604721069 1296.90649414 -510.083374023 -249.076004028 1746.40551758 -2.76931762695 91.7775878906 1462.60461426 -510.078094482 -517.393737793 1746.40551758
0.0315270423889 8 -496.30065918 -101.719955444 1523.34375 -479.880859375 257.3125 1705.96911621 -474.495666504 145.795471191 1474.13818359 -505.671325684 19.2636413574 1745.68554688 -246.834014893 53.0795288086 1291.54858398 -505.672027588 -249.054443359 1745.68554688 0.691619873047 87.1208648682 1450.37646484 -505.666748047 -517.372192383 1745.68554688
0.031357049942 8 -496.854949951 -100.078125 1522.5748291 -479.860107422 257.596191406 1705.81652832 -477.6328125 147.773117065 1473.66870117 -503.15625 20.1270294189 1745.51586914 -250.443969727 48.388092041 1286.87548828 -503.156951904 -248.191055298 1745.51586914 2.50476074219 82.5349121094 1438.03955078 -503.151672363 -516.508789062 1745.51586914
0.0313038825989 8 -495.377563477 -100.242897034 1519.72851562 -478.260650635 256.85559082 1702.2467041 -477.542633057 147.672714233 1470.44445801 -500.433624268 20.074005127 1742.68054199 -251.752380371 46.0369491577 1281.5489502 -500.434326172 -248.24407959 1742.68054199 5.64981079102 73.718536377 1428.09362793 -500.429046631 -516.561828613 1742.68054199
0.0353591442108 8 -495.176483154 -98.6296234131 1519.05395508 -478.219604492 257.822509766 1703.47509766 -477.707977295 149.568649292 1470.98583984 -499.834503174 20.4831695557 1742.68017578 -255.403808594 43.8680953979 1276.39477539 -499.835205078 -247.834915161 1742.68017578 5.23651123047 68.1145858765 1416.63598633 -499.829925537 -516.152648926 1742.68017578
0.0308449268341 8 -493.787963867 -98.9563980103 1517.01635742 -477.146697998 257.463470459 1700.57006836 -478.980957031 149.415893555 1468.93737793 -495.977111816 19.9220123291 1740.80847168 -259.228149414 42.7826309204 1271.79772949 -495.977813721 -248.396072388 1740.80847168 5.33627319336 63.6066818237 1404.86279297 -495.97253418 -516.713806152 1740.80847168
0.042829990387 8 -494.104003906 -98.7746276855 1517.4309082 -477.226867676 257.681762695 1702.63537598 -479.784545898 149.786804199 1470.14916992 -495.718688965 19.3063354492 1741.65820312 -260.149139404 41.2402420044 1267.51599121 -495.719390869 -249.011749268 1741.65820312 6.23315429688 55.1729660034 1397.33825684 -495.714111328 -517.329467773 1741.65820312
0.0318579673767 8 -491.934875488 -98.9736022949 1515.8046875 -475.900115967 257.875366211 1700.14355469 -481.052124023 149.563171387 1467.53283691 -491.475891113 19.8430175781 1739.63879395 -261.091949463 38.9707870483 1263.35754395 -491.476593018 -248.475067139 1739.63879395 7.32656860352 49.824344635 1391.23156738 -491.471313477 -516.79284668 1739.63879395
0.0299229621887 8 -491.003112793 -98.3329772949 1514.59692383 -474.628692627 258.545776367 1699.41369629 -481.232727051 150.342498779 1466.76782227 -489.346618652 20.0141296387 1738.68164062 -263.079284668 33.3306808472 1261.28723145 -489.347320557 -248.303955078 1738.68164062 8.0578918457 46.8875389099 1384.90478516 -489.342041016 -516.621704102 1738.68164062
0.0308151245117 8 -488.531402588 -101.212692261 1514.5065918 -471.734008789 258.702697754 1694.5345459 -479.831390381 146.75213623 1462.98095703 -485.495330811 20.4028625488 1736.80761719 -265.551330566 30.0093383789 1259.26342773 -485.496032715 -247.915222168 1736.80761719 6.65005493164 45.0221366882 1380.47802734 -485.490753174 -516.232971191 1736.80761719
0.0350370407104 8 -489.139526367 -100.575332642 1516.32397461 -471.860870361 259.150146484 1696.09863281 -482.831115723 147.535690308 1465.13598633 -483.124450684 20.6608123779 1738.77587891 -265.30847168 27.8460388184 1258.23925781 -483.125152588 -247.657272339 1738.77587891 6.71646118164 42.4924430847 1378.45336914 -483.119873047 -515.975036621 1738.77587891
0.031546831131 8 -490.355560303 -99.6713256836 1516.88098145 -472.043029785 259.514953613 1696.89196777 -484.6902771 148.663116455 1466.68139648 -482.404083252 20.620880127 1739.79077148 -266.691925049 27.2645797729 1258.23413086 -482.404785156 -247.69720459 1739.79077148 6.86676025391 43.7284088135 1375.51904297 -482.399505615 -516.014953613 1739.79077148
0.0396962165833 8 -490.278961182 -99.1134338379 1517.28564453 -471.265411377 259.885925293 1697.78405762 -485.9375 149.303039551 1467.34936523 -480.554321289 20.9281158447 1740.26293945 -266.384155273 26.9721984863 1258.72875977 -480.555023193 -247.389968872 1740.26293945 7.44058227539 38.5941963196 1377.86657715 -480.549743652 -515.707702637 1740.26293945
0.031674861908 8 -488.450256348 -99.7947235107 1514.53857422 -469.815216064 259.580688477 1693.73083496 -484.612762451 148.538848877 1464.1394043 -477.316680908 20.647644043 1737.23608398 -267.229003906 25.3222427368 1260.47753906 -477.317382812 -247.670440674 1737.23608398 6.24697875977 31.3126049042 1379.90759277 -477.312103271 -515.98815918 1737.23608398
0.0298800468445 8 -486.895202637 -101.834449768 1514.02905273 -468.945465088 258.973876953 1691.69885254 -483.82699585 146.19619751 1462.11657715 -474.802215576 19.9777984619 1735.92810059 -268.649139404 18.4942932129 1261.35388184 -474.80291748 -248.340286255 1735.92810059 4.9616394043 28.0476608276 1380.85388184 -474.797637939 -516.65802002 1735.92810059
0.0406460762024 8 -487.058532715 -101.459823608 1516.34277344 -469.664001465 259.524871826 1694.68811035 -482.22479248 146.607116699 1464.74511719 -476.407226562 20.0374450684 1738.48681641 -270.343170166 13.5846557617 1262.79089355 -476.407928467 -248.280639648 1738.48681641 0.9423828125 24.9878730774 1385.44018555 -476.402648926 -516.598388672 1738.48681641
0.0321328639984 8 -487.554443359 -102.04850769 1516.01660156 -468.940551758 259.685058594 1692.1776123 -480.469665527 145.709869385 1463.23144531 -478.396179199 20.5030517578 1737.64257812 -269.200378418 11.6279144287 1265.51147461 -478.396881104 -247.815032959 1737.64257812 -0.170440673828 15.2575283051 1394.13061523 -478.391601562 -516.1328125 1737.64257812
0.0290229320526 8 -487.375976562 -103.909240723 1518.03771973 -468.356414795 260.173095703 1691.42199707 -478.955871582 143.310714722 1462.98791504 -479.21887207 20.6784210205 1738.56115723 -268.632171631 7.14471435547 1268.88049316 -479.219573975 -247.639663696 1738.56115723 -1.45721435547 9.74727630615 1400.78662109 -479.214294434 -515.957397461 1738.56115723
0.0375430583954 8 -486.746582031 -105.308456421 1519.29467773 -467.499328613 260.11340332 1690.54443359 -477.592498779 141.574142456 1462.85302734 -479.257965088 20.5425262451 1739.12646484 -268.33996582 0.896713256836 1272.06469727 -479.258666992 -247.775558472 1739.12646484 -2.28576660156 7.1778588295 1406.68603516 -479.253387451 -516.093322754 1739.12646484
0.0314619541168 8 -487.676818848 -105.421035767 1520.47460938 -467.930145264 260.919219971 1690.60424805 -477.746185303 141.24130249 1463.19689941 -480.21572876 21.1762542725 1739.88122559 -268.180541992 -3.73054504395 1275.15441895 -480.216430664 -247.141830444 1739.88122559 -3.86047363281 5.1148443222 1411.73205566 -480.211151123 -515.459594727 1739.88122559
0.0294940471649 8 -487.761993408 -106.0234375 1522.19030762 -467.799530029 260.758636475 1690.13806152 -476.857391357 140.327926636 1463.76391602 -481.380889893 21.6295318604 1741.01831055 -267.115447998 -6.04383850098 1278.70922852 -481.381591797 -246.688552856 1741.01831055 -4.6809387207 -1.22002696991 1419.18164062 -481.376312256 -515.006286621 1741.01831055
0.0303871631622 8 -489.206176758 -106.422676086 1522.67089844 -468.151489258 259.80291748 1689.88549805 -473.988647461 139.584197998 1463.83129883 -486.389953613 21.8298492432 1741.20361328 -262.588531494 -7.18789672852 1283.4675293 -486.390655518 -246.488235474 1741.20361328 -2.97381591797 -7.79514789581 1431.39428711 -486.385375977 -514.805969238 1741.20361328
0.0350329875946 8 -490.573181152 -109.091583252 1529.13623047 -468.349639893 260.774780273 1690.2331543 -468.623565674 135.823822021 1468.08776855 -491.655059814 21.6295928955 1746.16882324 -258.855529785 -13.2384338379 1287.82946777 -491.655761719 -246.688491821 1746.16882324 -1.23806762695 -10.7492599487 1440.67004395 -491.650482178 -515.006225586 1746.16882324
0.0314698219299 8 -492.460449219 -109.594444275 1528.00146484 -468.470214844 260.648071289 1689.95410156 -468.933380127 135.021072388 1466.22973633 -493.691864014 21.822052002 1744.64477539 -255.9478302 -18.8037261963 1293.05664062 -493.692565918 -246.496032715 1744.64477539 -0.558074951172 -14.7158718109 1448.9798584 -493.687286377 -514.813781738 1744.64477539
0.0313019752502 8 -493.660339355 -110.678604126 1528.23388672 -468.509063721 260.070068359 1689.80444336 -469.963348389 133.762664795 1465.77600098 -494.290863037 21.3129882812 1744.54846191 -257.003540039 -22.5926818848 1298.65771484 -494.291564941 -247.005096436 1744.54846191 -2.43969726562 -19.0342845917 1454.09997559 -494.2862854 -515.322875977 1744.54846191
0.0354700088501 8 -493.655395508 -112.089065552 1526.9029541 -467.674346924 258.72857666 1686.2376709 -468.26965332 131.809814453 1462.99353027 -495.571289062 21.362121582 1742.3157959 -256.038208008 -25.9826812744 1304.47668457 -495.571990967 -246.955963135 1742.3157959 -4.65274047852 -25.6632976532 1465.21325684 -495.566711426 -515.273681641 1742.3157959
0.0315201282501 8 -494.239379883 -112.413803101 1527.68994141 -467.602783203 258.782714844 1687.96691895 -468.11126709 131.453475952 1463.93603516 -496.288330078 20.9264373779 1743.17724609 -255.513244629 -30.1809997559 1309.89550781 -496.289031982 -247.391647339 1743.17724609 -6.98057556152 -32.6591720581 1473.5402832 -496.283752441 -515.709411621 1743.17724609
0.0353488922119 8 -495.684631348 -110.66192627 1528.95080566 -468.588195801 258.854675293 1689.33056641 -470.10546875 133.424682617 1465.80664062 -496.820739746 22.0089263916 1744.8605957 -253.809326172 -34.77293396 1315.5994873 -496.82144165 -246.309158325 1744.8605957 -6.62178039551 -38.6130523682 1481.12744141 -496.816162109 -514.62689209 1744.8605957
0.0316350460052 8 -496.439575195 -110.927398682 1528.7980957 -468.784759521 258.616943359 1689.51599121 -470.023193359 133.21697998 1466.22192383 -497.984375 21.3107299805 1744.97143555 -249.419525146 -37.5714111328 1322.9543457 -497.985076904 -247.007354736 1744.97143555 -5.99754333496 -46.198299408 1494.96887207 -497.979797363 -515.325073242 1744.97143555
0.0314481258392 8 -496.469024658 -113.687911987 1530.35754395 -469.266357422 256.649169922 1689.59533691 -471.380310059 130.299804688 1466.64233398 -496.343688965 19.3541564941 1746.04003906 -246.756515503 -40.4732208252 1331.12316895 -496.344390869 -248.963928223 1746.04003906 -6.94418334961 -52.7212982178 1508.5625 -496.339111328 -517.281677246 1746.04003906
0.0359129905701 8 -496.376464844 -113.815628052 1531.1619873 -469.455749512 256.978851318 1690.13232422 -470.794525146 129.958999634 1466.82617188 -496.79598999 19.8650665283 1746.45019531 -244.405197144 -43.4302215576 1338.20507812 -496.796691895 -248.453018188 1746.45019531 -5.07186889648 -60.3134536743 1517.45629883 -496.791412354 -516.770751953 1746.45019531
0.035493850708 8 -494.369140625 -115.307617188 1536.7265625 -469.593963623 258.690307617 1690.4074707 -470.788879395 128.164550781 1470.5333252 -493.648925781 19.8169403076 1751.10290527 -243.244522095 -45.904296875 1345.25524902 -493.649627686 -248.501144409 1751.10290527 -3.37713623047 -63.9935073853 1524.35095215 -493.644348145 -516.818908691 1751.10290527
0.0419940948486 8 -493.650604248 -116.916793823 1540.51599121 -469.165130615 258.987915039 1690.05053711 -469.476745605 126.060287476 1472.73376465 -493.69329834 19.6988067627 1753.9473877 -243.160095215 -48.1486663818 1351.28442383 -493.694000244 -248.619277954 1753.9473877 -2.28973388672 -65.3497695923 1529.83874512 -493.688720703 -516.937011719 1753.9473877
0.0352790355682 8 -493.483947754 -115.769485474 1537.52099609 -469.453948975 259.057922363 1689.86584473 -467.9765625 127.232467651 1470.31518555 -495.374694824 20.557144165 1751.12988281 -241.1068573 -52.2677001953 1357.79919434 -495.375396729 -247.760940552 1751.12988281 -3.16128540039 -68.9523086548 1540.05725098 -495.370117188 -516.078674316 1751.12988281
0.0293049812317 8 -494.046081543 -113.82334137 1536.79846191 -470.041809082 259.990875244 1690.27368164 -467.253234863 129.056182861 1469.64782715 -497.672607422 22.6833343506 1750.27062988 -239.081359863 -54.3290557861 1363.05688477 -497.673309326 -245.634750366 1750.27062988 -4.54530334473 -73.6255340576 1549.15820312 -497.668029785 -513.952514648 1750.27062988
0.0343940258026 8 -495.363891602 -119.091674805 1541.28710938 -470.255828857 257.642456055 1689.42797852 -462.239135742 122.524917603 1472.58215332 -504.348022461 19.8818817139 1752.95178223 -235.599975586 -55.8349151611 1368.1385498 -504.348724365 -248.436203003 1752.95178223 -6.15364074707 -79.763999939 1561.85107422 -504.343444824 -516.753967285 1752.95178223
0.0333249568939 8 -497.22668457 -117.377304077 1538.60461426 -469.972625732 258.037780762 1690.04125977 -460.503692627 123.99269104 1470.83569336 -508.614135742 21.4002532959 1750.29272461 -230.326599121 -58.6062011719 1372.21728516 -508.614837646 -246.917831421 1750.29272461 -4.55958557129 -86.3475341797 1569.38244629 -508.609558105 -515.235595703 1750.29272461
0.0296349525452 8 -497.176055908 -118.846405029 1543.04345703 -469.877868652 258.512054443 1689.86462402 -458.094329834 121.757904053 1473.84997559 -509.690338135 21.5738830566 1753.59313965 -226.703048706 -58.5003967285 1376.27258301 -509.691040039 -246.74420166 1753.59313965 -2.76243591309 -89.978805542 1574.93688965 -509.685760498 -515.061950684 1753.59313965
0.039717912674 8 -498.990722656 -117.335067749 1539.54418945 -470.088256836 258.096435547 1689.77722168 -457.983703613 123.379562378 1471.83959961 -512.130981445 22.0783233643 1750.73217773 -224.879379272 -59.9432067871 1377.79931641 -512.131713867 -246.239761353 1750.73217773 -1.61351013184 -91.3915710449 1577.14099121 -512.126403809 -514.557495117 1750.73217773
0.031307220459 8 -500.603546143 -115.706665039 1538.13598633 -471.047027588 258.393035889 1690.23095703 -457.438415527 124.969078064 1471.63452148 -515.465454102 23.1645050049 1749.5703125 -227.967559814 -62.6655807495 1376.0559082 -515.466186523 -245.153579712 1749.5703125 -3.0415802002 -93.1403808594 1573.08886719 -515.460876465 -513.471313477 1749.5703125
0.0285828113556 8 -501.8046875 -113.425643921 1538.88012695 -471.847686768 259.828186035 1694.45654297 -460.210723877 127.932846069 1473.86010742 -514.585632324 23.6457366943 1751.62353516 -232.041381836 -65.0197143555 1373.67468262 -514.586364746 -244.672348022 1751.62353516 -4.82699584961 -93.7509994507 1568.33789062 -514.581054688 -512.990112305 1751.62353516
0.0304989814758 8 -501.601806641 -111.638412476 1538.94140625 -471.960327148 259.494232178 1696.55371094 -463.434143066 130.670013428 1475.40405273 -510.569519043 23.2464752197 1753.26098633 -234.588134766 -65.6875305176 1371.45996094 -510.570220947 -245.071609497 1753.26098633 -5.56362915039 -93.5763778687 1564.21411133 -510.564941406 -513.389343262 1753.26098633
0.0348260402679 8 -499.717895508 -115.892471313 1542.89941406 -471.27557373 259.672424316 1693.56677246 -456.021850586 124.730148315 1476.69360352 -515.601196289 23.0061798096 1754.19726562 -238.382232666 -64.5155639648 1368.33227539 -515.601928711 -245.311904907 1754.19726562 -5.37222290039 -93.1649627686 1556.86035156 -515.596618652 -513.629638672 1754.19726562
0.0313839912415 8 -500.58605957 -114.451896667 1538.68017578 -470.454406738 258.891296387 1692.12963867 -457.286010742 126.474945068 1473.23352051 -514.484924316 23.4035491943 1750.82800293 -239.743392944 -65.4518585205 1364.32226562 -514.485656738 -244.914535522 1750.82800293 -5.49687194824 -92.4679336548 1549.31665039 -514.48034668 -513.232299805 1750.82800293
0.0312609672546 8 -500.924560547 -114.022277832 1536.08129883 -469.847351074 258.109924316 1690.91320801 -458.079681396 127.087394714 1470.96240234 -513.965209961 23.3351287842 1748.62060547 -242.428756714 -65.4194564819 1359.31970215 -513.965942383 -244.982955933 1748.62060547 -5.08006286621 -91.7823944092 1540.12548828 -513.960632324 -513.300720215 1748.62060547
0.0353801250458 8 -500.742370605 -113.72038269 1535.55456543 -469.663452148 257.757568359 1690.29626465 -459.829772949 127.661087036 1470.19116211 -512.400024414 23.41847229 1748.31811523 -245.266372681 -65.4037475586 1354.31030273 -512.400756836 -244.899612427 1748.31811523 -4.92607116699 -90.8395080566 1530.08081055 -512.395446777 -513.217346191 1748.31811523
0.0314190387726 8 -500.929138184 -112.688919067 1535.74145508 -469.545318604 258.766052246 1690.48583984 -462.07913208 128.916992188 1469.94946289 -510.668579102 24.3398132324 1748.67260742 -248.183319092 -64.3970031738 1348.80493164 -510.669281006 -243.978271484 1748.67260742 -4.65760803223 -90.1753692627 1518.95336914 -510.664001465 -512.296020508 1748.67260742
0.0317058563232 8 -500.656311035 -113.061500549 1535.91625977 -469.585113525 259.024780273 1690.08044434 -463.965057373 128.730834961 1469.5748291 -508.44934082 23.9832000732 1748.91638184 -250.141204834 -63.8943023682 1343.05285645 -508.450042725 -244.334884644 1748.91638184 -4.18872070312 -92.8770294189 1511.62219238 -508.444763184 -512.652648926 1748.91638184
0.0355501174927 8 -500.449584961 -111.700416565 1537.81884766 -470.11126709 259.865356445 1693.84057617 -469.103271484 131.015289307 1472.20849609 -503.518066406 23.7433929443 1751.93066406 -250.131637573 -63.1219482422 1337.63330078 -503.518768311 -244.574691772 1751.93066406 -1.46801757812 -92.0801544189 1503.40332031 -503.51348877 -512.892456055 1751.93066406
0.0315330028534 8 -498.795715332 -111.229766846 1535.55834961 -469.33895874 260.081268311 1691.77758789 -467.817871094 131.657318115 1470.3458252 -502.512908936 23.8454284668 1749.91174316 -252.632476807 -61.2508850098 1332.98205566 -502.51361084 -244.47265625 1749.91174316 0.500442504883 -95.9586791992 1491.8203125 -502.508331299 -512.790405273 1749.91174316
0.0318138599396 8 -498.375610352 -110.120452881 1533.23217773 -468.490142822 260.562164307 1691.25048828 -467.375 132.973205566 1468.77514648 -502.156982422 24.2515258789 1748.03491211 -255.35774231 -60.8144683838 1327.16320801 -502.157684326 -244.066558838 1748.03491211 1.85694885254 -95.2771377563 1479.64099121 -502.152404785 -512.384277344 1748.03491211
0.0356919765472 8 -497.676757812 -112.021865845 1533.23937988 -468.057281494 260.547241211 1687.46057129 -466.694030762 130.455490112 1466.49829102 -501.631622314 24.4126739502 1746.7331543 -253.724334717 -60.1072845459 1322.2355957 -501.632324219 -243.905410767 1746.7331543 8.00485229492 -97.5959854126 1467.25976562 -501.627044678 -512.223144531 1746.7331543
0.0317711830139 8 -497.08807373 -112.917709351 1531.27819824 -466.692321777 258.997009277 1685.57299805 -466.767944336 129.664978027 1464.6003418 -498.750732422 23.1813659668 1745.02099609 -253.917327881 -60.7527618408 1316.77111816 -498.751434326 -245.13671875 1745.02099609 11.2113952637 -101.75668335 1452.04626465 -498.746154785 -513.454467773 1745.02099609
0.0321979522705 8 -496.712463379 -112.671272278 1530.98901367 -465.987335205 258.993560791 1684.6229248 -468.165649414 129.940765381 1463.64379883 -496.282165527 23.7035064697 1744.56030273 -256.511657715 -60.575958252 1311.03747559 -496.282867432 -244.614578247 1744.56030273 12.3694763184 -102.93862915 1436.30505371 -496.277587891 -512.932312012 1744.56030273
0.0363960266113 8 -496.613769531 -113.662902832 1532.53759766 -465.225646973 259.691986084 1684.14599609 -470.010681152 128.800216675 1463.88366699 -493.646728516 23.5260162354 1745.56311035 -258.805603027 -59.4895935059 1306.17370605 -493.64743042 -244.792068481 1745.56311035 14.3377075195 -101.069793701 1422.34460449 -493.642150879 -513.109802246 1745.56311035
0.0316679477692 8 -497.253051758 -113.401977539 1532.02966309 -465.189178467 260.453186035 1683.41345215 -471.825256348 129.164337158 1463.28637695 -491.919921875 23.5933685303 1745.13647461 -260.464508057 -59.946762085 1301.24316406 -491.920623779 -244.724716187 1745.13647461 16.4101257324 -103.23941803 1409.43212891 -491.915344238 -513.042480469 1745.13647461
0.0317358970642 8 -497.736907959 -113.274230957 1532.00549316 -465.258392334 260.717102051 1683.04077148 -469.589874268 128.950119019 1463.13525391 -494.868682861 24.1858062744 1744.85424805 -262.280548096 -61.1735534668 1297.77197266 -494.869384766 -244.132278442 1744.85424805 17.8577575684 -105.732925415 1397.13891602 -494.864105225 -512.450012207 1744.85424805
0.0439162254333 8 -497.68548584 -113.505813599 1532.66552734 -464.779266357 261.260437012 1683.34863281 -469.208312988 128.538208008 1463.28381348 -494.941162109 24.4543762207 1745.19689941 -264.671691895 -62.7998657227 1293.53112793 -494.941864014 -243.863708496 1745.19689941 18.0462646484 -106.827911377 1385.8651123 -494.936584473 -512.18145752 1745.19689941
0.0297138690948 8 -498.316833496 -113.955337524 1533.02734375 -465.706512451 261.858184814 1683.51318359 -470.168151855 128.070175171 1463.44006348 -494.959899902 24.0947113037 1745.49401855 -264.911132812 -63.1050262451 1289.92163086 -494.960601807 -244.223373413 1745.49401855 20.804473877 -109.061141968 1372.26318359 -494.955322266 -512.541137695 1745.49401855
0.0306949615479 8 -498.53503418 -113.342880249 1532.33569336 -465.184356689 262.311035156 1683.61755371 -469.91116333 128.81463623 1463.40380859 -495.004669189 24.083770752 1745.20361328 -260.984741211 -63.7531738281 1286.13989258 -495.005371094 -244.234313965 1745.20361328 26.474029541 -115.887870789 1363.31713867 -495.000091553 -512.552062988 1745.20361328
0.0356349945068 8 -498.684020996 -115.417938232 1531.50268555 -465.154571533 259.735290527 1682.64526367 -472.096984863 126.911552429 1462.37316895 -493.009643555 21.9029541016 1744.38806152 -263.555664062 -63.5789413452 1282.22363281 -493.010345459 -246.415130615 1744.38806152 24.6553344727 -120.486999512 1349.77404785 -493.005065918 -514.732910156 1744.38806152
0.0308980941772 8 -497.44329834 -115.369926453 1529.64160156 -463.676361084 260.053253174 1680.16345215 -469.253051758 126.776290894 1460.50744629 -493.493896484 22.1940917969 1742.40808105 -263.325286865 -62.9948577881 1278.76879883 -493.494598389 -246.12399292 1742.40808105 26.2669372559 -124.203704834 1338.27099609 -493.489318848 -514.441772461 1742.40808105
0.0314259529114 8 -496.583984375 -114.562675476 1529.3269043 -462.735870361 261.671112061 1678.91271973 -468.317871094 127.287536621 1459.19189453 -492.775268555 23.9214324951 1741.49926758 -261.71697998 -63.210144043 1275.53466797 -492.775970459 -244.396652222 1741.49926758 28.4764404297 -127.17388916 1327.96691895 -492.770690918 -512.714416504 1741.49926758
0.035208940506 8 -496.182891846 -115.157844543 1528.6496582 -462.282867432 261.585113525 1677.27966309 -468.251434326 126.550125122 1457.89050293 -492.360443115 23.8840332031 1740.45739746 -259.440002441 -64.8186645508 1271.90869141 -492.36114502 -244.434051514 1740.45739746 31.6011352539 -131.00239563 1321.32714844 -492.355865479 -512.751831055 1740.45739746
0.031485080719 8 -495.632202148 -115.938873291 1527.1171875 -462.709716797 259.657409668 1674.4777832 -467.26550293 125.46711731 1455.50720215 -493.06842041 23.9747467041 1738.36853027 -258.769714355 -66.6222076416 1269.11901855 -493.069122314 -244.343338013 1738.36853027 33.4206542969 -134.127227783 1315.91625977 -493.063842773 -512.661071777 1738.36853027
0.0400199890137 8 -495.455566406 -115.806587219 1527.13684082 -461.642028809 260.473907471 1675.09008789 -466.308898926 125.620018005 1455.91149902 -492.985961914 23.7839813232 1738.60266113 -258.40447998 -67.0216751099 1267.73498535 -492.986663818 -244.534103394 1738.60266113 33.1059875488 -136.623657227 1310.4387207 -492.981384277 -512.851867676 1738.60266113
0.039666891098 8 -495.939941406 -115.012901306 1529.25317383 -462.09576416 261.726135254 1675.87353516 -466.383270264 126.162445068 1457.3503418 -493.434844971 25.2194061279 1740.29296875 -260.236572266 -67.7309875488 1267.51879883 -493.435546875 -243.098678589 1740.29296875 31.4390869141 -139.128723145 1307.61779785 -493.430267334 -511.416442871 1740.29296875
0.0338051319122 8 -497.139648438 -114.497879028 1529.69750977 -462.179229736 261.669311523 1675.77978516 -467.859710693 126.645996094 1457.57617188 -493.097259521 25.7333374023 1740.71435547 -261.682250977 -67.5775604248 1268.42675781 -493.097961426 -242.584747314 1740.71435547 30.3360595703 -140.262573242 1306.59863281 -493.092681885 -510.902496338 1740.71435547
0.0327179431915 8 -497.475097656 -114.853439331 1530.22290039 -461.580352783 261.527038574 1676.23376465 -468.848999023 126.391799927 1458.18041992 -492.155395508 25.1348724365 1741.37182617 -262.911621094 -67.4992523193 1269.88049316 -492.156097412 -243.18321228 1741.37182617 29.1643981934 -141.179534912 1307.5859375 -492.150817871 -511.500976562 1741.37182617
0.0305421352386 8 -498.116363525 -114.453659058 1531.71948242 -462.65020752 262.545898438 1679.47070312 -469.169250488 127.040130615 1460.64892578 -493.402709961 24.7338562012 1743.40991211 -263.005584717 -68.4561767578 1271.61401367 -493.403411865 -243.584228516 1743.40991211 29.2791748047 -143.329528809 1308.9329834 -493.398132324 -511.901977539 1743.40991211
0.02876496315 8 -497.727111816 -114.917243958 1531.10522461 -462.164337158 262.589660645 1677.56530762 -468.647857666 126.265457153 1459.04272461 -493.05355835 25.1844787598 1742.19140625 -263.558746338 -69.9467163086 1273.46118164 -493.054260254 -243.133605957 1742.19140625 29.5890808105 -145.832595825 1310.38366699 -493.048980713 -511.45135498 1742.19140625
0.0349960327148 8 -497.976837158 -114.31174469 1530.46777344 -461.17175293 262.663543701 1677.12036133 -466.480133057 126.63861084 1458.66442871 -494.820739746 25.8392791748 1741.54260254 -261.831176758 -73.6831054688 1274.39172363 -494.82144165 -242.478805542 1741.54260254 29.7640686035 -152.819015503 1313.69873047 -494.816162109 -510.796569824 1741.54260254
0.0307509899139 8 -498.536987305 -114.159408569 1529.421875 -460.542266846 262.206298828 1676.38842773 -463.607727051 126.347137451 1457.75073242 -497.868927002 26.3834838867 1740.24755859 -261.97076416 -76.0482330322 1275.84899902 -497.869628906 -241.93460083 1740.24755859 28.3619384766 -157.91633606 1316.01794434 -497.864349365 -510.252349854 1740.24755859
0.0326919555664 8 -499.56729126 -116.686950684 1530.203125 -460.274047852 258.96081543 1676.03613281 -465.263671875 123.774490356 1458.05786133 -496.631408691 23.9448394775 1740.95776367 -260.555419922 -79.2383575439 1277.09118652 -496.632110596 -244.373245239 1740.95776367 28.959197998 -160.315475464 1321.9753418 -496.626831055 -512.690979004 1740.95776367
0.0350470542908 8 -500.25592041 -116.367256165 1532.67614746 -460.408447266 260.810791016 1679.36425781 -466.38394165 124.201156616 1460.67199707 -496.667510986 24.0203857422 1743.58728027 -260.86151123 -80.8296051025 1278.71520996 -496.668212891 -244.297698975 1743.58728027 27.5650024414 -162.861541748 1326.58239746 -496.66293335 -512.615478516 1743.58728027
0.0312509536743 8 -500.690490723 -116.225265503 1532.1015625 -458.901367188 260.492126465 1678.02294922 -464.428222656 123.995056152 1460.11437988 -497.248657227 24.3070678711 1742.91369629 -264.989624023 -80.6257629395 1281.52294922 -497.249359131 -244.011016846 1742.91369629 22.5841369629 -161.635681152 1329.61950684 -497.24407959 -512.328735352 1742.91369629
0.0314450263977 8 -500.598999023 -116.225105286 1533.69335938 -458.344726562 260.94909668 1680.35534668 -464.682312012 124.058364868 1461.7322998 -496.032806396 24.1141052246 1744.61657715 -267.575378418 -82.5256652832 1283.92858887 -496.033508301 -244.203979492 1744.61657715 19.1981811523 -161.366973877 1335.67150879 -496.02822876 -512.521728516 1744.61657715
0.0356209278107 8 -501.605895996 -116.280776978 1535.99951172 -458.859039307 261.263000488 1682.01428223 -466.201293945 123.892120361 1463.41589355 -496.278594971 24.4909973145 1746.61730957 -268.873565674 -83.9791259766 1287.12597656 -496.279296875 -243.827087402 1746.61730957 17.9311523438 -160.671417236 1343.36633301 -496.274017334 -512.144836426 1746.61730957
0.0317029953003 8 -501.266235352 -118.26537323 1540.51586914 -458.241729736 260.865539551 1682.84790039 -465.271179199 121.59980011 1467.20959473 -496.164367676 23.2130584717 1750.66491699 -269.99319458 -85.2120742798 1292.22570801 -496.16506958 -245.105026245 1750.66491699 16.3725585938 -162.232269287 1351.15979004 -496.159790039 -513.422790527 1750.66491699
0.0314030647278 8 -500.51940918 -121.447250366 1540.24536133 -456.372772217 258.942382812 1679.74694824 -460.205291748 117.311546326 1465.65844727 -498.462524414 21.8666229248 1749.17382812 -268.579315186 -87.811882019 1297.76635742 -498.463226318 -246.451461792 1749.17382812 16.7828979492 -162.437652588 1364.14160156 -498.457946777 -514.769226074 1749.17382812
0.0355219841003 8 -500.548706055 -121.95778656 1540.95739746 -456.806121826 258.984771729 1681.69482422 -455.454925537 116.272994995 1467.47216797 -502.595428467 21.4370422363 1749.81420898 -266.346008301 -92.6113739014 1303.02404785 -502.596130371 -246.88104248 1749.81420898 16.8104248047 -164.968475342 1377.45605469 -502.59085083 -515.198791504 1749.81420898
0.0316069126129 8 -500.174041748 -121.75831604 1541.25634766 -456.456512451 258.355712891 1682.68688965 -452.170043945 116.066116333 1468.2722168 -504.635925293 21.876449585 1749.92041016 -265.237243652 -97.020324707 1309.17443848 -504.636627197 -246.441635132 1749.92041016 15.8080749512 -171.118057251 1388.56787109 -504.631347656 -514.759399414 1749.92041016
0.0312740802765 8 -499.885742188 -122.105415344 1542.09997559 -456.436889648 258.22354126 1682.69335938 -451.280303955 115.521652222 1468.83007812 -505.739013672 22.0582275391 1750.37915039 -264.68170166 -101.732574463 1316.26147461 -505.739715576 -246.259857178 1750.37915039 13.746887207 -178.201568604 1400.85510254 -505.734436035 -514.577636719 1750.37915039
0.0354280471802 8 -499.741821289 -122.298660278 1543.48291016 -456.67755127 257.657409668 1682.67016602 -450.9765625 115.192077637 1469.85705566 -505.387481689 22.2250976562 1751.5255127 -266.382049561 -105.105987549 1323.26806641 -505.388183594 -246.092987061 1751.5255127 9.09240722656 -184.777648926 1413.8815918 -505.382904053 -514.410766602 1751.5255127
0.0316689014435 8 -499.538024902 -122.279129028 1544.44238281 -456.008972168 257.737548828 1683.1817627 -448.21182251 114.720458984 1470.98840332 -507.263427734 22.733795166 1752.0723877 -265.255554199 -108.771972656 1331.3026123 -507.264129639 -245.584289551 1752.0723877 8.41995239258 -194.235443115 1423.47753906 -507.258850098 -513.902038574 1752.0723877
0.0317358970642 8 -500.256744385 -123.84602356 1544.9675293 -456.421844482 256.567321777 1682.44592285 -446.855041504 112.695823669 1471.51782227 -509.903930664 21.765625 1752.09765625 -266.19229126 -112.607719421 1338.82373047 -509.904632568 -246.552459717 1752.09765625 4.81295776367 -201.412322998 1434.58398438 -509.899353027 -514.870239258 1752.09765625
0.0411601066589 8 -501.252441406 -124.138259888 1545.72558594 -455.380096436 256.847991943 1683.57775879 -445.828125 112.01524353 1472.52514648 -511.556732178 21.6609039307 1752.69189453 -281.636749268 -110.472015381 1348.68444824 -511.557434082 -246.657180786 1752.69189453 -15.1856994629 -205.868652344 1441.62487793 -511.552154541 -514.974914551 1752.69189453
0.0318219661713 8 -502.995117188 -124.610786438 1544.2331543 -456.314544678 255.224090576 1684.62744141 -449.551147461 112.029495239 1471.13293457 -510.806762695 20.3603210449 1751.88879395 -291.151916504 -110.604736328 1357.0411377 -510.8074646 -247.957763672 1751.88879395 -28.2714538574 -209.447509766 1452.01074219 -510.802185059 -516.275512695 1751.88879395
0.0312359333038 8 -502.249572754 -125.042747498 1546.59960938 -455.582702637 255.228912354 1684.16723633 -447.460845947 111.112686157 1472.92443848 -511.534332275 20.8859558105 1753.52429199 -297.709411621 -110.430038452 1364.40734863 -511.53503418 -247.432128906 1753.52429199 -37.1677856445 -211.689849854 1461.12597656 -511.529754639 -515.74987793 1753.52429199
0.0357310771942 8 -502.247772217 -125.40045166 1548.06005859 -454.642974854 255.040405273 1683.93920898 -445.441986084 110.127197266 1473.91137695 -512.409423828 21.4109191895 1754.31567383 -281.923858643 -120.439590454 1369.38085938 -512.41015625 -246.907165527 1754.31567383 -22.4188537598 -223.823959351 1473.1685791 -512.404846191 -515.224914551 1754.31567383
0.0314691066742 8 -503.186096191 -125.449951172 1549.07910156 -455.181060791 255.031921387 1686.32202148 -443.893493652 109.873306274 1476.25585938 -515.722961426 21.0573577881 1755.41455078 -288.842071533 -120.054641724 1375.47387695 -515.723693848 -247.260726929 1755.41455078 -31.1864929199 -227.802902222 1475.08422852 -515.718383789 -515.578491211 1755.41455078
0.0311408042908 8 -502.592712402 -125.29624939 1549.88012695 -455.735473633 255.123687744 1688.01745605 -441.995300293 109.89276886 1477.68884277 -516.981384277 21.2374725342 1756.07995605 -277.983520508 -127.252052307 1380.91210938 -516.982116699 -247.080612183 1756.07995605 -21.8492736816 -238.523620605 1483.29882812 -516.976806641 -515.398376465 1756.07995605
0.035346031189 8 -502.350891113 -125.055526733 1550.21533203 -455.551086426 255.036148071 1688.86755371 -440.070495605 109.863037109 1478.57727051 -517.859069824 21.5219726562 1756.30310059 -269.054016113 -132.350204468 1385.63098145 -517.859802246 -246.796112061 1756.30310059 -13.968460083 -244.820907593 1492.73986816 -517.854492188 -515.113891602 1756.30310059
0.0468640327454 8 -502.926208496 -125.077690125 1550.98071289 -454.919006348 255.636535645 1689.78466797 -438.14440918 109.227302551 1479.56506348 -519.935180664 22.1037597656 1756.51428223 -263.595214844 -135.897766113 1388.98620605 -519.935913086 -246.214324951 1756.51428223 -8.97290039062 -248.36227417 1500.46228027 -519.930603027 -514.532104492 1756.51428223
0.0302741527557 8 -504.49407959 -124.707260132 1550.49304199 -454.45526123 255.555633545 1689.2109375 -433.899139404 108.2759552 1480.38977051 -525.289001465 23.4409332275 1754.94104004 -257.359191895 -139.152557373 1391.62597656 -525.289733887 -244.877151489 1754.94104004 -4.73886108398 -255.16003418 1505.42224121 -525.284423828 -513.194885254 1754.94104004
0.0301599502563 8 -504.594238281 -124.357521057 1550.97753906 -453.84866333 255.372497559 1689.96594238 -432.005279541 108.240371704 1481.57739258 -526.799743652 23.9397277832 1755.1887207 -253.246047974 -143.300567627 1392.98596191 -526.800476074 -244.378356934 1755.1887207 -1.41505432129 -259.092346191 1509.67468262 -526.795166016 -512.696105957 1755.1887207
0.0303888320923 8 -504.71875 -124.808334351 1551.04321289 -453.951324463 254.785751343 1689.84790039 -431.550445557 107.647399902 1481.7322998 -527.416625977 23.6491088867 1755.0982666 -251.674301147 -144.382354736 1393.67456055 -527.417358398 -244.66897583 1755.0982666 0.174987792969 -263.48260498 1508.96813965 -527.41204834 -512.986694336 1755.0982666
0.0302090644836 8 -504.754455566 -125.951957703 1550.18041992 -454.489044189 253.031280518 1688.28076172 -430.487213135 106.155792236 1480.85534668 -529.443359375 23.2498321533 1753.46569824 -251.405929565 -146.419998169 1393.51379395 -529.444091797 -245.068252563 1753.46569824 0.319458007812 -266.384277344 1507.99377441 -529.438781738 -513.385986328 1753.46569824
0.0352909564972 8 -504.827514648 -125.391265869 1550.92480469 -454.200042725 254.910324097 1690.00805664 -430.152252197 106.628616333 1481.73242188 -528.842346191 23.6295013428 1754.42749023 -252.254653931 -148.4425354 1392.44189453 -528.843078613 -244.688583374 1754.42749023 -0.0438537597656 -267.140350342 1506.47949219 -528.837768555 -513.006347656 1754.42749023
0.031750202179 8 -507.025909424 -123.441345215 1547.45935059 -453.83026123 255.525848389 1689.86376953 -431.422607422 108.64163208 1479.50085449 -531.174316406 24.7465209961 1751.55236816 -253.189346313 -148.445037842 1390.90319824 -531.175048828 -243.571563721 1751.55236816 -0.00189208984375 -268.908569336 1502.2364502 -531.16973877 -511.889312744 1751.55236816
0.0304780006409 8 -507.977844238 -120.505722046 1546.08251953 -453.445739746 256.536376953 1690.29394531 -431.589263916 111.528945923 1478.83911133 -532.22845459 27.2715911865 1750.46166992 -254.148452759 -147.950057983 1388.63635254 -532.229187012 -241.04649353 1750.46166992 -0.0487518310547 -269.426391602 1497.81164551 -532.223876953 -509.364257812 1750.46166992
0.0353968143463 8 -507.597869873 -119.344726562 1545.49462891 -452.80166626 256.639404297 1689.99304199 -433.098144531 113.128440857 1477.66003418 -529.719421387 27.979385376 1750.43811035 -254.659103394 -146.69708252 1385.98083496 -529.720153809 -240.338699341 1750.43811035 -0.26286315918 -270.462097168 1492.20056152 -529.71484375 -508.656433105 1750.43811035
0.0317800045013 8 -506.659118652 -121.704467773 1544.95166016 -451.457214355 255.719360352 1686.23352051 -440.188690186 112.024963379 1473.4732666 -519.778564453 25.1716918945 1750.8939209 -256.847595215 -147.045898438 1382.05944824 -519.779296875 -243.146392822 1750.8939209 -0.380310058594 -270.054168701 1484.82189941 -519.773986816 -511.464141846 1750.8939209
0.0356340408325 8 -506.655639648 -122.743713379 1544.2331543 -450.890075684 255.478317261 1684.44396973 -443.748260498 111.564224243 1471.3482666 -515.769165039 23.8255157471 1750.64099121 -260.004516602 -146.244613647 1378.18481445 -515.769897461 -244.49256897 1750.64099121 -0.636260986328 -268.652191162 1475.61340332 -515.764587402 -512.810302734 1750.64099121
0.0314159393311 8 -505.475189209 -121.906524658 1544.75366211 -450.505157471 256.139221191 1684.04504395 -446.66506958 113.134262085 1470.78479004 -510.438323975 24.1115570068 1751.70373535 -261.08706665 -146.841445923 1373.74182129 -510.439025879 -244.20652771 1751.70373535 -0.574890136719 -270.851867676 1466.12414551 -510.433746338 -512.524291992 1751.70373535
0.031946182251 8 -505.149291992 -121.050613403 1544.23071289 -450.978881836 256.360900879 1683.87866211 -447.063140869 114.30027771 1470.60266113 -510.760009766 24.6264801025 1751.43078613 -260.658843994 -147.138961792 1369.55114746 -510.76071167 -243.691604614 1751.43078613 1.95217895508 -273.598205566 1455.36022949 -510.755432129 -512.009338379 1751.43078613
0.0357809066772 8 -504.700927734 -120.185211182 1544.08178711 -451.247650146 257.237670898 1683.79223633 -447.515533447 115.469734192 1470.68640137 -510.111846924 25.0964508057 1751.57702637 -264.441711426 -146.28994751 1365.44958496 -510.112548828 -243.221633911 1751.57702637 -0.3369140625 -276.73260498 1439.00842285 -510.107269287 -511.539367676 1751.57702637
0.0316560268402 8 -504.48638916 -119.964073181 1543.84643555 -451.689666748 257.170715332 1683.24597168 -448.652526855 116.00289917 1470.40002441 -508.790222168 24.9642791748 1751.61901855 -266.320007324 -146.869537354 1360.39440918 -508.790924072 -243.353805542 1751.61901855 -1.43283081055 -281.903076172 1424.5222168 -508.785644531 -511.671569824 1751.61901855
0.0316939353943 8 -504.795776367 -119.18951416 1544.55004883 -451.122253418 258.99432373 1683.46398926 -451.186218262 117.034042358 1470.28308105 -506.468658447 25.6970367432 1752.38708496 -265.751098633 -147.161270142 1355.36376953 -506.469360352 -242.621047974 1752.38708496 -0.391632080078 -288.784454346 1407.20898438 -506.464080811 -510.938781738 1752.38708496
0.035943031311 8 -502.729370117 -118.60308075 1543.49169922 -449.188537598 259.437072754 1679.55297852 -453.137145996 117.838417053 1467.20837402 -500.045593262 26.8663482666 1750.89123535 -264.450500488 -148.304656982 1350.83898926 -500.046295166 -241.45173645 1750.89123535 1.93811035156 -294.817626953 1394.75158691 -500.041015625 -509.769470215 1750.89123535
0.0317580699921 8 -500.543273926 -121.744689941 1541.29699707 -449.935028076 257.019836426 1677.12463379 -451.891021729 114.750457764 1464.54040527 -499.990661621 24.3889465332 1748.25891113 -264.313476562 -148.884063721 1346.60168457 -499.991363525 -243.929138184 1748.25891113 1.23889160156 -299.196105957 1380.80480957 -499.986083984 -512.246887207 1748.25891113
0.0319449901581 8 -498.435119629 -123.936958313 1539.02685547 -448.955841064 255.90222168 1672.40075684 -452.014373779 112.408538818 1460.45544434 -497.175720215 23.4441070557 1745.09680176 -261.742218018 -150.673583984 1341.4831543 -497.176422119 -244.873977661 1745.09680176 2.23620605469 -306.330841064 1367.57226562 -497.171142578 -513.191711426 1745.09680176
0.0360200405121 8 -498.64541626 -124.328536987 1538.23217773 -447.134307861 257.194152832 1670.046875 -452.055358887 111.699157715 1458.79125977 -495.691040039 23.5510559082 1743.93457031 -261.458312988 -153.575469971 1335.42749023 -495.691741943 -244.767028809 1743.93457031 2.46932983398 -309.662994385 1355.63818359 -495.686462402 -513.084777832 1743.93457031
0.03187084198 8 -499.142578125 -123.974365234 1538.04199219 -446.104736328 257.959289551 1665.86157227 -450.307281494 110.779243469 1456.23718262 -496.438995361 26.2115478516 1742.0592041 -261.323944092 -152.521057129 1330.90698242 -496.439697266 -242.106536865 1742.0592041 1.15798950195 -311.471557617 1343.44543457 -496.434417725 -510.424285889 1742.0592041
0.0319931507111 8 -501.87121582 -124.807617188 1535.77075195 -443.504241943 258.197998047 1660.70910645 -445.62701416 107.801864624 1452.77233887 -502.440887451 27.881942749 1737.87194824 -259.774780273 -154.460372925 1325.09472656 -502.441589355 -240.436141968 1737.87194824 1.18530273438 -316.88470459 1329.27563477 -502.436309814 -508.75390625 1737.87194824
0.036120891571 8 -504.488464355 -124.576004028 1533.26855469 -441.884094238 258.817962646 1657.64575195 -441.363433838 106.285064697 1450.3861084 -508.25479126 29.6409301758 1734.1517334 -257.489105225 -155.940246582 1320.19787598 -508.255493164 -238.677154541 1734.1517334 1.28106689453 -319.998565674 1319.02844238 -508.250213623 -506.994903564 1734.1517334
0.0320489406586 8 -505.571044922 -127.006484985 1530.67626953 -441.86920166 255.64414978 1655.65588379 -439.038116455 102.99659729 1447.98474121 -511.786132812 28.1020355225 1730.84777832 -257.343688965 -156.707870483 1315.7890625 -511.786834717 -240.216049194 1730.84777832 0.988525390625 -320.484619141 1309.23706055 -511.781555176 -508.533813477 1730.84777832
0.0475890636444 8 -504.370788574 -128.778091431 1531.73706055 -441.861328125 255.096954346 1655.16052246 -441.067443848 101.578094482 1447.46679688 -508.327301025 26.6703796387 1731.71923828 -257.268127441 -157.093475342 1311.59155273 -508.32800293 -241.647705078 1731.71923828 1.0862121582 -319.707092285 1300.58410645 -508.322723389 -509.965454102 1731.71923828
0.0325739383698 8 -504.596252441 -128.774810791 1530.50390625 -441.76852417 254.788452148 1654.44445801 -440.835418701 101.650588989 1446.7121582 -508.800109863 26.333694458 1730.76879883 -259.205810547 -157.29234314 1307.52148438 -508.800811768 -241.984390259 1730.76879883 0.0305480957031 -318.925720215 1292.74987793 -508.795532227 -510.302124023 1730.76879883
0.0287370681763 8 -503.491394043 -128.465576172 1528.03369141 -440.784301758 254.975799561 1651.0682373 -439.519165039 101.81678772 1443.98193359 -508.548858643 27.0894012451 1727.9440918 -258.697418213 -157.895706177 1303.96655273 -508.549560547 -241.228683472 1727.9440918 1.40441894531 -319.198059082 1286.50097656 -508.544281006 -509.546447754 1727.9440918
0.0310349464417 8 -503.846679688 -127.309310913 1526.68310547 -439.11239624 256.481018066 1649.88378906 -438.187469482 102.465148926 1442.53808594 -508.213317871 28.4555358887 1726.44799805 -259.437866211 -157.696166992 1300.69311523 -508.214019775 -239.862548828 1726.44799805 0.0452270507812 -318.438964844 1278.72937012 -508.208740234 -508.180297852 1726.44799805
0.0347239971161 8 -501.002685547 -130.926727295 1528.12902832 -438.848022461 254.933364868 1646.71264648 -442.658325195 99.2892456055 1440.08642578 -500.571380615 26.2047424316 1726.78564453 -260.265625 -157.06652832 1298.00671387 -500.57208252 -242.113342285 1726.78564453 -1.68545532227 -318.509002686 1273.06176758 -500.566802979 -510.431091309 1726.78564453
0.031140089035 8 -500.336395264 -131.97328186 1529.81958008 -439.397125244 254.649230957 1646.69152832 -444.939941406 98.5191040039 1440.53186035 -497.934661865 25.4647216797 1728.25158691 -262.732879639 -155.280517578 1296.71386719 -497.93536377 -242.853363037 1728.25158691 -5.29504394531 -317.131103516 1268.30200195 -497.930084229 -511.171112061 1728.25158691
0.031152009964 8 -499.786254883 -132.001037598 1530.26513672 -439.049743652 254.842605591 1646.66333008 -448.521484375 99.1656799316 1440.24267578 -492.692993164 24.7875061035 1729.10473633 -260.969787598 -156.885772705 1295.54748535 -492.693695068 -243.530578613 1729.10473633 -3.43060302734 -320.406158447 1269.02001953 -492.688415527 -511.848327637 1729.10473633
0.0355758666992 8 -499.527191162 -131.779510498 1529.32348633 -437.822631836 254.750274658 1643.17504883 -449.082183838 99.090133667 1438.03588867 -490.59664917 25.6711883545 1727.58691406 -262.595855713 -156.697296143 1296.49560547 -490.597351074 -242.646896362 1727.58691406 -5.74884033203 -321.84564209 1269.21777344 -490.592071533 -510.964660645 1727.58691406
0.0307211875916 8 -499.997192383 -131.742645264 1529.09973145 -437.730285645 255.110015869 1641.42907715 -449.977081299 98.9114990234 1437.01000977 -489.980133057 26.1585998535 1726.96508789 -263.915405273 -157.104797363 1298.46887207 -489.980834961 -242.159484863 1726.96508789 -7.85305786133 -323.872283936 1272.42163086 -489.97555542 -510.477233887 1726.96508789
0.0313289165497 8 -499.448059082 -129.679595947 1529.38720703 -436.139862061 257.817260742 1640.5592041 -448.647521973 100.663398743 1436.9342041 -489.012298584 28.5203399658 1726.9979248 -263.036987305 -159.817321777 1300.95666504 -489.013000488 -239.797744751 1726.9979248 -7.70783996582 -328.689086914 1278.55810547 -489.007720947 -508.115478516 1726.9979248
0.0358250141144 8 -500.41885376 -128.21131897 1530.22497559 -435.902404785 258.85949707 1640.12390137 -448.509857178 101.630180359 1437.1394043 -490.120910645 30.6416320801 1727.31933594 -261.61730957 -162.169494629 1304.70483398 -490.121612549 -237.676452637 1727.31933594 -6.60263061523 -332.730407715 1287.42504883 -490.116333008 -505.99420166 1727.31933594
0.0316460132599 8 -498.635070801 -127.329177856 1530.57373047 -435.603942871 259.519012451 1640.41796875 -447.650268555 102.832672119 1437.7668457 -488.676300049 31.2440185547 1727.91186523 -260.951660156 -164.331512451 1310.08361816 -488.677001953 -237.074066162 1727.91186523 -6.95341491699 -336.828735352 1297.19946289 -488.671722412 -505.391815186 1727.91186523
0.0316920280457 8 -497.706787109 -127.565444946 1530.57495117 -434.80380249 259.435302734 1640.07580566 -446.96862793 102.710769653 1437.91418457 -487.510009766 30.7872772217 1728.07922363 -261.133972168 -166.406906128 1315.78259277 -487.51071167 -237.530807495 1728.07922363 -8.06407165527 -341.312561035 1307.17565918 -487.505432129 -505.848571777 1728.07922363
0.0352878570557 8 -496.816070557 -128.200271606 1531.92480469 -434.217254639 259.275604248 1639.87243652 -446.394622803 101.836212158 1438.50024414 -486.856719971 30.8697509766 1728.86328125 -258.193450928 -170.466674805 1321.10400391 -486.857421875 -237.44833374 1728.86328125 -6.71311950684 -349.161254883 1318.91015625 -486.852142334 -505.766082764 1728.86328125
0.0317239761353 8 -497.013366699 -128.442306519 1532.21533203 -432.688964844 259.260284424 1636.78771973 -445.133239746 100.606704712 1437.19165039 -486.173400879 31.9527740479 1728.0222168 -255.206069946 -174.493453979 1326.28649902 -486.174102783 -236.365310669 1728.0222168 -5.55305480957 -357.023986816 1329.00305176 -486.168823242 -504.683044434 1728.0222168
0.0318281650543 8 -496.957885742 -129.999633789 1532.56469727 -431.476745605 257.971466064 1635.23986816 -442.913299561 98.1510848999 1436.60144043 -487.277923584 31.6074523926 1727.42858887 -252.718231201 -178.506561279 1331.37817383 -487.278625488 -236.710632324 1727.42858887 -5.12373352051 -363.651184082 1339.94897461 -487.273345947 -505.028381348 1727.42858887
0.0352599620819 8 -499.77520752 -131.212783813 1532.88134766 -428.543029785 256.994232178 1630.92529297 -439.077056885 94.342956543 1434.91625977 -491.122314453 33.0183105469 1725.52099609 -249.501464844 -182.975891113 1336.89746094 -491.123016357 -235.29977417 1725.52099609 -2.25358581543 -368.647003174 1350.36914062 -491.117736816 -503.617523193 1725.52099609
0.0316340923309 8 -500.70602417 -131.563720703 1532.3951416 -426.113952637 256.060852051 1628.75598145 -433.945007324 91.9995422363 1433.83874512 -495.830657959 34.8117675781 1723.30432129 -246.888412476 -189.230224609 1341.65124512 -495.831359863 -233.506317139 1723.30432129 0.0245361328125 -373.449432373 1363.45056152 -495.826080322 -501.824066162 1723.30432129
0.0323529243469 8 -503.043273926 -132.51260376 1534.0078125 -423.753540039 256.135803223 1627.38574219 -421.012145996 86.1206512451 1436.4942627 -508.19342041 38.5094451904 1720.45715332 -247.559143066 -192.254684448 1346.73498535 -508.194122314 -229.808639526 1720.45715332 -2.22021484375 -376.409301758 1372.00073242 -508.188842773 -498.126403809 1720.45715332
0.0355160236359 8 -509.290252686 -133.893310547 1532.59057617 -423.087158203 252.844619751 1625.92163086 -417.500915527 81.3776550293 1436.19970703 -518.436645508 39.5807800293 1716.65869141 -246.414123535 -195.830963135 1352.0078125 -518.43737793 -228.737304688 1716.65869141 -4.54194641113 -381.258117676 1380.68579102 -518.432067871 -497.055053711 1716.65869141
0.0320298671722 8 -509.613037109 -134.963409424 1533.92224121 -419.547668457 253.142120361 1622.80480957 -415.360168457 78.263381958 1435.10998535 -517.821838379 40.83934021 1715.96350098 -242.859603882 -201.174453735 1357.2734375 -517.822570801 -227.478744507 1715.96350098 -4.05101013184 -388.994384766 1390.18505859 -517.817260742 -495.796508789 1715.96350098
0.0322480201721 8 -512.050292969 -134.699066162 1534.8293457 -417.216430664 253.637207031 1621.21618652 -412.250671387 75.8149108887 1435.5645752 -521.739501953 43.5025939941 1714.49499512 -239.593200684 -205.832305908 1362.87670898 -521.740234375 -224.815490723 1714.49499512 -3.75201416016 -396.627075195 1401.25134277 -521.734924316 -493.133239746 1714.49499512
0.0358071327209 8 -514.035766602 -133.22543335 1536.12866211 -415.677429199 254.942810059 1620.42504883 -408.81161499 74.8421325684 1437.26062012 -525.849487305 47.0153503418 1713.64685059 -236.957611084 -209.667114258 1368.68054199 -525.850219727 -221.302734375 1713.64685059 -4.44367980957 -403.889648438 1410.21105957 -525.844909668 -489.620483398 1713.64685059
0.0318369865417 8 -514.920776367 -133.222869873 1536.80493164 -414.398071289 254.530838013 1620.06359863 -406.868438721 73.5283432007 1438.13769531 -527.18145752 47.9160766602 1713.42553711 -235.13961792 -212.099945068 1374.11804199 -527.182189941 -220.402008057 1713.42553711 -4.78884887695 -408.935211182 1419.27880859 -527.176879883 -488.71975708 1713.42553711
0.0371508598328 8 -516.666625977 -132.820831299 1535.94177246 -412.110717773 252.559463501 1616.86474609 -403.817230225 71.4047546387 1437.39147949 -529.304504395 50.0555725098 1710.73205566 -233.742675781 -214.801391602 1379.32263184 -529.305236816 -218.262512207 1710.73205566 -5.70724487305 -413.074371338 1427.6229248 -529.299926758 -486.58026123 1710.73205566
0.031357049942 8 -515.862548828 -136.829803467 1535.06469727 -410.602294922 248.859008789 1614.77758789 -400.43939209 66.0947189331 1436.75878906 -531.11920166 47.7145690918 1707.90966797 -232.540786743 -217.172088623 1383.44116211 -531.119934082 -220.603515625 1707.90966797 -6.71835327148 -417.429138184 1433.34228516 -531.114624023 -488.921264648 1707.90966797
0.0322580337524 8 -518.540039062 -135.949325562 1534.69018555 -408.149719238 248.679794312 1614.1550293 -395.28112793 63.4226989746 1438.81677246 -537.436889648 51.1573181152 1704.3001709 -232.420837402 -221.824768066 1386.41931152 -537.43762207 -217.160766602 1704.3001709 -6.66775512695 -420.786804199 1438.58508301 -537.432312012 -485.478515625 1704.3001709
0.0422670841217 8 -516.62487793 -137.369949341 1536.84472656 -406.441375732 248.220565796 1612.89819336 -387.650024414 58.7626190186 1441.80041504 -538.140136719 52.645980835 1702.87731934 -230.391906738 -226.164779663 1387.95227051 -538.140869141 -215.672103882 1702.87731934 -4.51597595215 -425.114044189 1440.40197754 -538.135559082 -483.989868164 1702.87731934
0.0314919948578 8 -513.909301758 -138.574951172 1537.01123047 -403.572265625 248.310592651 1610.30456543 -381.869689941 55.4359283447 1441.73693848 -537.156066895 53.7680511475 1700.15368652 -229.385238647 -230.350631714 1386.26538086 -537.156799316 -214.550033569 1700.15368652 -2.66804504395 -427.382141113 1440.70178223 -537.151489258 -482.867797852 1700.15368652
0.0311858654022 8 -517.866821289 -139.671417236 1533.31762695 -403.180206299 246.311203003 1610.47143555 -380.905273438 52.6409454346 1441.64282227 -545.076049805 53.8101654053 1694.47338867 -228.837478638 -232.445266724 1384.39453125 -545.076782227 -214.507919312 1694.47338867 -1.24528503418 -428.014831543 1438.74072266 -545.071472168 -482.825683594 1694.47338867
0.0349450111389 8 -519.801391602 -138.082489014 1530.56420898 -400.906860352 245.941162109 1608.09069824 -379.743682861 52.5280761719 1439.96350098 -547.472167969 56.3698425293 1690.50012207 -228.601806641 -233.491210938 1381.99328613 -547.472900391 -211.948242188 1690.50012207 -0.104705810547 -427.603912354 1435.27038574 -547.467590332 -480.265991211 1690.50012207
0.0311050415039 8 -521.116027832 -140.283233643 1525.86193848 -400.691162109 242.864120483 1603.37744141 -376.989440918 48.4429779053 1437.73901367 -552.781066895 56.1810150146 1682.5612793 -229.465087891 -234.522659302 1378.76953125 -552.781799316 -212.137069702 1682.5612793 0.613510131836 -426.488922119 1430.58422852 -552.776489258 -480.454833984 1682.5612793
0.0314679145813 8 -521.475708008 -142.445175171 1523.51611328 -400.529998779 241.422027588 1601.03796387 -374.296020508 44.8216400146 1437.32055664 -556.570068359 55.7785186768 1677.25610352 -228.402359009 -235.041763306 1374.67578125 -556.570800781 -212.53956604 1677.25610352 2.06385803223 -426.036315918 1425.19360352 -556.565490723 -480.857299805 1677.25610352
0.035010099411 8 -521.489257812 -143.593109131 1521.01831055 -400.208435059 240.90461731 1600.37963867 -371.675476074 42.6559448242 1437.17028809 -558.736938477 55.3372192383 1673.34216309 -224.370254517 -237.798278809 1370.63757324 -558.737670898 -212.980865479 1673.34216309 7.44160461426 -428.050018311 1421.44433594 -558.73236084 -481.298614502 1673.34216309
0.0315549373627 8 -522.152099609 -143.715789795 1519.51220703 -399.958129883 240.770202637 1599.56091309 -370.863769531 41.7940826416 1436.64208984 -560.376525879 55.8136138916 1670.82739258 -221.863449097 -240.17918396 1365.63134766 -560.377258301 -212.504470825 1670.82739258 11.4304351807 -428.450744629 1416.65588379 -560.371948242 -480.82220459 1670.82739258
0.0315670967102 8 -522.374755859 -144.158065796 1518.63208008 -400.348815918 240.624298096 1599.18383789 -370.880554199 41.2529907227 1435.88867188 -560.679077148 55.4349060059 1669.85864258 -221.033599854 -240.408508301 1360.19213867 -560.67980957 -212.883178711 1669.85864258 13.5899047852 -427.524597168 1410.77416992 -560.674499512 -481.200927734 1669.85864258
0.036248922348 8 -523.30847168 -144.799560547 1519.42553711 -402.398193359 241.422866821 1602.94067383 -374.84588623 42.5459289551 1435.57995605 -559.81829834 52.8872680664 1673.55651855 -221.699432373 -240.475189209 1353.87243652 -559.819030762 -215.43081665 1673.55651855 14.4733581543 -425.630981445 1403.64379883 -559.813720703 -483.748565674 1673.55651855
0.0313670635223 8 -523.298950195 -143.806976318 1519.37890625 -403.657196045 242.757095337 1604.81567383 -378.027893066 45.6268920898 1434.65905762 -558.030456543 51.7935180664 1676.5423584 -226.032180786 -239.506378174 1346.20458984 -558.031188965 -216.52456665 1676.5423584 13.2000579834 -421.8984375 1397.29882812 -558.025878906 -484.842315674 1676.5423584
0.0317099094391 8 -520.090820312 -144.038848877 1521.43151855 -404.876861572 244.574356079 1605.59448242 -384.679382324 49.9627532959 1431.28967285 -549.41619873 48.282699585 1683.45227051 -230.595840454 -239.491012573 1338.72424316 -549.416931152 -220.035385132 1683.45227051 10.8680725098 -419.092529297 1390.60510254 -549.411621094 -488.353149414 1683.45227051
0.0357301235199 8 -518.260986328 -143.619354248 1521.90576172 -405.834106445 245.753417969 1605.5826416 -389.363922119 53.2447052002 1428.43359375 -543.763977051 46.6175384521 1687.03100586 -240.931045532 -237.508834839 1329.58630371 -543.764709473 -221.700546265 1687.03100586 1.38415527344 -415.907470703 1381.35510254 -543.759399414 -490.018310547 1687.03100586
0.0317158699036 8 -518.965209961 -142.597854614 1520.90795898 -406.703308105 247.011825562 1605.6072998 -394.478790283 56.3814544678 1425.83374023 -540.055969238 45.2143707275 1689.46166992 -255.134750366 -236.027023315 1320.53662109 -540.05670166 -223.103713989 1689.46166992 -12.838180542 -413.46105957 1371.62597656 -540.051391602 -491.421447754 1689.46166992
0.0438480377197 8 -517.900878906 -138.048858643 1521.38256836 -407.741546631 252.441513062 1608.62402344 -397.664306641 63.5110626221 1426.21337891 -535.692382812 46.7380523682 1693.65429688 -270.753234863 -236.274337769 1310.50073242 -535.693115234 -221.580032349 1693.65429688 -30.7224121094 -415.50201416 1364.81774902 -535.687805176 -489.897766113 1693.65429688
0.033725976944 8 -515.61340332 -134.424133301 1521.3996582 -408.835632324 256.517547607 1610.56152344 -402.968719482 70.8751068115 1425.03955078 -527.913818359 46.4987640381 1698.140625 -289.546722412 -235.379745483 1301.40490723 -527.914550781 -221.819320679 1698.140625 -54.3710327148 -422.473266602 1355.4543457 -527.909240723 -490.137084961 1698.140625
0.0300309658051 8 -509.415893555 -132.481933594 1519.35791016 -410.663208008 258.180847168 1613.8458252 -417.900177002 82.2464141846 1422.39611816 -506.08203125 38.3297271729 1705.6295166 -310.512908936 -231.180923462 1293.61755371 -506.082733154 -229.988357544 1705.6295166 -84.8563232422 -429.566772461 1344.73583984 -506.077453613 -498.306091309 1705.6295166
0.0304081439972 8 -490.133178711 -132.606445312 1511.77099609 -413.556518555 260.032897949 1616.20751953 -428.504882812 93.6027832031 1419.35217285 -482.038787842 28.0975646973 1705.72595215 -332.896362305 -230.077026367 1285.09289551 -482.039489746 -240.22052002 1705.72595215 -117.998825073 -442.660095215 1334.20361328 -482.034210205 -508.538269043 1705.72595215
0.0354189872742 8 -479.546905518 -130.294219971 1508.05322266 -414.599700928 260.860137939 1616.50598145 -444.247650146 102.724060059 1419.04467773 -458.128997803 23.7458496094 1706.24243164 -355.611846924 -224.814361572 1279.90454102 -458.129699707 -244.572235107 1706.24243164 -159.491790771 -456.465454102 1320.87390137 -458.124420166 -512.890014648 1706.24243164
0.0341908931732 8 -476.641265869 -124.210212708 1494.22143555 -417.571411133 261.992889404 1618.3536377 -452.179016113 113.845878601 1413.93554688 -447.68157959 21.1142120361 1698.56689453 -388.884429932 -186.98916626 1293.72167969 -447.682281494 -247.203872681 1698.56689453 -227.732131958 -435.85760498 1304.3425293 -447.677001953 -515.521606445 1698.56689453
0.0374200344086 8 -480.548095703 -122.19254303 1489.52893066 -418.64666748 261.85559082 1618.46704102 -460.171112061 117.540649414 1411.7824707 -443.519500732 19.8790130615 1695.3840332 -413.274475098 -162.84552002 1304.82714844 -443.520202637 -248.439071655 1695.3840332 -282.864013672 -424.975311279 1291.83935547 -443.514923096 -516.756835938 1695.3840332
0.0339550971985 8 -485.198974609 -119.667152405 1486.68530273 -420.042877197 261.816680908 1622.04711914 -465.451385498 121.71295166 1413.28112793 -443.52041626 17.9197845459 1694.95251465 -431.415435791 -149.320068359 1312.13049316 -443.521118164 -250.398300171 1694.95251465 -337.886383057 -420.030822754 1267.22875977 -443.515838623 -518.716064453 1694.95251465
0.0297999382019 8 -489.690979004 -116.828063965 1488.90649414 -422.82409668 262.609222412 1627.8515625 -470.305358887 125.406646729 1417.83227539 -444.951538086 18.2805175781 1698.30810547 -448.366119385 -142.19241333 1317.83410645 -444.95223999 -250.037567139 1698.30810547 -387.187744141 -420.217254639 1260.51196289 -444.946960449 -518.35534668 1698.30810547
0.0305368900299 8 -495.117980957 -113.41721344 1491.56738281 -425.134246826 263.199035645 1633.72009277 -480.241638184 130.046218872 1423.53894043 -442.378356934 18.7575378418 1701.02380371 -465.656616211 -135.822250366 1320.87219238 -442.379058838 -249.560546875 1701.02380371 -424.40814209 -418.956970215 1262.31970215 -442.373779297 -517.878295898 1701.02380371
0.0354340076447 8 -499.191833496 -112.287475586 1495.57983398 -425.778076172 263.608703613 1637.19274902 -486.311309814 131.442840576 1427.93640137 -440.836578369 19.213104248 1704.02233887 -481.687530518 -129.057098389 1325.45751953 -440.837280273 -249.104980469 1704.02233887 -455.565307617 -413.147674561 1258.29650879 -440.832000732 -517.422729492 1704.02233887
0.0313510894775 8 -501.2394104 -113.972854614 1499.75585938 -425.63079834 262.864685059 1638.88427734 -493.806762695 129.939407349 1431.96398926 -435.196258545 17.9430999756 1705.62145996 -495.803649902 -125.25970459 1327.97937012 -435.196960449 -250.374984741 1705.62145996 -483.434875488 -408.265716553 1250.71911621 -435.191680908 -518.692749023 1705.62145996
0.0312008857727 8 -502.54800415 -114.668334961 1503.95727539 -425.875946045 263.60269165 1639.77954102 -497.791687012 128.819519043 1434.36047363 -432.96496582 18.9591064453 1707.56115723 -510.929534912 -127.268371582 1327.27600098 -432.965667725 -249.358978271 1707.56115723 -507.467315674 -407.142364502 1237.41662598 -432.960388184 -517.676757812 1707.56115723
0.0354371070862 8 -502.734924316 -115.02141571 1509.14782715 -426.465118408 264.75881958 1643.22192383 -501.003387451 128.391113281 1439.11340332 -430.699035645 19.4339752197 1711.36071777 -525.417724609 -125.3253479 1325.39282227 -430.699737549 -248.884109497 1711.36071777 -530.237670898 -402.003936768 1225.35253906 -430.694458008 -517.201843262 1711.36071777
0.0307369232178 8 -504.998413086 -113.477684021 1511.98486328 -428.193328857 265.40423584 1648.4095459 -508.140441895 130.79574585 1445.14318848 -427.675842285 19.1802520752 1713.40539551 -539.501831055 -122.657745361 1322.82104492 -427.676544189 -249.137832642 1713.40539551 -550.202941895 -396.767028809 1215.56347656 -427.671264648 -517.455566406 1713.40539551
0.031750202179 8 -503.744934082 -115.371520996 1517.04467773 -428.310302734 265.259521484 1651.48132324 -514.02130127 128.723510742 1450.37158203 -420.856048584 18.8684692383 1715.14135742 -553.712524414 -117.442047119 1321.0246582 -420.856750488 -249.449615479 1715.14135742 -563.235839844 -389.942901611 1208.95556641 -420.851470947 -517.767333984 1715.14135742
0.0352239608765 8 -502.292175293 -117.906600952 1521.23413086 -427.469970703 264.62713623 1652.97888184 -520.732910156 125.886314392 1455.33227539 -412.559692383 18.0734100342 1715.07836914 -564.910339355 -116.022071838 1318.6953125 -412.560394287 -250.244674683 1715.07836914 -571.860778809 -387.656036377 1203.96777344 -412.555114746 -518.562438965 1715.07836914
0.0316908359528 8 -502.271850586 -119.270751953 1526.39453125 -428.574707031 265.060394287 1657.24047852 -527.939880371 124.62311554 1463.37878418 -407.381530762 16.8845214844 1717.63146973 -573.905822754 -115.337730408 1317.28991699 -407.382232666 -251.433563232 1717.63146973 -575.838562012 -386.680786133 1201.54248047 -407.376953125 -519.751342773 1717.63146973
0.0353381633759 8 -501.63885498 -119.406944275 1528.34289551 -429.480773926 264.652862549 1662.88916016 -533.415893555 125.017250061 1470.39794922 -402.557891846 15.1375274658 1718.58300781 -578.864746094 -114.260063171 1319.07348633 -402.55859375 -253.180557251 1718.58300781 -577.207702637 -384.85357666 1201.47119141 -402.553314209 -521.498291016 1718.58300781
0.0325589179993 8 -500.663635254 -121.61630249 1525.71850586 -427.430419922 263.300567627 1658.2557373 -536.151611328 122.54447937 1468.63293457 -396.253692627 13.8398284912 1712.48791504 -580.674804688 -111.620758057 1322.89489746 -396.254394531 -254.478256226 1712.48791504 -577.463623047 -381.269500732 1203.08374023 -396.24911499 -522.796020508 1712.48791504
0.031681060791 8 -499.503173828 -122.147445679 1530.60351562 -428.54095459 263.235900879 1662.94726562 -538.422058105 121.685783386 1474.25427246 -395.250335693 14.1892242432 1716.85119629 -583.153808594 -115.339729309 1323.87817383 -395.251037598 -254.128860474 1716.85119629 -575.797790527 -385.517059326 1205.45019531 -395.245758057 -522.446594238 1716.85119629
0.0361330509186 8 -499.789916992 -123.123771667 1531.38366699 -426.043334961 263.641815186 1659.28820801 -540.850708008 120.195320129 1474.25561523 -392.864990234 14.8123626709 1714.9440918 -583.725036621 -114.719612122 1328.4041748 -392.865692139 -253.505722046 1714.9440918 -573.071838379 -385.499847412 1211.59240723 -392.860412598 -521.823486328 1714.9440918
0.0314719676971 8 -498.660552979 -122.947341919 1535.81347656 -426.044616699 264.776184082 1663.47192383 -540.733398438 120.188682556 1478.58410645 -391.561920166 15.5231170654 1718.88781738 -585.25213623 -116.866920471 1331.98596191 -391.56262207 -252.794967651 1718.88781738 -568.115783691 -387.349731445 1215.36633301 -391.557342529 -521.112731934 1718.88781738
0.031760931015 8 -497.386108398 -123.282295227 1538.15270996 -425.011291504 265.29989624 1665.56640625 -540.450683594 119.723899841 1481.08178711 -390.140319824 15.5196228027 1720.8984375 -586.317504883 -116.440299988 1336.62573242 -390.141021729 -252.798461914 1720.8984375 -562.768493652 -387.038787842 1221.46191406 -390.135742188 -521.116210938 1720.8984375
0.0354290008545 8 -496.475280762 -123.714584351 1539.10839844 -423.267547607 264.90447998 1667.61767578 -540.052001953 119.483924866 1483.24951172 -388.393554688 14.4194335938 1721.87036133 -586.125671387 -116.683494568 1340.03186035 -388.394256592 -253.898651123 1721.87036133 -556.743530273 -387.508209229 1226.76184082 -388.388977051 -522.216430664 1721.87036133
0.0318329334259 8 -496.399902344 -120.692604065 1540.38085938 -423.912902832 265.499938965 1672.13928223 -539.744689941 123.0753479 1486.89001465 -388.091125488 15.5404205322 1724.42590332 -584.161315918 -117.569747925 1341.76550293 -388.091827393 -252.777664185 1724.42590332 -551.570861816 -389.143920898 1231.11254883 -388.086547852 -521.095397949 1724.42590332
0.031895160675 8 -496.158416748 -121.063644409 1539.29748535 -421.767669678 265.262023926 1669.89587402 -539.04296875 122.815299988 1485.92480469 -386.30557251 14.9260406494 1722.61083984 -582.305847168 -114.290336609 1344.08374023 -386.306274414 -253.392044067 1722.61083984 -545.045166016 -385.629180908 1234.30981445 -386.300994873 -521.709777832 1722.61083984
0.0359988212585 8 -497.138336182 -120.770637512 1538.2442627 -420.933532715 265.271789551 1668.77197266 -538.881958008 123.272850037 1484.7175293 -386.437225342 14.8194885254 1721.34375 -580.899719238 -114.638038635 1343.26757812 -386.437927246 -253.498596191 1721.34375 -536.03338623 -385.311187744 1234.86425781 -386.432647705 -521.816345215 1721.34375
0.0340960025787 8 -497.094146729 -121.187088013 1536.67028809 -421.115539551 264.585510254 1668.21386719 -538.12890625 123.046180725 1483.45983887 -386.764129639 13.8101196289 1720.43127441 -579.500427246 -114.906776428 1341.33544922 -386.764831543 -254.507965088 1720.43127441 -529.102966309 -385.485931396 1235.11621094 -386.759552002 -522.825683594 1720.43127441
0.0319421291351 8 -496.571655273 -120.379379272 1536.359375 -421.35256958 265.230285645 1668.43127441 -537.323913574 123.874954224 1483.02709961 -386.968078613 14.5653533936 1720.59350586 -577.321289062 -114.911514282 1339.46679688 -386.968780518 -253.752731323 1720.59350586 -525.766418457 -385.984008789 1234.91088867 -386.963500977 -522.070495605 1720.59350586
0.0349729061127 8 -495.279022217 -120.512420654 1536.04931641 -421.323059082 265.172119141 1668.0357666 -534.750976562 123.687957764 1481.53442383 -387.647521973 14.6922302246 1721.2487793 -574.084106445 -113.544692993 1338.93725586 -387.648223877 -253.625854492 1721.2487793 -525.416992188 -385.342102051 1234.81982422 -387.642944336 -521.943603516 1721.2487793
0.0320429801941 8 -491.952636719 -121.996658325 1537.89355469 -421.964172363 265.070343018 1667.78430176 -526.584106445 121.278289795 1476.67822266 -393.575469971 16.2087402344 1725.91088867 -570.942687988 -115.151000977 1338.7052002 -393.576171875 -252.109344482 1725.91088867 -522.316040039 -386.532012939 1233.42297363 -393.570892334 -520.427124023 1725.91088867
0.0312781333923 8 -494.598815918 -118.877494812 1535.02331543 -422.110168457 265.497009277 1667.72692871 -528.579956055 125.304550171 1477.04418945 -392.721069336 16.5227966309 1723.2487793 -567.06817627 -118.178009033 1336.96777344 -392.72177124 -251.795288086 1723.2487793 -515.52142334 -390.351287842 1235.24365234 -392.716491699 -520.113037109 1723.2487793
0.0430719852448 8 -494.120300293 -117.388580322 1532.28710938 -421.81729126 265.543273926 1668.19140625 -529.137878418 127.319007874 1477.15209961 -391.47769165 16.2294616699 1721.38647461 -562.021240234 -115.746513367 1336.82397461 -391.478393555 -252.088623047 1721.38647461 -512.859985352 -389.341033936 1237.76513672 -391.473114014 -520.40637207 1721.38647461
0.0407719612122 8 -494.558013916 -114.661697388 1530.2052002 -423.636688232 267.111816406 1668.90625 -525.220153809 130.393737793 1474.04833984 -396.691253662 17.9107971191 1722.53955078 -557.542114258 -114.725875854 1337.04858398 -396.691955566 -250.407287598 1722.53955078 -513.863769531 -388.972595215 1237.30700684 -396.686676025 -518.725036621 1722.53955078
0.0301160812378 8 -495.679016113 -112.635536194 1529.33325195 -425.261810303 268.45223999 1668.73730469 -520.460205078 132.445800781 1470.55371094 -403.962371826 19.8052368164 1724.73413086 -553.982910156 -114.138595581 1337.14550781 -403.96307373 -248.5128479 1724.73413086 -513.172241211 -389.170593262 1238.28833008 -403.957794189 -516.830566406 1724.73413086
0.0314118862152 8 -495.938293457 -114.482559204 1526.45117188 -425.166870117 267.8152771 1661.17578125 -515.847167969 129.855102539 1462.98547363 -408.030700684 20.0333557129 1722.16223145 -549.318786621 -114.842666626 1336.109375 -408.031402588 -248.284729004 1722.16223145 -510.255065918 -390.91607666 1239.4362793 -408.026123047 -516.602478027 1722.16223145
0.0296249389648 8 -495.654785156 -115.398300171 1525.76611328 -428.06640625 267.399169922 1660.94152832 -513.848754883 128.768798828 1461.01269531 -412.146728516 19.6817932129 1723.05102539 -545.285888672 -119.989044189 1333.3581543 -412.14743042 -248.636291504 1723.05102539 -505.651733398 -397.017425537 1239.68334961 -412.142150879 -516.954040527 1723.05102539
0.0296640396118 8 -495.726013184 -116.090774536 1524.04296875 -428.12411499 267.402770996 1657.30883789 -510.761016846 127.604728699 1456.7376709 -415.397369385 20.1678619385 1721.84191895 -542.696228027 -119.838844299 1332.55883789 -415.398071289 -248.150222778 1721.84191895 -500.713256836 -396.903656006 1239.99682617 -415.392791748 -516.467956543 1721.84191895
0.0355160236359 8 -495.747802734 -116.173156738 1521.54272461 -428.284210205 267.353546143 1652.49914551 -510.86907959 127.17300415 1452.9440918 -415.353118896 21.1495361328 1718.59838867 -540.011169434 -122.363006592 1330.68847656 -415.353820801 -247.168548584 1718.59838867 -493.25479126 -399.407745361 1240.48840332 -415.34854126 -515.486328125 1718.59838867
0.0312569141388 8 -495.140319824 -116.989906311 1519.77526855 -429.827972412 266.182495117 1650.65478516 -509.291168213 126.260528564 1450.60180664 -416.255554199 20.5520477295 1717.29833984 -535.742919922 -125.807159424 1330.08789062 -416.256256104 -247.766036987 1717.29833984 -486.504760742 -403.063873291 1241.83239746 -416.250976562 -516.08380127 1717.29833984
0.0314161777496 8 -492.300354004 -119.116836548 1523.04943848 -429.96182251 266.60357666 1649.15393066 -504.799865723 122.79258728 1449.10144043 -418.534606934 22.0930633545 1719.93273926 -531.375244141 -128.088531494 1329.74047852 -418.535308838 -246.225021362 1719.93273926 -478.848815918 -406.037689209 1245.74731445 -418.530029297 -514.542785645 1719.93273926
0.0356168746948 8 -493.345581055 -117.552749634 1520.27270508 -431.210754395 267.170318604 1648.95715332 -505.037719727 124.862709045 1447.82116699 -420.088378906 22.2081298828 1718.39245605 -527.448913574 -131.65826416 1328.87561035 -420.089080811 -246.109954834 1718.39245605 -471.876312256 -410.572631836 1250.32556152 -420.08380127 -514.427734375 1718.39245605
0.0317101478577 8 -491.033172607 -119.742393494 1521.16918945 -429.250030518 267.188049316 1644.81225586 -510.515716553 122.269989014 1449.22875977 -410.91506958 21.6849517822 1715.34521484 -524.57824707 -130.362197876 1330.11547852 -410.915771484 -246.633132935 1715.34521484 -467.246826172 -409.344055176 1252.91540527 -410.910491943 -514.950866699 1715.34521484
0.0312459468842 8 -489.132080078 -120.76953125 1521.59057617 -429.273986816 267.53125 1642.69787598 -509.10925293 120.393936157 1446.89685059 -411.796630859 23.0622711182 1715.16125488 -523.196228027 -131.729766846 1330.53552246 -411.797332764 -245.255813599 1715.16125488 -461.903167725 -410.492156982 1255.64123535 -411.792053223 -513.573547363 1715.16125488
