0.0309431552887 8 -423.351623535 -154.693450928 1483.82373047 -406.128509521 243.753692627 1654.0032959 -476.3125 111.101730347 1411.57531738 -355.529968262 -15.859085083 1717.9119873 -474.230163574 -140.221908569 1279.69470215 -355.53036499 -307.18548584 1717.9119873 -426.919128418 -447.699645996 1202.81018066 -355.524627686 -598.51159668 1717.9119873
0.0312178134918 8 -423.396453857 -153.851165771 1482.25439453 -405.331359863 244.006561279 1653.50878906 -474.496032715 112.44190979 1410.50854492 -356.023864746 -16.0716400146 1717.09179688 -473.596374512 -137.301712036 1280.42993164 -356.024261475 -307.398071289 1717.09179688 -426.366333008 -444.519775391 1202.46691895 -356.01852417 -598.724182129 1717.09179688
0.0309360027313 8 -423.738769531 -153.711090088 1483.03588867 -405.449554443 244.469238281 1653.2598877 -475.493164062 112.401634216 1411.08203125 -355.699523926 -15.4662780762 1717.40991211 -473.258972168 -136.523254395 1280.41723633 -355.699920654 -306.792694092 1717.40991211 -428.569091797 -443.313812256 1199.42663574 -355.69418335 -598.118774414 1717.40991211
0.034086227417 8 -423.425018311 -153.259124756 1483.93408203 -404.846221924 245.287033081 1653.63464355 -475.526702881 112.791168213 1411.99450684 -354.444671631 -14.8248596191 1717.92248535 -473.758209229 -136.551986694 1280.56799316 -354.445068359 -306.151275635 1717.92248535 -428.589752197 -443.118347168 1198.9486084 -354.439331055 -597.477416992 1717.92248535
0.0302867889404 8 -423.901367188 -152.408157349 1481.9296875 -404.025756836 245.335388184 1653.31140137 -476.470214844 113.980323792 1411.60717773 -353.41973877 -15.1054077148 1716.13500977 -473.981964111 -135.737091064 1280.92175293 -353.420135498 -306.43182373 1716.13500977 -427.738494873 -442.402801514 1200.26818848 -353.414398193 -597.75793457 1716.13500977
0.0355551242828 8 -423.347900391 -151.931121826 1482.31542969 -403.666900635 246.170150757 1653.14709473 -477.535430908 114.11365509 1411.92370605 -352.264862061 -13.9784545898 1715.95544434 -472.87802124 -134.468597412 1280.77355957 -352.265258789 -305.304870605 1715.95544434 -427.228607178 -441.393096924 1200.75292969 -352.259521484 -596.630981445 1715.95544434
0.0311059951782 8 -422.719421387 -151.487670898 1483.59936523 -402.209838867 246.522338867 1654.06591797 -476.434051514 114.822250366 1413.84460449 -350.126434326 -14.1004180908 1717.10998535 -472.219390869 -133.946273804 1280.62268066 -350.126831055 -305.426818848 1717.10998535 -425.784637451 -441.054199219 1201.76525879 -350.12109375 -596.752929688 1717.10998535
0.0319578647614 8 -421.961669922 -152.956542969 1483.62255859 -401.259429932 246.044647217 1653.53295898 -474.588104248 113.238166809 1412.61486816 -350.483612061 -14.926071167 1717.09631348 -471.910949707 -132.43170166 1281.07458496 -350.484008789 -306.252502441 1717.09631348 -425.362884521 -439.662475586 1202.75354004 -350.478271484 -597.578613281 1717.09631348
0.0353701114655 8 -421.531799316 -153.433868408 1484.14233398 -401.886169434 246.131866455 1653.74890137 -474.35144043 112.634803772 1412.79931641 -349.931091309 -14.9861602783 1717.33349609 -471.750732422 -134.433288574 1280.4708252 -349.931488037 -306.312561035 1717.33349609 -424.807006836 -441.778747559 1202.83569336 -349.925750732 -597.638671875 1717.33349609
0.0322461128235 8 -421.444519043 -153.039123535 1482.75183105 -402.414398193 246.343994141 1653.38012695 -472.854095459 113.193649292 1410.99584961 -351.594573975 -14.8712005615 1716.63769531 -470.964416504 -134.696670532 1280.44506836 -351.594970703 -306.197631836 1716.63769531 -425.360687256 -442.437072754 1203.59033203 -351.589233398 -597.523742676 1716.63769531
0.0316967964172 8 -421.252502441 -152.996902466 1483.79724121 -401.027404785 246.888198853 1654.1953125 -472.934906006 113.235809326 1412.23181152 -350.732391357 -14.8652648926 1717.50500488 -470.965209961 -134.546951294 1280.59643555 -350.732788086 -306.191680908 1717.50500488 -426.923065186 -441.82598877 1201.08239746 -350.727050781 -597.517822266 1717.50500488
0.035392999649 8 -421.827331543 -153.833816528 1482.84899902 -400.739715576 245.34916687 1652.08398438 -475.712554932 112.090454102 1411.77954102 -349.686187744 -15.2661437988 1715.79785156 -471.032165527 -134.14151001 1280.81713867 -349.686584473 -306.592559814 1715.79785156 -426.20791626 -441.460449219 1201.86645508 -349.680847168 -597.918701172 1715.79785156
0.0318400859833 8 -420.821838379 -154.62286377 1483.74694824 -399.151245117 244.888427734 1652.01306152 -477.066070557 110.994430542 1413.37231445 -346.1378479 -15.6046905518 1715.61987305 -470.397674561 -135.179718018 1280.21374512 -346.138244629 -306.931091309 1715.61987305 -425.458465576 -442.681671143 1202.02758789 -346.132507324 -598.257202148 1715.61987305
0.0318999290466 8 -421.528442383 -154.842987061 1482.65869141 -400.507415771 243.936355591 1652.49829102 -476.163726807 111.166259766 1412.49023438 -348.509185791 -16.7289123535 1715.60180664 -471.066467285 -135.842041016 1280.05212402 -348.50958252 -308.055328369 1715.60180664 -424.663909912 -443.338775635 1202.71008301 -348.503845215 -599.381469727 1715.60180664
0.0361161231995 8 -421.097045898 -154.275512695 1482.31542969 -400.555236816 244.145889282 1653.24658203 -473.410003662 112.073654175 1411.67602539 -350.230010986 -16.7193450928 1716.24902344 -470.527984619 -135.797302246 1279.85070801 -350.230407715 -308.045776367 1716.24902344 -423.70199585 -443.199645996 1202.37487793 -350.22467041 -599.371887207 1716.24902344
0.0399980545044 8 -421.27633667 -153.261032104 1481.94995117 -399.637573242 244.902099609 1653.58789062 -475.898895264 113.075241089 1413.04467773 -347.296417236 -16.1459197998 1715.17358398 -470.093231201 -135.098999023 1280.31896973 -347.296813965 -307.472351074 1715.17358398 -423.832092285 -442.225402832 1201.42944336 -347.29107666 -598.798461914 1715.17358398
0.040011882782 8 -421.352294922 -154.608108521 1481.4987793 -399.335449219 243.110137939 1652.2878418 -472.956817627 112.0154953 1411.40429688 -349.447296143 -17.6449890137 1715.45483398 -470.273895264 -133.785858154 1281.06115723 -349.447692871 -308.971405029 1715.45483398 -424.994049072 -440.88168335 1201.48364258 -349.441955566 -600.297485352 1715.45483398
0.0351860523224 8 -421.153808594 -153.245849609 1481.33935547 -399.104858398 244.502883911 1653.14245605 -471.803924561 113.538009644 1411.13024902 -350.217071533 -16.5916900635 1715.77966309 -469.997253418 -135.149917603 1280.8605957 -350.217468262 -307.91809082 1715.77966309 -424.83190918 -442.225402832 1201.1295166 -350.211730957 -599.24420166 1715.77966309
0.0287959575653 8 -421.070007324 -155.745849609 1480.69030762 -399.783843994 242.128952026 1652.53955078 -475.111999512 110.601020813 1411.38574219 -348.264526367 -18.5994720459 1714.26000977 -469.423095703 -133.531829834 1281.25244141 -348.264923096 -309.92590332 1714.26000977 -426.493103027 -440.710449219 1200.71789551 -348.259185791 -601.25201416 1714.26000977
0.0283830165863 8 -421.583251953 -157.185211182 1479.77661133 -401.581726074 240.371734619 1652.26477051 -474.967224121 109.324050903 1410.55578613 -350.596313477 -20.527633667 1714.20007324 -468.943603516 -135.38180542 1280.65124512 -350.596710205 -311.854064941 1714.20007324 -426.429870605 -442.562774658 1199.88635254 -350.5909729 -603.180175781 1714.20007324
0.0351428985596 8 -421.990386963 -153.962158203 1479.90771484 -399.922637939 243.18421936 1653.10473633 -476.382629395 112.711647034 1412.11486816 -348.586608887 -17.975112915 1713.97814941 -468.622161865 -136.728057861 1280.10949707 -348.587005615 -309.301513672 1713.97814941 -427.456298828 -444.215820312 1199.81762695 -348.581268311 -600.627624512 1713.97814941
0.0327210426331 8 -421.563415527 -154.082763672 1479.36804199 -398.807861328 242.482009888 1652.53308105 -476.349731445 112.616645813 1411.98083496 -347.315429688 -18.2379760742 1713.25866699 -468.483306885 -132.727752686 1281.31970215 -347.315826416 -309.56439209 1713.25866699 -427.972503662 -440.247772217 1200.80944824 -347.310089111 -600.89050293 1713.25866699
0.0308401584625 8 -421.117248535 -152.257110596 1481.09570312 -398.81854248 245.173080444 1652.76062012 -473.608184814 114.396522522 1411.75561523 -349.326080322 -15.6959381104 1715.328125 -468.442199707 -132.632781982 1281.66162109 -349.326477051 -307.022338867 1715.328125 -427.635986328 -439.801544189 1199.97094727 -349.320739746 -598.348449707 1715.328125
0.0355358123779 8 -420.414489746 -153.917098999 1481.51074219 -398.383728027 243.731369019 1652.86853027 -473.744110107 112.476860046 1411.79626465 -348.200775146 -16.7071838379 1715.23864746 -468.387329102 -131.670471191 1282.45007324 -348.201171875 -308.033599854 1715.23864746 -429.334533691 -438.736724854 1199.54516602 -348.19543457 -599.359741211 1715.23864746
0.030905008316 8 -419.151550293 -154.405914307 1483.23364258 -397.099639893 244.079223633 1653.37524414 -476.621246338 111.398429871 1414.6262207 -343.216705322 -16.3513183594 1715.26123047 -468.540802002 -133.874328613 1281.47412109 -343.217102051 -307.677734375 1715.26123047 -427.948822021 -441.085083008 1199.86035156 -343.211364746 -599.003845215 1715.26123047
0.0395660400391 8 -419.483428955 -152.746337891 1482.88977051 -396.042572021 245.703048706 1653.66210938 -476.104614258 113.290870667 1414.44055176 -342.291870117 -15.0116882324 1714.70422363 -468.966094971 -133.836395264 1281.67150879 -342.292266846 -306.338104248 1714.70422363 -427.511932373 -441.341796875 1201.61401367 -342.286529541 -597.66418457 1714.70422363
0.0384049415588 8 -419.492492676 -151.419067383 1482.25317383 -394.625366211 246.899200439 1653.80395508 -475.783905029 114.866012573 1414.47937012 -341.167999268 -14.2844696045 1714.04919434 -468.934326172 -132.349304199 1282.21520996 -341.168395996 -305.610900879 1714.04919434 -426.798187256 -439.782470703 1202.21813965 -341.162658691 -596.937011719 1714.04919434
0.0303740501404 8 -418.838043213 -153.986999512 1482.82958984 -393.113983154 245.965057373 1649.39245605 -472.264923096 111.882858276 1411.28662109 -342.267425537 -14.7244415283 1713.91992188 -469.080169678 -131.017410278 1282.87805176 -342.267822266 -306.050842285 1713.91992188 -427.588378906 -438.23614502 1201.7277832 -342.262084961 -597.376953125 1713.91992188
0.0274450778961 8 -419.445983887 -152.583557129 1481.30969238 -393.494110107 246.099899292 1651.68103027 -470.140228271 114.127372742 1410.90515137 -344.909576416 -15.4092559814 1714.31018066 -469.256225586 -135.479125977 1281.52355957 -344.909973145 -306.735656738 1714.31018066 -426.914520264 -443.203979492 1202.796875 -344.90423584 -598.061767578 1714.31018066
0.0340869426727 8 -418.523284912 -155.55178833 1484.59387207 -393.186859131 245.468185425 1652.35021973 -466.379608154 110.926376343 1411.39526367 -347.587371826 -17.131362915 1717.97558594 -469.01574707 -133.466339111 1282.18615723 -347.587768555 -308.457763672 1717.97558594 -427.738616943 -441.240478516 1203.06835938 -347.58203125 -599.783874512 1717.97558594
0.0293409824371 8 -418.864501953 -155.670837402 1483.85205078 -394.155853271 244.805099487 1653.1920166 -466.925933838 111.003433228 1411.46044922 -347.815338135 -17.9262237549 1717.61328125 -469.731933594 -136.574234009 1281.15087891 -347.815734863 -309.252624512 1717.61328125 -428.392974854 -444.386535645 1202.19616699 -347.809997559 -600.578735352 1717.61328125
0.0309951305389 8 -419.563964844 -154.05368042 1483.00646973 -393.282867432 245.137329102 1654.1027832 -466.9765625 113.010017395 1411.60949707 -348.657348633 -17.4062347412 1717.46008301 -469.967254639 -137.04800415 1280.71643066 -348.657745361 -308.732666016 1717.46008301 -427.302001953 -444.840789795 1202.3984375 -348.652008057 -600.058776855 1717.46008301
0.0352408885956 8 -419.464416504 -154.01940918 1481.98095703 -391.751037598 244.246246338 1654.03051758 -467.924468994 113.338287354 1412.41186523 -345.579742432 -18.3755187988 1716.09716797 -471.069122314 -135.540237427 1280.5645752 -345.58013916 -309.701934814 1716.09716797 -425.307159424 -442.330566406 1200.17272949 -345.574401855 -601.028076172 1716.09716797
0.0315630435944 8 -419.582885742 -153.565795898 1481.6307373 -391.327484131 244.572189331 1653.99450684 -469.363250732 113.731018066 1412.75524902 -344.075775146 -17.9512023926 1715.24816895 -471.66897583 -133.663665771 1279.09008789 -344.076171875 -309.277618408 1715.24816895 -422.787384033 -439.506652832 1196.97619629 -344.07043457 -600.603759766 1715.24816895
0.0314159393311 8 -420.24105835 -154.124664307 1480.36889648 -391.340881348 243.629348755 1652.48974609 -466.717468262 113.540161133 1410.65124512 -347.53918457 -19.0509643555 1715.17712402 -471.235931396 -132.378707886 1275.95910645 -347.539581299 -310.377380371 1715.17712402 -420.76260376 -437.825927734 1193.28820801 -347.533843994 -601.703491211 1715.17712402
0.0359790325165 8 -419.709411621 -153.737808228 1481.41699219 -390.441345215 243.28338623 1653.7388916 -461.559997559 114.425186157 1410.74658203 -350.552734375 -19.4662017822 1717.734375 -470.810302734 -130.416137695 1271.59179688 -350.553131104 -310.792602539 1717.734375 -417.872039795 -435.135314941 1187.7890625 -350.547393799 -602.118713379 1717.734375
0.0312569141388 8 -419.056152344 -155.265365601 1481.40478516 -389.571594238 241.920166016 1653.88525391 -459.456329346 112.916412354 1409.92126465 -351.360137939 -20.8080749512 1718.05285645 -471.691650391 -127.400253296 1267.73327637 -351.360534668 -312.134490967 1718.05285645 -411.11831665 -430.235778809 1182.61853027 -351.354797363 -603.460571289 1718.05285645
0.0317850112915 8 -418.582061768 -156.240264893 1480.0098877 -388.305786133 240.62121582 1653.9473877 -460.000091553 112.111099243 1409.73193359 -349.930450439 -22.5102386475 1716.80175781 -471.955413818 -125.766998291 1261.28588867 -349.930847168 -313.836669922 1716.80175781 -396.210174561 -426.037139893 1180.64990234 -349.925109863 -605.162780762 1716.80175781
0.0362491607666 8 -417.664398193 -153.304656982 1479.37890625 -387.038238525 241.382568359 1657.92578125 -461.576019287 115.816978455 1413.80444336 -346.729095459 -22.8182220459 1717.27905273 -471.292297363 -125.776802063 1253.63818359 -346.729492188 -314.14465332 1717.27905273 -364.848754883 -419.509033203 1194.57531738 -346.723754883 -605.47076416 1717.27905273
0.0320320129395 8 -416.099365234 -151.868774414 1476.92919922 -387.273590088 240.119674683 1661.42358398 -459.512908936 118.261131287 1415.28430176 -347.173065186 -25.1990814209 1717.46862793 -467.076080322 -124.938591003 1242.17150879 -347.173461914 -316.525512695 1717.46862793 -320.794769287 -401.351715088 1226.41223145 -347.167724609 -607.851623535 1717.46862793
0.0316209793091 8 -414.359863281 -151.867965698 1475.0291748 -386.634002686 239.162719727 1660.69018555 -458.862304688 118.275093079 1414.15856934 -346.014221191 -25.6232452393 1715.97399902 -464.973754883 -125.521873474 1229.98022461 -346.01461792 -316.949645996 1715.97399902 -287.324523926 -379.410736084 1247.46911621 -346.008880615 -608.275756836 1715.97399902
0.0486588478088 8 -414.190002441 -151.774154663 1474.2800293 -385.456695557 238.191680908 1660.81738281 -458.335723877 118.532661438 1413.83996582 -344.408905029 -25.8946685791 1715.01403809 -462.919006348 -124.816627502 1217.37634277 -344.409301758 -317.221069336 1715.01403809 -260.278137207 -350.143951416 1262.38110352 -344.403564453 -608.547180176 1715.01403809
0.0282990932465 8 -414.448455811 -154.246612549 1476.85400391 -385.517944336 235.318466187 1662.88244629 -457.980255127 115.878890991 1415.15881348 -345.044769287 -27.4440460205 1717.2154541 -457.395080566 -121.957290649 1205.5916748 -345.045166016 -318.770446777 1717.2154541 -237.739486694 -315.905853271 1274.9239502 -345.039428711 -610.096557617 1717.2154541
0.0407710075378 8 -411.596954346 -157.89630127 1490.63037109 -385.65725708 236.579727173 1668.95043945 -454.359680176 110.624221802 1421.98706055 -346.799133301 -25.5060577393 1729.20556641 -451.217102051 -114.948989868 1196.35009766 -346.799530029 -316.832458496 1729.20556641 -220.273529053 -276.627624512 1284.56677246 -346.793792725 -608.158569336 1729.20556641
0.0293169021606 8 -412.328979492 -156.305892944 1494.06933594 -385.994384766 237.413925171 1675.40100098 -461.535552979 111.238464355 1425.9942627 -342.626068115 -22.0411682129 1730.1842041 -439.403594971 -106.452987671 1189.08776855 -342.626464844 -313.367584229 1730.1842041 -202.578079224 -233.557861328 1295.08312988 -342.620727539 -604.693725586 1730.1842041
0.0338890552521 8 -414.320800781 -155.832458496 1498.26367188 -386.300537109 237.768280029 1678.69702148 -460.948181152 112.052536011 1429.60681152 -346.160522461 -22.0059356689 1735.10778809 -425.132415771 -93.2467956543 1184.02319336 -346.160919189 -313.332336426 1735.10778809 -187.333877563 -192.024505615 1304.14025879 -346.155181885 -604.658447266 1735.10778809
0.0328359603882 8 -410.085205078 -161.806182861 1511.91418457 -385.354431152 238.041534424 1681.37072754 -456.095214844 104.40145874 1436.72265625 -344.161254883 -22.6042785645 1746.25219727 -409.510681152 -77.562286377 1181.12988281 -344.161651611 -313.93069458 1746.25219727 -171.274780273 -151.416900635 1314.77246094 -344.155914307 -605.256835938 1746.25219727
0.0303270816803 8 -407.04498291 -165.960174561 1519.98571777 -387.676635742 236.503250122 1685.16699219 -458.335083008 99.0840759277 1444.0916748 -338.733154297 -24.3423461914 1752.18640137 -393.037200928 -59.7283325195 1180.60302734 -338.733551025 -315.668762207 1752.18640137 -156.360366821 -106.707595825 1326.01782227 -338.727813721 -606.994873047 1752.18640137
0.0303008556366 8 -405.46484375 -166.900497437 1523.03845215 -387.405700684 235.576126099 1687.56225586 -460.594299316 97.6277313232 1447.9855957 -334.308898926 -24.5243377686 1753.93554688 -374.781280518 -40.3250579834 1183.32409668 -334.309295654 -315.850769043 1753.93554688 -143.192459106 -64.6646194458 1339.82946777 -334.30355835 -607.176879883 1753.93554688
0.0352442264557 8 -404.546386719 -165.53918457 1521.01098633 -387.765045166 235.231719971 1688.18554688 -465.649200439 98.7981796265 1450.12927246 -328.60269165 -24.1971740723 1750.98327637 -360.090209961 -20.606918335 1187.57507324 -328.603088379 -315.523590088 1750.98327637 -133.642990112 -26.6438541412 1351.58166504 -328.597351074 -606.849731445 1750.98327637
0.0400638580322 8 -403.966003418 -162.209533691 1519.42150879 -387.677093506 236.855987549 1688.53417969 -468.066925049 102.096366882 1451.02868652 -326.058013916 -21.7353057861 1749.2947998 -341.218200684 -0.769775390625 1195.2253418 -326.058410645 -313.061706543 1749.2947998 -118.89276123 4.19679880142 1368.29626465 -326.05267334 -604.387817383 1749.2947998
0.0288059711456 8 -403.454528809 -158.183349609 1520.09619141 -389.804168701 238.250808716 1695.7232666 -465.387359619 107.259384155 1454.09228516 -330.063140869 -21.1969451904 1753.55004883 -321.329803467 19.1210708618 1205.51293945 -330.063537598 -312.523376465 1753.55004883 -107.333190918 28.6137199402 1392.30297852 -330.057800293 -603.849487305 1753.55004883
0.0371110439301 8 -403.21081543 -155.545028687 1520.44946289 -390.563751221 238.451187134 1699.82629395 -464.629699707 110.492202759 1456.32617188 -332.082519531 -20.7274627686 1755.875 -303.392059326 38.5584106445 1216.66015625 -332.08291626 -312.053894043 1755.875 -94.7369384766 50.8928146362 1413.5447998 -332.077178955 -603.380004883 1755.875
0.0295131206512 8 -402.762634277 -155.492416382 1522.41967773 -390.567779541 238.041763306 1702.34033203 -455.738342285 111.608009338 1455.52612305 -338.963378906 -21.6963500977 1760.43725586 -285.165344238 55.7971534729 1229.23352051 -338.963775635 -313.022766113 1760.43725586 -80.88331604 66.3955230713 1434.06213379 -338.95803833 -604.348876953 1760.43725586
0.0309979915619 8 -401.684448242 -155.005950928 1523.12597656 -391.483825684 236.328460693 1706.66259766 -452.241912842 112.802856445 1457.04541016 -342.7159729 -23.2295532227 1763.546875 -268.46661377 70.8712234497 1242.04492188 -342.716369629 -314.555969238 1763.546875 -65.0526885986 83.7648391724 1448.59082031 -342.710632324 -605.882080078 1763.546875
0.0411169528961 8 -400.950134277 -153.838806152 1523.95141602 -391.888580322 236.936828613 1709.32788086 -447.757019043 114.568748474 1457.49121094 -346.962341309 -23.2624206543 1766.203125 -248.191635132 84.9047775269 1256.46154785 -346.962738037 -314.58883667 1766.203125 -43.9694976807 99.8944091797 1464.71264648 -346.957000732 -605.914916992 1766.203125
0.028373003006 8 -401.364440918 -152.268997192 1526.65319824 -392.335906982 238.486663818 1710.63574219 -440.751739502 116.525604248 1457.18811035 -355.438751221 -21.3914489746 1770.35290527 -232.7368927 95.445640564 1269.68493652 -355.439147949 -312.71786499 1770.35290527 -27.0643920898 110.60899353 1480.40026855 -355.433410645 -604.043945312 1770.35290527
0.0298550128937 8 -401.066864014 -151.781738281 1528.45214844 -392.626647949 238.35067749 1714.34802246 -439.020324707 117.362358093 1459.39123535 -357.764465332 -21.8641967773 1773.18688965 -218.905654907 102.680427551 1283.32434082 -357.764862061 -313.190612793 1773.18688965 -10.8784942627 120.956764221 1495.23510742 -357.759124756 -604.516723633 1773.18688965
0.0379338264465 8 -401.331085205 -150.093399048 1530.66870117 -393.042755127 239.836898804 1717.69775391 -436.081817627 119.563964844 1461.87915039 -360.837677002 -21.2960205078 1776.48681641 -207.049880981 109.2940979 1296.63427734 -360.83807373 -312.622436523 1776.48681641 6.37124633789 130.71206665 1505.42883301 -360.832336426 -603.948547363 1776.48681641
0.02956199646 8 -401.16619873 -148.123580933 1531.51831055 -391.884124756 240.510375977 1718.88146973 -433.437896729 121.800666809 1462.52905273 -361.368499756 -19.6754455566 1777.64355469 -195.139160156 114.099342346 1309.80505371 -361.368896484 -311.001861572 1777.64355469 23.1579437256 138.147354126 1515.49536133 -361.36315918 -602.32800293 1777.64355469
0.0288391113281 8 -399.100097656 -150.688934326 1532.5012207 -390.413299561 237.810668945 1718.95568848 -425.740539551 119.428489685 1461.96801758 -363.911254883 -22.0286560059 1779.19262695 -189.887985229 119.086914062 1321.98010254 -363.911651611 -313.355072021 1779.19262695 43.1246032715 155.286132812 1508.2701416 -363.905914307 -604.681152344 1779.19262695
0.0348589420319 8 -399.549865723 -150.193908691 1534.18505859 -388.511016846 239.146774292 1718.95654297 -417.422973633 120.01537323 1461.48937988 -370.332092285 -20.9621734619 1781.29431152 -180.652938843 125.26625824 1333.93310547 -370.332489014 -312.288574219 1781.29431152 58.3133239746 175.829360962 1509.77905273 -370.326751709 -603.614685059 1781.29431152
0.0313069820404 8 -398.923400879 -153.245437622 1535.42138672 -387.2394104 237.492507935 1718.49645996 -410.528900146 116.720909119 1460.55578613 -375.81918335 -22.836730957 1782.56799316 -171.803939819 131.500961304 1341.70251465 -375.819580078 -314.163146973 1782.56799316 68.139465332 197.702819824 1511.50744629 -375.813842773 -605.489257812 1782.56799316
0.0434281826019 8 -398.147338867 -157.742507935 1534.48657227 -384.865661621 233.371170044 1714.81103516 -406.136047363 111.783836365 1457.48608398 -376.184997559 -25.7666778564 1780.93676758 -163.837127686 138.727050781 1343.94787598 -376.185394287 -317.093078613 1780.93676758 67.4901885986 199.529418945 1527.41674805 -376.179656982 -608.419189453 1780.93676758
0.0327589511871 8 -401.479309082 -159.298156738 1533.4621582 -383.619415283 232.534545898 1713.35021973 -398.678314209 110.052993774 1455.77307129 -386.125640869 -27.2210540771 1780.26916504 -162.173614502 147.601043701 1346.52770996 -386.126037598 -318.547485352 1780.26916504 68.9821624756 215.959518433 1528.28210449 -386.120300293 -609.873596191 1780.26916504
0.030256986618 8 -401.067932129 -161.888671875 1532.57617188 -381.687408447 229.916412354 1711.74902344 -397.733673096 107.267486572 1453.9888916 -384.098297119 -29.13671875 1778.99328613 -155.794021606 158.145996094 1354.18457031 -384.098693848 -320.463134766 1778.99328613 74.2917480469 232.677474976 1535.29711914 -384.092956543 -611.789245605 1778.99328613
0.0386509895325 8 -399.165649414 -160.109207153 1533.51953125 -381.343719482 233.320663452 1710.93652344 -400.063720703 108.817329407 1454.02148438 -379.641113281 -26.3681335449 1779.23217773 -154.882415771 164.842651367 1358.39428711 -379.64151001 -317.694549561 1779.23217773 74.2836608887 241.850799561 1539.9407959 -379.635772705 -609.020629883 1779.23217773
0.0328590869904 8 -398.192565918 -157.966583252 1534.52709961 -382.495880127 236.398391724 1711.04699707 -400.56237793 110.741638184 1454.24023438 -379.653503418 -23.4239501953 1779.90551758 -156.979736328 167.368927002 1359.62023926 -379.653900146 -314.750366211 1779.90551758 70.5669403076 248.032043457 1541.7421875 -379.648162842 -606.076477051 1779.90551758
0.0295538902283 8 -398.598602295 -152.042877197 1537.06616211 -383.030944824 244.155075073 1710.60900879 -400.50982666 115.965637207 1454.43151855 -380.598510742 -15.3887634277 1781.32556152 -157.122039795 167.932922363 1360.11120605 -380.598907471 -306.715179443 1781.32556152 66.6171112061 251.176208496 1545.77062988 -380.593170166 -598.041259766 1781.32556152
0.0306289196014 8 -397.768676758 -152.075363159 1536.41113281 -384.217071533 242.913879395 1711.34228516 -405.65447998 116.25214386 1455.26513672 -375.597473145 -16.342300415 1780.81201172 -157.199371338 164.935333252 1356.99462891 -375.597869873 -307.668701172 1780.81201172 62.4582977295 249.034912109 1547.08752441 -375.592132568 -598.994812012 1780.81201172
0.0338151454926 8 -398.870910645 -151.326034546 1534.75671387 -385.367797852 243.287139893 1708.74731445 -409.556121826 116.918197632 1453.60192871 -375.439849854 -15.3554534912 1778.92590332 -155.931427002 158.94921875 1348.12109375 -375.440246582 -306.681884766 1778.92590332 56.014251709 235.953155518 1551.03112793 -375.434509277 -598.007995605 1778.92590332
0.0313529968262 8 -400.635467529 -150.913085938 1533.24108887 -388.003936768 242.635971069 1709.94921875 -411.54196167 117.860862732 1453.8458252 -378.082855225 -16.5670623779 1778.40393066 -161.319076538 147.440368652 1338.15686035 -378.083251953 -307.893493652 1778.40393066 54.337097168 222.426269531 1538.1003418 -378.077514648 -599.219604492 1778.40393066
0.030632019043 8 -401.290527344 -150.379837036 1533.33496094 -389.529205322 243.082168579 1711.06091309 -411.900299072 118.564208984 1454.44592285 -379.111785889 -16.5596618652 1778.82946777 -165.005844116 135.189041138 1330.19213867 -379.112182617 -307.886077881 1778.82946777 51.6887207031 207.86831665 1530.34460449 -379.106445312 -599.212158203 1778.82946777
0.0354509353638 8 -398.41217041 -150.754272461 1532.45410156 -390.374450684 243.920730591 1707.8651123 -423.133331299 117.331619263 1454.45983887 -366.429351807 -15.5698394775 1775.90197754 -167.031036377 122.701820374 1322.96264648 -366.429748535 -306.896240234 1775.90197754 50.688873291 193.496002197 1522.79089355 -366.42401123 -598.222351074 1775.90197754
0.0414459705353 8 -397.703125 -151.577957153 1531.07507324 -390.996948242 243.458068848 1705.93017578 -429.438140869 116.014068604 1453.74755859 -360.256622314 -15.6448059082 1773.3815918 -172.535125732 106.86882019 1315.99853516 -360.257019043 -306.971221924 1773.3815918 48.5442352295 177.240859985 1514.35083008 -360.251281738 -598.297363281 1773.3815918
0.0290729999542 8 -397.289978027 -152.753189087 1529.38012695 -390.385253906 243.357208252 1701.52270508 -430.95526123 114.30696106 1450.80065918 -357.071166992 -15.2511749268 1770.43029785 -179.313949585 88.4351501465 1310.10046387 -357.071563721 -306.577575684 1770.43029785 46.2791442871 158.122833252 1506.58398438 -357.065826416 -597.903686523 1770.43029785
0.0311670303345 8 -398.915557861 -156.451629639 1528.18896484 -390.634979248 240.626296997 1698.82653809 -432.092315674 110.3801651 1448.50183105 -357.635955811 -18.0190734863 1768.56921387 -185.235549927 69.2148971558 1306.16491699 -357.636352539 -309.345489502 1768.56921387 44.40184021 137.746902466 1500.17272949 -357.630615234 -600.671630859 1768.56921387
0.0404539108276 8 -399.40222168 -156.606750488 1527.9395752 -391.082458496 240.895980835 1697.98168945 -431.950653076 110.237457275 1447.96679688 -359.099212646 -18.120513916 1768.47729492 -189.203796387 51.1015205383 1302.69396973 -359.099609375 -309.446929932 1768.47729492 44.5851287842 116.84967041 1496.22119141 -359.09387207 -600.773071289 1768.47729492
0.028412103653 8 -399.01373291 -158.489593506 1526.23974609 -389.472839355 239.928756714 1693.55627441 -432.651489258 107.864776611 1445.06750488 -355.622253418 -18.5416259766 1765.39904785 -195.155380249 34.0594863892 1299.47900391 -355.622650146 -309.868041992 1765.39904785 43.575881958 96.1954040527 1490.80664062 -355.616912842 -601.194152832 1765.39904785
0.0329830646515 8 -398.708435059 -160.57711792 1527.29467773 -388.73425293 239.51675415 1691.35766602 -431.899963379 105.11315918 1443.79296875 -356.862670898 -18.7192077637 1765.60351562 -202.169723511 19.5514450073 1296.91137695 -356.863067627 -310.045623779 1765.60351562 42.6857299805 74.7338027954 1483.83789062 -356.857330322 -601.371704102 1765.60351562
0.0304207801819 8 -399.24887085 -160.16973877 1526.26904297 -387.828857422 239.872848511 1690.74743652 -433.595397949 105.565567017 1443.36462402 -355.228149414 -18.5018463135 1764.30432129 -205.14352417 8.2843170166 1295.09228516 -355.228546143 -309.82824707 1764.30432129 42.053817749 62.5517501831 1479.52770996 -355.222808838 -601.15435791 1764.30432129
0.0347721576691 8 -398.12399292 -158.310058594 1526.18444824 -386.965637207 241.182418823 1690.39111328 -437.446777344 107.217193604 1444.91442871 -349.110412598 -16.6886901855 1763.24401855 -210.031555176 -2.83148956299 1293.11877441 -349.110809326 -308.015106201 1763.24401855 41.4456634521 46.7599449158 1471.60791016 -349.105072021 -599.341186523 1763.24401855
0.0312950611115 8 -400.442993164 -158.468170166 1524.26818848 -384.63067627 241.160903931 1686.76013184 -437.089294434 107.114059448 1441.90991211 -349.445739746 -16.3782806396 1760.63623047 -213.071304321 -9.39658355713 1290.70739746 -349.446136475 -307.704711914 1760.63623047 40.8762054443 34.3721084595 1466.95019531 -349.44039917 -599.030822754 1760.63623047
0.0315299034119 8 -402.291870117 -158.545166016 1524.73364258 -383.068328857 241.840713501 1684.43444824 -433.051818848 106.923339844 1439.7364502 -353.50213623 -15.4682617188 1760.93933105 -217.723312378 -17.1555557251 1289.0234375 -353.502532959 -306.794677734 1760.93933105 38.5920562744 26.6466293335 1460.16674805 -353.496795654 -598.120788574 1760.93933105
0.0357348918915 8 -404.534576416 -159.990081787 1524.11621094 -381.063049316 241.600830078 1679.27429199 -428.478851318 104.802368164 1435.02929688 -358.982513428 -14.681640625 1759.56396484 -219.161239624 -24.0042266846 1284.73083496 -358.982910156 -306.008056641 1759.56396484 41.6539764404 17.2850265503 1449.13708496 -358.977172852 -597.33416748 1759.56396484
0.0314919948578 8 -405.570007324 -160.864349365 1525.25695801 -379.066894531 243.02406311 1677.23693848 -427.596069336 103.370750427 1433.94091797 -359.097229004 -13.9410247803 1759.56030273 -220.801361084 -30.9574966431 1278.12353516 -359.097625732 -305.267456055 1759.56030273 44.5946960449 10.4147949219 1435.40625 -359.091888428 -596.593566895 1759.56030273
0.0313401222229 8 -405.12713623 -162.853729248 1522.71435547 -374.389343262 242.855224609 1668.67346191 -431.166015625 100.353042603 1429.48742676 -350.532043457 -13.3156585693 1753.59338379 -223.962020874 -36.4138641357 1269.79394531 -350.532440186 -304.642089844 1753.59338379 47.2795257568 2.57875442505 1416.06555176 -350.526702881 -595.968200684 1753.59338379
0.0355899333954 8 -404.598052979 -163.559020996 1518.89331055 -370.265991211 242.892227173 1661.35205078 -436.03338623 98.9161682129 1425.28442383 -341.075927734 -12.256652832 1746.30664062 -227.477157593 -41.13621521 1259.09423828 -341.076324463 -303.583068848 1746.30664062 49.4655303955 -6.33541870117 1394.75976562 -341.070587158 -594.909179688 1746.30664062
0.0317361354828 8 -409.418457031 -157.959838867 1505.91809082 -366.975036621 243.883636475 1657.60144043 -446.613555908 105.815956116 1418.3963623 -334.062164307 -9.9934387207 1731.85803223 -232.805252075 -47.5236129761 1248.59802246 -334.062561035 -301.319854736 1731.85803223 48.4686737061 -13.0694351196 1372.37121582 -334.05682373 -592.645996094 1731.85803223
0.0317969322205 8 -409.649688721 -158.170684814 1501.50585938 -363.189819336 244.137649536 1652.30493164 -448.904266357 105.764343262 1415.24487305 -328.528656006 -10.5687866211 1725.73095703 -236.867462158 -51.2300872803 1237.94470215 -328.529052734 -301.895202637 1725.73095703 48.4509277344 -19.7098255157 1350.21240234 -328.52331543 -593.221313477 1725.73095703
0.0354928970337 8 -411.555480957 -158.731063843 1497.26977539 -359.422393799 243.524398804 1646.18078613 -448.829559326 105.265487671 1410.25219727 -327.566986084 -11.1418304443 1720.47192383 -239.950637817 -54.5770111084 1228.16235352 -327.567382812 -302.468261719 1720.47192383 47.3776702881 -24.0821399689 1332.65161133 -327.561645508 -593.794372559 1720.47192383
0.031592130661 8 -413.046325684 -157.585174561 1493.70092773 -354.982818604 244.413848877 1640.61315918 -443.869262695 106.389419556 1404.22265625 -330.135375977 -9.97569274902 1717.25512695 -241.63659668 -57.2212677002 1220.2911377 -330.135772705 -301.302124023 1717.25512695 46.1436157227 -27.7917022705 1319.86022949 -330.1300354 -592.628234863 1717.25512695
0.0314328670502 8 -418.588195801 -156.036178589 1494.48474121 -351.355682373 243.934783936 1636.70751953 -434.988830566 107.158920288 1399.66577148 -341.331970215 -7.72706604004 1719.35668945 -243.302276611 -59.4069824219 1213.3013916 -341.332366943 -299.053466797 1719.35668945 43.3750915527 -32.8679199219 1311.50671387 -341.326629639 -590.379577637 1719.35668945
0.0359580516815 8 -419.959228516 -157.022216797 1493.85302734 -347.28793335 243.672744751 1631.9185791 -429.432281494 105.159561157 1395.16625977 -344.582611084 -7.1280670166 1718.39355469 -243.587280273 -63.5903320312 1207.97485352 -344.583007812 -298.454467773 1718.39355469 41.9566040039 -37.3485298157 1305.25463867 -344.577270508 -589.780578613 1718.39355469
0.0318131446838 8 -427.618774414 -156.104827881 1489.44897461 -344.439453125 243.105834961 1624.46740723 -413.34173584 102.841506958 1384.37658691 -366.799499512 -3.47023010254 1715.94665527 -243.335830688 -67.3177185059 1203.34790039 -366.79989624 -294.796630859 1715.94665527 40.9240570068 -42.2448883057 1298.62451172 -366.794158936 -586.122741699 1715.94665527
0.0322389602661 8 -429.829406738 -157.887863159 1489.45922852 -342.421630859 241.641082764 1621.32861328 -407.861816406 99.0298309326 1380.13342285 -371.889648438 -2.54734802246 1715.18908691 -245.011535645 -70.9562530518 1199.60852051 -371.890045166 -293.873779297 1715.18908691 37.8812255859 -47.1972351074 1290.77233887 -371.884307861 -585.199890137 1715.18908691
0.0356078147888 8 -429.642333984 -158.883483887 1490.52026367 -340.014892578 242.171478271 1617.30688477 -403.691772461 96.2500839233 1377.50390625 -374.465270996 -0.535202026367 1715.06616211 -246.341796875 -73.2883834839 1196.30627441 -374.465667725 -291.861633301 1715.06616211 34.9267883301 -49.8714904785 1283.40625 -374.45993042 -583.187744141 1715.06616211
0.0319721698761 8 -429.739318848 -159.592407227 1489.79431152 -338.040313721 241.956344604 1615.30444336 -399.934020996 94.7477416992 1375.68994141 -376.585876465 -0.461853027344 1714.40405273 -245.526245117 -73.9714202881 1193.64648438 -376.586273193 -291.788269043 1714.40405273 34.6262817383 -51.4187850952 1277.12475586 -376.580535889 -583.114379883 1714.40405273
0.0324239730835 8 -429.28515625 -161.563201904 1486.7623291 -334.957214355 240.432769775 1610.81481934 -400.297210693 92.7898864746 1372.3145752 -372.607452393 -2.69644165039 1710.77868652 -244.045318604 -75.3334197998 1189.82421875 -372.607849121 -294.022857666 1710.77868652 35.0014648438 -52.1444549561 1270.21008301 -372.602111816 -585.348999023 1710.77868652
0.0361299514771 8 -433.672180176 -160.266433716 1487.3659668 -334.495361328 240.687301636 1608.56799316 -400.436950684 92.7355194092 1371.06311035 -375.863586426 -0.481948852539 1710.45397949 -243.407928467 -75.9632263184 1186.44506836 -375.863983154 -291.808349609 1710.45397949 35.2167358398 -53.2642822266 1263.43408203 -375.85824585 -583.134460449 1710.45397949
0.0319831371307 8 -433.330200195 -161.726928711 1485.63439941 -333.825500488 239.160720825 1603.95507812 -400.15045166 90.2533874512 1367.06689453 -375.751342773 0.0963134765625 1707.33544922 -243.54826355 -76.2825775146 1182.78674316 -375.751739502 -291.230102539 1707.33544922 35.2702178955 -53.8760147095 1257.44921875 -375.746002197 -582.556213379 1707.33544922
0.0322399139404 8 -430.860961914 -162.557769775 1485.82922363 -332.766876221 240.254943848 1601.64978027 -398.898803711 88.9754257202 1365.95288086 -373.589538574 0.604690551758 1706.64379883 -243.101409912 -75.4444198608 1180.96191406 -373.589935303 -290.721740723 1706.64379883 35.2575683594 -54.2109603882 1254.03796387 -373.584197998 -582.047851562 1706.64379883
0.0356960296631 8 -430.952606201 -162.540740967 1482.68701172 -333.256408691 240.168945312 1599.99902344 -397.36227417 88.7537841797 1362.73791504 -375.017364502 0.757476806641 1703.75305176 -241.910491943 -76.5277404785 1180.03991699 -375.01776123 -290.568939209 1703.75305176 35.2865905762 -54.5534744263 1255.46362305 -375.012023926 -581.895019531 1703.75305176
0.0320639610291 8 -429.904876709 -165.802520752 1485.87231445 -333.296356201 239.657104492 1599.67675781 -398.464782715 84.3731918335 1363.05236816 -373.908508301 0.21711730957 1704.87731934 -242.756881714 -81.5318374634 1181.6373291 -373.908905029 -291.109313965 1704.87731934 33.3957977295 -58.0698051453 1261.01208496 -373.903167725 -582.435424805 1704.87731934
0.0464038848877 8 -427.43359375 -166.511260986 1488.95654297 -332.026397705 241.049026489 1600.5020752 -399.919616699 83.7577667236 1365.39868164 -368.659423828 0.0959625244141 1706.77758789 -245.103881836 -86.5540008545 1185.90942383 -368.659820557 -291.23046875 1706.77758789 29.6947937012 -65.2166671753 1270.99902344 -368.654083252 -582.55657959 1706.77758789
0.0327460765839 8 -425.925170898 -166.613250732 1489.76879883 -332.205200195 240.702453613 1602.43652344 -398.16192627 84.1291275024 1367.2052002 -368.049133301 -0.768646240234 1708.42492676 -247.332122803 -93.5784225464 1192.0411377 -368.049530029 -292.095062256 1708.42492676 24.4545288086 -76.1344985962 1286.08093262 -368.043792725 -583.421142578 1708.42492676
0.0301389694214 8 -425.832336426 -166.930953979 1490.25610352 -331.60345459 239.414840698 1603.90393066 -398.657653809 84.2591629028 1368.46704102 -367.816955566 -1.73213195801 1709.37084961 -250.450515747 -101.092033386 1200.60449219 -367.817352295 -293.058532715 1709.37084961 18.1245574951 -90.9057235718 1304.9543457 -367.81161499 -584.384643555 1709.37084961
0.0291471481323 8 -426.611572266 -167.007339478 1490.57299805 -329.948791504 238.886459351 1605.62915039 -397.958679199 84.4803009033 1369.73852539 -366.547790527 -3.18098449707 1710.16699219 -253.027099609 -110.356155396 1209.86572266 -366.548187256 -294.507385254 1710.16699219 11.6750183105 -108.400772095 1324.69458008 -366.542449951 -585.833496094 1710.16699219
0.0340118408203 8 -423.13482666 -168.69241333 1493.86254883 -329.374511719 239.051437378 1608.94628906 -399.690124512 83.9641418457 1374.40991211 -359.440734863 -5.97918701172 1713.22900391 -253.187835693 -120.001831055 1219.93920898 -359.441131592 -297.305603027 1713.22900391 7.11288452148 -123.68347168 1345.95129395 -359.435394287 -588.631713867 1713.22900391
0.0310311317444 8 -421.038635254 -167.740264893 1493.2010498 -328.611175537 238.358810425 1611.04321289 -404.290710449 87.1048583984 1377.4284668 -350.851501465 -8.14666748047 1712.82275391 -252.204589844 -130.347564697 1230.87304688 -350.851898193 -299.473083496 1712.82275391 3.5461730957 -137.610671997 1367.01074219 -350.846160889 -590.799194336 1712.82275391
0.0316569805145 8 -415.018127441 -170.079650879 1495.80249023 -327.450775146 237.1456604 1614.96240234 -410.041015625 87.0471801758 1384.32763672 -337.496337891 -12.784942627 1714.46801758 -253.517684937 -140.995651245 1240.69250488 -337.496734619 -304.111358643 1714.46801758 -1.59786987305 -151.210601807 1384.9810791 -337.490997314 -595.4375 1714.46801758
0.0355808734894 8 -411.35635376 -171.885864258 1496.68884277 -326.590667725 235.978652954 1616.57922363 -410.373382568 86.1096038818 1386.93640137 -331.46005249 -15.5268096924 1715.26818848 -253.673309326 -150.388839722 1251.25048828 -331.460449219 -306.853210449 1715.26818848 -5.84689331055 -162.298553467 1403.04528809 -331.454711914 -598.179321289 1715.26818848
0.0314831733704 8 -409.994842529 -171.484542847 1498.42993164 -325.874664307 234.248352051 1624.37585449 -403.487609863 87.450958252 1391.04785156 -335.678710938 -17.7078857422 1720.80566406 -254.383377075 -158.098968506 1261.4654541 -335.679107666 -309.034301758 1720.80566406 -9.83917236328 -170.802261353 1420.46447754 -335.673370361 -600.360412598 1720.80566406
0.0316460132599 8 -409.35635376 -174.065490723 1500.84423828 -324.672454834 232.168807983 1625.31384277 -398.887939453 84.2047729492 1392.1081543 -337.425964355 -19.6497802734 1723.59667969 -254.310287476 -165.928573608 1272.16235352 -337.426361084 -310.976196289 1723.59667969 -11.8553619385 -180.153411865 1435.74584961 -337.420623779 -602.302307129 1723.59667969
0.035582780838 8 -408.911224365 -174.093811035 1501.41455078 -322.814208984 231.54850769 1628.78979492 -397.032409668 84.8087921143 1394.27050781 -337.271362305 -21.3336334229 1725.43188477 -256.748352051 -172.873001099 1280.47949219 -337.271759033 -312.66003418 1725.43188477 -17.367477417 -188.974945068 1451.29699707 -337.266021729 -603.98614502 1725.43188477
0.0315680503845 8 -408.275878906 -173.311813354 1503.12158203 -322.077026367 230.41192627 1634.52111816 -395.86706543 86.5058135986 1398.2454834 -336.791015625 -22.6236114502 1728.60192871 -258.470123291 -178.858566284 1288.60742188 -336.791412354 -313.950012207 1728.60192871 -22.9618377686 -199.444564819 1466.52258301 -336.785675049 -605.276123047 1728.60192871
0.0353870391846 8 -408.503540039 -177.671600342 1503.52233887 -320.666900635 226.006652832 1631.88879395 -395.872009277 81.5395355225 1397.15771484 -335.877624512 -25.8876800537 1727.91210938 -258.823852539 -182.832290649 1297.21704102 -335.87802124 -317.214111328 1727.91210938 -26.1384429932 -207.901565552 1481.90734863 -335.872283936 -608.540222168 1727.91210938
0.0435240268707 8 -410.221008301 -177.642776489 1504.9206543 -319.610565186 224.667526245 1635.05407715 -392.631439209 81.7407836914 1399.73254395 -339.896881104 -27.4721984863 1731.10046387 -259.608947754 -188.318664551 1304.96496582 -339.897277832 -318.798614502 1731.10046387 -29.5823364258 -218.624404907 1496.23815918 -339.891540527 -610.124755859 1731.10046387
0.0362930297852 8 -408.491455078 -178.713348389 1506.90197754 -318.795898438 223.243041992 1637.66149902 -390.201965332 80.8827667236 1402.31994629 -339.476257324 -29.0143890381 1733.81481934 -258.967681885 -193.577133179 1313.36328125 -339.476654053 -320.340820312 1733.81481934 -32.3804321289 -228.744003296 1511.27453613 -339.470916748 -611.666931152 1733.81481934
0.0325689315796 8 -408.33190918 -180.613571167 1509.2578125 -317.267669678 222.070831299 1638.9621582 -389.209533691 78.6155929565 1403.89880371 -339.748413086 -30.308883667 1735.9095459 -258.651733398 -197.698516846 1320.57592773 -339.748809814 -321.635314941 1735.9095459 -32.9368743896 -237.182998657 1522.00061035 -339.74307251 -612.961425781 1735.9095459
0.0295050144196 8 -406.650634766 -181.573898315 1512.27954102 -316.688110352 221.594741821 1642.62231445 -387.097290039 77.8058929443 1407.35974121 -338.734680176 -31.6468048096 1739.3873291 -260.495605469 -200.762496948 1327.17944336 -338.735076904 -322.973205566 1739.3873291 -36.0860290527 -243.990463257 1532.45166016 -338.7293396 -614.299316406 1739.3873291
0.0365591049194 8 -410.083496094 -183.344116211 1513.15039062 -317.404083252 218.922317505 1643.80517578 -379.33895874 74.0866394043 1406.45214844 -351.087310791 -31.850982666 1741.55761719 -260.210632324 -202.685302734 1333.86694336 -351.08770752 -323.177398682 1741.55761719 -38.7238922119 -253.580596924 1543.43798828 -351.081970215 -614.503540039 1741.55761719
0.0319359302521 8 -413.923217773 -185.6534729 1514.32885742 -319.370727539 214.707519531 1644.8894043 -371.987304688 69.5535125732 1406.26782227 -364.507202148 -32.1502227783 1743.59179688 -259.206420898 -204.618545532 1340.21447754 -364.507598877 -323.476623535 1743.59179688 -39.072479248 -261.947692871 1551.82910156 -364.501861572 -614.802734375 1743.59179688
0.0291268825531 8 -412.953430176 -185.265319824 1516.32861328 -316.904052734 216.022964478 1646.09460449 -369.553955078 69.5825195312 1407.76281738 -363.584960938 -31.5369873047 1745.56237793 -259.571594238 -206.165496826 1344.04199219 -363.585357666 -322.86340332 1745.56237793 -40.3987426758 -269.412994385 1556.67785645 -363.579620361 -614.18951416 1745.56237793
0.0307350158691 8 -413.603759766 -184.96295166 1516.9954834 -315.224517822 216.17880249 1646.18310547 -365.914154053 68.899017334 1407.84509277 -365.799163818 -30.7119140625 1746.2454834 -259.853027344 -207.406005859 1346.95141602 -365.799560547 -322.038330078 1746.2454834 -41.381149292 -273.192962646 1560.59106445 -365.793823242 -613.364440918 1746.2454834
0.0451550483704 8 -413.464050293 -184.151153564 1517.27856445 -314.98449707 217.527954102 1646.74291992 -364.470001221 69.5079345703 1408.15319824 -366.690032959 -29.8115844727 1746.72009277 -259.967315674 -208.04574585 1348.41333008 -366.690429688 -321.138000488 1746.72009277 -41.7752990723 -275.105224609 1562.68127441 -366.684692383 -612.464111328 1746.72009277
0.0295760631561 8 -414.418212891 -184.214874268 1518.06311035 -314.709533691 217.15411377 1647.01025391 -361.646179199 68.432434082 1408.34667969 -368.989501953 -29.2244567871 1747.33959961 -261.104736328 -207.333953857 1348.14660645 -368.989898682 -320.550872803 1747.33959961 -43.4140319824 -278.424957275 1562.52746582 -368.984161377 -611.876953125 1747.33959961
0.0352110862732 8 -416.070770264 -184.894042969 1517.60217285 -313.527801514 216.627502441 1643.16125488 -362.812194824 66.5727844238 1405.41430664 -369.73651123 -27.9001464844 1745.33984375 -260.138671875 -208.465179443 1347.56738281 -369.736907959 -319.2265625 1745.33984375 -41.5124511719 -281.888763428 1561.23754883 -369.731170654 -610.55267334 1745.33984375
0.0315618515015 8 -416.399810791 -185.109344482 1517.48144531 -311.103057861 216.944519043 1638.23840332 -361.753387451 64.6664276123 1402.22912598 -370.233856201 -25.3602142334 1743.32751465 -259.189697266 -209.995986938 1345.81640625 -370.23425293 -316.686645508 1743.32751465 -38.5883178711 -288.704772949 1556.81506348 -370.228515625 -608.012756348 1743.32751465
0.0284509658813 8 -416.062866211 -186.783599854 1515.90698242 -309.981994629 215.583831787 1634.78369141 -362.860443115 62.8852996826 1399.72741699 -367.468963623 -26.7154693604 1741.02868652 -258.660003662 -212.789505005 1342.43103027 -367.469360352 -318.041870117 1741.02868652 -34.4663085938 -292.403137207 1552.54650879 -367.463623047 -609.367980957 1741.02868652
0.0386891365051 8 -414.819702148 -186.090179443 1515.87158203 -307.022003174 217.919555664 1630.56164551 -360.739624023 62.3084106445 1397.39611816 -364.981750488 -24.2910766602 1739.47937012 -259.924835205 -215.653533936 1339.27819824 -364.982147217 -315.617492676 1739.47937012 -30.930480957 -296.457366943 1547.29211426 -364.976409912 -606.943603516 1739.47937012
0.0345339775085 8 -415.108764648 -187.308990479 1514.171875 -305.138214111 217.162643433 1628.4510498 -359.294372559 60.6290740967 1395.52587891 -364.638549805 -25.5927276611 1737.703125 -261.577514648 -217.595291138 1334.18481445 -364.638946533 -316.919128418 1737.703125 -28.4563598633 -300.330871582 1538.2565918 -364.633209229 -608.245239258 1737.703125
0.0279538631439 8 -415.892852783 -187.642456055 1513.04943848 -303.268432617 216.758377075 1623.39978027 -359.555877686 58.8104553223 1391.59985352 -363.638031006 -23.8706970215 1734.66015625 -262.401733398 -218.527862549 1328.19299316 -363.638427734 -315.197113037 1734.66015625 -25.7138977051 -305.68460083 1525.61779785 -363.63269043 -606.523193359 1734.66015625
0.0294201374054 8 -414.104980469 -189.856811523 1512.11010742 -300.660247803 215.682571411 1618.37963867 -359.031402588 55.5287475586 1387.95458984 -359.124847412 -24.2850341797 1731.71240234 -262.772949219 -220.987091064 1321.72436523 -359.125244141 -315.611450195 1731.71240234 -20.4571990967 -310.234466553 1512.52270508 -359.119506836 -606.937561035 1731.71240234
0.0341680049896 8 -413.526306152 -191.029693604 1511.46899414 -296.365844727 214.236358643 1613.37744141 -358.861694336 53.1531982422 1384.78527832 -352.859924316 -24.6536865234 1728.95715332 -261.941741943 -224.205474854 1314.01867676 -352.860321045 -315.980102539 1728.95715332 -13.6221618652 -314.542724609 1497.45336914 -352.85458374 -607.306213379 1728.95715332
0.0307650566101 8 -412.084381104 -192.748046875 1510.28173828 -293.984436035 211.970092773 1609.33886719 -362.535919189 51.9933929443 1382.61462402 -345.404449463 -26.6083526611 1726.16101074 -262.919494629 -225.338851929 1306.12219238 -345.404846191 -317.934753418 1726.16101074 -9.87469482422 -321.881744385 1477.2487793 -345.399108887 -609.260864258 1726.16101074
0.0316069126129 8 -412.182189941 -193.243835449 1509.46533203 -289.965667725 210.976028442 1604.8614502 -361.923919678 50.4289855957 1380.01708984 -342.211334229 -26.501373291 1723.84912109 -264.987213135 -226.374725342 1297.24267578 -342.211730957 -317.827789307 1723.84912109 -6.42932128906 -326.872070312 1456.26135254 -342.205993652 -609.153930664 1723.84912109
0.0482640266418 8 -411.764190674 -195.039825439 1508.22546387 -285.700256348 209.110244751 1599.11682129 -363.266143799 47.6795654297 1376.33483887 -337.214813232 -27.2052612305 1720.20202637 -263.457336426 -227.884033203 1288.82641602 -337.215209961 -318.531677246 1720.20202637 1.42953491211 -333.194488525 1434.59313965 -337.209472656 -609.857788086 1720.20202637
0.0305650234222 8 -414.15246582 -196.02935791 1501.41015625 -279.068511963 206.63848877 1589.23510742 -367.338592529 46.0011444092 1367.65063477 -330.349334717 -28.9373931885 1710.50195312 -262.149078369 -230.645217896 1279.12414551 -330.349731445 -320.263793945 1710.50195312 8.7233581543 -341.068695068 1409.66442871 -330.343994141 -611.589904785 1710.50195312
0.0282649993896 8 -415.529846191 -196.71635437 1496.75805664 -274.747497559 204.461166382 1581.81176758 -367.296264648 44.6250915527 1362.24926758 -327.457336426 -30.4738464355 1704.77636719 -259.57800293 -235.504669189 1269.79138184 -327.457733154 -321.800262451 1704.77636719 17.5471191406 -348.287231445 1386.11987305 -327.45199585 -613.126342773 1704.77636719
0.0410988330841 8 -418.607910156 -198.996200562 1491.55444336 -271.114501953 199.811386108 1574.08532715 -364.741882324 40.4012298584 1355.77636719 -329.18963623 -32.9524993896 1699.11743164 -256.905944824 -239.373245239 1260.62792969 -329.190032959 -324.278930664 1699.11743164 22.9983215332 -356.2996521 1363.52282715 -329.184295654 -615.605041504 1699.11743164
0.02987408638 8 -417.330688477 -199.927505493 1492.33300781 -264.92678833 198.492111206 1567.73706055 -361.588531494 36.7376861572 1352.59020996 -324.711151123 -31.8029327393 1696.78723145 -254.03112793 -242.774246216 1252.62426758 -324.711547852 -323.129333496 1696.78723145 28.2021179199 -363.645568848 1341.17272949 -324.705810547 -614.455444336 1696.78723145
0.0316851139069 8 -419.034667969 -201.499755859 1491.69116211 -260.893005371 195.916625977 1561.57055664 -361.898864746 33.2935333252 1349.35534668 -322.410827637 -32.7431793213 1693.77307129 -252.103057861 -246.474136353 1245.14233398 -322.411224365 -324.069580078 1693.77307129 33.5693359375 -366.368591309 1321.6027832 -322.405487061 -615.395690918 1693.77307129
0.0328969955444 8 -418.27444458 -203.38218689 1491.5480957 -257.890930176 193.633239746 1558.46557617 -363.683624268 31.4010467529 1348.18127441 -315.913482666 -35.3359832764 1691.39855957 -250.565429688 -250.858963013 1236.87878418 -315.913879395 -326.662414551 1691.39855957 37.2698059082 -370.690856934 1304.10070801 -315.90814209 -617.988525391 1691.39855957
0.0291738510132 8 -417.955657959 -206.537963867 1492.69140625 -255.29826355 190.110916138 1553.92260742 -364.531646729 26.873550415 1346.6652832 -311.759063721 -37.4250030518 1689.62255859 -248.290527344 -253.512039185 1230.80151367 -311.759460449 -328.751403809 1689.62255859 41.9796447754 -373.914703369 1288.09436035 -311.753723145 -620.077514648 1689.62255859
0.0304989814758 8 -418.319854736 -207.395355225 1492.93139648 -251.957794189 189.65335083 1549.15612793 -364.87197876 24.3692779541 1344.3104248 -308.8855896 -37.3200836182 1687.24645996 -249.169158936 -255.313583374 1225.79443359 -308.885986328 -328.646484375 1687.24645996 43.661895752 -375.237365723 1272.94396973 -308.880249023 -619.972595215 1687.24645996
0.0454549789429 8 -419.210235596 -208.927276611 1490.59204102 -249.850524902 187.877838135 1543.27526855 -363.317718506 20.7795410156 1339.70178223 -310.077178955 -37.2899780273 1683.69250488 -248.683898926 -257.677185059 1220.8092041 -310.077575684 -328.616394043 1683.69250488 45.9720153809 -377.573944092 1259.30969238 -310.071838379 -619.942504883 1683.69250488
0.0342969894409 8 -423.857299805 -209.507263184 1488.41333008 -248.861404419 185.348648071 1536.73620605 -358.548950195 14.9866485596 1333.7121582 -319.173217773 -34.3547210693 1680.65820312 -246.668914795 -260.198913574 1215.76953125 -319.173614502 -325.681152344 1680.65820312 48.9941101074 -378.563201904 1248.09814453 -319.167877197 -617.007263184 1680.65820312
0.0299050807953 8 -425.733825684 -209.473937988 1489.28149414 -248.508148193 184.401168823 1533.54553223 -355.073059082 11.1575927734 1331.37866211 -323.376525879 -31.3360900879 1680.05493164 -246.165527344 -261.963745117 1211.85241699 -323.376922607 -322.662506104 1680.05493164 49.921661377 -378.605804443 1238.32312012 -323.371185303 -613.988647461 1680.05493164
0.0288851261139 8 -425.48425293 -211.234375 1489.60180664 -248.552062988 183.356765747 1531.98620605 -352.58190918 7.40591430664 1329.875 -325.759155273 -30.6798706055 1679.56518555 -245.898986816 -262.868591309 1208.43115234 -325.759552002 -322.006286621 1679.56518555 49.6311645508 -379.808105469 1229.17407227 -325.753814697 -613.332397461 1679.56518555
0.0294549465179 8 -428.538146973 -212.571868896 1486.8894043 -247.949066162 180.400772095 1531.15441895 -348.341339111 3.65934753418 1327.41394043 -333.011627197 -31.0860443115 1678.08972168 -246.387771606 -263.781494141 1205.14611816 -333.012023926 -322.412475586 1678.08972168 48.6777801514 -380.714782715 1220.83044434 -333.006286621 -613.738586426 1678.08972168
0.0311739444733 8 -428.684326172 -212.431396484 1485.70166016 -245.835372925 181.248641968 1530.80358887 -348.596282959 4.3486328125 1326.83996582 -330.897247314 -32.5032958984 1677.29602051 -245.558135986 -265.792663574 1203.05664062 -330.897644043 -323.829711914 1677.29602051 48.8073730469 -381.540374756 1214.54772949 -330.891906738 -615.155822754 1677.29602051
0.0454869270325 8 -435.527099609 -214.843185425 1482.06945801 -248.468505859 177.523452759 1526.65710449 -337.90057373 -5.68991088867 1323.3560791 -350.605163574 -29.6128540039 1674.27770996 -244.015609741 -267.542327881 1200.57409668 -350.605560303 -320.93927002 1674.27770996 49.7363433838 -382.825256348 1209.59533691 -350.599822998 -612.265380859 1674.27770996
0.0301241874695 8 -439.587127686 -212.618377686 1482.28015137 -246.339538574 177.787445068 1525.45654297 -334.561096191 -8.04187011719 1322.14025879 -357.47064209 -24.7391662598 1673.2911377 -242.767791748 -268.928863525 1199.73193359 -357.471038818 -316.065582275 1673.2911377 50.1061401367 -383.722290039 1207.23071289 -357.465301514 -607.391723633 1673.2911377
0.0392239093781 8 -437.996032715 -214.764175415 1483.88354492 -245.609436035 176.685256958 1524.92773438 -337.314544678 -9.18450927734 1322.06115723 -352.992706299 -26.9336853027 1673.83215332 -242.929977417 -270.735931396 1199.38464355 -352.993103027 -318.260101318 1673.83215332 49.4656219482 -383.845367432 1207.43737793 -352.987365723 -609.586181641 1673.83215332
0.0305979251862 8 -444.258575439 -214.370605469 1483.67993164 -247.110397339 173.712677002 1524.43713379 -331.645721436 -15.2693786621 1321.79016113 -366.10055542 -22.47265625 1672.35388184 -242.350738525 -271.421295166 1199.01025391 -366.100952148 -313.799072266 1672.35388184 48.9742736816 -384.414215088 1209.18103027 -366.095214844 -605.125183105 1672.35388184
0.0274310112 8 -445.933776855 -211.670166016 1484.08007812 -245.061920166 175.281295776 1524.83044434 -326.785217285 -16.0839233398 1322.45910645 -371.785644531 -17.4237976074 1672.07531738 -242.084564209 -272.795074463 1199.45715332 -371.78604126 -308.750213623 1672.07531738 48.6817016602 -385.402069092 1213.36828613 -371.780303955 -600.076293945 1672.07531738
0.0335569381714 8 -447.875488281 -209.682067871 1484.19836426 -244.093322754 175.083816528 1525.0255127 -322.415802002 -17.390335083 1323.33251953 -376.490020752 -13.9287567139 1671.75878906 -242.015441895 -274.445251465 1201.6784668 -376.49041748 -305.255187988 1671.75878906 48.0104064941 -387.823760986 1218.25622559 -376.484680176 -596.581298828 1671.75878906
0.0306360721588 8 -447.421020508 -210.217727661 1484.82397461 -243.453811646 174.260787964 1528.1829834 -320.540283203 -17.8070678711 1325.10632324 -377.331115723 -14.7536621094 1673.26916504 -244.871444702 -271.657043457 1207.75354004 -377.331512451 -306.080078125 1673.26916504 43.3711700439 -389.434509277 1221.05505371 -377.325775146 -597.406188965 1673.26916504
0.0311589241028 8 -445.75958252 -210.410858154 1485.52783203 -242.760162354 173.707397461 1529.26782227 -320.973602295 -16.6796569824 1325.70422363 -374.125152588 -15.9970092773 1674.52185059 -248.221679688 -269.887084961 1213.0057373 -374.125549316 -307.323425293 1674.52185059 38.6307067871 -390.694732666 1227.75244141 -374.119812012 -598.649536133 1674.52185059
0.0426251888275 8 -444.02645874 -210.997650146 1486.48950195 -239.415679932 172.429840088 1530.31140137 -322.308074951 -15.5206604004 1326.41088867 -368.373077393 -18.8306274414 1676.22680664 -251.519134521 -268.651733398 1218.55529785 -368.373474121 -310.157043457 1676.22680664 33.4971313477 -393.037963867 1237.33776855 -368.367736816 -601.483154297 1676.22680664
0.0282139778137 8 -444.851928711 -211.267456055 1484.79443359 -236.411560059 170.278701782 1530.85180664 -322.993774414 -14.8757171631 1325.92199707 -365.694274902 -22.1183929443 1676.14855957 -255.238952637 -266.621704102 1225.25854492 -365.694671631 -313.444824219 1676.14855957 26.9289245605 -396.426940918 1248.62817383 -365.688934326 -604.770935059 1676.14855957
0.0401709079742 8 -446.857940674 -210.627471924 1483.41870117 -232.565063477 167.005233765 1530.49475098 -316.538574219 -18.9962310791 1325.5925293 -370.703063965 -19.7300262451 1674.13696289 -257.536651611 -266.325073242 1231.59155273 -370.703460693 -311.05645752 1674.13696289 21.160949707 -402.358337402 1259.84667969 -370.697723389 -602.382568359 1674.13696289
0.0361211299896 8 -447.989074707 -213.361206055 1482.51147461 -229.673797607 161.878845215 1527.3482666 -311.599731445 -26.203918457 1324.45300293 -373.03692627 -20.5255432129 1671.7442627 -255.412857056 -273.692810059 1236.90991211 -373.037322998 -311.851959229 1671.7442627 21.4577178955 -411.603912354 1272.81286621 -373.031585693 -603.178100586 1671.7442627
0.028294801712 8 -446.331359863 -216.146820068 1484.58813477 -225.361206055 157.159744263 1526.34960938 -311.448547363 -29.1641082764 1324.95581055 -367.198913574 -24.4175262451 1673.3112793 -252.833312988 -281.930419922 1242.34924316 -367.199310303 -315.74395752 1673.3112793 22.5687866211 -420.14730835 1287.03295898 -367.193572998 -607.070068359 1673.3112793
0.0271952152252 8 -441.007873535 -221.881347656 1485.5567627 -220.490280151 151.486877441 1525.67004395 -317.203521729 -28.7097625732 1324.54223633 -350.490997314 -36.4666595459 1675.28442383 -252.623809814 -285.370727539 1248.53173828 -350.491394043 -327.79309082 1675.28442383 18.5214233398 -429.766082764 1299.09033203 -350.485656738 -619.11920166 1675.28442383
0.043967962265 8 -436.773620605 -226.340026855 1485.75878906 -215.604919434 146.288314819 1521.91479492 -322.183288574 -29.3618011475 1322.56433105 -335.658813477 -45.2630157471 1674.3079834 -242.40435791 -289.930480957 1254.17419434 -335.659210205 -336.589416504 1674.3079834 26.2173156738 -442.152954102 1316.06433105 -335.6534729 -627.915527344 1674.3079834
0.0345180034637 8 -437.861816406 -228.924179077 1484.50146484 -210.066864014 140.71194458 1514.63232422 -318.722839355 -37.2268066406 1318.23815918 -335.417419434 -45.7143859863 1670.31018066 -234.559173584 -293.972747803 1261.15527344 -335.417816162 -337.040802002 1670.31018066 34.5901184082 -454.358154297 1334.54443359 -335.412078857 -628.366943359 1670.31018066
0.0309360027313 8 -438.534393311 -234.037963867 1483.5078125 -205.298858643 134.195648193 1510.51257324 -316.066711426 -45.7564544678 1315.68127441 -334.992858887 -49.9090118408 1667.87097168 -230.160980225 -300.498352051 1267.66711426 -334.993255615 -341.235412598 1667.87097168 38.0110168457 -464.734405518 1351.55175781 -334.987518311 -632.561523438 1667.87097168
0.0354819297791 8 -438.896392822 -235.94909668 1483.10461426 -200.488525391 127.581756592 1505.90002441 -310.509643555 -53.1893310547 1313.63085938 -335.66784668 -49.6522827148 1665.43139648 -225.063690186 -306.648010254 1274.40197754 -335.668243408 -340.97869873 1665.43139648 39.3150634766 -474.475799561 1365.48522949 -335.662506104 -632.30480957 1665.43139648
0.0301558971405 8 -440.353729248 -239.957458496 1482.30395508 -196.13722229 119.950622559 1503.58349609 -305.532165527 -62.2438049316 1312.4708252 -337.842529297 -52.2348327637 1663.56066895 -220.589324951 -314.675354004 1280.75866699 -337.842926025 -343.561248779 1663.56066895 40.5018310547 -482.205383301 1380.71166992 -337.837188721 -634.887329102 1663.56066895
0.027107000351 8 -441.682250977 -242.487686157 1481.37451172 -191.129592896 112.498245239 1501.96166992 -302.363220215 -68.812286377 1310.95324707 -337.348876953 -54.8587341309 1661.72497559 -215.875946045 -323.664337158 1286.4822998 -337.349273682 -346.185150146 1661.72497559 42.5403747559 -490.656616211 1394.51647949 -337.343536377 -637.511230469 1661.72497559
0.0328691005707 8 -441.445037842 -246.558746338 1480.37451172 -186.661605835 106.024459839 1496.15930176 -300.097106934 -76.5933532715 1307.85351562 -334.619934082 -58.1870422363 1658.51904297 -211.015533447 -332.129089355 1291.89099121 -334.620330811 -349.513458252 1658.51904297 44.7139587402 -500.598388672 1407.25708008 -334.614593506 -640.839599609 1658.51904297
0.0307130813599 8 -441.945129395 -250.862228394 1482.90820312 -181.939666748 98.2472839355 1488.23828125 -298.997283936 -86.252243042 1306.56945801 -331.882293701 -60.5227661133 1656.92810059 -207.0887146 -340.764953613 1296.64111328 -331.88269043 -351.849182129 1656.92810059 47.4860839844 -507.928771973 1419.296875 -331.876953125 -643.175292969 1656.92810059
0.0423069000244 8 -444.796142578 -253.100128174 1483.42028809 -177.051925659 91.5135040283 1483.04870605 -292.391479492 -99.0159912109 1305.73583984 -337.370300293 -57.4156341553 1652.85498047 -204.349914551 -349.837768555 1299.81860352 -337.370697021 -348.74206543 1652.85498047 46.9569854736 -515.016845703 1429.65283203 -337.364959717 -640.06817627 1652.85498047
0.0355069637299 8 -446.665466309 -256.125671387 1482.44836426 -172.472763062 84.1056976318 1477.01708984 -287.114562988 -110.437683105 1303.95703125 -340.573120117 -56.5740966797 1648.17163086 -202.535858154 -359.829193115 1302.49182129 -340.573516846 -347.900512695 1648.17163086 47.9323883057 -520.484741211 1436.79443359 -340.567779541 -639.226623535 1648.17163086
0.0287940502167 8 -459.455627441 -250.462310791 1471.62573242 -168.547027588 76.2265014648 1466.29846191 -263.826965332 -138.194976807 1309.39233398 -373.034851074 -32.4631500244 1620.62915039 -207.043960571 -364.899353027 1301.98242188 -373.035247803 -323.789550781 1620.62915039 40.3665313721 -526.837768555 1433.05639648 -373.029510498 -615.115661621 1620.62915039
0.0280299186707 8 -469.719604492 -250.391235352 1460.36254883 -166.505172729 67.8956298828 1458.68127441 -243.596252441 -167.859649658 1323.62731934 -404.367492676 -10.9382629395 1582.96398926 -202.265518188 -390.728240967 1300.75732422 -404.367889404 -302.264678955 1582.96398926 47.6588134766 -529.187011719 1439.26062012 -404.3621521 -593.590820312 1582.96398926
0.0346319675446 8 -470.286346436 -248.052047729 1447.96704102 -160.025695801 64.2131347656 1454.86743164 -221.117843628 -188.70942688 1343.20300293 -419.01574707 6.41743469238 1543.87634277 -193.174087524 -414.329040527 1305.3815918 -419.016143799 -284.908996582 1543.87634277 57.6340637207 -542.238098145 1447.29602051 -419.010406494 -576.235107422 1543.87634277
0.0307240486145 8 -470.894042969 -252.235961914 1440.88793945 -158.759292603 59.9790649414 1448.16101074 -211.09664917 -203.977813721 1354.16442871 -427.254974365 11.2695617676 1518.37976074 -188.598220825 -429.236022949 1309.12817383 -427.255371094 -280.056854248 1518.37976074 62.7032012939 -549.887878418 1454.21801758 -427.249633789 -571.38293457 1518.37976074
0.0400440692902 8 -470.805664062 -254.363265991 1439.71630859 -155.724914551 56.257598877 1448.00830078 -204.884613037 -213.642120361 1365.48400879 -429.604949951 13.5394287109 1506.14929199 -185.877990723 -439.483154297 1310.47827148 -429.60534668 -277.786987305 1506.14929199 65.1643676758 -558.63104248 1456.35314941 -429.599609375 -569.113098145 1506.14929199
0.034038066864 8 -470.714050293 -256.129486084 1438.49597168 -153.945495605 51.4702758789 1451.01940918 -201.299697876 -219.815734863 1372.75512695 -430.197753906 13.7143554688 1499.875 -185.637466431 -446.412658691 1309.69787598 -430.198150635 -277.612060547 1499.875 65.8972930908 -562.438598633 1456.75769043 -430.19241333 -568.938171387 1499.875
0.0344018936157 8 -471.158233643 -257.117675781 1437.38842773 -151.17149353 48.0928955078 1450.03295898 -199.842788696 -224.22013855 1376.28845215 -430.104553223 13.8681182861 1494.91101074 -188.393692017 -450.742614746 1306.39001465 -430.104949951 -277.458312988 1494.91101074 64.5330963135 -563.58605957 1453.2989502 -430.099212646 -568.784423828 1494.91101074
0.0286159515381 8 -468.11114502 -260.744445801 1434.51281738 -147.255310059 45.4926147461 1444.86047363 -194.705703735 -230.498214722 1381.16772461 -428.541503906 12.3910675049 1482.91040039 -193.402130127 -451.548034668 1301.08007812 -428.541900635 -278.93536377 1482.91040039 60.3675384521 -565.936889648 1445.19799805 -428.53616333 -570.261474609 1482.91040039
0.0385620594025 8 -468.16607666 -263.571166992 1434.05908203 -145.227096558 41.5535125732 1438.4576416 -195.194015503 -235.615737915 1376.77258301 -425.877258301 9.39323425293 1481.7989502 -199.470489502 -450.468505859 1295.25476074 -425.877655029 -281.933166504 1481.7989502 55.0802612305 -565.044799805 1437.80554199 -425.871917725 -573.259277344 1481.7989502
0.0289809703827 8 -467.743652344 -265.993408203 1433.6270752 -143.910186768 38.0901184082 1440.26464844 -194.618362427 -238.462509155 1376.47668457 -424.734680176 6.5913848877 1483.31921387 -202.32572937 -448.486114502 1289.9440918 -424.735076904 -284.735046387 1483.31921387 51.9218292236 -564.885314941 1431.53540039 -424.7293396 -576.061157227 1483.31921387
0.0294489860535 8 -466.657470703 -265.230224609 1432.55712891 -141.622665405 36.3121185303 1439.13562012 -193.126983643 -239.624053955 1376.28283691 -422.155395508 7.29611206055 1481.4486084 -207.246520996 -446.551147461 1284.6439209 -422.155792236 -284.030303955 1481.4486084 47.3492279053 -566.216186523 1422.76916504 -422.150054932 -575.356445312 1481.4486084
0.0344159603119 8 -468.031921387 -265.878112793 1431.70141602 -140.678985596 33.2988739014 1437.09008789 -194.562316895 -242.191802979 1374.21875 -421.404266357 6.32833862305 1480.49121094 -211.521453857 -444.122009277 1280.00378418 -421.404663086 -284.998077393 1480.49121094 43.8753204346 -566.295959473 1414.37023926 -421.398925781 -576.32421875 1480.49121094
0.0311040878296 8 -469.122802734 -267.508148193 1431.23571777 -139.578582764 29.0766448975 1434.59143066 -195.92199707 -245.434295654 1371.83056641 -420.385101318 4.25942993164 1480.44897461 -213.606445312 -443.952575684 1275.19396973 -420.385498047 -287.066986084 1480.44897461 42.3153686523 -567.028137207 1407.77246094 -420.379760742 -578.393066406 1480.44897461
0.0313091278076 8 -470.754486084 -268.183532715 1431.2175293 -138.639282227 25.389541626 1434.33581543 -197.472579956 -248.794311523 1371.24047852 -419.228027344 3.07086181641 1480.43408203 -216.081924438 -442.447662354 1270.91320801 -419.228424072 -288.255554199 1480.43408203 40.9387359619 -567.739013672 1399.16564941 -419.222686768 -579.581665039 1480.43408203
0.0352778434753 8 -471.255981445 -267.147247314 1430.91894531 -136.02684021 23.4657287598 1434.71618652 -197.76953125 -250.354446411 1371.08349609 -417.014923096 3.43632507324 1480.91455078 -219.712295532 -442.036193848 1265.63598633 -417.015319824 -287.890075684 1480.91455078 40.0898895264 -566.229614258 1389.2154541 -417.00958252 -579.216186523 1480.91455078
0.041738986969 8 -472.163574219 -266.980957031 1431.80932617 -134.699691772 21.4961700439 1431.03076172 -200.44329834 -250.521438599 1364.52355957 -414.83380127 2.21714782715 1485.43640137 -223.71824646 -439.258728027 1259.6451416 -414.834197998 -289.10925293 1485.43640137 37.7518768311 -567.78717041 1374.69641113 -414.828460693 -580.43536377 1485.43640137
0.0299711227417 8 -471.960449219 -266.760375977 1432.38012695 -131.638244629 18.927154541 1426.74816895 -201.940567017 -251.948287964 1358.28552246 -410.390380859 0.889831542969 1488.88342285 -223.480453491 -438.093383789 1255.00598145 -410.390777588 -290.436584473 1488.88342285 39.2735443115 -569.46484375 1363.79553223 -410.385040283 -581.762695312 1488.88342285
0.0380289554596 8 -472.573974609 -268.622833252 1431.43603516 -131.011962891 15.6078796387 1427.01220703 -201.984390259 -255.398117065 1359.00891113 -410.275512695 -0.85124206543 1486.72229004 -231.630905151 -431.630767822 1251.04016113 -410.275909424 -292.17767334 1486.72229004 34.9496612549 -573.361999512 1327.73864746 -410.270172119 -583.50378418 1486.72229004
0.0297939777374 8 -471.690124512 -270.635620117 1431.25463867 -129.422485352 12.7005157471 1431.12976074 -200.218109131 -258.687408447 1361.93200684 -408.89630127 -3.04057312012 1486.88977051 -238.904510498 -423.815124512 1247.50720215 -408.896697998 -294.367004395 1486.88977051 27.371887207 -577.035644531 1295.48791504 -408.890960693 -585.693115234 1486.88977051
0.0380640029907 8 -471.539367676 -270.77154541 1430.45458984 -128.510513306 10.9933776855 1428.68383789 -200.082351685 -259.956420898 1360.82580566 -407.989196777 -3.00354003906 1484.45178223 -246.114624023 -414.37902832 1244.20690918 -407.989593506 -294.329956055 1484.45178223 17.2848815918 -578.058044434 1271.57189941 -407.983856201 -585.656066895 1484.45178223
0.0284779071808 8 -472.037414551 -273.886535645 1426.55810547 -127.825973511 7.66268920898 1426.85290527 -197.906021118 -263.290802002 1354.38195801 -406.986206055 -3.49057006836 1482.45129395 -246.819122314 -405.360351562 1240.35217285 -463.959503174 -231.011520386 1524.55981445 11.3804016113 -579.709960938 1254.31689453 -465.198608398 -382.517700195 1484.19897461
0.0300800800323 8 -470.826843262 -275.924804688 1424.36755371 -127.671524048 5.17041015625 1426.4486084 -194.999450684 -264.783843994 1352.32470703 -406.21282959 -3.81523132324 1480.72753906 -244.189666748 -403.1796875 1236.30371094 -461.601470947 -286.681884766 1523.03149414 13.6718444824 -579.684204102 1242.28466797 -464.627746582 -570.030395508 1455.38928223
0.0347781181335 8 -470.143859863 -277.828430176 1423.0838623 -127.244247437 4.67489624023 1426.23583984 -193.311737061 -265.659851074 1351.84216309 -406.932922363 -4.39881896973 1478.7623291 -242.978363037 -401.528198242 1232.59985352 -450.980865479 -290.29901123 1513.28710938 15.4964599609 -577.919677734 1232.39941406 -454.477874756 -575.151245117 1452.31213379
0.0382459163666 8 -469.702636719 -279.554840088 1421.61743164 -128.992630005 3.99249267578 1431.13635254 -191.421478271 -265.823883057 1354.90966797 -409.184783936 -5.11972045898 1477.31152344 -242.656707764 -399.910095215 1230.12097168 -444.229553223 -292.968414307 1505.34875488 16.0762023926 -576.23449707 1225.05700684 -448.003234863 -579.04284668 1450.41101074
0.0285918712616 8 -472.811645508 -282.690124512 1421.74462891 -135.025161743 4.19607543945 1431.06176758 -195.278152466 -266.144714355 1351.78637695 -413.610168457 -8.23013305664 1479.70703125 -243.00213623 -396.932128906 1228.33044434 -441.509277344 -297.328765869 1502.39404297 15.8312988281 -573.071594238 1218.13818359 -445.412597656 -584.395874023 1452.91455078
0.0332281589508 8 -470.746398926 -279.565002441 1421.43505859 -132.999908447 8.76229858398 1429.03967285 -193.002578735 -262.023254395 1352.07580566 -413.006103516 -4.43290710449 1478.25427246 -238.882141113 -398.620544434 1226.58166504 -435.23135376 -294.332702637 1496.56335449 21.6473693848 -572.390197754 1216.45275879 -439.154663086 -582.205688477 1452.01281738
0.0410199165344 8 -472.124755859 -277.725341797 1421.81738281 -134.850830078 12.6035003662 1432.53540039 -194.199783325 -258.429016113 1353.42663574 -415.989318848 -2.51615905762 1480.13269043 -237.169387817 -398.695068359 1225.37414551 -433.705993652 -292.929138184 1494.87939453 24.7453765869 -570.544311523 1217.19616699 -437.568939209 -581.455993652 1454.77563477
0.0319149494171 8 -470.441650391 -273.707519531 1422.0546875 -137.334518433 20.4797821045 1440.30078125 -191.387741089 -251.035263062 1359.67871094 -419.091125488 2.32250976562 1480.76123047 -235.056411743 -399.696411133 1223.94958496 -433.222137451 -288.419189453 1492.62084961 29.1896514893 -568.01751709 1222.16748047 -436.967437744 -577.476501465 1456.52587891
0.0341811180115 8 -470.177856445 -269.104125977 1422.7598877 -141.356201172 27.8769073486 1443.67150879 -190.784057617 -243.381378174 1363.04309082 -422.584869385 7.67697143555 1481.20471191 -239.04095459 -395.169830322 1223.47216797 -433.861694336 -283.275115967 1490.73156738 23.0480651855 -566.871826172 1224.96899414 -437.449645996 -572.762512207 1458.24865723
0.0285658836365 8 -467.091918945 -262.331878662 1422.97473145 -145.62663269 40.497543335 1450.8581543 -187.5131073 -230.471054077 1367.48999023 -426.135192871 14.9621734619 1483.70825195 -243.604324341 -390.506256104 1223.46862793 -435.138214111 -276.124633789 1491.35437012 14.8581085205 -567.589904785 1225.49865723 -438.543029785 -565.96081543 1462.12463379
0.037260055542 8 -465.845703125 -253.694564819 1425.84008789 -150.026702881 54.1894683838 1456.94677734 -186.466827393 -216.615371704 1372.58850098 -430.472961426 24.2225494385 1487.27331543 -249.700836182 -383.90246582 1222.9732666 -437.663360596 -266.950439453 1493.40576172 2.80790710449 -569.055664062 1229.3996582 -440.869781494 -557.069335938 1467.1048584
0.035306930542 8 -463.470245361 -243.930328369 1425.73730469 -156.193313599 68.9995880127 1468.5222168 -183.573760986 -200.896179199 1380.78417969 -435.634613037 34.2785720825 1489.29663086 -258.16607666 -373.400634766 1222.97363281 -441.379150391 -256.949645996 1494.21252441 -17.7731933594 -573.210571289 1232.00109863 -444.379882812 -547.297729492 1470.54797363
0.0298001766205 8 -461.895202637 -234.558502197 1427.47680664 -164.446121216 84.8763427734 1480.25830078 -182.84664917 -183.015090942 1386.80737305 -442.691864014 43.1752700806 1495.84399414 -270.600830078 -359.220947266 1224.08032227 -447.282409668 -248.088287354 1499.78308105 -47.0777893066 -576.889160156 1232.56689453 -450.076141357 -538.622070312 1478.49108887
0.028137922287 8 -460.823608398 -224.678955078 1429.31079102 -173.533096313 101.980697632 1491.05371094 -183.818344116 -162.944503784 1389.50024414 -450.28894043 51.2733383179 1505.90942383 -283.937988281 -344.22946167 1225.50097656 -453.958129883 -240.0128479 1509.06469727 -80.3248443604 -579.917419434 1235.38061523 -456.547790527 -530.697143555 1489.90771484
0.0341439247131 8 -459.2449646 -214.263839722 1430.52001953 -183.219863892 118.674316406 1502.4901123 -183.987014771 -143.177993774 1394.6184082 -457.718994141 59.7542800903 1514.31079102 -297.297302246 -329.366455078 1226.80383301 -460.652252197 -231.546386719 1516.83752441 -114.150726318 -580.969787598 1238.99743652 -463.043914795 -522.352661133 1499.60144043
0.0303809642792 8 -456.84954834 -203.370651245 1434.49255371 -194.366836548 137.708938599 1513.95214844 -187.300292969 -117.337112427 1392.47802734 -462.320800781 63.1865310669 1538.13232422 -311.558624268 -312.038787842 1228.56469727 -464.666107178 -228.123413086 1540.15539551 -151.946090698 -578.915283203 1240.03930664 -466.868011475 -519.028442383 1524.64758301
0.0316290855408 8 -456.302520752 -196.448730469 1444.23681641 -206.86328125 153.234588623 1525.15185547 -204.568267822 -84.3338928223 1376.04724121 -458.117523193 53.3204650879 1579.15100098 -321.558898926 -298.818786621 1229.78796387 -459.992950439 -237.995391846 1580.77050781 -191.43119812 -580.418884277 1244.25549316 -462.014709473 -528.98046875 1566.81750488
0.034882068634 8 -457.135437012 -191.811248779 1448.33984375 -221.506195068 165.833129883 1534.0402832 -218.032043457 -60.1017456055 1368.32250977 -464.094055176 48.995513916 1599.61572266 -331.653045654 -292.075378418 1231.52429199 -465.593841553 -242.324157715 1600.9119873 -232.323547363 -584.868469238 1255.62145996 -467.445892334 -533.374145508 1588.35778809
0.0312428474426 8 -451.312774658 -186.735717773 1459.26049805 -231.898300171 180.365631104 1541.60522461 -238.016815186 -29.6728057861 1358.20690918 -449.440307617 38.8788909912 1630.93005371 -342.648162842 -280.575683594 1233.09851074 -450.639801025 -252.443191528 1631.96740723 -255.622802734 -578.670166016 1257.48840332 -452.332885742 -543.545593262 1620.67163086
0.0312871932983 8 -433.286132812 -189.5184021 1457.66870117 -242.874343872 191.359848022 1543.24572754 -281.969299316 11.1153869629 1340.26831055 -396.755737305 4.81915283203 1652.17358398 -355.771270752 -256.2081604 1235.18188477 -397.715087891 -286.504516602 1653.00378418 -278.21270752 -558.169250488 1251.69140625 -399.260101318 -577.649536133 1642.84008789
0.0488028526306 8 -412.687561035 -188.452636719 1449.4041748 -254.938781738 203.128158569 1547.55126953 -326.258789062 47.0605621338 1335.91833496 -343.539672852 -19.1625518799 1655.25622559 -369.131622314 -231.987838745 1239.09008789 -344.307098389 -310.487243652 1655.92053223 -313.187438965 -538.420898438 1237.33178711 -345.714752197 -601.666625977 1646.77539062
0.033842086792 8 -400.820373535 -181.451202393 1444.34375 -266.169464111 213.774917603 1557.54614258 -366.585601807 75.2064056396 1346.20471191 -300.483734131 -30.138168335 1653.42150879 -382.031860352 -208.134170532 1244.65771484 -301.09765625 -321.463439941 1653.953125 -338.178222656 -517.235351562 1240.92773438 -302.378479004 -612.670776367 1645.72424316
0.0312218666077 8 -397.146087646 -178.407775879 1443.44445801 -275.191772461 219.127334595 1562.94519043 -387.838562012 86.6070098877 1349.78283691 -284.355041504 -33.1156463623 1656.1895752 -393.375610352 -181.581771851 1254.9206543 -284.846069336 -324.44128418 1656.61486816 -361.748168945 -492.085632324 1241.01965332 -286.010131836 -615.671264648 1649.21044922
0.0291931629181 8 -396.06451416 -173.837478638 1444.56347656 -285.464355469 226.443756104 1568.76928711 -406.236755371 95.4751586914 1355.921875 -274.580627441 -30.8195800781 1657.34936523 -405.367736816 -172.821594238 1259.1328125 -274.973388672 -322.145507812 1657.68969727 -378.824035645 -483.890258789 1239.28369141 -276.030181885 -613.393798828 1651.02697754
0.0304720401764 8 -398.878723145 -170.134521484 1446.5144043 -296.937683105 231.724563599 1572.87158203 -416.341949463 100.554275513 1358.16479492 -277.920806885 -26.9003448486 1661.54077148 -414.866485596 -163.44694519 1264.28149414 -278.234954834 -318.22644043 1661.81298828 -391.558624268 -474.407836914 1236.97143555 -279.19342041 -609.489562988 1655.81750488
0.0391039848328 8 -400.417602539 -166.950820923 1450.46582031 -307.401397705 237.112564087 1576.98815918 -419.9737854 103.454223633 1359.265625 -285.853057861 -21.2412109375 1668.32519531 -423.976531982 -161.585571289 1265.86108398 -286.104370117 -312.567382812 1668.54309082 -399.748260498 -472.03793335 1232.56005859 -286.972930908 -603.842529297 1663.14807129
0.0322058200836 8 -398.246459961 -167.703781128 1460.34375 -317.304321289 241.280410767 1583.01477051 -424.574157715 101.155853271 1365.29602051 -289.194946289 -16.6265258789 1677.82092285 -431.893859863 -159.349517822 1267.34533691 -289.395965576 -307.952758789 1677.99523926 -406.404296875 -468.795074463 1226.2442627 -290.1824646 -599.237670898 1673.14038086
0.0339779853821 8 -399.718994141 -166.289520264 1465.53735352 -326.569671631 244.994674683 1586.03686523 -428.912322998 101.444107056 1367.49694824 -295.394927979 -11.7403717041 1683.19934082 -440.088043213 -159.857467651 1268.81848145 -295.555755615 -303.066711426 1683.33874512 -413.077178955 -468.126281738 1220.33105469 -296.267547607 -594.35949707 1678.9699707
0.0288980007172 8 -400.808654785 -164.344161987 1469.67102051 -335.806671143 248.00189209 1591.05114746 -432.158996582 102.941329956 1370.70117188 -301.779907227 -8.16770935059 1688.80981445 -447.312713623 -160.721328735 1269.88842773 -301.908599854 -299.49407959 1688.92138672 -417.528289795 -467.74432373 1215.3059082 -302.552459717 -590.793212891 1684.98999023
0.0333302021027 8 -401.302429199 -164.574798584 1476.10119629 -343.835906982 248.326919556 1593.55761719 -435.747344971 101.08505249 1373.7286377 -307.599456787 -4.43930053711 1694.77526855 -453.642913818 -159.784698486 1270.78833008 -307.702545166 -295.765716553 1694.86450195 -422.294464111 -465.61529541 1210.50524902 -308.284606934 -587.070007324 1691.32653809
0.0297617912292 8 -402.126251221 -166.09085083 1479.54431152 -351.68270874 248.586639404 1594.78100586 -441.199554443 98.3824157715 1375.65014648 -310.959564209 -3.12811279297 1697.25708008 -457.998504639 -161.312438965 1272.19226074 -311.042114258 -294.454528809 1697.32849121 -426.230194092 -466.13092041 1207.02526855 -311.567932129 -585.763000488 1694.14465332
0.0312051773071 8 -402.959381104 -164.025695801 1481.94128418 -358.424224854 250.755020142 1598.89147949 -446.412506104 100.24811554 1379.18188477 -313.162200928 -0.51335144043 1699.86035156 -461.671600342 -163.851623535 1273.99145508 -313.228363037 -291.839782715 1699.91748047 -426.82989502 -467.628997803 1205.50964355 -313.703216553 -583.151672363 1697.05236816
0.0352220535278 8 -403.46270752 -165.40763855 1479.41418457 -364.077056885 250.309967041 1597.93347168 -452.836608887 98.5989074707 1378.65185547 -312.978637695 -1.43350219727 1696.70581055 -464.182006836 -161.78616333 1277.34985352 -313.031738281 -292.75994873 1696.75146484 -425.559509277 -464.388824463 1205.74353027 -313.460418701 -584.074584961 1694.1730957
0.0316069126129 8 -403.479553223 -167.600418091 1478.85351562 -368.954162598 247.6693573 1596.45532227 -458.686828613 95.6451797485 1379.12426758 -312.618591309 -2.33427429199 1695.01000977 -465.480499268 -165.083740234 1277.97998047 -312.6612854 -293.660766602 1695.04650879 -422.640441895 -467.102905273 1206.24780273 -313.048187256 -584.977661133 1692.72607422
0.0352668762207 8 -403.096740723 -165.004516602 1481.33740234 -374.689422607 252.049285889 1599.24121094 -461.874267578 97.4078063965 1381.4173584 -315.592529297 1.53842163086 1697.91467285 -467.272827148 -167.737243652 1279.1081543 -315.626831055 -289.78805542 1697.94396973 -419.804321289 -469.124328613 1207.62634277 -315.975921631 -581.106689453 1695.85571289
0.0311450958252 8 -404.563323975 -163.903152466 1482.61450195 -379.641571045 252.930633545 1601.12585449 -466.604125977 98.0002441406 1383.28015137 -317.472473145 3.35006713867 1698.83557129 -470.055480957 -166.907073975 1281.02307129 -317.500091553 -287.976409912 1698.85900879 -418.660614014 -467.548339844 1209.07507324 -317.814880371 -579.296508789 1696.97973633
