0.0309431552887 8 578.816589355 -127.157821655 1499.19836426 594.159301758 266.280273438 1596.60681152 608.012695312 34.0773696899 1651.4050293 622.225097656 35.4638595581 1351.93652344 590.187927246 -117.353492737 1688.82763672 640.219116211 -156.986816406 1265.4309082 504.751495361 -316.00692749 1819.03625488 576.786865234 -415.464233398 1181.28527832
0.0312178134918 8 580.193969727 -119.984687805 1503.87927246 594.551940918 266.382202148 1596.66467285 608.984008789 45.3781433105 1670.02954102 625.275512695 54.7849273682 1351.55395508 588.732910156 -140.159988403 1693.57495117 644.821838379 -138.645980835 1264.85583496 494.410217285 -336.43145752 1811.0378418 582.759460449 -393.29284668 1182.43798828
0.0309360027313 8 581.722290039 -120.948913574 1504.5020752 594.420837402 266.16229248 1596.89208984 613.660522461 43.6209259033 1669.52368164 625.677856445 52.7888946533 1352.12573242 587.884460449 -139.534545898 1697.84130859 644.444030762 -140.447677612 1265.62548828 490.815338135 -338.386352539 1808.34973145 582.421264648 -396.057678223 1180.50842285
0.034086227417 8 584.342834473 -125.18837738 1510.21142578 594.368225098 266.321472168 1596.88146973 620.95123291 28.817565918 1682.32092285 626.249206543 45.5890045166 1356.07287598 584.751708984 -119.007751465 1702.39099121 645.287841797 -150.055328369 1267.49707031 491.046722412 -329.743469238 1808.71594238 582.114196777 -406.794311523 1183.69055176
0.0302867889404 8 583.699523926 -125.340919495 1507.60473633 594.293579102 266.529388428 1596.64978027 616.51361084 33.2313995361 1671.8137207 625.20489502 43.1430664062 1355.69335938 579.561401367 -114.183547974 1705.46069336 644.907043457 -155.752578735 1267.48425293 487.412567139 -329.098571777 1810.39221191 580.694641113 -413.815307617 1178.27978516
0.0355551242828 8 582.280822754 -123.49394989 1501.94848633 594.214904785 266.541381836 1596.49328613 612.208068848 43.2801513672 1650.90026855 623.195373535 41.6293182373 1353.77209473 579.882568359 -114.181762695 1709.42248535 642.865478516 -155.284240723 1266.12280273 485.775146484 -328.451049805 1818.92358398 580.56072998 -404.812408447 1178.20397949
0.0311059951782 8 582.49230957 -123.86668396 1503.06860352 594.430114746 266.788391113 1596.24487305 613.159118652 42.4802093506 1654.77441406 621.736877441 41.5017852783 1352.27197266 577.854064941 -113.330871582 1711.73327637 641.268432617 -161.135681152 1266.76269531 505.165130615 -298.383056641 1586.53869629 578.639465332 -414.546569824 1175.96704102
0.0319578647614 8 584.231079102 -122.367012024 1506.17956543 594.835510254 267.08807373 1595.25305176 615.762390137 44.8371582031 1660.32299805 622.355529785 44.2480316162 1352.88989258 575.203552246 -115.657775879 1713.88342285 641.637145996 -157.293182373 1267.7154541 500.612915039 -306.435119629 1601.70068359 582.018737793 -413.207336426 1180.21765137
0.0353701114655 8 583.015014648 -120.306861877 1503.16345215 595.773132324 267.055877686 1594.71484375 612.660583496 50.5334701538 1651.43664551 620.329772949 45.4045944214 1350.85583496 573.062805176 -163.705963135 1715.98571777 639.759643555 -155.259460449 1267.20361328 501.623931885 -307.276000977 1622.76647949 581.728271484 -406.557678223 1177.32885742
0.0322461128235 8 582.499084473 -119.471206665 1501.63537598 597.000610352 267.554870605 1594.09228516 610.231872559 53.1886367798 1646.48535156 619.713684082 45.1742172241 1349.75024414 573.835571289 -161.160125732 1717.22412109 637.952758789 -156.160644531 1266.76550293 496.861602783 -313.127685547 1647.97045898 580.530029297 -406.473419189 1183.48486328
0.0316967964172 8 582.432983398 -118.383934021 1499.8840332 597.071838379 267.428405762 1593.75891113 608.735778809 55.6676330566 1641.54125977 618.929138184 45.099105835 1348.24633789 581.048950195 -158.931686401 1718.2244873 637.030090332 -156.124649048 1265.23461914 490.590148926 -315.909973145 1668.57592773 579.691162109 -407.760437012 1181.24450684
0.035392999649 8 582.459716797 -118.295188904 1498.95532227 596.405822754 267.652435303 1593.46130371 608.382019043 56.0473327637 1638.95336914 618.238830566 43.9816741943 1347.12353516 586.774780273 -156.333175659 1718.6751709 635.703979492 -160.430252075 1263.59753418 490.174041748 -321.151794434 1690.7722168 579.096313477 -407.290344238 1178.4239502
0.0318400859833 8 581.801513672 -117.65827179 1497.61828613 596.233093262 268.111663818 1593.10021973 607.352416992 58.0468139648 1638.17053223 615.65625 43.1131439209 1341.7767334 588.811523438 -154.644226074 1717.75244141 635.86340332 -161.005218506 1264.16760254 487.970062256 -328.56628418 1706.09472656 579.588500977 -403.971496582 1178.64941406
0.0318999290466 8 588.03918457 -122.331222534 1506.64599609 596.821166992 268.413085938 1592.99121094 628.314331055 38.4158401489 1670.87109375 620.000244141 41.8235092163 1343.97021484 586.723937988 -152.255340576 1716.40515137 641.270751953 -162.666046143 1265.95617676 478.186279297 -328.400512695 1718.88781738 583.365234375 -412.269775391 1181.21508789
0.0361161231995 8 586.879394531 -118.983985901 1507.89892578 597.218566895 269.236816406 1592.68041992 626.053833008 40.5732192993 1674.63977051 619.800415039 48.1306533813 1347.32287598 588.543762207 -158.321716309 1716.59545898 639.028442383 -154.401733398 1266.23754883 471.562164307 -337.580505371 1718.82006836 579.890136719 -405.988037109 1181.34387207
0.0399980545044 8 588.828063965 -120.555801392 1509.92602539 598.096618652 270.00100708 1592.36303711 630.347229004 35.601272583 1680.32141113 621.874328613 48.1197052002 1349.92565918 589.270446777 -158.89289856 1715.96630859 640.672790527 -152.947509766 1266.38513184 459.551208496 -336.366882324 1724.04321289 583.446655273 -403.233398438 1191.61364746
0.040011882782 8 590.886169434 -124.554893494 1508.91052246 598.053283691 270.640930176 1591.54199219 629.036621094 32.5196533203 1681.59094238 626.43371582 48.5993423462 1351.7467041 588.398132324 -160.666671753 1715.49841309 642.53302002 -151.164306641 1266.13342285 450.440673828 -344.410461426 1731.49157715 586.16003418 -404.481445312 1181.36193848
0.0351860523224 8 591.453063965 -127.84009552 1510.19396973 597.876586914 270.599395752 1591.17553711 628.199768066 35.2711639404 1678.68920898 627.293884277 45.5903396606 1352.13183594 587.86138916 -155.52104187 1714.48181152 643.335998535 -154.919799805 1265.73254395 451.060668945 -346.569030762 1741.74804688 584.044372559 -404.840209961 1186.55200195
0.0287959575653 8 591.704406738 -126.626441956 1511.60754395 597.279174805 270.700714111 1590.64074707 630.903259277 32.7599639893 1679.63977051 628.108337402 45.0267944336 1355.44909668 579.196594238 -144.409896851 1712.78039551 641.8515625 -153.937149048 1265.01599121 456.20199585 -353.512451172 1743.71264648 581.922729492 -407.798919678 1181.94067383
0.0283830165863 8 591.273681641 -126.79940033 1509.22900391 597.033081055 271.179779053 1589.8104248 630.48828125 31.7940826416 1676.03405762 627.690551758 44.8797607422 1355.23620605 580.082214355 -124.591751099 1714.87963867 642.48638916 -153.724121094 1264.14916992 455.154418945 -350.564758301 1742.66394043 581.748718262 -407.941345215 1180.19067383
0.0351428985596 8 592.006774902 -125.787780762 1510.84423828 597.696350098 271.651184082 1589.26208496 628.338562012 36.3307266235 1670.88598633 627.893737793 40.7035751343 1355.25292969 574.1484375 -95.7435531616 1709.69360352 642.663879395 -158.460754395 1263.23474121 458.764434814 -338.284729004 1744.31713867 581.971374512 -406.604614258 1181.20068359
0.0327210426331 8 590.661254883 -127.433502197 1506.24438477 597.695556641 271.568969727 1589.16430664 628.064208984 36.6506881714 1658.27026367 626.977294922 36.9067153931 1354.23120117 570.559265137 -79.4228439331 1709.14440918 641.08392334 -163.717376709 1263.66931152 460.83380127 -326.644287109 1755.31835938 583.947631836 -401.218353271 1191.12988281
0.0308401584625 8 589.413818359 -128.732955933 1503.99523926 597.754638672 271.775695801 1588.96264648 626.047790527 37.983253479 1651.46411133 627.863708496 34.4864501953 1353.1159668 570.450012207 -64.3678588867 1709.75537109 638.69732666 -166.123275757 1265.39477539 462.546173096 -319.36706543 1764.0300293 576.409667969 -413.408325195 1182.97924805
0.0355358123779 8 589.608764648 -128.715789795 1505.2833252 598.490905762 271.966796875 1588.13256836 627.522521973 36.9563903809 1655.18066406 629.208557129 37.094543457 1355.97558594 565.864868164 -67.2729797363 1713.0078125 639.250366211 -162.965118408 1265.8527832 457.628417969 -322.905883789 1759.45043945 580.042419434 -403.261291504 1190.18164062
0.030905008316 8 589.061645508 -128.055908203 1506.63525391 598.986755371 271.343536377 1587.48364258 630.492919922 35.6205596924 1654.18823242 627.508789062 35.9355926514 1358.62475586 561.94342041 -62.3744354248 1716.21044922 639.174743652 -162.170547485 1265.79846191 460.748382568 -325.98034668 1758.07617188 577.08807373 -413.383361816 1183.04675293
0.0395660400391 8 589.89666748 -126.868942261 1507.92102051 599.290649414 271.520812988 1587.06530762 632.2578125 34.3586578369 1656.8684082 627.017211914 37.2639694214 1360.7590332 563.718200684 -68.102432251 1719.96533203 641.644226074 -155.539642334 1267.54943848 468.059356689 -329.926391602 1767.9954834 581.048339844 -408.687683105 1180.89526367
0.0384049415588 8 590.533996582 -126.766937256 1510.41235352 599.55480957 272.178405762 1586.38586426 632.262512207 30.4682159424 1657.90368652 625.839416504 39.7618179321 1371.7052002 565.870178223 -78.4087371826 1726.12609863 645.277709961 -138.348754883 1267.74438477 472.440307617 -337.321960449 1775.8190918 582.016601562 -403.764434814 1181.53564453
0.0303740501404 8 591.153564453 -125.328643799 1509.87561035 599.610778809 272.413085938 1586.04125977 633.078491211 32.5604858398 1660.53662109 625.92199707 40.795135498 1366.41992188 567.990600586 -81.4300460815 1730.15100098 646.684631348 -128.11227417 1274.40612793 479.779754639 -339.623138428 1782.51086426 579.901000977 -414.224212646 1182.05969238
0.0274450778961 8 592.89074707 -121.853790283 1513.86120605 599.031799316 272.416381836 1585.30310059 638.214050293 32.3466186523 1667.8684082 626.945617676 46.5423049927 1372.32226562 570.775512695 -74.2914428711 1739.22790527 647.973876953 -113.925254822 1275.32434082 479.604919434 -337.752960205 1789.50378418 583.031433105 -399.680084229 1184.05700684
0.0340869426727 8 594.969970703 -113.971961975 1517.08349609 598.521484375 272.452270508 1585.09692383 641.109375 40.3391265869 1670.42297363 632.108032227 60.3770141602 1384.12854004 574.121154785 -61.9321594238 1742.23571777 646.124816895 -114.888946533 1275.88476562 482.688110352 -327.435821533 1794.44555664 582.200012207 -403.758605957 1185.84130859
0.0293409824371 8 591.585632324 -106.501983643 1508.28918457 598.141357422 272.947479248 1585.27758789 629.683532715 52.7268829346 1654.98120117 632.992004395 65.0564727783 1377.22753906 575.84362793 -72.4525985718 1748.06677246 649.170715332 -100.0806427 1273.90893555 469.37588501 -330.417388916 1793.24084473 582.750427246 -399.196777344 1183.20874023
0.0309951305389 8 591.177490234 -105.348907471 1503.61938477 597.806640625 273.101654053 1584.87585449 625.973266602 59.8379516602 1643.87475586 631.760620117 62.6130065918 1368.30151367 578.815673828 -75.7477874756 1746.82397461 646.401184082 -103.041824341 1270.57189941 467.810089111 -331.141845703 1790.45825195 582.313049316 -394.630737305 1183.95471191
0.0352408885956 8 590.36151123 -106.217079163 1501.45349121 597.682495117 273.15145874 1584.55859375 623.206848145 60.3528366089 1639.09558105 630.805969238 58.8388290405 1364.01037598 580.905334473 -80.3042526245 1746.07348633 645.63873291 -108.465385437 1268.44616699 468.063476562 -334.796051025 1792.12036133 581.243774414 -396.578582764 1182.25268555
0.0315630435944 8 588.132629395 -113.419120789 1498.96899414 598.079589844 273.320129395 1584.25402832 614.773986816 47.8179168701 1633.19995117 626.532897949 43.930847168 1362.98535156 621.694030762 -147.036773682 1733.41113281 640.988342285 -125.574630737 1269.02941895 464.452880859 -313.233978271 1789.03955078 578.763671875 -409.209899902 1181.88977051
0.0314159393311 8 596.982543945 -118.040763855 1506.17321777 598.627868652 273.366973877 1583.66552734 612.851806641 51.7198944092 1643.1105957 635.760253906 42.0849914551 1362.37304688 614.64440918 -151.622497559 1734.78039551 651.371154785 -127.022796631 1269.16992188 451.494873047 -310.645202637 1792.98413086 585.092956543 -424.189819336 1185.38085938
0.0359790325165 8 595.882873535 -119.206306458 1502.5637207 599.059570312 273.116363525 1583.08007812 614.933166504 51.640296936 1643.39941406 635.394714355 41.7028579712 1354.46484375 617.933349609 -158.410552979 1736.81103516 650.188781738 -123.779975891 1264.39953613 457.219848633 -316.620758057 1787.10241699 583.259643555 -418.174987793 1185.04406738
0.0312569141388 8 597.535461426 -122.191864014 1502.03979492 599.903564453 271.817962646 1582.05078125 616.517333984 47.7690200806 1647.43139648 636.354980469 44.8129501343 1357.16650391 616.006530762 -161.510406494 1736.54333496 653.353210449 -118.601249695 1265.02502441 459.995483398 -321.779296875 1785.56799316 588.806274414 -402.484100342 1185.49389648
0.0317850112915 8 594.294128418 -120.251808167 1499.13195801 600.556884766 270.735565186 1581.4387207 616.075744629 54.7377700806 1647.64953613 622.498596191 50.8051528931 1347.15368652 613.547729492 -154.46975708 1735.09460449 656.110229492 -124.794593811 1267.36181641 457.196472168 -323.407592773 1787.13171387 589.967407227 -413.077087402 1185.99572754
0.0362491607666 8 597.160522461 -122.891822815 1501.02880859 601.082458496 270.758666992 1580.18444824 617.454162598 50.4890518188 1649.29272461 630.073303223 46.5436172485 1350.48510742 612.813720703 -157.007843018 1735.01013184 655.91583252 -123.3179245 1268.92736816 451.0625 -331.943023682 1784.6595459 589.657958984 -410.459106445 1185.61950684
0.0320320129395 8 596.546936035 -122.318748474 1502.9498291 601.491455078 271.18838501 1579.25244141 618.221374512 47.9641571045 1652.32324219 630.739685059 47.1581115723 1355.00732422 613.281616211 -159.298782349 1734.66162109 656.094787598 -124.539657593 1270.98706055 452.484191895 -336.450134277 1783.9420166 589.195068359 -408.952148438 1183.7052002
0.0316209793091 8 598.218505859 -124.208000183 1507.30981445 601.159362793 271.25592041 1578.77587891 621.866088867 43.1585845947 1663.05407715 632.867431641 46.5184326172 1357.3795166 610.539794922 -159.484176636 1734.10595703 658.173278809 -124.894897461 1272.71606445 446.234130859 -347.177612305 1784.85681152 594.347229004 -400.514221191 1186.46765137
0.0486588478088 8 598.832702637 -122.111434937 1512.6192627 601.534667969 272.335754395 1578.25158691 623.493896484 44.67552948 1670.36560059 634.786376953 54.0016555786 1367.70007324 607.375366211 -158.292236328 1734.29382324 659.526733398 -124.646766663 1274.35437012 448.670532227 -355.769134521 1781.61730957 596.746643066 -396.021942139 1184.79882812
0.0282990932465 8 596.377319336 -123.218955994 1514.37695312 602.154418945 273.222625732 1577.55090332 622.983886719 44.2230834961 1674.05297852 640.881469727 57.1322479248 1373.89892578 596.706298828 -158.292297363 1732.30859375 661.538635254 -122.978897095 1275.42907715 414.253967285 -470.419555664 1681.38342285 603.613769531 -389.596801758 1182.80944824
0.0407710075378 8 595.135620117 -124.705825806 1511.44213867 603.359008789 273.086608887 1575.90625 622.462036133 38.5372314453 1680.90258789 648.491455078 64.3492126465 1379.06640625 583.816040039 -167.226196289 1729.00085449 666.866455078 -117.797836304 1277.99304199 388.606567383 -473.084350586 1603.41992188 601.971496582 -392.820617676 1184.0760498
0.0293169021606 8 597.786499023 -119.845909119 1514.55090332 612.892700195 265.223419189 1563.11108398 619.60333252 33.0791778564 1681.58837891 658.712341309 60.2118530273 1389.52734375 573.474365234 -174.216522217 1726.30993652 668.848144531 -109.723754883 1281.38146973 385.326416016 -436.631286621 1613.00561523 607.535217285 -385.108978271 1182.34460449
0.0338890552521 8 595.921813965 -111.180839539 1514.97460938 613.35144043 268.853973389 1563.21325684 599.263061523 37.1633682251 1677.69213867 684.339233398 52.4906387329 1397.12646484 547.359313965 -171.087341309 1720.3815918 687.004394531 -111.114982605 1286.60852051 343.493225098 -391.39440918 1614.31103516 622.077514648 -395.565155029 1186.41247559
0.0328359603882 8 589.794555664 -102.427375793 1514.84069824 613.567321777 269.890167236 1563.87646484 602.205383301 39.3944396973 1679.50146484 680.578918457 54.0087738037 1393.73486328 545.031677246 -170.552780151 1720.27478027 683.492675781 -109.937942505 1287.0078125 321.792053223 -348.67666626 1617.37634277 627.179443359 -383.970703125 1186.76208496
0.0303270816803 8 594.394348145 -106.629592896 1524.11022949 620.938781738 266.531921387 1558.0135498 611.625610352 40.9371795654 1683.24047852 681.253295898 45.9619293213 1395.3984375 575.90838623 -213.02633667 1748.2869873 671.620605469 -105.867492676 1286.41870117 302.253417969 -305.743377686 1624.43054199 614.8984375 -389.114257812 1182.64660645
0.0303008556366 8 595.084350586 -100.12625885 1527.74475098 624.82019043 263.239257812 1557.32702637 619.565795898 46.5806503296 1683.84228516 695.797363281 53.464012146 1414.80395508 551.719665527 -206.856262207 1725.11804199 660.690490723 -106.025093079 1295.05773926 285.125854492 -249.888442993 1624.14660645 606.071655273 -400.165618896 1184.12805176
0.0352442264557 8 586.779541016 -101.734718323 1515.11999512 621.814575195 265.042327881 1560.72155762 622.000854492 29.0064086914 1688.60742188 687.512329102 62.4026947021 1408.61401367 530.053588867 -229.41104126 1703.75476074 661.626159668 -83.5577392578 1298.92736816 255.8175354 -217.311965942 1629.27722168 608.901306152 -379.307861328 1174.98693848
0.0400638580322 8 588.239624023 -103.946815491 1502.8848877 626.929138184 262.161987305 1558.75048828 624.317687988 15.0487060547 1687.82641602 678.874572754 73.5307769775 1403.12548828 518.55480957 -245.059967041 1692.73376465 652.090637207 -92.6242980957 1284.01782227 235.249938965 -185.109207153 1620.99377441 612.014587402 -359.878082275 1176.40905762
0.0288059711456 8 595.052062988 -105.187179565 1503.10949707 630.244750977 259.568634033 1557.61914062 625.963134766 11.2467498779 1688.85571289 686.670776367 71.0003509521 1405.2421875 484.673706055 -234.520858765 1686.02185059 651.544006348 -101.033462524 1282.26623535 217.331115723 -141.368225098 1615.97119141 603.186340332 -383.882446289 1172.97033691
0.0371110439301 8 607.25970459 -107.564422607 1496.2154541 632.269042969 258.430145264 1557.3338623 642.576782227 -8.91665649414 1686.46203613 671.646728516 79.2840576172 1406.13537598 469.069946289 -222.480270386 1686.85583496 642.633728027 -86.5701293945 1287.74523926 223.198226929 -111.589927673 1613.76794434 586.816833496 -365.357452393 1180.30993652
0.0295131206512 8 597.127441406 -130.629364014 1530.30090332 635.629821777 257.326629639 1556.97143555 634.419006348 8.90637207031 1699.25488281 659.883361816 39.2468795776 1401.4206543 468.64541626 -182.136810303 1703.25476074 628.089904785 -121.588432312 1282.48413086 224.616638184 -32.3210906982 1611.91015625 572.029907227 -412.09588623 1169.7434082
0.0309979915619 8 598.439819336 -132.183334351 1526.45751953 637.169006348 257.738525391 1556.12646484 640.059936523 8.33573913574 1694.76794434 668.680786133 40.0281448364 1403.10534668 446.477539062 -166.138381958 1713.67285156 631.180175781 -117.710655212 1283.62561035 207.808517456 -2.90213012695 1611.71484375 569.615661621 -419.047180176 1173.05004883
0.0411169528961 8 603.26776123 -127.640739441 1522.5279541 639.478027344 258.284393311 1555.58459473 632.638549805 11.1238250732 1693.07177734 678.850219727 44.0109329224 1404.09448242 422.509368896 -154.346755981 1718.91687012 640.118530273 -122.447807312 1282.2935791 186.083496094 22.1917877197 1604.98278809 582.676513672 -418.232940674 1174.27734375
0.028373003006 8 601.976989746 -116.689941406 1524.11877441 638.958435059 260.590820312 1557.19433594 627.928955078 15.2984313965 1698.21643066 678.647583008 51.1696395874 1404.33044434 413.631652832 -146.034790039 1724.10583496 645.169433594 -113.780174255 1281.20776367 171.129730225 43.8968353271 1599.23461914 591.705078125 -392.98928833 1180.06689453
0.0298550128937 8 601.956359863 -114.61013031 1533.49804688 639.545715332 260.873046875 1557.80432129 622.509155273 24.2319564819 1703.46252441 678.313720703 46.8920211792 1404.36975098 394.914550781 -120.461616516 1721.44238281 642.572387695 -120.330085754 1279.61157227 162.719619751 68.9140701294 1595.80541992 598.479858398 -392.250762939 1171.13378906
0.0379338264465 8 596.717834473 -116.464561462 1532.95202637 639.911071777 261.03527832 1557.80700684 610.545837402 36.7353820801 1702.48010254 668.726501465 41.2504425049 1383.47961426 369.693786621 -87.6455688477 1716.43847656 637.370117188 -134.23147583 1276.29858398 156.042984009 107.676223755 1584.20385742 588.864929199 -412.427337646 1189.10205078
0.02956199646 8 594.08581543 -114.762504578 1524.81359863 641.790222168 261.660064697 1556.95019531 603.421325684 44.0704193115 1685.71850586 661.330627441 42.0708312988 1376.19677734 350.528503418 -54.9075088501 1705.59680176 634.949035645 -142.086761475 1273.24560547 135.299041748 129.207946777 1574.52075195 586.080566406 -420.383331299 1187.8729248
0.0288391113281 8 586.061767578 -103.905311584 1517.89111328 642.038146973 262.468811035 1555.48962402 587.265319824 48.339050293 1673.1229248 670.08807373 39.0422821045 1377.24157715 323.737213135 -35.369934082 1692.78552246 646.311645508 -148.21182251 1274.80883789 123.595092773 143.860931396 1569.546875 594.004089355 -443.978546143 1193.93896484
0.0348589420319 8 587.391113281 -109.690795898 1516.66516113 641.966125488 263.429626465 1554.99560547 588.764038086 45.1157836914 1663.05664062 667.229492188 34.6426391602 1381.79052734 325.029937744 -28.6944274902 1689.72766113 636.686950684 -149.127243042 1272.64465332 133.16317749 159.186889648 1575.26586914 590.5 -437.87310791 1197.7142334
0.0313069820404 8 581.90222168 -116.08404541 1509.37353516 641.883178711 264.186157227 1554.89367676 575.473266602 41.6461486816 1654.53466797 661.971435547 31.4054260254 1375.85302734 317.983093262 -14.7533111572 1686.43725586 633.422607422 -154.230056763 1273.06506348 133.176086426 186.449798584 1575.55432129 591.77923584 -438.365722656 1205.51171875
0.0434281826019 8 579.423461914 -118.661048889 1506.67919922 641.024475098 264.653778076 1554.02954102 572.58795166 40.85181427 1650.62011719 660.303649902 28.8215408325 1372.82324219 319.344299316 -10.7266197205 1687.31237793 634.726867676 -157.764434814 1275.29870605 141.811233521 189.095046997 1590.67736816 601.610595703 -437.284698486 1202.74536133
0.0327589511871 8 582.561218262 -121.782119751 1498.78894043 640.170532227 265.122314453 1553.5324707 576.272521973 31.4485473633 1651.67700195 653.787414551 36.1727600098 1368.90014648 323.896728516 -11.9976119995 1687.79956055 629.555969238 -151.753341675 1274.65771484 149.352050781 192.629455566 1595.90722656 598.353881836 -430.958740234 1206.00866699
0.030256986618 8 582.367858887 -120.690101624 1500.83349609 639.27545166 265.839477539 1552.76538086 577.825012207 29.6973648071 1651.93652344 656.225402832 35.0499649048 1375.29736328 324.884887695 -9.61004257202 1687.90893555 629.273986816 -148.929229736 1278.85913086 143.027603149 204.075195312 1594.56384277 596.008850098 -431.40713501 1219.46533203
0.0386509895325 8 582.428527832 -121.221351624 1503.44165039 637.997192383 266.337463379 1552.09301758 577.365234375 29.3530349731 1653.54956055 656.338012695 34.1554336548 1378.43701172 327.172119141 -1.2570514679 1689.3215332 628.893432617 -148.246337891 1277.51757812 153.52281189 219.5287323 1591.51672363 585.812683105 -437.873474121 1222.29846191
0.0328590869904 8 581.643371582 -120.507225037 1502.03161621 637.480041504 266.618896484 1552.07800293 577.479797363 28.8003845215 1654.55651855 652.675354004 35.6089019775 1374.92443848 328.257995605 5.08510971069 1690.40466309 628.9140625 -149.328170776 1276.57861328 143.09022522 233.456924438 1596.41125488 583.511901855 -443.747253418 1222.45874023
0.0295538902283 8 582.276916504 -120.844459534 1502.76281738 636.756530762 268.083374023 1550.67675781 579.932495117 29.0958480835 1655.04284668 648.259643555 34.1625900269 1371.24865723 332.360717773 19.9340229034 1695.2824707 626.930358887 -149.961761475 1276.08349609 150.124984741 234.720169067 1599.87658691 590.694763184 -426.128570557 1226.85913086
0.0306289196014 8 583.469482422 -113.427841187 1502.32641602 636.070922852 268.589172363 1549.82019043 580.698913574 27.4182434082 1657.22888184 643.33026123 35.5813903809 1367.96472168 335.983673096 26.9834423065 1695.87255859 626.620483398 -147.789016724 1277.58996582 148.64276123 247.451690674 1600.51550293 600.092468262 -390.293701172 1208.94482422
0.0338151454926 8 582.167663574 -113.687835693 1506.51171875 635.318054199 269.367156982 1549.29748535 579.570983887 33.5015335083 1659.86962891 639.972229004 35.4427719116 1366.47998047 336.822143555 33.6847724915 1695.90808105 624.598449707 -148.401275635 1277.45068359 129.825942993 270.767425537 1590.14160156 602.04675293 -345.893005371 1215.42285156
0.0313529968262 8 581.796142578 -109.027412415 1516.06628418 633.722595215 270.369506836 1547.87219238 576.584777832 46.1780319214 1659.75158691 640.797424316 28.9234542847 1366.90246582 330.260009766 52.4635124207 1691.06347656 626.531738281 -157.869720459 1279.19934082 111.554977417 284.115112305 1592.87646484 643.032958984 -326.607452393 1213.39086914
0.030632019043 8 582.675292969 -110.747924805 1513.74829102 633.027404785 270.265319824 1546.95251465 567.07220459 43.6843032837 1658.81091309 650.081481934 31.4609909058 1371.02819824 309.401641846 65.9813766479 1678.00732422 638.541503906 -175.188171387 1262.53845215 106.694091797 277.901306152 1577.34399414 585.145385742 -429.799804688 1165.11352539
0.0354509353638 8 582.439941406 -117.111976624 1520.45288086 632.840393066 270.582794189 1546.13317871 562.185913086 49.6897583008 1656.65112305 654.852539062 25.0525054932 1374.40942383 297.644317627 78.907371521 1669.11999512 644.205871582 -176.181137085 1271.60168457 87.3659973145 286.167541504 1561.9864502 622.278686523 -352.636291504 1301.65124512
0.0414459705353 8 579.153442383 -123.337402344 1517.16809082 632.45324707 271.266479492 1544.86962891 562.702331543 45.7489776611 1659.35522461 652.121276855 29.5707855225 1374.43457031 294.003662109 82.3355407715 1664.42700195 640.223571777 -178.324035645 1261.51843262 78.3487548828 267.847503662 1556.33618164 605.56262207 -396.780487061 1187.85168457
0.0290729999542 8 576.044372559 -125.350608826 1514.57946777 632.188964844 272.065826416 1543.81774902 554.99017334 45.567855835 1659.7010498 649.960510254 33.4723510742 1373.05773926 292.937866211 83.9036026001 1662.44555664 637.84576416 -171.490539551 1265.50048828 76.2063293457 257.575164795 1547.54077148 597.761108398 -393.80078125 1170.27209473
0.0311670303345 8 576.632019043 -125.882713318 1513.39038086 631.392028809 272.862701416 1542.72998047 558.939453125 43.758392334 1659.87548828 648.874755859 34.6705780029 1373.55932617 289.02835083 67.5057373047 1642.32055664 637.035888672 -167.687561035 1268.76623535 66.1978607178 257.936462402 1530.70385742 594.293151855 -401.543243408 1168.82556152
0.0404539108276 8 577.107421875 -121.841255188 1515.21936035 630.359191895 273.234924316 1542.92346191 557.489990234 46.8807144165 1660.47338867 650.549072266 42.0032730103 1382.1328125 283.290405273 59.7621917725 1633.54663086 641.503112793 -154.501312256 1265.47216797 54.1793060303 248.195114136 1519.95703125 589.059143066 -410.722961426 1167.51379395
0.028412103653 8 576.89239502 -116.549072266 1517.29956055 629.362609863 273.595977783 1542.16247559 553.247558594 53.1919631958 1655.43579102 652.835083008 50.580039978 1395.83618164 276.340881348 75.170211792 1612.79406738 638.859069824 -155.412506104 1261.41174316 50.274597168 249.33821106 1506.9798584 577.537597656 -425.222473145 1178.11328125
0.0329830646515 8 574.743530273 -115.250396729 1515.44311523 629.21887207 273.702880859 1540.3848877 544.950134277 54.5282974243 1649.50976562 651.053771973 44.8283004761 1388.01513672 266.160339355 82.4960327148 1598.24694824 640.823242188 -150.830444336 1263.40930176 43.0987854004 238.446105957 1487.57995605 586.744262695 -400.522094727 1152.49389648
0.0304207801819 8 574.285339355 -114.352340698 1513.80700684 628.970336914 273.238647461 1539.70861816 542.482971191 53.7776641846 1647.24072266 651.134338379 44.5609588623 1387.61474609 264.139160156 80.7087478638 1592.02905273 636.401550293 -154.42578125 1264.6685791 40.6641235352 225.815460205 1473.15930176 579.271789551 -413.240325928 1180.47583008
0.0347721576691 8 574.831481934 -116.208908081 1511.07043457 628.852722168 273.25012207 1538.90869141 545.401428223 50.5650482178 1640.16308594 650.554748535 38.1405792236 1385.42456055 269.656646729 78.5687866211 1599.0390625 634.165283203 -163.164840698 1265.18432617 43.8088989258 209.681945801 1454.09326172 592.627685547 -417.392150879 1142.78540039
0.0312950611115 8 572.680175781 -117.952156067 1507.47167969 628.053833008 272.989898682 1536.89379883 542.09564209 50.201789856 1634.67236328 647.176452637 38.1838150024 1383.12109375 270.197631836 74.0924224854 1599.42797852 633.759643555 -165.62197876 1265.45056152 52.3277587891 199.168884277 1437.53015137 576.990234375 -426.801116943 1163.35754395
0.0315299034119 8 565.991638184 -121.282440186 1498.28552246 627.394287109 272.181884766 1535.37585449 536.898986816 48.1194610596 1626.59631348 633.283874512 31.6524200439 1363.78723145 269.144134521 58.6933784485 1594.64257812 640.795471191 -183.589004517 1271.06506348 51.54246521 188.734313965 1420.9296875 585.377807617 -430.640075684 1178.02001953
0.0357348918915 8 561.257507324 -122.459968567 1492.38439941 626.366577148 271.563720703 1534.12792969 539.583312988 46.459236145 1623.86328125 624.843444824 35.0191345215 1360.29589844 270.963684082 49.9714622498 1587.26245117 634.013977051 -187.774078369 1272.9543457 47.1120758057 183.792175293 1407.11181641 574.123168945 -435.958068848 1191.40429688
0.0314919948578 8 557.060180664 -121.077331543 1488.87609863 625.648193359 271.464569092 1532.43457031 538.768066406 47.0972442627 1624.75317383 624.580810547 39.4114532471 1359.39941406 273.794403076 41.7522163391 1579.09765625 634.949462891 -188.808319092 1276.44689941 51.2945556641 170.614212036 1398.37524414 586.327880859 -409.307403564 1167.88964844
0.0313401222229 8 555.490112305 -122.855102539 1482.76147461 624.487243652 271.29876709 1531.04174805 539.770568848 47.1194610596 1615.4967041 620.85748291 37.6087799072 1353.39538574 273.256866455 39.8614120483 1574.10876465 637.718811035 -183.120056152 1275.93505859 47.1213531494 168.581176758 1385.91113281 576.198486328 -448.113128662 1198.53027344
0.0355899333954 8 554.211547852 -122.789245605 1480.09875488 622.563476562 271.136230469 1530.02856445 538.78717041 47.6199264526 1610.89160156 618.683532715 39.371925354 1353.88012695 267.030731201 32.709072113 1564.77539062 637.001525879 -182.184356689 1275.53088379 59.7283172607 160.403884888 1376.27624512 586.301879883 -469.554504395 1231.20166016
0.0317361354828 8 554.827392578 -118.935600281 1477.33862305 621.760192871 271.305511475 1528.83959961 537.509887695 47.0785369873 1608.04907227 616.743652344 41.6455688477 1353.54077148 260.924377441 38.1985702515 1538.46777344 635.300292969 -180.428833008 1274.0838623 55.246963501 155.075149536 1367.98913574 600.837524414 -479.242858887 1255.23608398
0.0317969322205 8 558.309753418 -119.112968445 1476.70336914 621.016662598 271.289154053 1527.57458496 537.261779785 46.8226013184 1606.08300781 615.598937988 42.488571167 1352.93066406 263.911987305 34.4664535522 1536.68664551 635.05871582 -171.590744019 1276.83679199 65.847366333 155.871612549 1355.42810059 611.178771973 -366.560974121 1278.97302246
0.0354928970337 8 556.137695312 -120.809158325 1474.06787109 620.160461426 271.702087402 1526.29931641 529.218566895 45.8637161255 1600.16467285 614.130432129 38.8655319214 1349.38513184 265.707061768 36.8181343079 1527.37084961 631.477783203 -168.354003906 1275.81921387 63.5075073242 156.929412842 1351.72619629 620.226379395 -383.40838623 1285.70117188
0.031592130661 8 556.307800293 -120.415359497 1474.14770508 619.35369873 271.428405762 1525.49438477 525.565185547 45.6982955933 1597.62365723 613.184326172 36.1815872192 1347.54724121 269.27456665 39.4956016541 1521.24951172 632.219848633 -150.541900635 1278.47424316 67.0335388184 159.595489502 1344.72888184 615.973144531 -430.617095947 1268.09655762
0.0314328670502 8 554.490478516 -119.017837524 1474.78369141 618.499023438 271.295166016 1524.95178223 520.638122559 45.8850860596 1596.89379883 611.477905273 34.5417022705 1346.63623047 271.600402832 43.9750823975 1508.19848633 631.388671875 -155.843460083 1278.17919922 64.1339263916 161.175125122 1337.20983887 609.156799316 -458.357299805 1258.74768066
0.0359580516815 8 553.456665039 -117.395462036 1475.36010742 617.510314941 271.288330078 1524.92028809 516.644104004 46.2384719849 1596.4083252 610.326721191 33.6318893433 1345.97521973 269.858398438 45.0674552917 1499.9197998 630.429992676 -161.639526367 1278.18408203 69.7055664062 157.858901978 1333.1673584 610.258789062 -457.961242676 1257.58154297
0.0318131446838 8 552.705749512 -115.290962219 1476.77575684 616.63079834 271.163269043 1524.70007324 513.236755371 48.0364990234 1595.01708984 609.898620605 32.0193023682 1345.46166992 266.817138672 45.4898605347 1494.80932617 631.170043945 -179.994888306 1279.35742188 67.1053619385 157.559204102 1321.12768555 605.603881836 -448.270324707 1255.05090332
0.0322389602661 8 554.014709473 -116.289390564 1478.47766113 615.973022461 271.558929443 1524.07177734 513.500610352 48.1226348877 1594.62329102 612.323486328 31.2064208984 1348.06420898 264.823699951 45.2705612183 1493.07617188 630.925476074 -176.896591187 1277.73669434 71.4853363037 163.943527222 1317.61437988 610.59552002 -456.675964355 1256.02331543
0.0356078147888 8 553.178955078 -115.135108948 1479.55236816 615.246276855 271.824401855 1522.63342285 509.229888916 49.3442077637 1593.3536377 612.993896484 30.3016815186 1348.38049316 261.745025635 47.1686820984 1487.78039551 615.199890137 -155.553329468 1280.28100586 69.5966339111 163.1043396 1313.48815918 604.285217285 -454.765136719 1253.03503418
0.0319721698761 8 554.614074707 -114.462585449 1481.07434082 614.11315918 271.698486328 1521.19555664 511.89541626 50.4439620972 1592.60192871 611.220947266 29.4851150513 1348.66516113 261.978118896 48.0909347534 1482.88354492 611.328979492 -143.978088379 1285.37963867 72.2564239502 162.126617432 1315.98010254 605.851257324 -457.025268555 1253.61987305
0.0324239730835 8 556.78527832 -114.095558167 1483.36560059 613.487487793 271.654815674 1520.82543945 514.379089355 50.7211151123 1593.26757812 612.141906738 27.9280395508 1349.92553711 265.219726562 47.5057144165 1484.05371094 616.633850098 -155.009872437 1282.21984863 79.8957977295 155.646820068 1314.96875 601.609436035 -449.804260254 1251.5814209
0.0361299514771 8 557.82421875 -113.801856995 1484.20300293 611.404541016 271.681854248 1521.02868652 511.75769043 49.738243103 1592.89672852 612.947692871 25.9891891479 1349.66040039 265.474182129 47.5335350037 1482.73742676 611.011169434 -159.842803955 1278.38208008 87.6093139648 148.782958984 1321.5279541 594.948791504 -475.175079346 1245.53356934
0.0319831371307 8 557.733215332 -113.81313324 1485.75378418 610.533081055 272.033538818 1520.81152344 513.136291504 50.8016052246 1593.92456055 611.121398926 25.4900970459 1349.62084961 268.712371826 46.1421279907 1484.3125 599.333312988 -180.998855591 1266.35974121 75.5239868164 147.605072021 1321.45068359 588.66394043 -475.999572754 1243.8359375
0.0322399139404 8 559.595336914 -113.685218811 1487.18701172 610.204833984 272.305175781 1520.84008789 514.449829102 51.1681289673 1594.61022949 611.577087402 26.0245437622 1351.04870605 269.14666748 43.5671691895 1484.6809082 604.365661621 -177.561859131 1269.46899414 76.0185241699 139.849609375 1322.84130859 583.568481445 -479.594268799 1240.94226074
0.0356960296631 8 555.458068848 -122.452629089 1484.75219727 609.688598633 272.377532959 1521.16662598 520.13873291 48.9723968506 1597.4432373 606.381286621 28.1411743164 1350.35852051 274.945373535 34.0653190613 1493.57556152 599.370666504 -173.718841553 1266.70825195 81.60206604 130.662200928 1331.79125977 577.709838867 -477.263763428 1237.29992676
0.0320639610291 8 555.026550293 -125.062988281 1483.96252441 608.956298828 272.398193359 1520.53320312 519.87109375 48.1253814697 1598.03503418 606.41595459 29.5070953369 1350.88391113 272.830383301 33.1380653381 1491.59436035 598.56237793 -157.331207275 1264.10974121 71.6617736816 122.219238281 1341.63024902 581.302246094 -469.227172852 1240.51281738
0.0464038848877 8 556.556640625 -119.897598267 1483.47009277 607.936401367 272.530731201 1521.22766113 516.796691895 47.7385635376 1597.24133301 608.77935791 30.7594909668 1352.31408691 269.380401611 31.1795063019 1491.17260742 600.102233887 -142.464035034 1260.04199219 60.1571655273 116.104125977 1348.73510742 588.841125488 -463.36340332 1244.30407715
0.0327460765839 8 558.12878418 -107.968177795 1475.91369629 607.012084961 272.746948242 1522.88659668 513.370849609 40.6669845581 1597.64562988 610.756835938 37.6457138062 1353.67907715 265.194396973 14.3066959381 1501.08496094 602.532165527 -128.708129883 1257.45898438 54.4666137695 100.340690613 1357.89025879 574.855895996 -454.344177246 1239.1270752
0.0301389694214 8 554.341674805 -111.45475769 1471.06787109 605.994506836 272.552429199 1523.91125488 509.182098389 37.2603988647 1596.6607666 613.256164551 40.3332595825 1355.22888184 261.326507568 9.1899394989 1503.95922852 606.447570801 -126.068840027 1257.16003418 50.4169769287 92.1898345947 1373.59936523 566.077514648 -432.902252197 1195.25939941
0.0291471481323 8 551.973144531 -132.2943573 1458.64892578 604.69140625 271.885314941 1524.54455566 506.161437988 28.5970001221 1595.11889648 614.875549316 47.5232391357 1357.07250977 258.329498291 -2.52004814148 1506.96801758 614.566040039 -146.725845337 1253.02038574 33.2839660645 76.4186325073 1383.57299805 550.743408203 -439.567016602 1169.67236328
0.0340118408203 8 549.834228516 -135.423461914 1456.46154785 604.111755371 271.652770996 1525.4909668 506.559387207 26.6047668457 1595.09533691 612.46685791 46.7315979004 1355.25915527 256.562286377 -10.0146713257 1514.9597168 612.642944336 -163.825195312 1249.34790039 27.6060638428 64.9669876099 1395.17175293 543.474914551 -443.210510254 1167.90661621
0.0310311317444 8 548.853088379 -134.356521606 1457.6237793 603.504943848 270.759002686 1526.46081543 502.809051514 22.8538818359 1592.37341309 612.299682617 39.1770629883 1353.44470215 253.332992554 -8.36682128906 1522.02038574 610.929931641 -176.759353638 1244.42260742 25.7641906738 72.210319519 1408.7734375 572.342285156 -455.67767334 1092.99206543
0.0316569805145 8 546.563537598 -125.645942688 1472.55212402 603.027893066 269.642944336 1527.35339355 505.486816406 34.9091796875 1595.5949707 611.154174805 31.0923614502 1354.79833984 249.323455811 -7.85334777832 1540.41394043 607.507202148 -175.734573364 1248.12341309 21.9725799561 66.2700881958 1423.53039551 576.70098877 -450.169616699 1098.83874512
0.0355808734894 8 547.631652832 -125.941314697 1468.9921875 602.193908691 268.832641602 1528.80224609 505.824493408 31.4785919189 1597.13867188 611.530883789 36.2495803833 1356.91430664 251.82699585 -18.7883682251 1557.90332031 607.802368164 -166.577789307 1251.29333496 12.6067657471 51.0782165527 1439.39428711 576.835571289 -430.26260376 1105.48083496
0.0314831733704 8 549.036987305 -125.526313782 1469.49560547 601.343811035 268.075653076 1531.7520752 507.409606934 29.0829162598 1599.74133301 611.399902344 37.2968826294 1359.04064941 253.774932861 -28.8162956238 1573.65820312 609.897644043 -166.785919189 1249.01306152 12.0011138916 46.1688728333 1462.43225098 549.530212402 -444.690582275 1138.86914062
0.0316460132599 8 548.857055664 -125.891578674 1475.78601074 601.708312988 268.200775146 1532.94274902 510.798461914 27.5443725586 1610.2878418 612.350769043 40.9840011597 1369.94213867 251.322967529 -35.6679763794 1590.68469238 610.817993164 -171.773773193 1246.53356934 32.4064483643 27.5608215332 1448.11645508 551.800964355 -443.033050537 1135.57409668
0.035582780838 8 548.72454834 -125.544509888 1482.31640625 601.248535156 266.951019287 1535.96386719 510.179595947 25.7188415527 1617.19702148 615.069641113 38.0847167969 1375.62548828 250.058044434 -36.3476524353 1599.46911621 611.35345459 -172.243484497 1246.18151855 34.5978851318 29.6757469177 1485.83679199 578.379882812 -468.215759277 1236.57678223
0.0315680503845 8 547.91784668 -121.010185242 1487.38916016 600.971130371 265.196472168 1537.90307617 513.385070801 28.4274215698 1617.62817383 615.062072754 29.3016586304 1371.69848633 261.794281006 -33.5541877747 1624.71459961 610.077941895 -175.562652588 1247.27392578 16.4111328125 24.748085022 1482.28466797 554.431213379 -444.67199707 1129.57617188
0.0353870391846 8 547.764648438 -118.659004211 1491.98254395 600.255310059 262.933105469 1541.96520996 498.968383789 33.1332626343 1608.97253418 629.589538574 19.4484176636 1376.48498535 243.604217529 -30.8252029419 1617.59399414 625.047363281 -182.914794922 1251.95739746 -5.40316772461 24.6285934448 1494.91638184 572.081115723 -432.181274414 1137.53796387
0.0435240268707 8 549.32800293 -128.096328735 1492.55273438 600.050537109 261.499084473 1544.58557129 493.4324646 27.1965484619 1609.87683105 636.067810059 15.7370147705 1379.44519043 238.770324707 -35.3640861511 1622.89355469 626.265258789 -181.386535645 1245.60424805 -7.3367767334 20.3616905212 1504.98999023 576.873291016 -452.260955811 1139.12121582
0.0362930297852 8 547.14251709 -130.412979126 1496.31408691 600.112731934 260.127807617 1546.4206543 494.754272461 25.4744567871 1614.85388184 636.795166016 12.6704711914 1384.12390137 238.466766357 -38.3524131775 1629.5769043 626.660339355 -184.442581177 1245.8347168 -15.3825073242 10.6902580261 1517.3392334 617.183898926 -365.31072998 1168.52282715
0.0325689315796 8 546.428588867 -130.463317871 1501.86547852 601.111999512 257.376037598 1551.76147461 511.592803955 24.318649292 1625.82446289 631.329162598 6.80885314941 1381.51147461 243.130340576 -43.8191680908 1631.90686035 624.174316406 -193.457183838 1238.96154785 -8.35726928711 -3.39099884033 1526.22229004 609.258056641 -409.425048828 1275.88720703
0.0295050144196 8 554.163757324 -131.603637695 1506.01586914 600.984558105 257.934997559 1551.59155273 532.594421387 26.5975189209 1632.67944336 624.40020752 8.42991638184 1375.65478516 262.315216064 -55.6060714722 1641.59082031 617.667358398 -203.616104126 1238.32763672 -4.4231262207 -16.3361587524 1546.37207031 601.96484375 -349.944976807 1162.95349121
0.0365591049194 8 562.63067627 -121.014160156 1510.33361816 600.317932129 257.31060791 1552.36401367 559.222595215 44.9336166382 1643.99438477 629.895080566 34.4188919067 1380.98291016 306.169494629 -88.882270813 1656.18481445 619.678161621 -189.196929932 1246.56115723 12.5483093262 -55.8716278076 1558.94543457 582.440856934 -384.548919678 1137.97753906
0.0319359302521 8 571.591186523 -117.099899292 1513.20947266 599.354370117 256.406768799 1556.75415039 578.115112305 51.0605239868 1649.78601074 626.753295898 34.8269271851 1368.81726074 333.304748535 -103.858848572 1661.75476074 615.419799805 -179.955688477 1243.73498535 22.2429504395 -71.2031555176 1569.5838623 576.870788574 -383.596954346 1136.73779297
0.0291268825531 8 574.186828613 -115.809020996 1514.15869141 599.258728027 256.016113281 1559.43371582 583.46673584 50.3480606079 1651.11621094 627.256164551 34.1271591187 1368.71289062 343.832214355 -112.489387512 1667.27319336 615.654052734 -184.442474365 1241.86950684 21.2599182129 -81.5254745483 1582.6027832 579.744445801 -380.032226562 1139.35498047
0.0307350158691 8 573.471191406 -114.573570251 1514.5267334 599.725402832 256.87286377 1558.41345215 581.393615723 50.2230072021 1652.73852539 628.52154541 33.7184143066 1368.57397461 351.993743896 -118.659988403 1673.87585449 616.634460449 -187.5365448 1242.61950684 32.4191894531 -91.4759063721 1593.80749512 583.309387207 -375.538208008 1144.13269043
0.0451550483704 8 571.716674805 -117.924697876 1515.72766113 599.468994141 256.539611816 1563.14831543 574.756958008 47.2867584229 1657.02697754 627.474121094 31.4560699463 1367.92321777 353.440979004 -116.791137695 1678.11401367 615.382873535 -188.314254761 1242.30957031 105.318603516 -106.974601746 1614.03625488 622.516357422 -305.80065918 1176.73632812
0.0295760631561 8 569.472900391 -123.206283569 1523.59338379 598.073669434 258.670715332 1570.32446289 565.200744629 33.3293685913 1669.49450684 629.721862793 31.4871902466 1388.50500488 351.292358398 -120.95124054 1681.74462891 619.624694824 -162.53036499 1258.46228027 77.4583740234 -118.690406799 1612.4967041 573.274047852 -424.2550354 1126.74084473
0.0352110862732 8 566.748962402 -121.036651611 1520.32531738 599.55645752 257.781768799 1568.96679688 557.297729492 30.4553756714 1670.47570801 637.485351562 39.1048049927 1398.11462402 345.493804932 -124.58997345 1682.88378906 624.935058594 -153.74697876 1267.7890625 43.9314575195 -116.923019409 1609.70227051 585.922912598 -375.286712646 1141.27514648
0.0315618515015 8 571.942932129 -125.695457458 1514.4074707 600.375244141 256.890533447 1566.89001465 565.43157959 34.1657714844 1667.43261719 646.470031738 23.4164886475 1368.71557617 350.343994141 -125.749359131 1685.72460938 618.658569336 -164.69758606 1256.140625 23.0396118164 -111.937530518 1602.94104004 580.455688477 -377.024261475 1140.10192871
0.0284509658813 8 570.062988281 -125.823959351 1515.85375977 601.135437012 255.31678772 1567.32580566 564.577270508 34.4139251709 1667.54016113 641.920654297 24.5663299561 1371.16687012 350.289733887 -126.235031128 1686.39782715 618.212890625 -172.703292847 1254.1262207 25.1869506836 -114.137245178 1597.16186523 575.087524414 -399.883056641 1137.64428711
0.0386891365051 8 568.288146973 -124.980628967 1512.81750488 601.275634766 254.300811768 1569.0645752 561.316467285 31.9398880005 1667.1036377 643.397033691 28.7358169556 1374.22888184 345.359619141 -129.318054199 1685.04650879 621.894836426 -174.572143555 1253.11950684 17.5335083008 -114.866500854 1590.70324707 585.575866699 -397.062927246 1154.94750977
0.0345339775085 8 569.127502441 -126.530563354 1510.43212891 600.946716309 254.448883057 1570.01171875 565.685241699 30.8556518555 1666.18286133 645.795471191 30.2574462891 1374.12304688 347.073181152 -134.43788147 1684.63037109 627.641479492 -179.658035278 1237.63928223 48.1169433594 -123.24407196 1577.26293945 578.791442871 -412.052093506 1156.43823242
0.0279538631439 8 571.812744141 -126.172912598 1509.26757812 600.93762207 254.883331299 1570.05554199 569.496704102 33.4252548218 1665.62414551 649.576660156 27.3815155029 1366.79602051 350.380126953 -134.526000977 1683.72509766 629.689453125 -186.855667114 1231.24438477 43.2029724121 -127.546875 1571.84326172 573.79864502 -406.654052734 1152.07531738
0.0294201374054 8 571.503051758 -125.211608887 1509.48034668 602.001220703 254.705108643 1569.47924805 569.835754395 34.2801208496 1665.18273926 647.36529541 28.973236084 1367.5098877 355.894714355 -139.217178345 1680.28686523 627.57989502 -183.053024292 1239.09606934 60.0446777344 -134.526473999 1563.07116699 577.674804688 -416.625030518 1148.50585938
0.0341680049896 8 576.078796387 -127.157897949 1510.77685547 602.104553223 254.012832642 1568.47192383 562.854248047 35.8404998779 1661.96740723 652.815063477 26.2806549072 1368.75524902 355.146820068 -139.774719238 1670.6060791 636.002624512 -182.8046875 1243.43395996 41.8943481445 -130.190139771 1545.5760498 577.466064453 -431.729675293 1175.5546875
0.0307650566101 8 573.087280273 -127.381370544 1508.57092285 602.041503906 253.44619751 1567.14453125 563.717285156 33.0545883179 1661.85974121 650.016479492 28.0784454346 1369.86560059 354.168823242 -141.135192871 1666.16809082 636.770019531 -179.867965698 1243.15014648 31.1792907715 -135.819595337 1541.19848633 597.770019531 -376.535949707 1146.32348633
0.0316069126129 8 573.330810547 -123.372306824 1515.64538574 602.099975586 254.051757812 1566.30029297 555.684326172 21.1790618896 1682.35864258 645.786376953 48.6271362305 1396.62329102 347.886169434 -149.776580811 1653.01818848 652.758483887 -159.495346069 1258.16662598 13.8383178711 -138.299346924 1500.42797852 580.721252441 -417.485046387 1156.35583496
0.0482640266418 8 576.145690918 -124.07484436 1512.77807617 602.181335449 254.583251953 1566.17102051 563.620239258 17.9459075928 1676.48168945 647.028686523 51.1568450928 1406.02978516 347.006225586 -154.336334229 1646.79370117 643.133178711 -160.366775513 1251.95336914 92.4449157715 -166.244277954 1517.01843262 574.531921387 -413.904724121 1163.22351074
0.0305650234222 8 579.196044922 -126.68031311 1504.50390625 602.718078613 255.095428467 1566.0435791 568.641296387 13.516494751 1672.37304688 647.385803223 48.3384857178 1391.96386719 344.114471436 -160.322921753 1635.52587891 637.641113281 -158.852142334 1247.62475586 38.2100219727 -167.458251953 1481.28405762 578.488952637 -388.856750488 1138.2557373
0.0282649993896 8 580.717529297 -127.949272156 1500.43652344 602.632019043 254.786102295 1565.04406738 571.606689453 10.7449645996 1670.02746582 648.016601562 47.4469146729 1387.35583496 352.666687012 -163.793426514 1619.5098877 633.927856445 -157.435272217 1248.05029297 35.6334533691 -162.856063843 1453.45800781 573.219543457 -411.534454346 1169.46691895
0.0410988330841 8 583.671508789 -119.864738464 1500.30932617 602.487182617 254.880371094 1564.14013672 571.547485352 3.86126708984 1670.13012695 654.539428711 49.1790618896 1396.88696289 351.255554199 -173.832977295 1618.30529785 629.608032227 -142.264190674 1255.12097168 40.4243164062 -179.531997681 1444.98596191 580.709411621 -376.978820801 1145.87841797
0.02987408638 8 586.124511719 -113.381965637 1503.5213623 602.036132812 254.622009277 1562.63879395 575.996337891 9.90507507324 1676.73022461 660.382446289 59.1129150391 1403.34716797 359.26852417 -184.581924438 1610.83972168 626.419677734 -114.489562988 1265.36791992 59.5906982422 -186.873443604 1414.76062012 587.999206543 -370.390808105 1144.65515137
0.0316851139069 8 585.015686035 -109.858459473 1503.22253418 601.389160156 255.164855957 1559.68994141 574.949645996 14.0286407471 1677.9017334 659.243103027 62.849899292 1400.14807129 358.653381348 -187.766403198 1607.3807373 628.682128906 -100.424133301 1269.73925781 67.0049743652 -202.778457642 1400.49194336 607.187744141 -409.521606445 1252.53442383
0.0328969955444 8 584.599304199 -109.444221497 1503.65197754 600.506835938 257.363037109 1555.90930176 575.701843262 16.1303405762 1679.49194336 658.479187012 66.0904006958 1401.19604492 357.207641602 -188.497451782 1602.63305664 634.172668457 -105.810920715 1268.68237305 152.68510437 -216.597106934 1418.76538086 608.711853027 -408.057434082 1252.48718262
0.0291738510132 8 584.384155273 -109.71647644 1504.34472656 599.924682617 259.295166016 1552.92382812 577.369934082 16.1485748291 1681.875 656.640686035 68.5860824585 1402.38671875 358.695373535 -190.375274658 1596.33068848 637.862915039 -108.126670837 1269.6418457 115.091278076 -217.853347778 1368.67370605 612.151733398 -412.986633301 1250.00561523
0.0304989814758 8 582.51940918 -107.977012634 1503.28479004 598.401489258 260.766906738 1549.3326416 573.636779785 18.0576934814 1678.71557617 653.313659668 67.7559204102 1399.1418457 353.409606934 -185.389724731 1561.0793457 643.939331055 -123.466247559 1275.56286621 103.323501587 -217.680404663 1373.59094238 607.415100098 -416.963592529 1247.87878418
0.0454549789429 8 580.250305176 -110.819374084 1497.3302002 593.591552734 263.192016602 1540.51452637 573.146606445 20.3431549072 1674.45080566 643.275268555 63.4047470093 1377.74890137 354.144714355 -184.640106201 1554.38977051 641.726074219 -120.978797913 1275.9251709 132.741104126 -217.182998657 1367.50769043 609.123657227 -417.912139893 1245.48522949
0.0342969894409 8 580.79498291 -108.427078247 1491.31164551 591.831542969 263.416259766 1538.01708984 575.933776855 27.6723709106 1663.39575195 641.657165527 61.9993209839 1367.17333984 355.775085449 -187.662719727 1546.33789062 642.176879883 -132.766052246 1277.34265137 165.526123047 -224.150848389 1353.64587402 606.600097656 -416.652862549 1242.63012695
0.0299050807953 8 579.991088867 -108.001708984 1489.13061523 588.625366211 266.243103027 1533.25769043 573.73059082 25.28099823 1664.80517578 637.478515625 62.8882522583 1362.02075195 360.400726318 -186.983642578 1540.08117676 645.412109375 -140.623504639 1278.29699707 101.526885986 -225.962219238 1290.19555664 605.36505127 -415.806976318 1240.47607422
0.0288851261139 8 579.151611328 -107.981155396 1486.54309082 585.602539062 264.177764893 1524.72106934 573.159973145 26.0932693481 1664.13696289 632.761535645 64.1361312866 1355.95556641 371.070739746 -186.62121582 1532.85705566 647.668762207 -146.277832031 1280.99975586 90.5065002441 -228.151885986 1272.96533203 607.667419434 -415.255432129 1239.04528809
0.0294549465179 8 578.165771484 -100.459396362 1479.62133789 586.133239746 265.008728027 1523.95007324 570.264404297 46.0263824463 1630.24768066 625.101928711 55.9590606689 1347.18591309 379.130615234 -170.620635986 1522.72180176 644.709899902 -159.890106201 1279.10534668 94.4214172363 -211.406066895 1254.14147949 602.686767578 -432.40423584 1236.11938477
0.0311739444733 8 578.088256836 -100.612464905 1473.01757812 586.585754395 263.997039795 1526.01794434 571.575012207 50.6292724609 1619.30981445 621.987976074 56.7353668213 1340.23022461 381.909393311 -168.581542969 1515.43347168 644.797302246 -162.669067383 1279.5769043 137.086502075 -220.579299927 1295.46337891 599.067382812 -436.341461182 1232.83410645
0.0454869270325 8 579.024291992 -100.128501892 1473.55090332 586.062255859 264.320281982 1523.83654785 574.248413086 50.0896682739 1628.25256348 623.153320312 60.6069412231 1336.66516113 380.152832031 -169.330688477 1501.52880859 645.827819824 -158.897674561 1280.63415527 159.64151001 -227.539108276 1276.35009766 599.657592773 -434.869354248 1232.02075195
0.0301241874695 8 578.562255859 -98.0003433228 1467.7208252 584.96105957 264.423950195 1520.52441406 572.312866211 47.0802154541 1633.2166748 628.741088867 71.3463439941 1336.26672363 379.386077881 -171.411315918 1496.84240723 652.355712891 -147.930557251 1285.86877441 84.462677002 -222.27583313 1211.4954834 608.455688477 -428.47253418 1233.21276855
0.0392239093781 8 582.350891113 -88.8573608398 1475.1048584 584.578552246 264.573852539 1517.99206543 575.620544434 52.2119827271 1638.81518555 627.528991699 71.5729598999 1337.38037109 379.99105835 -166.294128418 1492.49060059 651.277893066 -154.051757812 1286.765625 159.207366943 -227.524230957 1272.640625 603.727966309 -433.160003662 1232.69262695
0.0305979251862 8 583.693237305 -87.4838562012 1474.75927734 584.427246094 265.253662109 1515.98303223 574.145141602 51.6032104492 1640.55688477 630.579467773 74.8432617188 1339.19775391 377.65234375 -165.399490356 1492.60571289 656.113586426 -154.437683105 1289.61376953 108.219665527 -231.982971191 1209.55651855 606.381469727 -430.710113525 1230.79748535
0.0274310112 8 582.58795166 -82.8840332031 1469.20654297 584.666870117 266.275695801 1510.0435791 574.445922852 62.2932739258 1632.51831055 630.371582031 84.4190063477 1336.76806641 377.945861816 -170.870437622 1491.19055176 657.927246094 -146.688262939 1289.88781738 151.044906616 -240.198898315 1274.79736328 607.571960449 -422.579437256 1230.23522949
0.0335569381714 8 581.499267578 -84.2473373413 1470.03625488 584.472290039 266.715301514 1507.7253418 574.20916748 56.233795166 1636.88952637 628.06072998 81.6197662354 1336.06481934 378.03918457 -169.080978394 1489.5657959 658.329345703 -151.441467285 1290.77612305 84.7375793457 -243.634063721 1202.28991699 611.637268066 -421.395446777 1231.04309082
0.0306360721588 8 580.239074707 -82.1545944214 1472.79748535 584.211242676 267.984405518 1508.63378906 574.471069336 58.6514205933 1638.79968262 624.198974609 81.8248214722 1336.43518066 377.984680176 -164.40927124 1488.02160645 658.639099121 -153.730133057 1292.02148438 84.7257995605 -241.111953735 1213.94396973 610.99597168 -426.747192383 1229.99829102
0.0311589241028 8 581.763916016 -79.1197814941 1473.49157715 583.450683594 269.223693848 1507.89562988 576.897521973 61.431854248 1640.49597168 624.179870605 83.5640258789 1334.19372559 376.210632324 -165.950714111 1487.54272461 658.64630127 -151.731414795 1291.12084961 77.9754638672 -247.405349731 1218.2265625 611.30480957 -425.391235352 1229.54138184
0.0426251888275 8 583.819702148 -81.3984451294 1463.98303223 582.839904785 269.599212646 1507.32177734 581.534606934 49.7872543335 1639.1697998 614.964904785 92.2852096558 1334.4864502 385.372192383 -176.650482178 1488.52062988 651.164916992 -138.513305664 1291.96008301 81.9147949219 -261.884094238 1224.75488281 608.314880371 -414.198486328 1229.84753418
0.0282139778137 8 578.167724609 -83.694519043 1462.42114258 581.69354248 270.598175049 1507.29943848 570.870056152 50.1681976318 1635.41833496 622.386291504 88.9068450928 1335.3223877 378.512969971 -174.618133545 1488.21679688 658.522399902 -140.528121948 1290.73657227 86.6803894043 -264.520080566 1238.07592773 614.674133301 -415.996459961 1228.87194824
0.0401709079742 8 577.996337891 -83.1258850098 1465.75280762 581.086975098 270.469360352 1506.1385498 573.471313477 52.2972412109 1636.70654297 620.454711914 85.9519042969 1334.62255859 381.448608398 -172.108108521 1490.61767578 657.726867676 -140.933517456 1290.32275391 3.23992919922 -276.087219238 1239.4765625 612.382202148 -418.304382324 1227.65466309
0.0361211299896 8 577.737976074 -82.1333847046 1467.0255127 581.049255371 270.069213867 1505.1607666 574.579956055 55.8690795898 1636.35974121 619.291992188 85.061050415 1332.68225098 384.010620117 -169.820724487 1493.00366211 657.203857422 -143.738143921 1288.89453125 133.255004883 -277.173034668 1304.94494629 605.232727051 -427.358337402 1223.90441895
0.028294801712 8 577.594299316 -81.9916915894 1466.69921875 581.216918945 270.164581299 1505.43798828 574.874267578 56.937713623 1634.86071777 617.809204102 83.7454376221 1330.68029785 383.938049316 -170.172943115 1493.64074707 656.300354004 -145.293869019 1288.25793457 105.808990479 -292.412902832 1317.32836914 606.601074219 -426.143432617 1225.21350098
0.0271952152252 8 577.506469727 -82.1442260742 1467.63903809 580.609863281 270.173187256 1505.86938477 575.347167969 56.2977523804 1636.10473633 616.880004883 82.8227615356 1330.57250977 384.580871582 -171.106231689 1495.08312988 655.929748535 -145.916900635 1287.23034668 60.7222290039 -295.257873535 1285.23083496 603.611694336 -426.481872559 1225.46533203
0.043967962265 8 576.028747559 -82.626121521 1466.42248535 579.428649902 269.975708008 1506.6439209 573.816040039 54.1564559937 1637.11987305 617.602294922 83.6982955933 1330.55541992 382.120788574 -173.745117188 1496.58654785 657.338134766 -144.192047119 1286.43554688 55.5433044434 -306.207641602 1299.63000488 605.542541504 -423.618438721 1225.30371094
0.0345180034637 8 575.481628418 -83.0713882446 1466.51269531 578.185546875 270.205413818 1507.98388672 572.993041992 52.8349838257 1639.20227051 620.654663086 84.8996200562 1332.18615723 381.090606689 -179.691375732 1506.12792969 659.194213867 -141.951080322 1286.33410645 63.7098693848 -311.367797852 1321.90673828 607.412536621 -421.084655762 1225.9309082
0.0309360027313 8 574.00970459 -82.9930267334 1466.57885742 576.782287598 270.055511475 1509.09313965 571.312194824 54.9566802979 1640.59399414 622.940979004 87.0773468018 1332.4128418 377.945404053 -173.572128296 1534.53637695 661.338195801 -138.781707764 1286.38586426 36.5168762207 -329.58984375 1334.99060059 606.72845459 -418.613372803 1226.51708984
0.0354819297791 8 571.906860352 -80.4390945435 1466.71630859 573.319213867 271.506286621 1512.17651367 565.411132812 60.7510910034 1642.6373291 622.497070312 93.577293396 1332.23937988 376.555358887 -186.215209961 1544.67675781 660.776733398 -132.493530273 1285.33740234 53.0451049805 -340.765258789 1356.41027832 606.440917969 -411.846466064 1226.22192383
0.0301558971405 8 572.112915039 -81.7228012085 1467.22546387 570.593444824 271.80267334 1514.25036621 567.145629883 59.2170028687 1641.75964355 620.635375977 91.3770980835 1332.93859863 376.241577148 -189.196655273 1547.49450684 658.219726562 -135.29800415 1283.53344727 44.9239196777 -352.046081543 1368.21435547 607.281738281 -412.966949463 1226.57373047
0.027107000351 8 574.914306641 -91.5785446167 1474.75805664 566.370178223 270.466949463 1521.19970703 576.645935059 28.7963943481 1668.18676758 623.10723877 82.6320877075 1336.06420898 374.14276123 -186.7762146 1548.39257812 659.308959961 -144.291870117 1283.16638184 63.8115234375 -354.097564697 1389.13085938 610.282348633 -419.543151855 1228.23242188
0.0328691005707 8 573.394897461 -94.8298873901 1475.46447754 565.851196289 269.487060547 1524.79589844 575.477050781 23.1563110352 1669.48608398 625.516235352 82.0083465576 1342.87060547 374.473419189 -193.759185791 1548.75720215 658.496276855 -139.472106934 1281.22033691 49.6585998535 -365.943481445 1398.27941895 611.906616211 -414.715240479 1229.19018555
0.0307130813599 8 571.432739258 -93.8494720459 1473.54956055 564.244750977 267.352539062 1531.02563477 571.168945312 29.5573501587 1663.46337891 623.416381836 84.1942062378 1343.56958008 378.395568848 -197.34185791 1550.8215332 656.029907227 -135.21786499 1280.9810791 33.2419128418 -378.903076172 1405.61938477 608.240844727 -412.102386475 1227.73791504
0.0423069000244 8 570.385314941 -92.4001541138 1472.76416016 564.832885742 261.124084473 1541.38098145 567.130554199 36.7777252197 1658.2644043 623.57208252 86.0260925293 1344.53320312 385.904296875 -203.027542114 1555.18823242 655.047424316 -133.051040649 1277.89135742 50.8475036621 -382.498535156 1431.52124023 603.174621582 -409.024719238 1225.65649414
0.0355069637299 8 570.190917969 -94.7000579834 1474.75561523 564.078430176 258.63684082 1544.29516602 565.361633301 31.1962127686 1659.94750977 624.542663574 83.6315765381 1350.60644531 386.170623779 -204.649841309 1556.7434082 655.09576416 -132.040649414 1277.38061523 113.022003174 -387.922302246 1480.72106934 597.088317871 -407.823577881 1227.51794434
0.0287940502167 8 563.417053223 -101.378669739 1473.77966309 564.816955566 256.660461426 1548.34558105 551.162109375 27.7060699463 1657.31738281 631.451293945 83.5272521973 1365.70385742 382.569671631 -210.115722656 1557.83679199 657.34576416 -127.116912842 1273.65771484 49.1957702637 -396.363494873 1456.91760254 586.495300293 -416.620819092 1224.22229004
0.0280299186707 8 564.223144531 -103.291511536 1474.36669922 564.446716309 258.476074219 1545.13012695 553.55267334 26.1182861328 1658.53833008 630.036437988 82.0996627808 1364.46337891 384.783691406 -211.854385376 1561.96447754 656.671386719 -128.162902832 1273.36547852 41.8266296387 -404.298400879 1466.68969727 576.796142578 -424.91192627 1217.31396484
0.0346319675446 8 565.006835938 -103.378105164 1477.55432129 564.437805176 255.945922852 1548.74511719 556.980041504 30.0712127686 1657.16894531 631.874328613 82.1109848022 1371.45458984 386.190307617 -216.384735107 1566.44238281 655.757080078 -125.051521301 1272.7130127 109.109954834 -407.043151855 1504.77966309 596.275146484 -387.309204102 1080.01574707
0.0307240486145 8 564.671875 -103.11567688 1481.09057617 563.746643066 254.571929932 1554.86035156 554.714233398 28.893951416 1660.92443848 630.361083984 82.193901062 1375.20739746 387.149780273 -223.61579895 1575.4251709 652.141235352 -121.370384216 1268.56079102 65.3060302734 -412.937805176 1495.36523438 578.047119141 -372.071472168 1141.06555176
0.0400440692902 8 565.995178223 -100.602592468 1484.23364258 562.615112305 254.922729492 1557.12329102 554.796081543 27.7434234619 1664.6027832 630.924621582 85.3335494995 1382.5324707 387.800323486 -229.12852478 1580.59936523 649.689331055 -108.358299255 1261.93225098 63.7698974609 -423.435394287 1504.30810547 593.108398438 -378.271453857 1085.61230469
0.034038066864 8 565.550476074 -101.6615448 1485.27783203 561.65814209 253.063644409 1562.57055664 554.165344238 27.3641815186 1664.33398438 628.615783691 84.0781097412 1383.48413086 389.408569336 -231.474563599 1588.65515137 645.215881348 -95.7018127441 1255.16369629 55.9060974121 -434.967468262 1507.78295898 586.876831055 -350.79119873 1099.40515137
0.0344018936157 8 562.672058105 -105.029434204 1482.78027344 557.57989502 254.152328491 1574.18505859 550.215698242 25.8965759277 1649.00244141 621.033691406 73.4593276978 1384.4831543 396.24206543 -220.956542969 1594.44665527 638.656921387 -113.632133484 1254.32092285 55.830871582 -417.620513916 1511.47058105 569.617004395 -381.807189941 1130.40112305
0.0286159515381 8 561.983093262 -106.247306824 1480.59741211 557.055419922 254.00479126 1571.37487793 547.806884766 26.7635269165 1641.78112793 618.46105957 68.7108535767 1380.23327637 399.151184082 -217.720794678 1597.56494141 633.430786133 -108.951835632 1246.5390625 64.5722045898 -419.067382812 1514.96533203 580.46673584 -392.936584473 1086.03930664
0.0385620594025 8 558.015991211 -101.703224182 1466.92785645 554.254150391 253.121185303 1578.48950195 544.800476074 48.2273788452 1631.66845703 603.320007324 68.9469528198 1330.47485352 398.426147461 -200.561981201 1599.76623535 634.161865234 -139.006225586 1250.09008789 58.1344604492 -404.802368164 1524.51000977 580.403076172 -438.698669434 1225.17700195
0.0289809703827 8 561.365539551 -98.2384262085 1452.85070801 551.32043457 252.299041748 1583.70788574 545.911621094 72.6563644409 1595.58288574 615.213256836 57.3422470093 1302.14733887 402.687072754 -179.627349854 1606.56054688 626.309570312 -139.08480835 1262.61047363 62.4405822754 -379.952453613 1520.82568359 567.171020508 -416.681182861 1108.61315918
0.0294489860535 8 558.45123291 -99.2924346924 1447.58227539 551.658935547 251.426696777 1580.97766113 542.881896973 76.7762145996 1575.10046387 606.628356934 49.200012207 1295.48864746 396.157348633 -170.342681885 1609.5802002 624.427368164 -160.254852295 1266.52307129 69.9818725586 -359.511291504 1522.99523926 559.647155762 -442.81338501 1117.82946777
0.0344159603119 8 557.280212402 -98.8582458496 1448.22595215 547.824890137 248.801681519 1587.12609863 541.578369141 78.3923110962 1573.00915527 602.819580078 46.0546798706 1292.7857666 388.992492676 -169.975189209 1610.56384277 624.970825195 -175.8230896 1257.25805664 70.6369018555 -358.167480469 1510.72900391 631.24005127 -416.472106934 1242.02941895
0.0311040878296 8 554.964660645 -102.09526062 1448.37438965 546.510314941 247.565490723 1589.2166748 539.013916016 76.7193527222 1565.76098633 598.568481445 33.1599807739 1287.70849609 391.670593262 -155.223297119 1612.58557129 624.414428711 -194.590545654 1250.66674805 98.639251709 -348.352600098 1511.12866211 562.385131836 -453.822875977 1096.01086426
0.0313091278076 8 553.708007812 -106.032196045 1448.56481934 547.512695312 247.770065308 1584.64538574 534.408203125 73.8516616821 1569.31420898 596.324707031 29.9342269897 1284.22338867 385.872680664 -152.890258789 1611.93005371 626.516479492 -204.035308838 1247.14868164 156.795547485 -329.40435791 1521.74658203 565.647949219 -457.489532471 1095.22167969
0.0352778434753 8 553.893798828 -108.025299072 1449.71765137 543.665710449 248.24848938 1586.38317871 533.053649902 72.8882751465 1572.16845703 595.350769043 29.6961364746 1283.96948242 382.027618408 -161.519439697 1601.13427734 627.395019531 -210.805053711 1248.33459473 105.762512207 -343.814758301 1483.7611084 568.344299316 -459.270507812 1102.55664062
0.041738986969 8 555.063415527 -111.81060791 1449.30773926 541.704101562 248.266204834 1586.8572998 527.424743652 71.8113861084 1571.29956055 597.13092041 29.5385894775 1283.1340332 382.06048584 -174.872955322 1579.42382812 630.269592285 -214.692550659 1248.88110352 105.980255127 -352.214233398 1468.86962891 588.678771973 -486.529174805 1220.99072266
0.0299711227417 8 551.636413574 -111.536872864 1448.37561035 540.829040527 248.93572998 1587.03747559 525.394165039 73.6144638062 1572.43688965 589.749511719 28.8379364014 1277.48596191 381.35925293 -179.1199646 1570.52355957 629.450622559 -217.238876343 1248.31201172 96.9090576172 -361.741088867 1449.28381348 570.045776367 -465.081481934 1111.80895996
0.0380289554596 8 549.86340332 -110.823219299 1448.47338867 538.299255371 249.452911377 1589.10778809 525.14263916 75.1407699585 1575.33251953 585.065002441 30.3571166992 1274.93383789 381.388763428 -177.486358643 1565.29724121 629.187072754 -218.595443726 1248.00439453 101.949768066 -360.899780273 1435.29772949 565.178771973 -483.823242188 1123.29980469
0.0297939777374 8 553.083679199 -97.1172409058 1449.73425293 535.279296875 250.564910889 1591.95947266 536.897705078 94.6679840088 1578.92578125 587.328735352 58.9684753418 1281.80981445 401.42288208 -178.172561646 1552.71154785 629.319458008 -191.611221313 1252.87145996 180.790267944 -370.534667969 1461.86010742 563.339782715 -455.69519043 1131.31433105
0.0380640029907 8 553.652709961 -88.9484863281 1444.40905762 532.451965332 251.919830322 1592.6217041 547.20904541 104.124954224 1572.04907227 586.107849121 70.4558258057 1279.64306641 415.618560791 -174.843551636 1546.02294922 629.405517578 -181.852813721 1252.9552002 118.162261963 -404.916137695 1398.74963379 562.341491699 -450.333221436 1135.05200195
0.0284779071808 8 555.774536133 -85.1498336792 1442.90869141 532.724975586 252.461853027 1590.74975586 550.684753418 108.601135254 1569.16345215 590.175231934 73.616317749 1278.24060059 426.705169678 -170.073608398 1538.49157715 631.973876953 -179.206283569 1253.19165039 122.951568604 -411.298278809 1389.75732422 565.014526367 -445.846374512 1142.03881836
0.0300800800323 8 558.656799316 -88.2070159912 1454.58459473 531.205688477 253.531890869 1590.01550293 556.053161621 92.8793334961 1594.62451172 596.507385254 74.7582397461 1298.31567383 428.790710449 -179.140869141 1537.65759277 632.019897461 -169.856338501 1253.17285156 193.769958496 -396.343688965 1435.75927734 572.206359863 -415.78112793 1112.08325195
0.0347781181335 8 558.653015137 -88.5321121216 1452.85327148 530.745422363 254.284362793 1589.21496582 555.623779297 96.3675384521 1590.80737305 599.145874023 74.0859375 1294.28417969 429.84185791 -177.660751343 1536.1015625 630.828674316 -173.304153442 1253.65612793 129.287841797 -421.635498047 1379.09277344 567.528503418 -409.187988281 1122.04711914
0.0382459163666 8 563.237365723 -108.323509216 1460.83947754 530.036743164 254.799743652 1588.60119629 552.665893555 63.9017562866 1607.6171875 609.408691406 63.4000778198 1320.49609375 424.94519043 -207.851928711 1534.69226074 631.074157715 -155.832702637 1255.58581543 143.379943848 -447.506500244 1381.83605957 629.983764648 -198.731903076 1201.6673584
0.0285918712616 8 566.475219727 -121.103813171 1477.14892578 529.497436523 254.257873535 1587.61071777 551.423400879 42.360824585 1629.17541504 616.976013184 57.39478302 1352.05969238 421.070861816 -227.087478638 1533.87915039 639.127197266 -137.676605225 1255.57214355 151.943695068 -461.415161133 1381.89953613 629.046630859 -221.678207397 1220.00854492
0.0332281589508 8 566.291015625 -123.355812073 1475.86791992 528.837097168 255.052093506 1586.77929688 549.327575684 36.9362945557 1629.54833984 618.953918457 55.8800888062 1354.62353516 424.686767578 -231.302322388 1536.01940918 639.851501465 -149.416381836 1259.1595459 179.04045105 -466.614685059 1388.30737305 619.534912109 -123.861236572 1247.4432373
0.0410199165344 8 567.114501953 -123.219024658 1473.81494141 527.501525879 256.874145508 1584.09985352 549.508789062 33.5630493164 1630.86022949 622.457763672 56.8486633301 1355.21228027 440.369812012 -231.720428467 1545.62219238 626.766784668 -169.484558105 1240.23693848 201.451644897 -473.008056641 1396.37634277 569.448669434 79.3204193115 1460.85253906
0.0319149494171 8 565.612670898 -122.730903625 1466.93029785 526.976379395 258.093383789 1581.54199219 542.104980469 24.9759063721 1633.38146973 633.17980957 62.9144897461 1361.82824707 428.138183594 -238.388473511 1538.04101562 640.393554688 -154.961654663 1249.92797852 228.342330933 -484.949157715 1406.29577637 573.06439209 49.7736663818 1443.33435059
0.0341811180115 8 564.769226074 -122.778953552 1465.33312988 526.486083984 259.432678223 1579.24328613 537.455993652 20.5296936035 1634.30615234 636.519958496 66.7123565674 1371.63061523 432.737121582 -241.119476318 1539.42895508 653.512695312 -147.633666992 1286.10864258 260.688232422 -503.438598633 1421.26269531 644.820678711 -36.9888381958 1255.21716309
0.0285658836365 8 565.28894043 -122.722221375 1465.70898438 527.182617188 260.921203613 1574.18078613 537.469726562 16.4251403809 1636.44250488 635.777587891 68.1441192627 1376.89855957 444.454498291 -251.547241211 1539.11242676 654.952331543 -152.504272461 1276.15771484 293.020141602 -523.805908203 1428.64038086 653.667602539 -44.6152877808 1239.59643555
0.037260055542 8 569.531677246 -127.944320679 1466.03918457 529.922668457 263.903991699 1566.97009277 547.571289062 4.14978027344 1638.88049316 627.768188477 61.9847640991 1374.71154785 482.053405762 -265.843902588 1547.48046875 650.788269043 -163.25982666 1267.99487305 339.682250977 -546.134643555 1446.11328125 673.445739746 80.1708679199 1309.63232422
0.035306930542 8 569.833068848 -130.629165649 1457.82958984 531.182739258 265.119689941 1562.70129395 553.541748047 11.140838623 1607.36669922 621.552856445 48.7281265259 1369.05126953 511.038757324 -243.184768677 1581.52062988 647.159484863 -177.177001953 1263.5423584 391.375366211 -551.671325684 1473.60571289 668.361999512 56.8223114014 1296.90539551
0.0298001766205 8 566.587768555 -128.040863037 1458.03771973 531.58013916 265.217895508 1559.37548828 558.51385498 21.501953125 1608.52770996 614.404602051 48.8172683716 1350.75158691 521.517272949 -214.634902954 1621.4967041 650.526489258 -188.694519043 1267.01245117 408.920318604 -491.227661133 1573.97485352 634.708068848 -100.106559753 1226.94714355
0.028137922287 8 564.576416016 -124.651634216 1460.53442383 530.776611328 266.341217041 1555.43334961 558.505432129 27.7999725342 1620.26843262 610.537414551 58.2574768066 1345.5333252 531.576599121 -205.241317749 1619.52124023 646.881469727 -181.723922729 1262.71276855 466.763824463 -292.040435791 1761.61315918 568.281188965 -426.179748535 1189.546875
0.0341439247131 8 570.057434082 -121.449905396 1464.1940918 529.417175293 267.38092041 1552.80541992 577.301269531 31.2368927002 1625.63305664 616.415161133 64.8905181885 1352.13793945 534.313903809 -203.714309692 1625.72277832 653.353271484 -160.071350098 1250.26330566 462.100006104 -308.515350342 1763.68029785 572.52911377 -415.123718262 1185.2767334
0.0303809642792 8 568.747253418 -118.850975037 1460.55529785 527.503051758 268.531982422 1551.11535645 582.0390625 31.9930114746 1626.71276855 612.7890625 68.9365386963 1345.07727051 539.508789062 -187.192199707 1630.94287109 650.169128418 -163.663787842 1252.40100098 467.240203857 -313.557830811 1757.77893066 586.186279297 -406.930358887 1174.72241211
0.0316290855408 8 564.706359863 -119.863716125 1459.8795166 526.855712891 270.180511475 1550.03857422 576.714477539 31.0324859619 1628.64038086 607.963134766 68.107421875 1340.75830078 545.015014648 -174.369430542 1629.03405762 642.614746094 -164.84046936 1245.65002441 472.490966797 -312.612731934 1758.50585938 579.717163086 -411.85168457 1176.71838379
0.034882068634 8 565.989196777 -118.265602112 1461.42358398 526.235839844 270.602935791 1550.27685547 582.16607666 37.5594024658 1627.95666504 609.139099121 68.9460144043 1337.46228027 542.642211914 -148.046463013 1631.60351562 642.847106934 -165.407669067 1245.5994873 476.586151123 -318.171417236 1759.3190918 576.077514648 -415.867248535 1174.29589844
0.0312428474426 8 564.625976562 -116.320716858 1457.30541992 526.777160645 271.078186035 1550.24841309 582.223022461 46.0941772461 1613.69335938 607.197143555 67.3566131592 1332.421875 554.993469238 -138.634185791 1611.65869141 637.963684082 -168.497543335 1240.32067871 485.193847656 -312.703125 1765.30212402 570.312805176 -420.84576416 1173.29650879
0.0312871932983 8 564.872070312 -117.632728577 1454.63293457 526.321777344 270.29776001 1552.21643066 584.863952637 45.5545654297 1615.73242188 607.736633301 66.56665802 1323.42260742 559.323303223 -132.301269531 1603.515625 634.499145508 -168.849212646 1238.02478027 490.281921387 -313.820922852 1767.90673828 566.228637695 -421.75592041 1172.37841797
0.0488028526306 8 564.060668945 -116.701072693 1455.73608398 525.875610352 269.981445312 1553.84960938 586.239379883 46.5423202515 1615.98669434 605.501464844 66.2622909546 1322.9666748 565.76574707 -120.420036316 1602.06433105 631.547668457 -168.640136719 1237.46252441 492.436523438 -301.673156738 1775.12219238 565.394775391 -413.179046631 1171.8079834
0.033842086792 8 563.12713623 -116.767669678 1456.8684082 525.276123047 269.725830078 1555.03723145 585.503417969 45.4914016724 1615.56982422 603.677612305 62.9166488647 1322.39111328 568.205505371 -102.530860901 1615.07922363 630.585021973 -173.393920898 1242.19689941 492.608459473 -301.407287598 1772.78222656 562.828857422 -421.491149902 1165.38867188
0.0312218666077 8 563.12512207 -112.957206726 1459.20605469 525.744873047 269.355316162 1555.89025879 585.598754883 49.426902771 1616.21447754 602.278198242 59.0391159058 1316.34338379 570.578674316 -92.9846878052 1630.67346191 629.878295898 -176.569793701 1243.015625 496.286499023 -299.964416504 1770.33410645 559.703674316 -419.13168335 1161.13781738
0.0291931629181 8 563.009155273 -113.157623291 1460.36914062 526.968078613 269.391418457 1556.60913086 584.976501465 52.4237594604 1615.34851074 600.89239502 52.7277297974 1308.82580566 572.670166016 -87.2753067017 1601.2590332 630.204650879 -181.151824951 1242.33740234 534.159729004 -284.490600586 1728.56506348 555.814575195 -421.274230957 1161.18457031
0.0304720401764 8 562.438171387 -115.370201111 1461.3079834 531.104187012 268.74822998 1560.03625488 583.964599609 51.5884170532 1614.8145752 601.168701172 48.5690689087 1307.92346191 577.044555664 -81.6549758911 1568.46057129 628.862060547 -180.044281006 1239.8560791 543.712890625 -297.275146484 1664.50231934 554.193115234 -419.13482666 1156.9621582
0.0391039848328 8 562.140686035 -119.378372192 1467.50012207 532.622192383 267.148254395 1561.56555176 582.349975586 39.7368392944 1617.94946289 600.621948242 37.7717971802 1318.55664062 614.565917969 -63.9758148193 1343.66687012 629.749633789 -148.179382324 1255.76574707 529.295593262 -287.21774292 1712.23742676 552.941162109 -411.807250977 1152.61132812
0.0322058200836 8 560.827392578 -116.768753052 1481.66040039 534.440307617 266.235778809 1562.95288086 579.743164062 35.9030456543 1647.50683594 601.842773438 43.7200012207 1327.60620117 558.850524902 -53.7080001831 1442.90905762 631.380249023 -131.67741394 1263.76745605 530.756958008 -288.892944336 1712.97827148 557.710388184 -390.123535156 1147.84729004
0.0339779853821 8 560.557250977 -113.270301819 1492.76245117 538.020751953 265.106750488 1566.64111328 586.631652832 38.5076293945 1657.01635742 602.180725098 41.3603668213 1334.48193359 458.056518555 -77.3853530884 1591.96264648 626.708251953 -131.522964478 1269.3840332 548.546447754 -278.770721436 1703.55041504 555.601867676 -385.02947998 1149.67248535
0.0288980007172 8 559.968505859 -113.130218506 1495.12182617 540.028015137 263.796081543 1569.42687988 592.077880859 37.9961013794 1649.20288086 600.947998047 32.213432312 1337.61889648 557.106445312 -78.4474868774 1491.4029541 624.703186035 -150.88961792 1261.69677734 528.934875488 -263.83782959 1740.40014648 551.708251953 -392.661865234 1150.97802734
0.0333302021027 8 559.875183105 -114.092689514 1498.45251465 541.638183594 262.775421143 1571.19689941 594.621520996 38.060043335 1648.44702148 606.167907715 24.212097168 1338.49951172 554.620544434 -84.5057678223 1502.43066406 626.969848633 -163.925796509 1257.03710938 525.787658691 -266.219360352 1752.66357422 553.52557373 -397.621490479 1154.42553711
0.0297617912292 8 559.921936035 -116.100456238 1500.28637695 546.081298828 258.36050415 1576.30603027 597.317749023 36.643989563 1646.45019531 608.595214844 18.146522522 1339.96826172 565.222473145 -89.3725967407 1516.76599121 625.314880371 -182.112518311 1261.04052734 519.900390625 -268.871673584 1762.10571289 552.947937012 -401.805297852 1155.3092041
0.0312051773071 8 563.403625488 -124.027748108 1505.65612793 547.860778809 257.623626709 1578.65930176 594.205444336 40.6975784302 1645.65710449 614.895507812 10.5040740967 1341.5423584 565.569396973 -87.6603775024 1541.09716797 629.706237793 -196.877059937 1268.23095703 510.638000488 -268.210083008 1768.44580078 552.691101074 -419.277160645 1157.33459473
0.0352220535278 8 568.682128906 -131.564865112 1509.77331543 550.496582031 256.372192383 1581.50708008 601.760009766 38.8482666016 1648.85070801 617.421264648 7.50341796875 1343.1541748 563.999145508 -89.8507080078 1551.19470215 633.086791992 -203.285369873 1272.04296875 501.446807861 -279.97277832 1774.15527344 557.104614258 -423.850097656 1161.07214355
0.0316069126129 8 570.069580078 -133.764511108 1509.93774414 553.027893066 254.513412476 1587.23181152 598.640441895 39.3492584229 1647.01428223 621.679870605 7.68937683105 1345.9197998 567.481506348 -96.693939209 1555.87536621 636.52154541 -205.586578369 1270.98071289 497.311279297 -290.817932129 1779.01879883 559.621337891 -422.029388428 1164.66577148
0.0352668762207 8 572.38848877 -137.753707886 1511.57995605 556.994873047 250.986755371 1595.8223877 598.987548828 40.1192245483 1646.59375 624.106811523 7.21240234375 1347.61303711 568.359375 -103.50302887 1569.95092773 636.132751465 -205.243637085 1270.7532959 495.292266846 -303.512237549 1781.99597168 564.334350586 -420.733642578 1169.54296875
0.0311450958252 8 574.766052246 -137.959762573 1513.28308105 558.690979004 248.835739136 1600.8848877 600.665283203 38.9162750244 1647.48718262 629.72265625 4.81172180176 1350.30212402 562.388977051 -90.2268676758 1580.63720703 638.75189209 -208.028671265 1272.39489746 490.995056152 -312.310882568 1786.09423828 571.491088867 -426.468475342 1176.11962891
