0.0364391803741 8 639.226501465 -111.908836365 1527.25024414 632.512329102 262.156005859 1641.37365723 656.982055664 -23.1169891357 1740.0201416 667.109985352 87.7180786133 1413.92785645 615.2421875 80.1986465454 1768.59301758 680.819030762 -43.1290893555 1324.11560059 561.641113281 -279.195098877 1829.97058105 634.709350586 -335.99520874 1238.25976562
0.0461118221283 8 633.633056641 -113.314865112 1529.44592285 632.482116699 262.219055176 1641.32751465 649.663146973 -16.4079742432 1742.89245605 673.426086426 81.2067337036 1403.80627441 607.804992676 56.4782791138 1765.49121094 686.662780762 -48.0891189575 1321.87268066 557.108459473 -288.524719238 1833.02783203 638.754455566 -344.282287598 1235.0423584
0.0363662242889 8 631.340515137 -117.853279114 1533.21777344 632.719970703 262.296691895 1641.16564941 646.678527832 -13.4728393555 1745.4967041 676.707946777 72.5622406006 1399.51403809 603.96295166 29.9200592041 1758.89172363 687.795166016 -43.6924591064 1322.45678711 553.331848145 -303.089538574 1833.29919434 646.747558594 -337.547729492 1236.18908691
0.0296669006348 8 630.736755371 -122.030220032 1537.37426758 633.06854248 262.195617676 1640.9119873 646.929992676 -7.92481994629 1747.59887695 675.823913574 66.371055603 1396.1340332 604.289245605 12.6106948853 1755.27758789 687.303283691 -53.0134353638 1320.88867188 555.37878418 -314.038665771 1834.13684082 639.86529541 -354.892425537 1232.58435059
0.0341010093689 8 630.277832031 -122.525848389 1541.1583252 632.658203125 262.979431152 1641.35546875 647.198181152 -0.596618652344 1748.25830078 676.027160645 62.1004943848 1393.29492188 603.375488281 -3.39580917358 1751.92675781 686.875366211 -60.755531311 1318.25488281 556.508239746 -321.421600342 1836.0057373 640.474121094 -358.751434326 1232.48217773
0.0300600528717 8 629.090209961 -124.290916443 1544.9407959 632.654602051 263.080444336 1641.49169922 647.578735352 4.28569030762 1747.05493164 675.71472168 54.3627243042 1391.21044922 603.000244141 -16.2847118378 1748.5760498 685.987670898 -70.0956573486 1316.55395508 557.99609375 -326.971160889 1837.45300293 637.710876465 -373.582641602 1229.76281738
0.0319359302521 8 627.478881836 -119.806907654 1551.72277832 632.506347656 263.259338379 1641.63024902 651.001098633 9.8196105957 1749.17626953 672.908691406 47.4800338745 1389.56396484 619.110473633 -174.743453979 1734.13256836 683.168945312 -75.4469680786 1317.25695801 558.034240723 -303.201477051 1842.38903809 637.430175781 -371.871520996 1229.24890137
0.0300419330597 8 623.633483887 -113.202514648 1554.72558594 632.275024414 263.276306152 1641.12890625 647.739196777 25.2934112549 1747.92919922 669.091247559 62.3770980835 1399.17724609 615.002868652 -158.313034058 1732.14819336 686.465454102 -90.9309768677 1319.04626465 549.402160645 -296.663665771 1844.17150879 638.920959473 -390.913116455 1230.97619629
0.0304160118103 8 622.14440918 -110.358650208 1556.17236328 632.635803223 263.852233887 1640.58544922 645.993041992 31.9082794189 1747.4822998 664.547729492 68.9753952026 1403.04016113 615.108825684 -152.90322876 1731.47644043 684.991516113 -95.3618087769 1318.87805176 542.92956543 -303.161315918 1834.13256836 636.794616699 -395.52230835 1232.359375
0.0355000495911 8 623.105102539 -115.726913452 1553.17529297 633.081298828 263.879974365 1640.10314941 645.112854004 26.1621551514 1742.79724121 668.819030762 56.741859436 1395.89172363 610.179260254 -156.493041992 1728.8182373 685.307861328 -88.8478927612 1318.18347168 531.761779785 -314.82800293 1829.62365723 638.219909668 -388.086395264 1232.00671387
0.0312559604645 8 623.464355469 -118.316246033 1550.93774414 633.21295166 263.830322266 1639.8963623 646.533935547 22.9635314941 1739.86560059 669.36706543 51.3830718994 1391.93762207 607.510009766 -157.092514038 1725.12121582 684.56628418 -86.4877471924 1317.24243164 522.777038574 -321.350311279 1826.44555664 634.601196289 -390.245849609 1226.81066895
0.0292870998383 8 623.316223145 -120.792411804 1551.4519043 632.543823242 263.290313721 1639.81530762 647.231811523 20.2035980225 1741.09240723 670.839599609 47.1392211914 1390.34362793 605.731018066 -155.872848511 1719.71569824 684.312561035 -85.1799316406 1316.2010498 516.772583008 -324.672637939 1828.62902832 638.090576172 -382.410858154 1231.04211426
0.0355708599091 8 623.204467773 -123.193778992 1550.47521973 631.736816406 262.397644043 1639.57531738 647.335083008 18.0622253418 1739.39770508 673.024291992 43.4193344116 1389.27539062 608.433288574 -156.409591675 1724.52368164 684.109008789 -87.4533004761 1315.45825195 516.258422852 -333.20300293 1833.125 636.584472656 -386.897155762 1227.3458252
0.0308561325073 8 624.514404297 -126.974716187 1550.52355957 631.28527832 262.184631348 1639.87780762 647.434448242 16.7287445068 1740.11303711 679.063354492 39.0267868042 1387.46484375 611.838256836 -158.986083984 1729.73168945 684.46270752 -87.5429611206 1315.53552246 515.976013184 -341.418395996 1837.67919922 638.100402832 -384.074676514 1229.48754883
0.0319540500641 8 624.969543457 -126.373817444 1543.25927734 630.787902832 261.730834961 1640.02807617 653.36706543 24.7506103516 1712.69519043 675.016113281 31.9083938599 1385.79284668 617.569396973 -150.55871582 1735.40039062 682.183532715 -99.3198623657 1314.8494873 525.920532227 -342.702270508 1841.71044922 638.026306152 -383.923400879 1230.66821289
0.0361709594727 8 625.317138672 -126.796821594 1548.04956055 630.615966797 261.174682617 1639.32543945 653.335632324 21.0987548828 1726.9675293 672.629089355 35.1345977783 1386.15576172 622.506896973 -155.321289062 1740.32177734 680.426940918 -95.3316345215 1314.75842285 533.574584961 -355.342346191 1844.97912598 636.980651855 -378.279144287 1231.58703613
0.0317549705505 8 626.265563965 -127.504470825 1550.24682617 630.278198242 261.008087158 1638.84240723 653.997497559 20.0630645752 1732.92785645 670.923278809 36.1414337158 1385.49450684 627.777893066 -158.048431396 1745.75390625 678.926330566 -95.2409667969 1314.1986084 539.994934082 -362.690673828 1846.8638916 632.817321777 -387.339477539 1228.36853027
0.0320188999176 8 625.283996582 -124.276268005 1546.00732422 629.909851074 260.633483887 1638.70202637 660.473876953 10.0193328857 1734.27832031 668.694702148 43.2173538208 1388.58740234 637.696716309 -168.821426392 1752.72485352 674.741455078 -87.4385757446 1314.68652344 548.89453125 -375.947509766 1846.73999023 627.926513672 -380.105957031 1229.26757812
0.0359561443329 8 628.281738281 -126.643051147 1554.2878418 630.206726074 260.474914551 1638.61169434 660.349304199 10.6092071533 1734.93041992 673.29864502 43.6099090576 1407.70776367 646.884399414 -172.340759277 1769.51953125 675.856689453 -87.6318054199 1314.45751953 544.155456543 -381.054931641 1841.92578125 628.28918457 -368.611450195 1233.54602051
0.0319888591766 8 628.705383301 -132.778549194 1555.14025879 630.747253418 260.986022949 1638.52062988 655.527893066 11.5537109375 1742.89160156 672.351867676 43.1871337891 1400.4375 636.965759277 -171.981460571 1766.484375 678.969970703 -88.0398406982 1313.33398438 544.678344727 -386.072753906 1844.1706543 630.852966309 -379.217834473 1228.96508789
0.0321140289307 8 630.00378418 -137.66368103 1554.84265137 630.798034668 261.046508789 1638.05053711 654.532775879 13.2310943604 1742.02294922 671.772033691 40.5403900146 1397.02587891 634.599365234 -169.87677002 1765.39160156 680.894287109 -95.7978210449 1309.66503906 546.35748291 -388.780090332 1845.66271973 631.247192383 -383.467346191 1229.13146973
0.0359930992126 8 630.557983398 -140.167800903 1555.36657715 630.987670898 260.659362793 1637.83239746 655.17010498 14.525604248 1741.7088623 670.711486816 38.5956115723 1395.08361816 634.407897949 -169.014694214 1764.46655273 678.168395996 -111.901596069 1300.13696289 549.123962402 -391.320068359 1847.73852539 630.943359375 -388.161804199 1229.48400879
0.0319168567657 8 630.601928711 -138.326568604 1556.64550781 630.917053223 260.523620605 1637.74255371 657.288757324 12.987411499 1742.69116211 668.825500488 38.8351898193 1397.35400391 635.235778809 -169.991378784 1761.95471191 677.37677002 -109.29246521 1299.81494141 547.987609863 -391.201049805 1851.99768066 628.964111328 -390.631835938 1229.67907715
0.0320100784302 8 630.569030762 -136.877990723 1557.32763672 630.391052246 260.335876465 1638.26049805 658.547912598 12.6312255859 1743.69360352 667.008728027 38.7376022339 1397.01708984 635.407592773 -169.031951904 1760.57287598 677.108642578 -110.831977844 1298.83679199 549.268005371 -393.191040039 1854.67297363 629.830993652 -385.382904053 1229.62243652
0.0359389781952 8 622.373596191 -126.568023682 1548.96362305 630.26953125 259.748901367 1638.18164062 649.887084961 2.78056335449 1743.32250977 676.310913086 48.3200912476 1401.42236328 621.836303711 -170.779876709 1760.21179199 685.70526123 -99.1236190796 1302.91333008 542.287780762 -405.508850098 1854.29882812 639.217773438 -375.463012695 1234.14611816
0.032103061676 8 627.489685059 -128.943649292 1553.74108887 630.348754883 259.148742676 1638.23852539 656.883300781 5.79843139648 1744.04187012 669.803466797 48.269317627 1405.2857666 627.012573242 -165.053024292 1761.89550781 679.314880371 -101.250762939 1304.34570312 550.104187012 -403.488891602 1857.54846191 629.081298828 -385.403533936 1229.68066406
0.0320420265198 8 627.025817871 -122.228019714 1554.69177246 630.030883789 259.442626953 1638.22155762 660.823669434 15.6377868652 1743.82116699 665.837341309 57.4509124756 1405.9354248 635.266296387 -157.765060425 1767.40185547 676.740783691 -111.292648315 1305.99047852 553.33605957 -394.343933105 1857.79101562 625.491394043 -393.560058594 1229.13330078
0.0359349250793 8 626.146057129 -119.553337097 1554.92895508 629.964111328 259.980285645 1638.46313477 662.690307617 24.134262085 1745.43359375 660.161865234 58.5265731812 1395.54199219 642.856079102 -152.407501221 1772.85546875 675.458312988 -122.757957458 1306.63708496 546.226623535 -383.040649414 1855.1965332 624.889831543 -399.930267334 1234.05627441
0.0320670604706 8 625.659545898 -118.556968689 1555.8927002 629.567016602 260.343261719 1638.72802734 663.974060059 28.3504180908 1744.29150391 657.242736816 58.9797897339 1394.56323242 648.259033203 -151.355758667 1776.36047363 676.355529785 -125.746604919 1312.43273926 545.026489258 -378.153320312 1855.99658203 624.13293457 -402.345550537 1233.18859863
0.0477688312531 8 624.780700684 -116.855384827 1554.97717285 629.448608398 260.756835938 1639.02392578 664.241821289 32.472366333 1744.17004395 652.927124023 60.9762039185 1389.95080566 650.776672363 -148.884674072 1778.1081543 677.411315918 -127.894432068 1314.23986816 544.30279541 -373.251403809 1856.7746582 621.764526367 -411.351043701 1229.79528809
0.032665014267 8 623.163574219 -116.372497559 1553.44824219 628.967041016 261.271026611 1639.86425781 664.444885254 35.0142364502 1743.38977051 646.277038574 60.1059417725 1383.09265137 640.327819824 -150.896392822 1742.24121094 676.130432129 -130.203216553 1311.82800293 545.560302734 -364.003509521 1848.01318359 624.597351074 -407.453765869 1233.83337402
0.0337111949921 8 623.296569824 -115.44178009 1553.55175781 628.711853027 261.640869141 1640.46826172 665.853759766 36.2890777588 1742.64343262 645.51550293 62.1024780273 1384.51501465 644.650390625 -147.054519653 1743.61486816 674.152404785 -130.702667236 1311.1862793 537.419799805 -351.746154785 1833.68457031 621.495727539 -409.707946777 1231.85925293
0.0298459529877 8 623.85357666 -117.892059326 1548.62695312 629.293579102 262.328796387 1640.78881836 665.685974121 26.420791626 1741.71508789 647.833312988 67.4528961182 1390.72998047 646.916809082 -158.140899658 1746.66833496 672.896362305 -119.685058594 1311.01867676 535.153015137 -348.135559082 1827.09155273 623.309143066 -397.028961182 1235.24755859
0.03457903862 8 624.199584961 -117.530471802 1552.78063965 629.326049805 263.174682617 1640.99645996 666.628051758 29.3486480713 1744.18237305 647.493286133 66.5198440552 1392.80810547 649.509643555 -155.122558594 1749.53344727 672.767089844 -120.438987732 1313.08569336 537.802734375 -338.199676514 1827.73828125 621.833984375 -398.976593018 1233.8684082
0.0298678874969 8 624.51550293 -117.633605957 1552.84362793 629.425292969 263.297851562 1640.44873047 666.744689941 29.3746032715 1744.46887207 649.195861816 66.999420166 1393.41784668 651.130310059 -154.758209229 1751.15466309 672.227844238 -120.746795654 1311.43408203 538.119873047 -333.736999512 1829.7722168 619.231933594 -402.065582275 1230.48608398
0.0312530994415 8 618.018981934 -108.316818237 1545.86157227 629.728393555 263.731292725 1640.20581055 654.583679199 25.2499237061 1744.40649414 661.216247559 73.2482452393 1391.70141602 639.557678223 -159.169784546 1752.86315918 684.890563965 -116.325820923 1310.66625977 526.006103516 -336.030700684 1829.33105469 629.651489258 -401.651123047 1230.49194336
0.0341830253601 8 618.626586914 -109.464920044 1538.30407715 630.371520996 264.632049561 1640.21118164 656.047241211 17.6204223633 1742.99694824 658.352905273 80.7528381348 1391.03137207 638.301818848 -166.974822998 1753.05187988 682.783996582 -109.617370605 1311.63708496 534.44519043 -333.896484375 1832.25402832 629.682128906 -388.827575684 1234.81542969
0.03125 8 615.414367676 -109.810638428 1539.32727051 631.148864746 264.991027832 1640.53076172 653.26940918 25.0738372803 1742.74645996 653.532226562 74.7889938354 1379.7142334 632.988525391 -165.374603271 1755.71496582 683.591247559 -113.033973694 1310.74658203 530.929504395 -342.18572998 1830.18786621 627.649414062 -399.207672119 1229.33166504
0.0317008495331 8 619.120788574 -117.651473999 1543.54064941 631.69921875 265.465026855 1640.44445801 648.141113281 31.6212921143 1740.61206055 660.364746094 66.2664337158 1380.95239258 625.992370605 -161.717971802 1759.01098633 683.653625488 -121.619064331 1310.30627441 520.09161377 -350.784362793 1824.30651855 630.647705078 -404.329711914 1230.14074707
0.0353810787201 8 622.175720215 -124.745239258 1540.89575195 631.726928711 264.557952881 1640.4420166 649.082397461 18.7886505127 1740.68701172 676.636474609 48.683555603 1372.9699707 626.402709961 -175.5443573 1764.34521484 679.194152832 -113.317802429 1309.50537109 470.752380371 -529.292907715 1699.97436523 626.593444824 -392.718444824 1228.96496582
0.0315589904785 8 626.668395996 -131.507324219 1551.79272461 634.277709961 261.736633301 1637.3885498 647.755249023 4.31115722656 1755.79724121 690.385864258 50.3104858398 1398.8494873 618.387084961 -192.550552368 1768.3449707 683.272888184 -106.518630981 1310.43811035 409.552368164 -541.145385742 1695.78063965 631.065307617 -384.728027344 1229.59313965
0.0314688682556 8 627.81237793 -132.219924927 1554.8170166 643.76348877 250.715942383 1623.34387207 646.675964355 3.64920043945 1754.20959473 695.87677002 46.871055603 1406.9407959 616.747741699 -195.643463135 1772.28234863 685.819274902 -103.510658264 1310.09973145 389.801513672 -489.025512695 1727.67663574 635.811096191 -376.180328369 1231.36303711
0.0353810787201 8 626.373840332 -129.061065674 1553.68408203 642.978393555 253.066238403 1627.11230469 648.35534668 7.52984619141 1752.97253418 692.548095703 47.2047424316 1400.68884277 601.749389648 -230.993087769 1781.90808105 684.576599121 -107.049667358 1309.88659668 369.397674561 -436.766571045 1760.24243164 631.331420898 -380.865905762 1229.28955078
0.0317461490631 8 625.439819336 -126.775001526 1553.37365723 642.843933105 254.542297363 1628.40478516 650.546569824 8.06153869629 1753.14746094 690.658874512 47.8411865234 1398.5300293 595.485656738 -247.938644409 1789.02392578 684.789855957 -109.547454834 1309.99255371 340.64453125 -385.345794678 1787.70397949 628.33581543 -386.239349365 1227.52661133
0.0357348918915 8 627.648864746 -125.214889526 1566.06616211 642.496582031 255.282180786 1628.86791992 648.780029297 20.5673370361 1752.9519043 693.329223633 35.704208374 1403.53466797 592.779052734 -247.082199097 1794.42907715 685.309143066 -124.743896484 1308.23339844 320.808044434 -319.514190674 1808.00854492 631.39440918 -394.651702881 1228.7154541
0.046000957489 8 626.691223145 -125.522438049 1563.68127441 643.694213867 254.347381592 1627.67663574 650.742126465 18.2425231934 1749.58569336 690.766784668 33.4862213135 1401.14550781 570.448547363 -250.725646973 1783.88696289 681.280395508 -133.485366821 1306.30883789 290.186401367 -254.762817383 1828.79882812 627.101745605 -402.683776855 1224.15844727
0.0302519798279 8 625.280700684 -125.659606934 1558.57385254 645.052307129 253.475448608 1626.85839844 653.33001709 11.1436309814 1746.6932373 687.602111816 32.3368682861 1397.19226074 542.030395508 -252.210617065 1794.03137207 678.168151855 -139.211151123 1303.10888672 244.931671143 -174.218612671 1855.78588867 628.559448242 -397.208404541 1221.6003418
0.0314481258392 8 627.952026367 -127.799545288 1545.71594238 647.979553223 249.00402832 1622.63342285 653.914733887 -4.5970916748 1735.96411133 680.72076416 34.0126724243 1393.79614258 531.166259766 -250.601593018 1800.1307373 671.03326416 -137.803161621 1302.45446777 241.387054443 -104.869812012 1877.29248047 618.027770996 -400.319610596 1221.31396484
0.0300140380859 8 625.235778809 -134.013412476 1538.75915527 647.04309082 250.017303467 1623.4777832 650.707885742 -10.115737915 1728.49157715 679.352050781 21.0702285767 1380.58703613 513.078796387 -230.718673706 1805.61181641 667.661621094 -151.09588623 1292.29333496 250.539123535 -38.3323059082 1877.26586914 620.182373047 -394.812927246 1218.42553711
0.0309028625488 8 620.56463623 -144.716567993 1539.63549805 646.046936035 250.45690918 1625.21008301 647.90435791 -10.1243591309 1729.2409668 685.385314941 14.3206787109 1380.51831055 492.321960449 -213.13885498 1809.2644043 668.410888672 -158.804016113 1289.15014648 248.509475708 10.7699737549 1877.69299316 619.538269043 -407.4190979 1217.73449707
0.0346319675446 8 619.461486816 -130.874328613 1542.89953613 649.86340332 247.819290161 1622.62084961 650.028198242 -2.19732666016 1733.81835938 677.810668945 39.7809143066 1396.56323242 486.83984375 -197.033538818 1810.42590332 669.59161377 -158.806716919 1295.29248047 264.811950684 58.052154541 1857.25598145 622.328735352 -401.011901855 1219.38317871
0.0309121608734 8 617.438354492 -122.855377197 1546.44519043 649.3515625 250.1300354 1623.8326416 648.989013672 1.45129394531 1744.21520996 673.71496582 57.634552002 1405.67248535 487.728088379 -184.187728882 1811.7142334 665.180236816 -163.185882568 1293.46057129 276.358520508 99.3792877197 1839.79577637 609.373901367 -425.178771973 1228.42224121
0.0313918590546 8 615.570495605 -119.205917358 1542.75012207 652.682983398 250.40524292 1622.08435059 649.178649902 4.10441589355 1744.07580566 668.590393066 61.4435577393 1396.3885498 490.75793457 -173.667831421 1815.13122559 665.11932373 -165.757263184 1294.78356934 291.828491211 121.993362427 1814.58251953 606.039794922 -430.871337891 1220.96069336
0.0356631278992 8 611.259094238 -119.749168396 1538.56762695 652.735351562 251.430297852 1622.68200684 646.329772949 3.51411437988 1744.99267578 662.164855957 58.9219665527 1381.9777832 489.563751221 -166.772323608 1820.15039062 666.538146973 -165.928710938 1294.73681641 304.967285156 135.904586792 1778.4239502 607.466369629 -430.991760254 1219.26098633
0.0315330028534 8 607.184570312 -128.874038696 1532.15307617 652.242370605 251.681838989 1623.94641113 639.207641602 -16.1789245605 1741.56884766 675.513305664 47.3022460938 1384.25512695 483.089691162 -185.445465088 1819.98864746 671.782470703 -141.141494751 1291.9395752 304.644195557 126.303894043 1747.41271973 615.066467285 -407.860961914 1226.41564941
0.031683921814 8 608.368530273 -130.369796753 1533.9152832 652.121154785 251.477401733 1624.98327637 635.492553711 -22.7314453125 1744.84033203 684.39465332 43.5755310059 1389.78271484 481.840362549 -179.295837402 1829.47277832 672.148376465 -131.970733643 1293.50878906 316.578063965 110.742462158 1710.80480957 613.856811523 -401.104217529 1227.63330078
0.035276889801 8 612.282165527 -126.597084045 1542.51330566 651.625732422 250.798706055 1624.60107422 634.104736328 -21.5396118164 1748.56311035 698.74621582 36.47315979 1401.43908691 473.337585449 -164.501724243 1841.93847656 672.802856445 -128.872451782 1292.93945312 316.656280518 106.660263062 1696.8572998 613.866088867 -398.521362305 1226.4909668
0.0316190719604 8 613.050842285 -121.749420166 1547.26928711 651.384643555 250.677581787 1624.90185547 631.63470459 -13.6190643311 1749.67956543 703.788635254 29.2600860596 1399.04553223 462.359680176 -147.298309326 1854.13952637 675.395751953 -132.768264771 1292.34692383 320.236022949 109.650543213 1683.46728516 614.306091309 -403.992858887 1231.99694824
0.0316691398621 8 612.482727051 -119.438644409 1549.34130859 651.436401367 250.510818481 1626.41992188 629.612243652 -10.2687225342 1750.33276367 708.594909668 28.1298675537 1402.38867188 462.645568848 -143.889938354 1854.6607666 677.00958252 -128.968917847 1290.23278809 318.988525391 113.688583374 1685.64294434 619.266723633 -396.560852051 1232.2286377
0.0357358455658 8 611.094238281 -122.017524719 1545.81201172 650.528503418 250.520996094 1628.3572998 627.961914062 -12.0244140625 1750.61254883 707.198486328 34.8485565186 1402.69213867 456.126983643 -144.749160767 1856.4753418 678.931213379 -126.268554688 1290.79431152 315.724029541 114.857406616 1703.41577148 618.916259766 -397.360900879 1232.50097656
0.0317931175232 8 615.872375488 -116.084922791 1536.95898438 649.853271484 250.422424316 1629.72900391 624.890869141 -22.8378753662 1748.13122559 708.445556641 49.0573425293 1404.56408691 449.83303833 -156.664505005 1856.06225586 681.24609375 -115.0340271 1291.31835938 315.211669922 102.503036499 1731.34228516 621.030578613 -386.239227295 1235.36657715
0.0318210124969 8 617.004150391 -109.254295349 1526.65734863 649.316894531 250.336456299 1630.28222656 623.585571289 -34.6384429932 1742.81689453 710.222045898 61.7375526428 1406.62353516 444.812225342 -168.503234863 1849.42980957 683.900878906 -104.413375854 1294.11657715 309.896240234 106.594512939 1760.35424805 624.084655762 -373.155578613 1237.95593262
0.0366818904877 8 624.672302246 -112.3020401 1517.27526855 648.349365234 250.934631348 1630.60986328 637.291442871 -49.5056228638 1740.82177734 696.17376709 80.4796600342 1408.65405273 462.560180664 -188.659515381 1842.25817871 671.986206055 -85.7560882568 1292.95947266 324.300048828 94.3863220215 1795.52697754 609.303710938 -359.741577148 1237.44030762
0.0319941043854 8 623.656860352 -110.790512085 1507.59057617 647.566955566 251.929351807 1630.81665039 647.16394043 -50.3512268066 1740.39868164 668.676757812 96.2524490356 1391.35107422 474.66494751 -191.754898071 1841.20922852 663.623962402 -82.401512146 1293.51623535 336.572998047 93.228225708 1834.34289551 601.093383789 -356.761932373 1239.55200195
0.0320498943329 8 625.993103027 -112.044654846 1506.79174805 647.841369629 252.676483154 1630.36352539 647.708679199 -50.0091705322 1738.89672852 675.803039551 97.956703186 1399.03637695 475.662017822 -200.528320312 1837.98144531 666.265075684 -74.8501663208 1293.09265137 334.428070068 70.9720458984 1876.53234863 603.580993652 -352.531799316 1236.90258789
0.0402081012726 8 623.485168457 -109.314292908 1513.61047363 648.39239502 252.892364502 1630.09631348 639.189880371 -41.380645752 1742.43774414 687.682312012 91.3933029175 1400.39013672 466.856781006 -196.582977295 1839.55310059 675.208129883 -79.917137146 1290.89587402 332.395080566 55.014465332 1918.8392334 617.78515625 -344.284973145 1233.86853027
0.0343129634857 8 616.450866699 -105.523338318 1526.78625488 649.208740234 252.707763672 1629.04663086 627.783691406 -20.0458526611 1747.15820312 700.23840332 73.704864502 1396.95703125 457.205505371 -180.008804321 1841.38977051 687.443115234 -97.6097869873 1286.18408203 323.661437988 60.899887085 1979.46582031 629.991149902 -360.922058105 1226.40551758
0.0347118377686 8 615.005432129 -114.881713867 1525.65258789 649.190246582 252.869232178 1628.24121094 633.615905762 -16.9211578369 1749.11877441 690.362854004 77.1226043701 1393.98815918 466.436523438 -182.961639404 1836.03710938 680.976806641 -99.2714385986 1285.02416992 334.249023438 36.0882263184 2014.84326172 623.662780762 -374.517944336 1220.58496094
0.0353710651398 8 607.705871582 -124.123970032 1557.32861328 649.503479004 253.917694092 1627.31176758 640.758483887 25.9970855713 1756.18969727 676.592346191 45.4229125977 1385.04077148 473.954284668 -147.562332153 1845.42541504 675.421081543 -137.471054077 1278.3203125 349.865600586 38.4607543945 2030.32287598 618.028625488 -415.664733887 1214.43713379
0.0390310287476 8 592.491210938 -85.0606155396 1536.37927246 649.448242188 254.447784424 1626.54382324 587.118225098 29.5053405762 1743.39892578 722.579650879 58.7476654053 1400.70458984 421.238830566 -148.263214111 1836.6776123 728.934020996 -136.389190674 1290.76147461 302.519622803 10.9284362793 1996.40625 671.033813477 -415.286315918 1224.27709961
0.0332169532776 8 597.266906738 -89.5690383911 1533.49694824 649.339660645 255.215698242 1626.19299316 589.870117188 22.8369598389 1747.0892334 721.945922852 69.2146911621 1401.00378418 424.548431396 -159.548995972 1839.40917969 723.631164551 -123.098526001 1291.50109863 308.700134277 -11.6446838379 2027.51525879 670.822814941 -395.171386719 1222.75646973
0.0369641780853 8 604.42010498 -97.5315933228 1530.82861328 649.403076172 255.778869629 1625.43798828 600.484191895 13.4004364014 1747.78039551 716.004333496 75.6063842773 1400.59143066 433.683441162 -169.188812256 1839.81115723 715.962890625 -116.627548218 1290.93432617 291.871246338 -79.0377655029 1974.95898438 662.69744873 -385.222167969 1219.03894043
0.0339319705963 8 594.400390625 -96.573387146 1529.25769043 649.968017578 255.748504639 1624.28649902 584.706481934 22.7104949951 1741.38110352 734.643371582 60.5177612305 1406.89208984 415.562896729 -158.846176147 1832.42321777 730.856933594 -134.602096558 1301.29321289 295.702453613 -11.7719573975 2004.06469727 683.651733398 -396.946960449 1224.19946289
0.0322098731995 8 586.041809082 -86.4327392578 1532.86401367 650.011779785 255.268371582 1623.2668457 574.998962402 41.3691177368 1735.84155273 747.492248535 43.6841964722 1411.79174805 403.218688965 -146.038208008 1824.72607422 743.193908691 -149.700408936 1304.34301758 281.527313232 55.3858032227 2053.49365234 685.958312988 -354.348632812 1210.92919922
0.029098033905 8 590.864868164 -86.9163208008 1534.27941895 650.235961914 255.197875977 1623.1517334 583.077087402 37.8059158325 1740.12646484 739.635437012 53.0635910034 1406.75585938 410.564086914 -156.543731689 1826.53967285 736.738525391 -144.838775635 1304.80957031 273.814147949 30.2573852539 1969.7902832 693.805236816 -400.71585083 1222.7956543
0.0265560150146 8 594.430236816 -87.7943954468 1534.13952637 650.641601562 254.837127686 1623.31652832 597.331848145 32.8011474609 1747.64318848 709.849182129 73.8750152588 1390.34436035 447.084899902 -161.14541626 1806.14404297 724.159301758 -136.745635986 1296.87268066 280.360656738 46.4077453613 1936.34997559 666.287963867 -408.990386963 1229.33081055
0.0443489551544 8 597.411865234 -84.4098205566 1544.51330566 651.090148926 255.122741699 1624.13476562 613.886962891 45.4524765015 1755.58569336 686.659912109 76.7165298462 1377.89892578 457.073028564 -157.355560303 1815.09521484 714.200012207 -124.700523376 1309.77380371 290.264007568 76.0744171143 1907.84606934 661.664733887 -403.992523193 1221.61096191
0.0346250534058 8 604.062683105 -92.3184051514 1537.52111816 651.140991211 256.000549316 1624.55700684 625.772277832 33.3396911621 1759.35925293 671.158508301 89.8681640625 1370.84851074 469.002563477 -174.209091187 1813.21936035 699.076293945 -121.879974365 1303.30273438 293.802734375 95.1106414795 1861.84753418 662.22277832 -368.152404785 1216.99377441
0.0297689437866 8 601.454833984 -98.3892822266 1536.60131836 651.272521973 256.513122559 1625.13085938 621.570129395 18.6728363037 1768.05688477 657.919494629 81.1107940674 1356.95874023 468.861755371 -168.351913452 1811.36584473 693.965454102 -130.592178345 1303.26416016 296.779754639 121.901199341 1813.05786133 648.918212891 -389.373474121 1212.50317383
0.0271310806274 8 604.405151367 -99.933052063 1542.31896973 651.770202637 256.933105469 1625.66308594 631.567565918 31.3356170654 1765.62634277 648.220153809 76.3490600586 1355.66320801 473.433532715 -159.05531311 1813.8717041 686.465881348 -137.361495972 1298.1151123 305.328674316 139.51109314 1759.80102539 642.56036377 -391.968566895 1212.3392334
0.0393040180206 8 623.54296875 -108.867416382 1578.08325195 652.539978027 257.029907227 1626.01037598 661.334533691 88.9758605957 1762.8248291 608.755432129 45.8760070801 1353.28234863 491.805419922 -92.9692687988 1819.96081543 656.900146484 -181.799285889 1305.05725098 337.262420654 183.228393555 1708.55627441 606.063171387 -459.262023926 1214.55078125
0.0304689407349 8 618.367248535 -96.9187927246 1575.10522461 652.499816895 257.806915283 1626.33532715 652.606323242 82.5465774536 1769.73791504 620.726318359 76.2891159058 1371.99060059 487.625854492 -97.7126541138 1818.88708496 661.451171875 -169.74810791 1304.78369141 339.12310791 167.723602295 1662.15332031 610.701171875 -452.878387451 1212.10510254
0.0298519134521 8 609.7265625 -80.6279144287 1560.43737793 652.211730957 258.477844238 1627.02258301 648.567687988 91.632522583 1769.0111084 615.114562988 94.6087799072 1350.79846191 473.790649414 -83.956161499 1824.35632324 668.769470215 -138.765228271 1314.88342285 341.915588379 158.986083984 1624.51501465 608.984130859 -461.841552734 1220.42041016
0.0325880050659 8 606.897521973 -74.9760971069 1557.95690918 651.776306152 258.62701416 1628.71008301 644.282409668 88.4770202637 1764.35888672 621.491149902 101.839370728 1359.86669922 465.085021973 -80.5871276855 1828.24267578 671.587341309 -127.238937378 1316.80712891 351.670593262 133.034484863 1596.05554199 610.116210938 -461.18737793 1216.81396484
0.0287899971008 8 604.035400391 -75.0740509033 1550.97827148 650.45489502 258.675994873 1631.43896484 645.115661621 73.4345474243 1763.59680176 623.022644043 112.500083923 1368.20910645 466.694000244 -51.3560638428 1824.93981934 670.303527832 -116.879844666 1316.6394043 365.793395996 106.861999512 1578.60351562 618.008361816 -433.633666992 1217.77587891
0.036080121994 8 604.134765625 -82.1371002197 1545.96789551 649.374206543 258.901824951 1632.20654297 645.878356934 72.0462112427 1749.4519043 629.340270996 95.4512863159 1359.56005859 489.51864624 -62.0864028931 1831.88671875 667.006896973 -123.418388367 1314.46765137 371.505340576 96.5536575317 1568.52636719 613.299987793 -422.663024902 1224.09985352
0.0288598537445 8 601.176147461 -88.7742843628 1538.30981445 657.575256348 252.551116943 1616.33508301 646.430480957 69.9348526001 1747.28527832 622.448669434 80.9014663696 1334.18981934 492.469390869 -73.3910446167 1840.31079102 672.744384766 -135.92288208 1314.5423584 363.628112793 102.133232117 1584.29370117 600.652038574 -433.038574219 1232.48779297
0.0315082073212 8 601.441101074 -96.4590988159 1537.17346191 653.40435791 255.540740967 1623.36108398 642.291809082 66.1073303223 1751.42260742 630.106872559 80.9057769775 1332.92016602 478.42199707 -80.9574890137 1848.81420898 677.514343262 -129.748199463 1313.98608398 359.226226807 116.537658691 1597.22485352 607.467041016 -436.661743164 1227.52941895
0.0354659557343 8 600.950256348 -87.8618850708 1534.40100098 651.682861328 257.149810791 1625.78393555 638.130126953 58.1029663086 1752.51831055 636.444580078 85.4725189209 1337.02148438 467.243286133 -92.108795166 1842.65783691 681.952697754 -120.752883911 1313.15515137 352.864929199 129.891906738 1625.30187988 611.090881348 -421.264343262 1223.19494629
0.0318729877472 8 607.623291016 -79.3616409302 1531.53222656 650.934204102 258.127655029 1627.01794434 639.990905762 41.2284622192 1749.44165039 650.31829834 112.777870178 1375.53930664 473.443786621 -106.138435364 1841.26721191 681.240600586 -107.189918518 1311.9597168 355.355743408 130.888824463 1663.9901123 606.780151367 -419.056793213 1229.49353027
0.0355908870697 8 608.196533203 -77.3595046997 1522.89611816 650.364746094 258.826965332 1628.2199707 640.025634766 30.394203186 1748.88122559 648.088134766 117.468788147 1367.51281738 470.399505615 -117.975715637 1842.32910156 682.930786133 -91.2214431763 1313.26184082 360.672393799 141.862823486 1710.15515137 612.204589844 -396.780334473 1230.47998047
0.031524181366 8 609.596801758 -76.825668335 1519.30383301 650.109680176 259.409484863 1629.12878418 641.87701416 26.0887298584 1746.68493652 646.74432373 119.036727905 1365.70153809 472.722106934 -123.376296997 1842.24804688 683.852294922 -91.9757080078 1310.56677246 368.522155762 153.036911011 1766.65869141 608.480163574 -401.908508301 1225.02868652
0.0319108963013 8 618.398620605 -76.6601028442 1515.93579102 649.975219727 260.157318115 1629.3067627 652.227722168 14.8987884521 1743.2956543 645.523864746 125.224487305 1375.4831543 483.917358398 -141.55809021 1836.69091797 675.221252441 -84.0593566895 1310.51379395 386.942474365 146.001876831 1823.09228516 603.657043457 -387.490722656 1221.1385498
0.0319089889526 8 627.493469238 -72.7811889648 1514.70507812 649.908630371 260.545684814 1628.11376953 669.005981445 8.09178161621 1741.7388916 638.543823242 135.286117554 1386.66540527 506.245910645 -119.170600891 1831.72619629 663.692932129 -73.0926513672 1314.6262207 409.608703613 138.985351562 1871.9901123 596.435791016 -380.619567871 1222.13427734
0.0361070632935 8 626.264099121 -73.6028289795 1520.47766113 650.272583008 261.310668945 1626.7310791 669.196777344 19.786605835 1745.47753906 637.399658203 130.539230347 1381.22265625 515.460571289 -120.164291382 1831.17944336 664.511169434 -79.3550720215 1312.18371582 419.38583374 133.149658203 1927.9967041 600.919677734 -384.287872314 1216.39074707
0.0316350460052 8 618.958557129 -80.2107925415 1537.7890625 650.168518066 262.252105713 1625.7911377 656.764892578 29.6881103516 1750.16870117 654.733398438 120.473312378 1407.18115234 480.12689209 -135.577789307 1810.26794434 673.780822754 -86.7558898926 1303.68945312 425.73336792 113.650009155 1963.96118164 610.882080078 -395.569274902 1216.10559082
0.0321438312531 8 611.961669922 -78.3446121216 1541.03393555 650.092895508 263.28302002 1624.40100098 644.776123047 39.3426971436 1751.83837891 663.544067383 112.562255859 1398.69799805 460.571655273 -144.081970215 1821.79821777 681.336364746 -98.5983428955 1300.83300781 432.846923828 105.547119141 2006.87023926 620.343200684 -408.096740723 1217.08618164
0.0359029769897 8 610.183227539 -82.0048751831 1538.85290527 650.031066895 263.923156738 1622.52429199 637.374816895 33.1328430176 1749.71826172 674.472717285 100.624038696 1394.02905273 464.190643311 -143.40737915 1822.21716309 688.330322266 -92.6524658203 1299.97631836 442.496459961 65.319519043 2025.08874512 634.827514648 -395.36026001 1212.86254883
0.0353081226349 8 617.182922363 -89.5554580688 1537.27856445 651.526367188 265.159851074 1613.18652344 636.282470703 24.6631469727 1748.10742188 698.661499023 91.8661956787 1401.97509766 472.875793457 -147.02230835 1824.51538086 688.467773438 -85.3499755859 1299.82824707 446.137664795 40.1697845459 2021.86352539 640.75958252 -382.323150635 1207.86486816
0.0286490917206 8 616.719482422 -107.600982666 1530.74682617 652.70300293 264.393798828 1606.45849609 637.02532959 18.5784912109 1745.05053711 693.764343262 83.2143249512 1389.63208008 470.955200195 -164.299163818 1822.69006348 687.75592041 -86.5869903564 1295.69372559 449.282928467 25.2041015625 2033.88366699 645.002380371 -369.38671875 1203.66174316
0.0361638069153 8 612.615356445 -112.105751038 1521.13964844 653.353271484 263.143920898 1607.2220459 638.139160156 19.6230316162 1735.89379883 675.689819336 74.6184082031 1362.14550781 486.039733887 -153.898178101 1808.66772461 687.105834961 -92.4501647949 1291.7364502 443.395690918 25.6120758057 2030.77612305 647.37310791 -367.877838135 1196.10400391
0.0320601463318 8 616.816894531 -115.067306519 1514.44885254 652.70111084 262.500366211 1609.00720215 633.834594727 8.17459106445 1737.61682129 683.499511719 79.7575073242 1363.1907959 474.572387695 -169.837600708 1794.9642334 687.649841309 -94.8522338867 1285.98522949 432.046173096 26.9638519287 2012.16394043 644.778930664 -362.795440674 1202.29284668
0.0319550037384 8 616.20135498 -118.123321533 1507.52685547 652.825256348 262.920410156 1607.42163086 631.619689941 5.90875244141 1726.68432617 683.30255127 76.7437744141 1362.00683594 474.143096924 -194.598449707 1786.04736328 685.763000488 -102.68800354 1286.60754395 419.229278564 42.5654449463 1984.12341309 641.640014648 -362.883361816 1202.55932617
0.0398390293121 8 615.190246582 -119.13861084 1506.46716309 653.131225586 263.549865723 1606.49084473 629.650756836 5.67704772949 1725.51489258 683.238037109 76.4412384033 1361.93994141 469.792480469 -191.216583252 1785.78747559 685.346191406 -104.375411987 1286.59130859 403.234283447 54.4499969482 1955.00646973 640.806518555 -380.114562988 1220.98095703
0.0281128883362 8 608.214599609 -120.839416504 1497.54382324 653.757019043 263.246917725 1602.56408691 624.354919434 4.78456115723 1722.60351562 664.75579834 68.6536102295 1331.44335938 455.442260742 -176.08241272 1806.31726074 684.111572266 -109.958175659 1284.50964355 389.086029053 85.6504058838 1930.3515625 635.700256348 -385.628845215 1219.46887207
0.0326619148254 8 609.830993652 -118.045707703 1498.9967041 653.812438965 262.737335205 1602.7421875 625.379089355 5.37512207031 1722.53466797 669.68927002 71.7322845459 1338.23266602 452.095031738 -164.292434692 1817.22937012 684.364318848 -111.912078857 1285.88537598 372.097808838 123.758255005 1890.36645508 635.469055176 -385.477966309 1217.30480957
0.0397419929504 8 612.886779785 -109.492630005 1500.95483398 655.398132324 262.723205566 1599.32458496 625.95703125 0.354141235352 1726.10961914 677.988891602 81.8191375732 1352.31616211 445.650390625 -161.142059326 1819.37915039 689.561584473 -80.6675109863 1295.55651855 351.001556396 137.582000732 1842.81921387 644.612365723 -360.33203125 1212.8260498
0.0315840244293 8 617.255249023 -104.825965881 1509.02624512 656.280273438 262.918670654 1597.00488281 630.498474121 2.59396362305 1725.02331543 694.976989746 79.5289154053 1373.59411621 446.861724854 -155.397033691 1822.25512695 705.361755371 25.1040763855 1338.95483398 342.789093018 148.91027832 1797.29052734 641.583068848 -351.953430176 1212.25109863
0.031131029129 8 623.855773926 -100.130966187 1536.48083496 656.836486816 262.759338379 1595.7565918 635.534790039 26.9094085693 1728.05566406 712.929199219 62.583114624 1400.22119141 449.40713501 -129.806594849 1825.46936035 700.458435059 -5.55426025391 1335.91882324 331.876220703 168.467056274 1749.91833496 640.072692871 -366.954833984 1204.36743164
0.0356960296631 8 623.87322998 -97.8527908325 1544.66333008 657.122619629 263.383483887 1594.0357666 636.412353516 30.8734207153 1731.74365234 716.067626953 56.4609146118 1405.32836914 446.101104736 -124.119560242 1829.80371094 693.621826172 -38.4735107422 1321.38879395 317.10055542 158.1328125 1707.34020996 640.886108398 -364.740203857 1208.85095215
0.0318360328674 8 624.540588379 -97.7857284546 1544.39648438 657.146728516 263.469482422 1594.61560059 637.077209473 28.1380691528 1735.75952148 713.265197754 60.4016494751 1403.90234375 444.291748047 -124.741294861 1834.48535156 685.740234375 -70.1964950562 1294.20239258 304.335540771 133.337463379 1664.57897949 641.187744141 -357.272796631 1208.84375
0.031023979187 8 624.003051758 -98.2564544678 1542.25305176 656.838989258 263.058441162 1595.64099121 636.31652832 26.0493621826 1735.65405273 707.635620117 62.243637085 1399.94042969 449.529541016 -111.792205811 1847.9666748 686.52722168 -69.6677246094 1298.33520508 327.628936768 109.788894653 1725.75109863 638.549255371 -361.64465332 1211.703125
0.035619020462 8 629.121826172 -95.6549758911 1537.86279297 656.579650879 262.958068848 1595.50268555 641.09777832 17.4820098877 1735.72631836 698.037963867 71.6036376953 1398.69165039 452.105133057 -118.712890625 1853.60205078 681.113342285 -81.1533508301 1302.13513184 315.403411865 73.257019043 1696.58813477 628.753112793 -356.89743042 1212.99804688
0.0320470333099 8 634.086853027 -92.5969390869 1542.98791504 657.145141602 262.810028076 1594.97680664 654.133911133 20.7222671509 1739.24938965 681.484008789 88.9539108276 1414.32312012 462.123168945 -118.324775696 1848.94641113 667.706298828 -78.7454299927 1301.41455078 321.127258301 38.528175354 1578.19311523 622.961364746 -344.893676758 1221.23742676
0.0317268371582 8 628.210693359 -83.6959075928 1535.83044434 657.496643066 262.186645508 1594.37841797 658.347717285 11.5767364502 1736.07409668 669.946105957 101.118759155 1416.73181152 460.807250977 -125.547805786 1836.47314453 659.336547852 -72.9920654297 1298.19824219 322.847473145 11.1269989014 1566.44897461 617.887390137 -333.064880371 1230.34851074
0.0352201461792 8 626.113708496 -95.111869812 1537.91333008 657.960144043 261.246643066 1593.29614258 652.531005859 14.7151489258 1738.53295898 678.144165039 91.8441619873 1414.02441406 457.473205566 -125.167770386 1836.84753418 667.229492188 -70.9451141357 1298.97924805 325.361022949 -1.75902557373 1572.5625 613.602661133 -355.955627441 1221.27893066
0.0318710803986 8 625.940734863 -87.1270828247 1540.61315918 658.641479492 260.396179199 1591.24853516 643.629089355 16.7817687988 1738.66943359 690.473815918 85.4550323486 1412.60058594 448.909851074 -126.258972168 1835.59655762 677.327331543 -71.0391540527 1300.36437988 303.362823486 5.11944580078 1569.95019531 631.987182617 -338.158721924 1231.05004883
0.0318429470062 8 628.63458252 -86.5895843506 1543.88269043 659.843566895 259.465515137 1588.42041016 641.537231445 17.7349395752 1738.64880371 703.925415039 78.6170806885 1417.30432129 446.937042236 -133.697875977 1828.4510498 679.673522949 -75.4057159424 1298.54382324 292.222106934 13.4322814941 1575.41748047 633.707885742 -342.822692871 1230.78857422
0.0379359722137 8 633.002990723 -88.614982605 1536.26818848 659.512817383 259.360443115 1587.9473877 646.772766113 8.358253479 1736.3951416 696.602844238 86.5053482056 1414.07067871 451.089935303 -147.617126465 1824.71606445 675.016662598 -66.68724823 1297.8190918 297.153686523 9.57893371582 1589.7512207 624.515441895 -349.183135986 1228.24365234
0.0302510261536 8 636.59564209 -86.6496200562 1527.33959961 659.438476562 259.893737793 1587.96801758 648.926025391 -3.01881408691 1732.11914062 694.342895508 96.6149291992 1417.06591797 452.888305664 -154.574752808 1825.5793457 673.221252441 -54.8484802246 1300.1340332 287.853759766 31.2353363037 1608.8626709 624.55657959 -334.675750732 1231.76782227
0.0387258529663 8 639.310119629 -87.1973571777 1525.55834961 659.687194824 259.970581055 1587.31811523 654.785583496 -7.61329650879 1730.55432129 689.179382324 98.0880508423 1417.02746582 460.127868652 -165.107162476 1824.78833008 668.377685547 -44.0194015503 1303.23571777 293.684509277 57.5347747803 1635.14331055 613.526062012 -339.025695801 1221.95324707
0.0293321609497 8 634.995056152 -101.368133545 1527.53918457 659.933654785 259.418945312 1587.02233887 652.527587891 -14.8520507812 1732.68603516 692.681274414 82.7787399292 1415.11132812 460.81829834 -173.859146118 1828.22241211 674.441040039 -23.0802764893 1317.88916016 297.870178223 73.652130127 1671.60058594 617.93951416 -331.407775879 1221.08935547
0.031888961792 8 631.50177002 -90.9523696899 1533.99902344 659.968444824 258.909667969 1587.97583008 669.689025879 5.28184509277 1733.29858398 650.915710449 96.1262817383 1411.26196289 477.462738037 -148.170639038 1830.01611328 656.855834961 -45.9960784912 1315.3638916 314.984375 107.457275391 1730.44287109 602.846191406 -344.608337402 1219.53991699
0.0380358695984 8 630.236572266 -91.5217971802 1544.71850586 660.067565918 259.23336792 1589.63171387 659.519592285 34.5183410645 1738.5057373 652.939025879 76.8134613037 1385.20349121 467.159851074 -119.249771118 1832.02514648 666.951538086 -78.3731842041 1310.84765625 313.133453369 154.432449341 1787.29248047 607.804260254 -380.893859863 1207.55090332
0.0316970348358 8 632.237060547 -98.0601196289 1554.04870605 659.47088623 259.625366211 1590.29797363 646.760498047 57.4624252319 1739.46936035 655.266845703 55.4321365356 1367.79943848 454.263671875 -95.0986404419 1830.19470215 680.782226562 -121.845039368 1317.17419434 308.498291016 187.302459717 1848.08081055 623.345703125 -404.080749512 1203.63659668
0.0317239761353 8 627.460876465 -92.6800842285 1553.60107422 658.26348877 259.913330078 1591.43798828 645.009216309 78.3085708618 1740.16760254 641.460876465 60.9757003784 1352.24060059 453.247558594 -74.463142395 1827.85266113 681.903381348 -137.557250977 1311.79602051 318.269256592 203.020202637 1902.63513184 623.026123047 -419.513427734 1207.24731445
0.0355219841003 8 617.390869141 -78.3345794678 1541.86853027 657.21862793 260.228668213 1591.82751465 642.84173584 77.1494293213 1740.96789551 633.569885254 80.9961395264 1344.85168457 457.670043945 -77.4701538086 1826.68884277 683.262573242 -131.707550049 1308.66967773 336.917816162 158.850845337 1945.71069336 635.61517334 -405.703277588 1201.1550293
0.0315940380096 8 608.498474121 -67.3004760742 1531.55163574 656.638183594 261.269958496 1592.70947266 640.842163086 73.9149551392 1742.01245117 625.742919922 103.587203979 1342.39086914 475.65838623 -90.3679733276 1832.58776855 684.392028809 -121.877822876 1312.88464355 354.740997314 119.954795837 1983.54382324 641.292663574 -391.744873047 1201.31616211
0.0317871570587 8 606.386169434 -63.1875801086 1525.86999512 655.953491211 261.874328613 1593.24047852 641.923217773 67.30909729 1742.8671875 623.221313477 114.956573486 1343.21899414 469.023162842 -126.281860352 1823.32678223 681.446228027 -107.768371582 1316.51135254 372.304992676 91.5053405762 2013.03417969 633.640380859 -394.293395996 1197.45092773
0.0355358123779 8 604.924804688 -58.1838607788 1522.75976562 655.098388672 262.468170166 1594.13659668 640.600463867 68.0957870483 1746.64245605 623.007202148 128.956207275 1343.88952637 481.921661377 -131.389221191 1823.18566895 680.683532715 -94.208770752 1317.08618164 389.720733643 49.9719848633 2030.38232422 631.497192383 -391.138458252 1197.36120605
0.0468220710754 8 606.119384766 -56.5348091125 1522.06762695 653.780883789 263.090667725 1595.32226562 643.018249512 70.1044616699 1746.9440918 620.242736816 131.928665161 1342.4831543 493.709411621 -123.884902954 1823.80407715 677.938049316 -88.8897399902 1313.88696289 399.329071045 23.1800842285 2018.23303223 627.423156738 -389.738769531 1200.6373291
0.0323610305786 8 608.46697998 -53.5488739014 1522.18408203 652.523620605 263.76751709 1596.4107666 644.297302246 64.0279083252 1745.41149902 628.48223877 144.214035034 1362.72253418 501.898376465 -128.084640503 1820.32336426 674.433837891 -80.7757720947 1312.45959473 398.655487061 -0.456237792969 2012.67993164 628.341125488 -395.374389648 1198.38183594
0.0359818935394 8 610.014160156 -54.3207931519 1520.2845459 651.630004883 264.393829346 1596.70690918 643.65447998 62.6482315063 1745.02062988 635.370788574 146.509674072 1364.25866699 516.286376953 -115.749137878 1816.49316406 674.373901367 -78.7294006348 1309.52490234 366.338226318 -48.7567672729 1959.7175293 626.389221191 -400.022094727 1211.69897461
0.0315110683441 8 615.914794922 -59.6930923462 1522.01184082 650.288879395 264.971282959 1596.55212402 644.507263184 50.9015731812 1743.04064941 654.084533691 139.396820068 1377.75915527 514.693969727 -129.252929688 1816.70605469 674.216308594 -69.766998291 1310.16320801 382.84185791 -14.2345046997 1953.07861328 627.406799316 -382.369842529 1213.29089355
0.0252821445465 8 618.519836426 -65.291053772 1524.89025879 649.274230957 265.179077148 1596.73059082 643.118225098 48.4032440186 1742.93554688 663.221740723 131.665100098 1382.46337891 518.133728027 -126.949523926 1821.19055176 676.226745605 -69.4630737305 1309.54162598 374.573791504 53.2088470459 2034.29174805 629.775268555 -390.673278809 1210.1171875
0.033588886261 8 619.527832031 -69.487739563 1524.88806152 647.41998291 265.4637146 1598.13122559 641.069885254 44.0289001465 1743.11035156 667.81817627 128.844009399 1385.95019531 515.497558594 -136.805130005 1821.08996582 679.022338867 -64.9529418945 1310.12194824 349.632568359 36.6443634033 1949.39624023 639.374206543 -347.365722656 1208.5604248
0.0312099456787 8 617.436645508 -82.7260894775 1531.13806152 646.894165039 264.755493164 1599.09313965 633.037109375 36.9322433472 1748.21728516 677.479248047 109.466529846 1385.73535156 498.61505127 -151.490112305 1813.81115723 676.959838867 -77.015586853 1304.34936523 336.46862793 64.9660644531 1911.38452148 631.709533691 -363.658752441 1205.22460938
0.0312650203705 8 621.043640137 -89.0324325562 1539.59350586 647.102661133 264.221618652 1599.21032715 639.280456543 40.7274703979 1746.55456543 686.457214355 92.7510604858 1388.9979248 489.952026367 -151.352661133 1790.98706055 674.795043945 -82.8852005005 1300.50305176 329.818878174 133.765350342 1918.85437012 634.712280273 -357.863922119 1213.55932617
0.0393121242523 8 622.205505371 -98.6382522583 1545.93383789 646.669250488 264.017425537 1600.04382324 638.710266113 45.4756011963 1743.83068848 690.75592041 73.8135986328 1385.41687012 478.34979248 -144.60836792 1791.68029785 675.356201172 -109.435943604 1295.93664551 306.061981201 155.19644165 1828.91491699 625.801574707 -385.739105225 1205.02124023
0.0277688503265 8 618.589416504 -100.367477417 1552.68249512 646.051940918 264.292358398 1600.49121094 635.730285645 51.2674179077 1741.10009766 691.064758301 48.5243606567 1375.57592773 472.982086182 -132.563659668 1797.39123535 678.303222656 -135.439483643 1293.60253906 291.818695068 168.199554443 1755.09082031 624.92755127 -413.006469727 1200.40002441
0.0353200435638 8 619.452819824 -97.8532409668 1557.65710449 646.109863281 264.037017822 1600.76672363 635.40637207 55.8292312622 1740.05871582 693.197998047 41.7956161499 1378.20495605 471.437957764 -128.227325439 1803.84387207 677.486450195 -155.87097168 1288.11010742 295.876678467 135.07220459 1697.71984863 625.678222656 -413.809326172 1199.34790039
0.0323469638824 8 624.235412598 -99.618347168 1553.74047852 646.398193359 263.264068604 1601.65100098 640.614807129 47.9014663696 1734.32006836 688.944519043 37.8231430054 1376.08349609 471.189056396 -129.137908936 1819.11022949 674.434020996 -149.922515869 1286.01477051 290.827789307 102.680343628 1654.53417969 623.373779297 -404.748168945 1203.69934082
0.0314531326294 8 632.242797852 -104.220413208 1557.94848633 646.388000488 262.78314209 1602.2755127 652.318908691 45.3660202026 1733.74865723 676.287536621 34.9363174438 1378.00305176 480.24395752 -124.537437439 1831.8404541 660.984741211 -146.996154785 1284.31237793 333.313934326 79.4802017212 1691.28210449 604.568359375 -407.654174805 1213.71472168
0.0320110321045 8 635.494934082 -96.4087295532 1565.28820801 646.563903809 262.165527344 1603.12158203 648.807678223 53.7318191528 1732.63012695 670.957458496 48.2930374146 1396.39013672 468.294677734 -107.907264709 1834.87878418 661.72845459 -148.719177246 1292.60827637 303.795043945 50.7686691284 1574.5177002 606.404418945 -418.668701172 1217.08410645
0.0357749462128 8 634.993530273 -91.3626251221 1565.03540039 646.249389648 260.881835938 1604.1895752 649.682678223 49.7205352783 1732.7064209 665.846008301 56.4566192627 1405.56286621 461.292419434 -103.783508301 1833.48608398 663.790161133 -137.270935059 1301.8380127 346.558227539 63.9011688232 1644.52062988 604.417236328 -424.900787354 1213.46203613
0.0347058773041 8 632.938110352 -102.427589417 1559.11889648 646.733886719 259.141357422 1605.19775391 649.854614258 40.3725814819 1734.68835449 670.300292969 52.7020187378 1397.74475098 458.416381836 -112.933982849 1835.01208496 665.10736084 -128.927581787 1296.328125 314.40802002 6.69203186035 1560.0625 607.346862793 -405.354827881 1220.38745117
0.0313320159912 8 623.852722168 -100.793876648 1556.98962402 647.323425293 257.568054199 1605.33483887 651.176330566 37.6843490601 1734.77392578 671.939025879 48.2209091187 1392.63500977 464.851959229 -116.767127991 1829.10961914 664.845214844 -128.580749512 1293.59973145 317.964294434 10.7492752075 1567.77929688 609.311279297 -393.815063477 1225.72583008
0.032233953476 8 628.304016113 -98.7565231323 1562.28295898 647.571655273 256.832733154 1604.69335938 656.879882812 39.8399047852 1734.54614258 665.275878906 46.704788208 1397.43676758 472.886535645 -111.111495972 1830.3380127 659.820373535 -134.250030518 1292.88525391 348.923339844 20.4696044922 1653.72155762 596.730651855 -416.887420654 1223.62536621
0.0318892002106 8 627.227661133 -102.235397339 1561.72412109 647.638427734 256.584381104 1604.49951172 654.16607666 38.244178772 1735.04858398 667.867858887 46.7271957397 1398.44482422 473.405731201 -113.412590027 1831.80566406 660.993713379 -133.306365967 1292.64245605 315.172943115 42.6898574829 1600.15856934 594.765930176 -420.590362549 1227.42797852
0.0494790077209 8 627.066101074 -107.606025696 1563.89916992 647.953857422 256.193725586 1605.12597656 655.573425293 39.7693099976 1734.84436035 667.286560059 43.0956039429 1398.29187012 477.01385498 -113.80254364 1829.9732666 658.938598633 -131.694946289 1294.92810059 301.113067627 75.7948379517 1634.6776123 596.730957031 -412.604370117 1225.60070801
0.0342679023743 8 628.574523926 -113.152885437 1567.51416016 647.97442627 255.745056152 1605.91833496 657.683776855 43.628288269 1735.49401855 667.040100098 36.6731185913 1395.12634277 478.445007324 -112.761054993 1828.41638184 657.012145996 -130.827819824 1297.38989258 307.761444092 107.844764709 1663.76623535 590.470275879 -425.324859619 1223.76135254
0.0279638767242 8 629.101745605 -124.802886963 1565.3170166 647.186523438 255.280731201 1606.11450195 653.817626953 31.2448959351 1737.02416992 664.319946289 10.0300140381 1378.16748047 473.063415527 -124.341621399 1833.13330078 644.754516602 -25.8351249695 1374.46972656 301.684082031 119.449058533 1717.48754883 598.706665039 -398.530487061 1219.90881348
0.0289301872253 8 629.78302002 -120.323356628 1567.92126465 646.860168457 254.454589844 1606.84094238 652.526184082 35.6538848877 1737.51538086 670.451721191 5.36669921875 1377.77294922 473.74130249 -121.922729492 1831.61889648 655.39440918 -39.7427177429 1357.55029297 306.500244141 145.187591553 1763.59643555 597.396789551 -409.252258301 1218.14379883
0.0348358154297 8 627.424621582 -117.38407135 1574.79663086 646.115600586 254.001495361 1607.74645996 643.185241699 29.5118026733 1739.18774414 693.895568848 7.25219726562 1404.80053711 470.852905273 -141.760986328 1810.80480957 656.46697998 -54.397315979 1312.83129883 311.01348877 147.794006348 1818.89685059 610.277099609 -398.709136963 1217.953125
0.030079126358 8 628.152160645 -110.14390564 1578.45251465 645.782409668 254.103652954 1608.59973145 637.055664062 30.4731826782 1742.13500977 705.23046875 8.06270599365 1414.95776367 464.918212891 -141.135345459 1816.92602539 665.707458496 -55.5735244751 1314.97253418 320.088378906 144.427398682 1871.93664551 616.291015625 -394.049987793 1216.36022949
0.038843870163 8 625.379394531 -101.705093384 1575.09851074 645.935546875 253.755065918 1609.59692383 632.751403809 37.2879486084 1742.7220459 705.976013184 9.36460876465 1405.86853027 460.740997314 -136.222091675 1816.23034668 673.445678711 -69.6564788818 1311.92944336 334.367492676 130.565750122 1921.94555664 626.928955078 -384.226318359 1206.77587891
0.0420980453491 8 623.603881836 -98.2145309448 1576.37109375 645.581481934 253.730438232 1610.25720215 634.817443848 44.9691314697 1747.3326416 699.807556152 22.5156860352 1404.69592285 462.602539062 -135.165527344 1816.71435547 683.498535156 -96.6140365601 1305.1529541 355.706329346 116.567626953 1967.10021973 620.678344727 -395.97946167 1205.32788086
0.0339441299438 8 618.310058594 -90.0690689087 1569.0970459 644.685241699 254.616271973 1611.78918457 636.133911133 46.0333862305 1747.21118164 678.709838867 47.7838897705 1402.02001953 470.695678711 -127.498764038 1813.14196777 676.37677002 -90.1848449707 1309.23730469 381.707275391 86.4933319092 1987.19140625 622.569946289 -393.930786133 1207.38623047
0.031466960907 8 623.939697266 -95.0768890381 1561.16918945 644.193725586 255.65814209 1613.16882324 635.614501953 33.2871704102 1752.13806152 681.737915039 59.7216186523 1400.60900879 474.022186279 -141.49887085 1812.67871094 677.096008301 -80.9626464844 1308.25183105 393.791778564 54.0206451416 2021.79919434 622.238464355 -396.266021729 1194.22021484
0.025771856308 8 624.639770508 -103.746177673 1550.25927734 643.922546387 255.858917236 1613.79724121 638.166320801 25.089805603 1748.87414551 677.723449707 69.6632003784 1397.48181152 496.653167725 -168.184173584 1806.36779785 677.607177734 -83.8922653198 1309.70397949 408.205535889 11.501739502 2022.76306152 625.616760254 -373.840148926 1200.57641602
0.0286490917206 8 625.734619141 -101.232650757 1555.1204834 643.740661621 256.309692383 1615.42529297 634.812438965 35.7233428955 1753.34765625 682.178527832 69.7444000244 1394.76342773 493.511688232 -151.695388794 1812.48388672 682.96862793 -93.0442657471 1306.69458008 408.028198242 -14.1012878418 1970.4432373 633.513061523 -380.449829102 1192.61254883
0.0350630283356 8 618.530578613 -101.784896851 1555.6730957 643.752197266 257.080963135 1616.72973633 626.63494873 38.4283370972 1755.31726074 691.505065918 69.5852127075 1397.90637207 491.45892334 -129.923156738 1828.92236328 690.277954102 -93.8622055054 1302.17272949 425.12612915 7.95767211914 2096.34155273 646.761657715 -362.796386719 1195.13244629
0.0312058925629 8 617.220458984 -100.707893372 1555.65869141 644.163391113 257.469909668 1616.69995117 626.815612793 39.1256103516 1755.1114502 691.73626709 71.4763031006 1400.00866699 490.038696289 -127.06930542 1828.49487305 689.773742676 -98.7778015137 1286.99816895 402.281066895 -15.8329849243 2004.00390625 637.540100098 -392.231719971 1204.92492676
0.0319302082062 8 616.568237305 -101.821121216 1554.76428223 644.432373047 257.785064697 1616.68945312 624.827575684 37.9596099854 1751.03283691 702.883605957 69.3004302979 1408.49279785 472.463562012 -123.239608765 1814.90637207 691.047790527 -106.982025146 1280.90563965 393.540008545 -16.8095779419 1986.92321777 637.171569824 -400.434295654 1210.45080566
0.0449059009552 8 617.068786621 -100.744651794 1555.35559082 644.389160156 257.940582275 1616.96728516 623.541625977 39.3178863525 1750.72497559 709.627685547 69.0911560059 1412.46643066 479.792266846 -121.075881958 1819.66430664 692.465637207 -104.540161133 1287.2253418 391.973358154 0.184471130371 1977.49353027 649.200317383 -372.156524658 1191.61108398
0.0314869880676 8 616.403747559 -101.718078613 1551.97924805 644.430969238 258.480773926 1617.47729492 621.197021484 36.6348800659 1748.85192871 713.981933594 70.6426773071 1415.25427246 477.142089844 -133.373565674 1807.91564941 692.785522461 -100.722587585 1290.18273926 379.012756348 50.2127532959 2022.13098145 647.977172852 -378.059295654 1199.57312012
0.0269410610199 8 618.854248047 -103.485679626 1551.30175781 644.717895508 258.800872803 1617.74768066 623.131652832 32.2390213013 1748.27807617 720.46697998 68.5454177856 1419.69873047 474.533050537 -139.329650879 1802.95263672 691.653442383 -97.3191604614 1292.11499023 363.997131348 29.2328643799 1941.25671387 638.043395996 -381.710998535 1209.17358398
0.0419640541077 8 621.265014648 -103.503936768 1555.82800293 644.76763916 259.630218506 1618.48364258 628.481994629 33.4342956543 1749.40063477 713.177307129 67.9837341309 1420.11230469 475.002258301 -137.060714722 1804.5168457 687.575500488 -99.9070281982 1291.55285645 357.904846191 63.6800537109 1917.4954834 630.84967041 -385.888671875 1210.4453125
0.0288288593292 8 620.622375488 -105.286186218 1556.87036133 645.233337402 260.080993652 1619.85949707 627.420837402 29.3792724609 1749.6138916 715.29876709 66.6440582275 1427.22644043 469.46887207 -138.707519531 1802.09667969 688.445068359 -99.7171936035 1293.10095215 345.835113525 100.695755005 1887.5098877 626.5703125 -385.296112061 1205.51086426
0.0355610847473 8 621.106933594 -104.633827209 1561.04675293 645.553100586 259.895935059 1620.5098877 629.204833984 32.3561325073 1750.71960449 716.774536133 63.4061813354 1429.06970215 452.042755127 -147.608642578 1794.34094238 691.543273926 -94.0084609985 1296.61364746 334.57824707 115.943786621 1847.69189453 628.832336426 -389.950866699 1197.97814941
0.0380778312683 8 607.985778809 -98.3609619141 1557.48254395 645.786315918 259.746582031 1621.34240723 618.34197998 51.6018066406 1735.7833252 689.772766113 66.6725158691 1414.43664551 454.388702393 -122.414810181 1792.80957031 688.066467285 -116.477722168 1300.5994873 326.373748779 148.78578186 1796.57788086 626.881225586 -404.64251709 1201.49475098
0.0343790054321 8 588.233886719 -84.6413269043 1546.33825684 646.581176758 258.644714355 1622.96118164 617.004760742 87.7075881958 1748.50488281 621.880493164 94.9755477905 1351.37915039 444.95098877 -83.6283493042 1800.84240723 696.011291504 -144.087860107 1305.65734863 314.479003906 188.283813477 1761.16943359 634.540283203 -446.659790039 1198.62841797
0.0271580219269 8 595.382141113 -83.4863510132 1546.67285156 647.674316406 258.748962402 1624.16748047 632.545043945 80.2281112671 1741.08886719 619.530273438 75.4918746948 1346.36328125 444.923400879 -64.0423202515 1807.88537598 695.770263672 -157.3487854 1309.88598633 311.432006836 198.252075195 1719.91271973 628.125427246 -471.91204834 1194.73474121
0.0290820598602 8 595.557128906 -83.1483078003 1546.66784668 648.722717285 259.589569092 1624.8482666 639.209716797 82.0028381348 1741.65441895 615.405395508 76.0822601318 1343.07043457 448.1171875 -63.0068359375 1809.03259277 692.994140625 -153.250106812 1314.70922852 314.285003662 184.036102295 1682.37609863 628.289611816 -468.82244873 1204.43444824
0.0304210186005 8 595.286193848 -80.1418609619 1548.09057617 650.196594238 259.962188721 1625.04736328 639.405761719 84.8846435547 1747.51843262 613.732421875 82.9595031738 1343.1282959 447.843811035 -69.3287963867 1808.8861084 693.238952637 -141.111801147 1323.55065918 310.928405762 169.128829956 1636.52978516 623.623657227 -467.112182617 1209.7064209
0.0311539173126 8 595.203857422 -80.044921875 1543.30761719 651.715576172 259.507324219 1624.83447266 639.569885254 84.6135101318 1750.96130371 613.000549316 85.7751617432 1332.62341309 446.526062012 -72.7415924072 1808.80651855 691.458190918 -138.919204712 1322.71337891 313.081542969 125.460678101 1614.11254883 618.743103027 -474.253479004 1214.2442627
0.0352680683136 8 599.994628906 -84.2842178345 1545.78759766 653.09197998 259.048553467 1624.54943848 646.426513672 71.9371414185 1750.48352051 628.593017578 79.7172622681 1343.92834473 446.267974854 -79.9141769409 1806.78100586 686.320800781 -138.382019043 1319.29663086 319.619232178 90.5026321411 1592.94116211 616.32598877 -463.839385986 1214.59655762
0.04585313797 8 603.333007812 -87.7874298096 1548.5793457 654.451477051 258.238586426 1623.52954102 646.661193848 66.1818695068 1749.9498291 635.321472168 77.9922027588 1354.60021973 449.952209473 -86.9732055664 1806.02636719 681.285949707 -139.643417358 1317.25830078 319.098266602 69.5836639404 1571.85290527 617.281616211 -454.419006348 1216.22717285
0.0339617729187 8 601.466125488 -86.1257324219 1546.04699707 655.336425781 258.003051758 1622.77258301 648.969848633 70.209487915 1749.04504395 627.799194336 76.8769073486 1344.44763184 445.735412598 -77.5814361572 1804.06091309 680.485229492 -153.634063721 1312.94165039 326.770874023 61.9523773193 1559.14538574 616.544555664 -462.718078613 1223.06213379
0.0352981090546 8 599.271972656 -79.7390670776 1542.03015137 655.934265137 257.589538574 1622.10375977 651.514953613 85.1084976196 1749.86694336 616.250061035 85.0862197876 1328.3840332 447.566131592 -60.8924942017 1805.22241211 680.530212402 -166.678863525 1310.56530762 322.232635498 71.008430481 1575.25817871 614.336120605 -479.518463135 1215.29846191
0.0311460494995 8 608.242919922 -84.6654052734 1558.00036621 656.664672852 257.712493896 1621.40161133 650.029724121 100.314094543 1747.19091797 619.455505371 60.1170578003 1332.90258789 441.865844727 -44.1269607544 1795.68530273 681.054504395 -186.658447266 1311.24816895 321.792541504 106.001213074 1575.87487793 625.558959961 -484.823150635 1214.52807617
0.0281360149384 8 611.135803223 -82.9558792114 1559.93994141 657.114501953 258.361297607 1620.77038574 646.280395508 101.292381287 1747.21875 625.240966797 58.9587020874 1336.51831055 440.223022461 -48.4133377075 1794.78466797 682.96282959 -185.150268555 1310.49133301 318.207580566 113.294136047 1596.1751709 626.460144043 -486.783203125 1211.49255371
0.0304470062256 8 608.95703125 -83.8075790405 1551.68835449 657.997680664 258.221710205 1619.71362305 652.632385254 93.4325332642 1745.4967041 618.410461426 63.3271255493 1330.00085449 446.721496582 -54.384513855 1796.75134277 675.631164551 -184.107147217 1306.45227051 312.23614502 137.554077148 1626.3939209 620.943786621 -481.313476562 1209.24047852
0.0308558940887 8 605.679870605 -83.3612518311 1546.66174316 659.090820312 257.030883789 1619.2956543 649.860778809 89.7300567627 1745.40539551 618.06060791 67.0391082764 1326.12121582 445.701507568 -62.4725189209 1797.46984863 674.727478027 -181.175521851 1304.46533203 311.03237915 168.872772217 1649.3067627 621.373718262 -477.983032227 1205.97753906
0.0428791046143 8 610.585693359 -80.0824203491 1548.11560059 660.676452637 255.08770752 1617.82775879 650.153625488 92.7395324707 1744.80249023 622.184875488 64.3230133057 1326.4597168 447.093292236 -62.1194152832 1798.08752441 674.082275391 -179.755874634 1307.16320801 321.081542969 182.536315918 1688.35913086 622.368652344 -475.396789551 1204.2019043
0.0303390026093 8 611.655029297 -76.1045150757 1550.69702148 660.743041992 254.435943604 1618.27197266 649.34552002 95.2557525635 1745.82617188 625.557556152 65.2785949707 1330.06640625 450.123840332 -66.9238739014 1806.22485352 674.04119873 -178.440917969 1309.62792969 315.31060791 211.622390747 1740.30114746 622.245727539 -476.324615479 1200.67797852
0.0288460254669 8 612.760620117 -64.692817688 1551.17431641 660.68548584 255.258392334 1618.62915039 643.648132324 117.956581116 1746.74206543 621.098815918 61.8720474243 1313.53283691 454.28515625 -50.6879501343 1808.56188965 681.471069336 -183.844238281 1318.20178223 317.087432861 238.557647705 1791.26916504 627.219787598 -499.996398926 1202.40673828
0.0382249355316 8 602.047790527 -66.428062439 1544.97729492 660.767944336 255.444274902 1617.93762207 650.588012695 111.397010803 1746.24316406 607.307983398 77.1483230591 1312.93408203 467.570404053 -63.7692337036 1805.70410156 674.011535645 -154.085357666 1324.28588867 335.578948975 230.030059814 1846.07092285 614.493469238 -481.417449951 1207.44055176
0.0352230072021 8 596.480957031 -64.6076965332 1542.03881836 661.500488281 255.49899292 1617.44067383 649.276672363 111.760353088 1745.20898438 601.962463379 85.2358627319 1312.5 471.863586426 -65.8660202026 1788.44396973 674.957214355 -137.831787109 1328.44628906 347.176696777 216.097198486 1898.9432373 617.408691406 -474.525848389 1201.46813965
0.0294990539551 8 595.454711914 -57.85597229 1541.57788086 661.693359375 255.711486816 1616.07006836 649.27154541 118.132400513 1743.99157715 601.610778809 95.8663787842 1315.36755371 470.2449646 -68.0344390869 1778.13244629 683.40020752 -117.920120239 1334.83996582 361.220245361 172.909255981 1928.83898926 619.095275879 -470.192199707 1196.39306641
0.0297918319702 8 601.86706543 -53.4997596741 1544.62011719 662.257263184 256.431030273 1614.74206543 642.481445312 119.548095703 1744.70947266 612.140136719 93.7676849365 1321.37670898 462.51348877 -64.7145843506 1784.15393066 699.51763916 -108.523895264 1343.88806152 356.800720215 161.12286377 1972.2331543 636.544799805 -463.478363037 1203.43823242
0.0355050563812 8 601.760620117 -56.5969772339 1547.6541748 662.412963867 256.959136963 1614.3828125 645.389526367 116.897994995 1745.84265137 612.647216797 94.5606689453 1327.84606934 461.929962158 -61.8531036377 1788.87512207 697.993835449 -110.121917725 1345.94641113 367.553527832 132.62411499 2003.10131836 632.157165527 -463.900787354 1195.6105957
0.027410030365 8 606.413757324 -76.9848632812 1543.09423828 662.649841309 256.957824707 1611.86242676 649.69152832 92.7922058105 1744.70532227 619.377807617 94.7911987305 1338.96386719 469.863800049 -84.7668457031 1787.39477539 687.26953125 -117.47869873 1332.4621582 373.495727539 73.8155975342 2009.75732422 631.374145508 -440.785430908 1197.81970215
0.035325050354 8 608.276977539 -91.9326858521 1541.45275879 662.542358398 255.858703613 1609.91442871 650.089294434 66.9824905396 1742.87585449 621.262023926 79.3301773071 1346.32702637 472.901000977 -112.332237244 1783.78735352 682.71105957 -110.416358948 1322.84069824 377.556030273 28.3505172729 2006.40124512 629.08581543 -422.140960693 1198.42749023
0.0311119556427 8 612.147399902 -103.475578308 1539.54846191 662.511901855 255.252746582 1608.59277344 648.063415527 57.6476745605 1741.76550293 632.595275879 57.9293670654 1335.40930176 473.555328369 -129.710449219 1786.67321777 675.753234863 -141.194564819 1306.39440918 381.496856689 6.23616027832 2010.78710938 631.124389648 -407.707580566 1200.44848633
0.0309109687805 8 617.287658691 -114.7421875 1552.11499023 662.929016113 254.18019104 1607.06030273 647.80456543 49.8411712646 1742.06213379 656.058959961 44.2224884033 1358.91564941 478.298950195 -151.158798218 1788.59802246 671.60345459 -134.023178101 1321.64770508 375.549530029 4.72427368164 1999.00976562 635.13848877 -397.772094727 1198.78039551
0.0432600975037 8 622.124938965 -111.625205994 1556.71630859 663.098999023 253.420288086 1605.85241699 643.026184082 44.1622314453 1741.70605469 690.488708496 38.7773284912 1378.85864258 485.905853271 -170.470703125 1793.56140137 675.063415527 -136.831665039 1316.98168945 365.2918396 -17.8684844971 1941.17248535 637.030273438 -405.840637207 1199.42980957
0.0340399742126 8 623.126037598 -110.998535156 1560.2590332 662.795471191 253.730880737 1605.45129395 640.412353516 42.8273544312 1742.8314209 695.507324219 36.8169021606 1386.46179199 490.065002441 -175.245056152 1800.32189941 673.556518555 -144.472503662 1313.01574707 351.102294922 16.1847076416 1977.06408691 638.904174805 -408.363555908 1198.47851562
0.0244379043579 8 624.539489746 -113.01802063 1560.75488281 662.551025391 253.929229736 1605.08117676 639.099182129 43.0382385254 1742.81408691 699.633728027 35.3489990234 1387.37878418 472.343658447 -153.754745483 1801.1394043 674.042663574 -144.620849609 1312.51721191 339.546295166 36.0468139648 1956.31347656 646.428955078 -382.020507812 1206.79187012
0.0452439785004 8 623.941162109 -113.859931946 1561.55773926 662.698364258 254.268371582 1604.34008789 639.169128418 42.8896942139 1743.0612793 700.093200684 33.2595825195 1387.48120117 473.086242676 -157.327377319 1799.17211914 674.86517334 -145.461303711 1312.91918945 334.130859375 56.5791778564 1938.76342773 639.188354492 -402.175170898 1203.20056152
0.0306940078735 8 622.957214355 -113.523246765 1562.89294434 662.01361084 254.517150879 1605.03417969 639.842041016 45.1603164673 1743.23828125 698.503051758 30.436958313 1385.24633789 466.796783447 -156.413421631 1780.35400391 690.1171875 -127.134681702 1326.43347168 325.716125488 82.00440979 1906.92126465 629.982299805 -417.376220703 1200.1307373
0.0361959934235 8 617.284545898 -109.071609497 1563.99951172 661.582702637 255.011291504 1605.84387207 636.470153809 48.5957717896 1744.7668457 681.691589355 40.1290512085 1386.53149414 458.804168701 -148.449920654 1784.83105469 697.741333008 -126.576301575 1323.19787598 314.329864502 114.489715576 1877.17883301 637.147094727 -395.984161377 1205.25695801
0.0325939655304 8 615.738220215 -104.251548767 1564.11413574 660.514770508 255.23727417 1605.69604492 635.899353027 57.9703140259 1744.30578613 676.290222168 45.712928772 1382.35705566 456.884552002 -138.237854004 1788.2520752 692.331420898 -137.860931396 1319.390625 309.415893555 136.193023682 1839.64697266 637.202148438 -404.166015625 1203.34594727
0.0296790599823 8 614.259643555 -101.942085266 1563.01342773 659.07232666 255.138549805 1606.16894531 635.026062012 62.6183395386 1743.19714355 672.576965332 47.8969039917 1378.28405762 456.983154297 -129.862518311 1790.31420898 689.842834473 -144.141723633 1316.25744629 305.631195068 161.003570557 1803.53686523 635.667602539 -408.772094727 1206.52502441
0.0295460224152 8 609.444946289 -88.2299728394 1568.38305664 656.90246582 254.670166016 1603.57263184 634.819885254 77.2819519043 1743.43151855 656.801574707 64.8894195557 1386.74621582 453.004577637 -110.812408447 1800.07995605 689.395446777 -128.110855103 1316.50671387 303.355773926 181.550170898 1768.91418457 634.975402832 -419.4296875 1206.24523926
0.0348899364471 8 609.724182129 -86.5725402832 1566.31665039 656.242492676 255.207809448 1602.67553711 632.047790527 79.8526611328 1741.57873535 658.251403809 63.0315551758 1381.44836426 454.561157227 -111.427444458 1800.48681641 689.432617188 -139.962249756 1315.69616699 305.432342529 171.259933472 1729.23242188 634.153930664 -419.788848877 1205.83972168
0.0408451557159 8 603.952209473 -88.8665771484 1557.79919434 655.208557129 254.812850952 1602.94677734 631.840026855 71.4922332764 1737.42175293 651.04510498 64.4824371338 1376.0760498 461.081451416 -114.420074463 1800.15917969 680.010925293 -145.170166016 1315.13415527 314.761260986 159.469970703 1700.57702637 628.316162109 -420.195892334 1209.86694336
0.0303339958191 8 603.583129883 -87.3953399658 1551.43774414 653.031311035 255.646484375 1603.99157715 634.563110352 72.0316772461 1736.37634277 647.597412109 68.1583862305 1365.84436035 461.303131104 -114.897140503 1800.64758301 677.714111328 -146.699554443 1313.65405273 318.484771729 143.943313599 1673.89099121 628.068603516 -417.401824951 1212.27075195
0.0299699306488 8 604.924194336 -88.2594680786 1549.83898926 652.470397949 256.15246582 1604.21472168 631.397521973 75.2325820923 1731.85620117 644.952087402 61.3101882935 1358.56030273 452.660522461 -103.6664505 1807.36608887 676.750915527 -156.564819336 1312.02355957 320.049255371 148.390899658 1638.61083984 623.353759766 -429.643310547 1216.18591309
0.030189037323 8 604.114318848 -77.0588531494 1541.80065918 651.384643555 256.359436035 1604.63574219 635.688110352 93.7247085571 1731.17980957 627.551147461 70.6321334839 1332.83532715 437.76159668 -73.255027771 1811.52294922 672.494812012 -173.83013916 1308.92675781 335.168914795 158.745300293 1611.90551758 610.719604492 -463.799194336 1222.3626709
0.0302560329437 8 609.281494141 -77.9823684692 1531.03344727 650.60357666 256.175384521 1605.65002441 640.70098877 84.5907592773 1731.91149902 611.817687988 81.84715271 1325.56481934 434.615081787 -75.0833129883 1811.71679688 665.261779785 -164.768447876 1308.94567871 338.321014404 139.652984619 1595.79956055 607.26776123 -451.502807617 1226.57666016
0.0356359481812 8 607.288879395 -68.7857284546 1533.39453125 650.451782227 256.106658936 1607.18444824 639.734558105 85.7711334229 1749.87207031 609.098327637 95.4189453125 1321.64770508 441.827026367 -86.5327758789 1809.31896973 669.267822266 -154.934753418 1309.95507812 336.410919189 118.261764526 1591.06738281 611.64453125 -446.121490479 1225.80224609
0.0308270454407 8 609.702392578 -77.8332748413 1528.10400391 650.414978027 256.39352417 1609.53381348 654.991455078 59.4070358276 1750.78662109 604.852416992 86.5276107788 1319.69189453 449.378448486 -77.8314437866 1811.77966309 664.106201172 -151.984344482 1314.09289551 350.163421631 121.599754333 1592.32080078 605.145446777 -460.678924561 1222.28356934
0.0432920455933 8 607.333679199 -72.099822998 1524.51367188 651.092590332 256.429199219 1611.22216797 648.640686035 65.4895019531 1744.25036621 603.596374512 93.8457946777 1321.11877441 452.369812012 -83.6068267822 1810.33398438 665.32635498 -138.255645752 1319.34814453 348.186553955 124.899185181 1595.92578125 610.734130859 -439.020446777 1224.56347656
0.0361258983612 8 606.1015625 -69.7328414917 1522.82629395 650.945251465 257.192749023 1612.40808105 646.155700684 69.6711654663 1742.24694824 600.341247559 102.390892029 1324.02087402 450.831054688 -84.8051528931 1808.64916992 666.158447266 -136.67010498 1318.85754395 337.905212402 133.995910645 1623.20166016 617.703125 -426.473693848 1215.25610352
0.0348250865936 8 606.78729248 -69.2327346802 1530.05908203 651.042114258 257.891296387 1612.60571289 645.056945801 60.4604034424 1740.58215332 613.223693848 110.044555664 1355.63659668 450.226104736 -96.3295440674 1805.19873047 665.760742188 -123.686767578 1320.11999512 335.381256104 141.98928833 1643.8079834 611.667602539 -415.120574951 1213.58691406
0.0305328369141 8 605.842834473 -64.3706054688 1534.3894043 651.194213867 258.683227539 1612.98999023 639.577453613 79.8701629639 1740.04516602 606.352111816 105.876419067 1346.63012695 455.250976562 -84.613494873 1793.80541992 663.71282959 -132.369674683 1318.62463379 339.32019043 168.120269775 1674.94030762 603.758605957 -436.576416016 1219.56286621
0.0293891429901 8 606.917297363 -63.8322257996 1536.70288086 651.083496094 259.282958984 1613.37609863 642.460327148 85.6649017334 1739.13696289 603.815429688 97.1425704956 1340.05639648 455.540649414 -78.4163208008 1797.23474121 663.518432617 -141.619659424 1317.17150879 339.534515381 189.519165039 1712.60632324 604.831115723 -441.304473877 1213.13342285
0.0299479961395 8 609.004943848 -68.556350708 1537.69335938 650.853149414 259.541717529 1613.17871094 644.664245605 79.7591552734 1738.27648926 609.461975098 88.8560791016 1340.9095459 475.713684082 -97.0882720947 1823.25317383 660.497680664 -139.833068848 1316.70129395 346.970306396 191.598403931 1758.27612305 603.116577148 -436.455841064 1220.96289062
0.030534029007 8 605.458129883 -77.8144302368 1538.85571289 650.211975098 260.127960205 1613.32958984 640.446960449 74.6069030762 1737.01062012 615.840393066 88.8908538818 1349.58483887 481.271972656 -109.824005127 1827.44189453 663.545166016 -136.404418945 1316.77856445 343.145843506 194.074645996 1800.05993652 603.111877441 -434.696136475 1215.98669434
0.0349137783051 8 602.820922852 -85.8146209717 1538.69909668 650.438293457 258.675079346 1613.98547363 642.404296875 64.7021789551 1738.47924805 614.032226562 79.8299865723 1347.46484375 479.960327148 -109.905731201 1828.70629883 665.952087402 -142.320922852 1316.22021484 347.522247314 194.904815674 1845.33703613 606.545898438 -436.74017334 1211.84741211
0.0309221744537 8 598.409851074 -85.1948165894 1538.48657227 650.156921387 257.289642334 1613.63110352 636.469177246 65.630607605 1739.02563477 618.750305176 83.8719406128 1350.29638672 470.823608398 -110.98323822 1822.36767578 668.858642578 -137.726287842 1315.31994629 347.979431152 193.089691162 1888.8494873 614.35333252 -427.258758545 1203.42077637
0.0309770107269 8 597.145996094 -82.2855758667 1538.76403809 649.75213623 256.965118408 1613.50610352 635.350158691 69.0400924683 1740.03967285 614.342590332 84.1188278198 1346.70983887 464.795593262 -102.013893127 1813.0489502 667.469360352 -137.105194092 1314.28540039 360.265075684 179.9581604 1924.13891602 614.628295898 -424.638519287 1201.3157959
0.0354499816895 8 593.953613281 -86.6170806885 1533.49291992 648.933654785 256.865783691 1612.83972168 634.28338623 65.7311248779 1740.40576172 610.090026855 91.7933807373 1344.92260742 465.486755371 -110.967788696 1811.7512207 664.092102051 -129.169418335 1314.984375 366.413970947 154.176895142 1961.05053711 614.001953125 -415.398132324 1202.24682617
0.0316028594971 8 591.586730957 -82.5497207642 1536.98083496 648.426269531 256.572296143 1612.48205566 622.395324707 72.933631897 1745.21728516 606.520568848 92.7044448853 1343.20336914 463.732971191 -111.07068634 1811.67712402 663.468078613 -127.827842712 1315.64746094 372.870941162 131.918243408 1986.1940918 611.018798828 -417.533752441 1200.40185547
0.0311081409454 8 591.782287598 -77.5784759521 1541.00292969 648.304443359 255.895004272 1612.53308105 624.553039551 79.9683074951 1745.25891113 606.702209473 86.1103973389 1339.51135254 460.835449219 -103.018554688 1811.59875488 666.025268555 -136.736038208 1314.72106934 387.109466553 123.596603394 1998.39648438 616.143249512 -428.333251953 1202.17163086
0.0358428955078 8 596.111816406 -86.9790420532 1549.35205078 647.516967773 255.875823975 1612.42126465 632.576660156 90.4661254883 1745.40332031 600.512573242 76.1394805908 1338.10424805 482.09942627 -106.675643921 1816.33874512 662.058288574 -149.181106567 1315.48120117 387.603759766 111.504623413 2019.58581543 609.660522461 -453.918151855 1196.95751953
0.0382921695709 8 595.752197266 -82.0587081909 1549.96252441 647.049865723 256.328552246 1612.68786621 631.305053711 93.9878082275 1745.73937988 601.451538086 76.3188171387 1336.72766113 504.062438965 -93.6041107178 1817.33959961 664.525878906 -150.321380615 1315.21166992 388.165710449 102.145339966 2021.61950684 612.505371094 -446.240142822 1205.10375977
0.0316228866577 8 591.20513916 -77.084236145 1545.53259277 646.462341309 258.067840576 1612.6159668 623.374755859 94.3910217285 1747.03991699 605.612548828 86.3188018799 1335.4473877 493.738220215 -97.0822296143 1817.20043945 673.266174316 -137.792190552 1317.34863281 380.20892334 85.9533081055 2035.93005371 657.952209473 -373.268585205 1223.54345703
0.0338859558105 8 593.11114502 -74.0901947021 1545.47595215 646.140686035 259.213806152 1611.44177246 623.159667969 96.4157180786 1747.10546875 604.472412109 87.244468689 1334.5925293 481.227416992 -93.2788009644 1815.25805664 674.941772461 -136.393737793 1317.72070312 375.896911621 85.8583297729 2041.21057129 618.789794922 -441.970581055 1201.64306641
0.0297160148621 8 593.255187988 -73.4822998047 1544.78552246 646.151733398 259.831665039 1610.56347656 623.525817871 96.8461761475 1747.05712891 603.48614502 88.7754974365 1334.04931641 491.113983154 -95.6105499268 1811.04638672 676.63482666 -132.988510132 1319.87841797 362.950805664 64.3141021729 2025.17773438 657.898864746 -372.301055908 1225.40905762
0.0360329151154 8 592.987121582 -72.2484588623 1544.9699707 646.340332031 260.098999023 1610.03881836 624.809326172 98.331199646 1746.89294434 602.28918457 89.6821060181 1333.84191895 491.40057373 -98.6626815796 1809.765625 678.403015137 -131.825653076 1321.6385498 352.011352539 34.1836929321 1997.34094238 618.328430176 -444.622589111 1200.28186035
0.0308401584625 8 592.190856934 -69.5050201416 1540.55212402 646.733520508 259.35144043 1609.25305176 624.325805664 94.1298217773 1746.82678223 602.266113281 95.7633972168 1333.3248291 505.253356934 -141.602371216 1804.94140625 679.568237305 -129.38470459 1320.63061523 330.437316895 15.79737854 1978.16564941 626.367126465 -429.636352539 1201.97680664
0.03160405159 8 592.859558105 -71.182434082 1542.20605469 647.702270508 259.169525146 1608.31555176 628.825256348 95.5745010376 1747.99487305 599.725769043 94.7499313354 1332.75463867 512.837646484 -145.907745361 1807.28125 679.130493164 -128.267883301 1322.54187012 312.325073242 4.97888183594 1976.57312012 621.714904785 -442.210968018 1198.97961426
0.0434257984161 8 592.773620605 -73.0263977051 1542.62817383 648.349365234 258.578735352 1606.30712891 630.648010254 91.8749313354 1750.3203125 599.077941895 91.8544082642 1331.58886719 511.701171875 -156.073669434 1814.02392578 682.138793945 -129.54598999 1324.45996094 287.393768311 -14.2209014893 1953.94775391 623.506164551 -446.002105713 1203.71594238
0.038074016571 8 593.903808594 -73.3789291382 1542.6484375 648.873291016 259.092926025 1604.6842041 634.127563477 91.5464477539 1750.13464355 600.042236328 89.2682342529 1329.62927246 511.477966309 -154.784820557 1812.40563965 681.384155273 -134.045974731 1322.15490723 269.555999756 -36.5215148926 1941.56896973 622.035339355 -451.935119629 1198.96264648
0.0290470123291 8 599.102661133 -80.6505050659 1542.61022949 648.870605469 258.142669678 1603.63439941 647.859436035 79.8323745728 1749.50378418 616.533996582 79.7486038208 1330.70153809 516.635620117 -156.759246826 1810.67651367 676.139282227 -137.007171631 1320.81225586 259.002319336 -68.0071563721 1919.38720703 617.347290039 -453.765167236 1201.79577637
0.0399780273438 8 600.154052734 -80.3012695312 1544.68127441 648.264831543 257.332336426 1603.16564941 651.042175293 81.3365020752 1750.28295898 623.874816895 84.8809661865 1336.97802734 515.106689453 -166.332321167 1800.46179199 674.203430176 -136.831100464 1319.35266113 250.297454834 -110.131072998 1889.19482422 611.302734375 -456.272460938 1196.42749023
0.0306310653687 8 595.767333984 -81.262878418 1548.1340332 647.692687988 256.797363281 1603.63330078 646.760864258 65.7730560303 1748.99316406 632.714233398 82.0081939697 1356.97485352 497.976226807 -188.517623901 1786.12585449 681.494934082 -127.905731201 1319.16040039 246.340118408 -155.995986938 1866.89440918 619.952758789 -447.06338501 1198.24450684
0.0278129577637 8 596.419067383 -88.3864898682 1552.34655762 647.036437988 256.345458984 1604.92419434 651.140625 57.8413238525 1750.2331543 630.696777344 82.4474945068 1370.20092773 501.634063721 -217.719192505 1764.88220215 678.239196777 -126.139297485 1319.30395508 237.252349854 -205.852020264 1856.82922363 611.823364258 -452.438415527 1212.10656738
0.0343949794769 8 596.783935547 -93.2653961182 1552.70397949 645.822387695 256.454406738 1605.69677734 650.472290039 56.0100250244 1749.25097656 629.011108398 79.4256744385 1371.22241211 509.855651855 -231.955184937 1754.01025391 678.289306641 -131.704269409 1316.92456055 230.046600342 -248.914382935 1834.02770996 611.782470703 -452.715026855 1209.7076416
0.0393190383911 8 601.680175781 -101.709365845 1553.81237793 645.389221191 256.731506348 1606.61206055 645.814208984 47.9482498169 1745.93371582 643.430053711 57.3157577515 1368.81555176 512.603027344 -246.98324585 1745.38635254 688.080200195 -163.483337402 1308.16833496 228.334533691 -304.042816162 1809.1505127 623.586486816 -426.098937988 1203.41882324
0.0316579341888 8 604.612609863 -99.4353408813 1563.07299805 645.052246094 257.126220703 1606.9284668 631.983154297 63.5763015747 1753.45617676 652.774047852 48.9424819946 1365.00158691 521.966918945 -232.955749512 1742.72485352 692.548706055 -172.614349365 1302.33728027 239.788269043 -350.035949707 1787.3605957 620.821411133 -426.903259277 1200.6619873
0.0311071872711 8 606.40032959 -102.337371826 1563.35583496 645.173278809 256.840148926 1606.3659668 631.936645508 59.3697357178 1752.68151855 655.378540039 42.4478302002 1365.15393066 528.570922852 -218.893997192 1732.40112305 692.022033691 -169.833221436 1301.24914551 262.15447998 -386.535949707 1766.05810547 625.122192383 -419.192810059 1199.43908691
0.0296919345856 8 607.620361328 -106.238487244 1561.1328125 645.608581543 255.271911621 1606.08984375 636.34967041 52.9697418213 1749.8885498 653.892150879 38.7344360352 1364.55407715 532.310546875 -205.270217896 1729.42602539 690.079223633 -169.959960938 1299.79516602 289.917144775 -417.587768555 1746.99987793 629.524108887 -422.528564453 1205.0916748
0.030287027359 8 608.225402832 -112.258728027 1556.74926758 645.325622559 254.557907104 1606.84838867 635.425048828 46.529548645 1748.08093262 653.202758789 39.8554916382 1363.35925293 534.264465332 -207.190979004 1733.38818359 690.468261719 -169.981018066 1300.46948242 313.779907227 -449.325958252 1732.33398438 631.544433594 -419.916809082 1202.13439941
0.0346169471741 8 607.677062988 -111.981689453 1556.97546387 644.448791504 254.336135864 1607.08544922 637.56463623 45.3327026367 1749.29296875 651.862243652 40.3993530273 1363.44287109 539.707702637 -207.679611206 1736.58361816 689.128723145 -167.118804932 1303.43444824 346.249694824 -450.011901855 1748.80480957 630.339538574 -421.025970459 1203.53625488
0.0310299396515 8 607.983520508 -110.14503479 1558.30078125 643.513427734 254.631088257 1607.09350586 637.696594238 47.2200012207 1753.34790039 652.059387207 44.1262207031 1363.4987793 542.66595459 -213.829772949 1739.28100586 689.187438965 -165.999816895 1304.52807617 330.041137695 -507.986236572 1710.86572266 632.691223145 -412.050720215 1202.56860352
0.0344591140747 8 606.207458496 -108.093048096 1544.68859863 643.140930176 254.840698242 1607.9708252 633.57623291 29.3656539917 1752.11340332 657.247375488 58.689704895 1365.1126709 578.79119873 -226.629821777 1748.97412109 691.877746582 -149.575195312 1303.59753418 389.624816895 -534.845947266 1710.94665527 639.451904297 -389.250732422 1204.99194336
0.0446238517761 8 611.047729492 -110.352981567 1538.78344727 642.168334961 254.297805786 1609.59240723 636.780456543 20.3259277344 1749.32324219 653.772399902 64.4249038696 1366.46533203 580.244812012 -232.367507935 1747.79345703 687.586914062 -140.971618652 1304.48706055 373.304077148 -544.423706055 1714.2869873 636.213378906 -387.037322998 1205.27856445
0.02911901474 8 612.211853027 -110.267036438 1538.3347168 640.224975586 253.92956543 1612.21447754 637.110900879 20.534286499 1748.02502441 655.956848145 65.0302963257 1367.87561035 573.948852539 -225.251815796 1743.65026855 686.762512207 -139.607971191 1303.78686523 456.209136963 -553.903259277 1694.48986816 636.598815918 -388.77331543 1206.11218262
0.0282690525055 8 611.846374512 -110.311012268 1539.33483887 639.87298584 253.789520264 1613.09960938 637.823608398 21.8352355957 1746.15185547 657.088256836 61.5311126709 1368.06225586 573.037414551 -222.277572632 1741.46777344 684.050170898 -141.621780396 1301.25964355 404.245147705 -557.307067871 1694.39794922 637.663269043 -389.502716064 1208.32189941
0.0337150096893 8 610.061462402 -110.923561096 1536.73852539 639.343139648 254.098236084 1613.57983398 635.627563477 17.4709472656 1744.66723633 660.427490234 62.0683135986 1369.67480469 570.728881836 -212.031600952 1735.79504395 685.565002441 -138.856399536 1299.72558594 413.519104004 -542.621948242 1682.70129395 638.432861328 -389.765045166 1209.58764648
0.0306899547577 8 609.364318848 -118.277008057 1541.10009766 638.861816406 254.533248901 1614.26599121 639.011108398 22.23878479 1744.46459961 658.043457031 56.2011489868 1370.31201172 575.089111328 -205.566268921 1737.14074707 682.197753906 -143.570922852 1298.41870117 422.232025146 -508.801696777 1709.51220703 634.973999023 -395.359802246 1210.71166992
0.0307841300964 8 608.868286133 -117.181289673 1539.00256348 638.114685059 253.944030762 1615.35510254 644.222839355 34.6292419434 1744.29406738 648.538513184 57.2918701172 1353.4588623 580.713867188 -191.179229736 1738.5925293 678.290283203 -156.491607666 1298.15905762 533.552062988 -501.780487061 1698.25109863 629.051391602 -413.851715088 1211.49963379
0.0349748134613 8 610.303588867 -120.325363159 1538.92700195 637.816101074 253.024932861 1615.85559082 647.504089355 28.5103759766 1740.75817871 648.12286377 56.687713623 1361.42224121 586.308288574 -193.807403564 1739.50732422 676.203491211 -151.291305542 1298.96350098 437.41998291 -467.768463135 1741.36535645 628.015930176 -406.801269531 1216.04162598
0.0313251018524 8 610.100158691 -120.161575317 1537.21325684 637.41229248 252.891860962 1616.13305664 647.709289551 25.9831237793 1737.32873535 649.146057129 56.4623413086 1363.72424316 587.346069336 -195.167266846 1740.46569824 677.099304199 -147.783462524 1299.83337402 440.760681152 -462.686309814 1753.6340332 627.257141113 -405.161499023 1218.03540039
0.0316939353943 8 610.899597168 -113.675689697 1526.50231934 636.77331543 252.330703735 1616.59411621 647.999145508 23.4405059814 1720.10009766 647.667114258 58.8129119873 1363.55053711 592.047302246 -195.586013794 1741.85021973 675.032165527 -143.01373291 1300.59436035 444.276153564 -453.801147461 1755.22277832 623.828857422 -405.457611084 1215.59436035
0.0352051258087 8 612.862060547 -110.684989929 1524.93383789 636.329650879 251.937286377 1617.66149902 649.144958496 15.5674591064 1727.25610352 647.668884277 67.7228622437 1366.34741211 595.375366211 -201.866165161 1742.04089355 673.656799316 -116.521751404 1305.07275391 440.909790039 -438.56463623 1745.34570312 622.417236328 -395.370422363 1218.97949219
0.0444328784943 8 613.534667969 -107.70249939 1523.99255371 636.096496582 252.101211548 1618.66113281 648.688720703 12.8926544189 1727.8170166 647.625244141 70.5140533447 1367.7869873 597.116882324 -203.027740479 1742.91149902 676.428710938 -114.180007935 1307.00292969 434.540649414 -423.436218262 1741.03051758 625.626098633 -389.216796875 1217.79187012
0.0291669368744 8 612.605895996 -107.364974976 1528.83544922 636.140136719 252.525650024 1619.00390625 648.94921875 9.4581451416 1731.21289062 649.65612793 70.2703781128 1377.18408203 605.994445801 -200.565200806 1744.87915039 677.466674805 -113.676979065 1305.70239258 430.158935547 -417.669250488 1738.76843262 633.038024902 -378.623413086 1221.77709961
0.036062002182 8 613.915893555 -110.553375244 1534.24047852 636.19140625 252.450317383 1619.88391113 647.05255127 4.28450012207 1733.68774414 660.934997559 64.6299591064 1388.75830078 605.932861328 -204.597625732 1746.55773926 680.144836426 -110.177093506 1304.91455078 431.240783691 -416.81652832 1747.51928711 633.758422852 -376.157348633 1219.38549805
0.033744096756 8 615.324584961 -112.521911621 1536.69091797 637.573791504 252.027923584 1619.90026855 646.238525391 3.67236328125 1733.90307617 671.534545898 59.8177185059 1393.55102539 601.569763184 -200.606506348 1744.86132812 680.362854004 -109.847564697 1305.00024414 431.060913086 -410.978759766 1749.17956543 637.61730957 -371.288726807 1220.82592773
0.0318150520325 8 601.655456543 -90.5922927856 1539.53356934 638.719055176 252.074554443 1619.75830078 614.379333496 18.8031387329 1730.1640625 709.031677246 41.3525924683 1399.78320312 566.014770508 -186.596466064 1742.79284668 712.354003906 -126.683296204 1309.34765625 396.327453613 -393.012634277 1746.34204102 669.393798828 -387.466888428 1227.39404297
0.0340929031372 8 604.396850586 -98.1934432983 1538.63330078 638.59375 252.52822876 1620.74914551 628.712097168 17.5917663574 1734.59716797 688.851745605 51.7633514404 1387.70385742 566.616516113 -191.559661865 1745.6270752 698.812927246 -125.49798584 1306.63439941 413.484832764 -391.798522949 1751.9864502 656.735839844 -381.790924072 1222.21862793
0.029853105545 8 612.810302734 -107.482070923 1537.67150879 638.474121094 253.19140625 1621.60644531 643.56427002 9.56845092773 1735.55700684 682.636779785 56.9476013184 1389.71032715 595.311950684 -185.853897095 1733.08349609 687.28729248 -115.226028442 1306.19665527 424.379821777 -401.303649902 1757.14819336 642.099304199 -372.976745605 1220.84436035
0.0401229858398 8 612.620239258 -107.368209839 1538.2532959 639.391784668 253.051376343 1621.45507812 643.411254883 11.0428619385 1735.5345459 688.114746094 54.8317642212 1390.33117676 593.123413086 -188.797103882 1735.54394531 689.790100098 -116.17464447 1306.30725098 420.671447754 -402.344543457 1758.39440918 646.889099121 -373.812805176 1221.57629395
0.0327169895172 8 614.526611328 -106.941230774 1535.71569824 640.848693848 253.245605469 1621.8203125 648.868896484 9.22523498535 1734.30407715 684.447143555 59.5989685059 1389.13146973 595.212219238 -195.754272461 1737.11206055 688.010620117 -112.136459351 1306.21569824 428.179016113 -396.091522217 1760.67419434 645.247558594 -361.285125732 1223.58508301
0.0306069850922 8 618.842529297 -107.25151825 1536.09790039 642.002075195 253.739044189 1622.37902832 655.434814453 8.00144958496 1733.10180664 677.91784668 60.7643737793 1388.74243164 603.462463379 -196.448364258 1740.18823242 681.225341797 -108.64225769 1305.13916016 447.253234863 -400.268798828 1773.72473145 635.22869873 -370.513061523 1220.1184082
0.0337290763855 8 618.547363281 -106.3800354 1534.81848145 642.952331543 254.451309204 1622.12792969 656.124694824 7.21455383301 1734.125 678.02911377 64.5674514771 1388.94921875 603.233703613 -198.952423096 1742.04992676 682.240905762 -106.748908997 1304.40515137 454.619537354 -404.791351318 1784.09033203 635.893554688 -368.357574463 1218.85803223
0.0306568145752 8 615.651184082 -99.6470870972 1534.23010254 644.231689453 255.943634033 1623.64404297 657.506408691 20.1604156494 1732.50463867 671.465148926 76.1684570312 1387.96899414 601.101623535 -181.780227661 1744.74316406 680.071044922 -118.844238281 1305.45092773 453.377380371 -389.516906738 1787.49865723 634.848266602 -382.813476562 1220.34057617
0.0310671329498 8 617.485351562 -100.164932251 1529.7869873 644.893981934 256.756774902 1624.34729004 664.854980469 20.4303131104 1732.59143066 671.728271484 87.919052124 1389.79064941 606.19317627 -180.47505188 1745.83850098 674.275817871 -115.013305664 1307.37683105 453.922790527 -389.172180176 1789.48681641 629.10546875 -381.013275146 1220.5411377
0.0345158576965 8 623.458679199 -102.691322327 1526.08520508 645.711791992 257.784637451 1624.57910156 670.161987305 7.47972106934 1731.49926758 670.388305664 87.9295043945 1392.01342773 599.446228027 -150.825576782 1722.10266113 666.832092285 -86.44972229 1312.55114746 457.052001953 -404.12286377 1775.61560059 624.177307129 -366.699035645 1222.25927734
0.0313382148743 8 623.312683105 -103.052177429 1528.03955078 646.583557129 258.096435547 1624.84545898 669.293212891 8.2198638916 1732.2479248 673.092285156 84.9781188965 1392.52770996 585.720275879 -134.196792603 1733.41748047 669.43347168 -90.5524597168 1311.45874023 452.564483643 -394.2109375 1781.50415039 624.938110352 -369.386779785 1222.55297852
0.0309557914734 8 624.70489502 -100.927558899 1527.4206543 647.822570801 258.970458984 1625.04504395 672.240539551 14.6649627686 1731.28051758 676.519226074 88.6663208008 1391.22363281 589.38458252 -124.922622681 1733.74182129 669.649047852 -97.8083343506 1311.42456055 460.261016846 -392.674621582 1785.55322266 627.061523438 -370.741943359 1220.41467285
0.0353910923004 8 624.989562988 -103.073066711 1525.89770508 649.138427734 259.53918457 1624.77929688 672.22833252 10.2811737061 1731.59692383 678.379211426 87.1506729126 1390.40820312 645.248046875 -167.818222046 1775.75939941 673.339904785 -93.0479812622 1310.5189209 450.461547852 -387.239990234 1785.63208008 628.07421875 -370.370056152 1218.37902832
0.0316560268402 8 628.099487305 -106.095458984 1525.21142578 651.239318848 259.633056641 1623.86999512 671.24432373 11.9171447754 1732.69213867 684.385803223 88.4016723633 1391.64672852 640.357666016 -167.689208984 1777.39038086 677.334899902 -93.4093933105 1309.77648926 450.954467773 -388.864044189 1789.93786621 630.646850586 -372.770080566 1218.49951172
0.0301918983459 8 629.356018066 -108.808395386 1524.85351562 653.975646973 258.858917236 1622.43310547 671.272644043 11.5546722412 1733.07287598 689.140441895 87.8739700317 1393.1661377 637.051086426 -175.531051636 1774.82519531 677.5078125 -98.1140518188 1303.47973633 448.59185791 -394.13848877 1794.45324707 638.144165039 -363.38458252 1222.12097168
0.0347871780396 8 629.129699707 -105.206054688 1521.17028809 654.924621582 257.473144531 1621.96069336 672.716796875 22.0309906006 1722.47546387 689.775634766 88.4468536377 1389.13391113 638.528808594 -183.256790161 1775.40063477 676.107543945 -92.2470397949 1302.61462402 473.659118652 -397.599304199 1811.36816406 634.760559082 -362.678985596 1217.56286621
0.0319888591766 8 622.950378418 -101.648490906 1514.83422852 656.206726074 256.905853271 1621.33117676 674.595275879 27.1914978027 1725.99230957 662.407653809 96.2709197998 1362.76257324 630.696777344 -163.054107666 1771.13537598 674.65838623 -99.3203125 1304.47314453 481.27545166 -390.084106445 1815.58959961 632.188232422 -373.349212646 1217.62133789
0.0321900844574 8 619.793640137 -99.0648574829 1512.38464355 657.461181641 256.225402832 1620.72277832 675.339904785 32.3867340088 1727.62438965 648.962463379 98.9745483398 1349.21984863 629.429748535 -156.749160767 1771.23278809 674.44921875 -102.067214966 1306.87805176 477.30657959 -386.527984619 1811.42285156 634.071350098 -377.209716797 1219.39916992
