0.0313670635223 8 -431.28515625 -62.1152992249 1500.50708008 -364.29309082 310.178161621 1677.47949219 -419.689056396 194.489028931 1455.85571289 -372.7293396 62.7276153564 1721.7746582 -419.688903809 -84.1656646729 1455.85571289 -372.729492188 -215.927078247 1721.7746582 -419.693664551 -362.820068359 1455.85571289 -372.723999023 -494.581481934 1721.7746582
0.0369210243225 8 -430.146057129 -62.32862854 1500.83642578 -362.397369385 308.817016602 1681.19628906 -416.432983398 194.491638184 1458.10119629 -373.014953613 60.5845184326 1723.54553223 -416.432830811 -84.1630554199 1458.10119629 -373.015106201 -218.070175171 1723.54553223 -416.437591553 -362.817443848 1458.10119629 -373.009613037 -496.72454834 1723.54553223
0.031998872757 8 -430.106018066 -61.5776443481 1497.53662109 -360.919586182 308.571655273 1679.05310059 -416.604888916 195.355819702 1455.36218262 -371.292144775 60.7337646484 1720.14953613 -416.604736328 -83.2988739014 1455.36218262 -371.292297363 -217.920928955 1720.14953613 -416.60949707 -361.95324707 1455.36218262 -371.286804199 -496.575317383 1720.14953613
0.0320470333099 8 -430.630645752 -62.0724258423 1498.63623047 -359.758850098 308.172607422 1677.97265625 -413.769683838 194.323059082 1454.51708984 -373.810333252 61.5313415527 1721.03881836 -413.76953125 -84.3316345215 1454.51708984 -373.81048584 -217.123352051 1721.03881836 -413.774291992 -362.986022949 1454.51708984 -373.804992676 -495.777740479 1721.03881836
0.0360169410706 8 -430.184326172 -63.1520690918 1500.76196289 -358.528594971 307.694396973 1677.93432617 -411.428527832 192.847290039 1455.10119629 -374.502319336 61.5780029297 1722.82995605 -411.428375244 -85.8074035645 1455.10119629 -374.502471924 -217.076690674 1722.82995605 -411.433135986 -364.461791992 1455.10119629 -374.49697876 -495.731079102 1722.82995605
0.0318441390991 8 -429.462036133 -62.3964309692 1501.7890625 -360.296722412 309.081787109 1681.41687012 -413.293212891 194.023834229 1457.50952148 -373.570068359 61.5388031006 1724.25146484 -413.293060303 -84.630859375 1457.50952148 -373.570220947 -217.115890503 1724.25146484 -413.297821045 -363.285247803 1457.50952148 -373.564727783 -495.770263672 1724.25146484
0.032007932663 8 -429.5390625 -62.235710144 1501.76208496 -360.643127441 308.286743164 1683.16210938 -411.60949707 194.214538574 1458.32409668 -375.10345459 60.8182830811 1725.07678223 -411.609344482 -84.4401550293 1458.32409668 -375.103607178 -217.836410522 1725.07678223 -411.614105225 -363.094543457 1458.32409668 -375.098114014 -496.490783691 1725.07678223
0.0357151031494 8 -429.440429688 -60.690486908 1502.8717041 -360.94128418 307.804077148 1687.5357666 -409.89730835 195.970077515 1461.45349121 -376.721038818 60.515914917 1727.59729004 -409.897155762 -82.6846160889 1461.45349121 -376.721191406 -218.138778687 1727.59729004 -409.901916504 -361.338989258 1461.45349121 -376.715698242 -496.793151855 1727.59729004
0.0317659378052 8 -429.13067627 -62.2778778076 1501.54418945 -358.719390869 306.057128906 1685.72131348 -409.998626709 194.420928955 1460.11767578 -374.707183838 58.8190765381 1725.93212891 -409.998474121 -84.2337646484 1460.11767578 -374.707336426 -219.835617065 1725.93212891 -410.003234863 -362.888153076 1460.11767578 -374.701843262 -498.489990234 1725.93212891
0.0348510742188 8 -429.171020508 -61.7994117737 1501.28173828 -358.94519043 306.576263428 1684.79248047 -410.304595947 194.835739136 1459.30395508 -374.026519775 59.7425079346 1725.26000977 -410.304443359 -83.8189544678 1459.30395508 -374.026672363 -218.912185669 1725.26000977 -410.309204102 -362.473327637 1459.30395508 -374.021179199 -497.566589355 1725.26000977
0.0330867767334 8 -429.122741699 -62.5553283691 1502.20568848 -358.2890625 305.965209961 1684.84619141 -408.933166504 193.842041016 1459.40161133 -375.399047852 59.6514892578 1726.16674805 -408.933013916 -84.8126525879 1459.40161133 -375.399200439 -219.003204346 1726.16674805 -408.937774658 -363.467041016 1459.40161133 -375.393707275 -497.657592773 1726.16674805
0.0319910049438 8 -428.692199707 -64.1543045044 1501.41955566 -358.347045898 304.50769043 1683.86230469 -408.158782959 192.162811279 1458.27539062 -375.416351318 58.340057373 1725.33520508 -408.158630371 -86.4918823242 1458.27539062 -375.416503906 -220.31463623 1725.33520508 -408.163391113 -365.146270752 1458.27539062 -375.411010742 -498.969024658 1725.33520508
0.0322041511536 8 -428.604400635 -62.8517303467 1503.71936035 -356.557495117 306.691894531 1683.87207031 -407.968505859 193.232788086 1459.27783203 -373.971984863 60.6020507812 1726.77661133 -407.968353271 -85.4219055176 1459.27783203 -373.972137451 -218.052642822 1726.77661133 -407.973114014 -364.076293945 1459.27783203 -373.966644287 -496.70703125 1726.77661133
0.0358948707581 8 -429.033935547 -62.8691329956 1502.07958984 -356.651794434 305.682678223 1683.39404297 -408.77255249 193.395797729 1458.50952148 -373.203948975 59.7545471191 1725.29907227 -408.772399902 -85.258895874 1458.50952148 -373.204101562 -218.900146484 1725.29907227 -408.777160645 -363.913269043 1458.50952148 -373.198608398 -497.554534912 1725.29907227
0.0347290039062 8 -430.072387695 -62.3815994263 1503.52844238 -353.657653809 305.998596191 1684.14697266 -407.561218262 193.673416138 1459.84179688 -373.487243652 59.8806762695 1726.75341797 -407.561065674 -84.9812774658 1459.84179688 -373.48739624 -218.774017334 1726.75341797 -407.565826416 -363.635681152 1459.84179688 -373.481903076 -497.428405762 1726.75341797
0.0293741226196 8 -430.198608398 -64.2567749023 1501.64233398 -353.555114746 302.627044678 1684.03918457 -407.341064453 192.01234436 1459.41748047 -373.01373291 56.6009063721 1725.47827148 -407.340911865 -86.6423492432 1459.41748047 -373.013885498 -222.053787231 1725.47827148 -407.345672607 -365.29675293 1459.41748047 -373.008392334 -500.708190918 1725.47827148
0.0359869003296 8 -432.586395264 -63.5143585205 1500.5135498 -353.312896729 301.256958008 1683.95812988 -405.213378906 192.368896484 1458.75744629 -377.077087402 56.4577331543 1725.2232666 -405.213226318 -86.2857971191 1458.75744629 -377.07723999 -222.196960449 1725.2232666 -405.217987061 -364.940185547 1458.75744629 -377.071746826 -500.851348877 1725.2232666
0.0319380760193 8 -433.769805908 -63.4504051208 1504.1340332 -351.962341309 301.468261719 1685.41638184 -405.806213379 192.223602295 1461.42321777 -377.549682617 57.1543273926 1728.3416748 -405.806060791 -86.4310913086 1461.42321777 -377.549835205 -221.500366211 1728.3416748 -405.810821533 -365.085479736 1461.42321777 -377.544342041 -500.154754639 1728.3416748
0.0360090732574 8 -433.176269531 -62.3858184814 1503.89501953 -352.676574707 302.875061035 1685.65246582 -409.524108887 193.78125 1461.6796875 -373.311096191 58.0743865967 1727.20776367 -409.523956299 -84.8734436035 1461.6796875 -373.311248779 -220.580307007 1727.20776367 -409.528717041 -363.527832031 1461.6796875 -373.305755615 -499.234680176 1727.20776367
0.0347909927368 8 -432.509643555 -60.5149154663 1503.44970703 -350.69329834 303.664459229 1685.78662109 -412.710571289 196.204956055 1462.77111816 -367.738037109 58.7931976318 1725.98498535 -412.710418701 -82.4497375488 1462.77111816 -367.738189697 -219.861495972 1725.98498535 -412.715179443 -361.104125977 1462.77111816 -367.732696533 -498.515869141 1725.98498535
0.0293228626251 8 -431.2840271 -59.6581039429 1502.8659668 -349.403594971 304.906341553 1684.84301758 -414.272491455 197.285827637 1462.2545166 -363.465606689 59.8097229004 1724.42150879 -427.47756958 -152.195983887 1416.68774414 -363.465759277 -218.844970703 1724.42150879 -429.336761475 -462.237609863 1364.29284668 -363.460266113 -497.499359131 1724.42150879
0.0359990596771 8 -430.668029785 -55.5069885254 1494.03027344 -348.660858154 305.213500977 1684.38916016 -419.075927734 202.800689697 1461.98583984 -357.888061523 57.4284820557 1717.26245117 -429.272186279 -74.2132568359 1433.56494141 -357.888214111 -221.226211548 1717.26245117 -432.075714111 -349.687255859 1391.67736816 -357.882720947 -499.880615234 1717.26245117
0.0324409008026 8 -431.849487305 -52.2172584534 1485.24365234 -345.226745605 303.331787109 1684.6739502 -419.396453857 206.883880615 1461.19384766 -356.667327881 53.2528533936 1711.27563477 -428.717346191 -70.7124633789 1438.79284668 -356.667480469 -225.40184021 1711.27563477 -432.313720703 -346.776916504 1401.05871582 -356.661987305 -504.056213379 1711.27563477
0.0321021080017 8 -433.245056152 -47.7960968018 1480.28625488 -344.094177246 304.916870117 1684.84436035 -419.276916504 211.661529541 1460.546875 -356.272216797 53.3246841431 1707.77832031 -427.464660645 -66.3124694824 1442.8873291 -356.272369385 -225.33001709 1707.77832031 -431.571807861 -342.859893799 1408.9309082 -356.266876221 -503.984405518 1707.77832031
0.0383489131927 8 -430.467407227 -45.6552124023 1476.73205566 -342.295684814 303.110351562 1687.85290527 -412.411499023 213.8074646 1461.01123047 -359.503845215 51.4211044312 1707.890625 -419.421051025 -64.41015625 1447.07409668 -359.503997803 -227.233581543 1707.890625 -423.822357178 -341.351928711 1416.54089355 -359.498504639 -505.887969971 1707.890625
0.0291051864624 8 -425.848449707 -43.2795715332 1473.74279785 -340.451171875 302.920227051 1690.38818359 -407.675933838 216.404937744 1461.24169922 -358.171905518 51.115486145 1707.04931641 -413.572631836 -61.9694213867 1450.22570801 -358.172058105 -227.539215088 1707.04931641 -418.104156494 -339.232635498 1422.7857666 -358.166564941 -506.193603516 1707.04931641
0.0319528579712 8 -421.821472168 -42.7047119141 1472.84667969 -340.28137207 302.366394043 1694.63977051 -402.618041992 217.038635254 1463.25366211 -359.652954102 49.2882995605 1708.64257812 -407.51763916 -61.4364013672 1454.53234863 -359.653106689 -229.366394043 1708.64257812 -412.057189941 -338.961334229 1429.8815918 -359.647613525 -508.020782471 1708.64257812
0.036248922348 8 -416.821777344 -41.2774162292 1473.40283203 -338.27633667 302.298950195 1697.82373047 -389.530181885 217.587661743 1464.15917969 -367.068939209 50.5664367676 1712.00439453 -393.565032959 -60.9518890381 1457.24365234 -367.069091797 -228.088256836 1712.00439453 -398.023284912 -338.689758301 1435.10388184 -367.063598633 -506.742645264 1712.00439453
0.0317871570587 8 -407.89050293 -42.5041122437 1478.11560059 -334.611694336 302.032592773 1701.95397949 -368.854309082 214.517425537 1467.61291504 -374.9609375 52.1197662354 1718.23254395 -407.947052002 -54.3315734863 1417.29199219 -374.961090088 -226.534927368 1718.23254395 -378.900512695 -301.65814209 1351.13562012 -374.955596924 -505.189331055 1718.23254395
0.0318999290466 8 -401.955108643 -43.4577217102 1477.89025879 -333.406341553 298.885375977 1703.98901367 -357.681762695 212.851715088 1466.95922852 -378.968383789 52.6197814941 1718.75292969 -416.040374756 -67.0415039062 1367.33349609 -378.968536377 -226.034912109 1718.75292969 -326.902069092 -295.142730713 1292.71459961 -378.963043213 -504.689300537 1718.75292969
0.0359699726105 8 -398.890869141 -43.5241508484 1478.48815918 -329.212585449 296.925506592 1705.4375 -343.847167969 210.6509552 1467.25561523 -386.348754883 55.0300750732 1719.09301758 -403.624511719 -66.5334320068 1326.59204102 -386.348907471 -223.62461853 1719.09301758 -256.812072754 -283.217895508 1268.39416504 -386.343414307 -502.278991699 1719.09301758
0.0321431159973 8 -399.699584961 -48.8798675537 1490.85302734 -328.527038574 294.035400391 1710.1105957 -332.421447754 201.838378906 1473.25952148 -395.076049805 58.3998413086 1727.8449707 -380.486999512 -68.6334838867 1300.640625 -395.076202393 -220.254852295 1727.8449707 -191.280151367 -272.683776855 1273.9197998 -395.070709229 -498.909240723 1727.8449707
0.0323739051819 8 -399.390136719 -56.4735412598 1495.14746094 -323.789581299 290.118591309 1707.97717285 -326.034454346 192.109130859 1470.81896973 -396.29977417 57.7775344849 1729.03503418 -352.838012695 -68.2225036621 1279.8605957 -396.299926758 -220.877166748 1729.03503418 -136.596176147 -260.762512207 1287.8515625 -396.294433594 -499.531555176 1729.03503418
0.0358180999756 8 -399.094238281 -58.3913345337 1502.83642578 -321.62701416 290.119628906 1710.92443848 -319.256256104 187.854705811 1474.55053711 -400.688995361 61.7267837524 1733.87841797 -253.411956787 -61.1722412109 1261.18469238 -400.689147949 -216.92791748 1733.87841797 -25.8195037842 -211.382614136 1383.39440918 -400.683654785 -495.582305908 1733.87841797
0.0319588184357 8 -396.094451904 -60.3698806763 1507.67773438 -317.402435303 288.316314697 1712.90063477 -315.095153809 185.30116272 1476.47424316 -396.91619873 62.1965942383 1737.60290527 -221.704467773 -66.0854797363 1273.58276367 -396.916351318 -216.458099365 1737.60290527 9.57299804688 -222.069076538 1402.73291016 -396.910858154 -495.112487793 1737.60290527
0.0319480895996 8 -392.334503174 -64.2845458984 1511.19604492 -312.438415527 284.602722168 1714.38549805 -310.333557129 180.884078979 1478.02709961 -392.596618652 59.9925384521 1740.29663086 -190.846176147 -70.5457305908 1290.27661133 -392.59677124 -218.662155151 1740.29663086 44.7312011719 -232.257263184 1416.73730469 -392.591278076 -497.31652832 1740.29663086
0.0360391139984 8 -391.653503418 -67.2866668701 1516.62060547 -310.631561279 284.573791504 1714.63476562 -302.828460693 174.921859741 1480.21484375 -397.836517334 63.3393096924 1741.9621582 -160.025131226 -75.7591094971 1309.62744141 -397.836669922 -215.315383911 1741.9621582 79.9017791748 -241.689361572 1427.32128906 -397.831176758 -493.969787598 1741.9621582
0.0322208404541 8 -388.796691895 -67.8257293701 1520.10192871 -308.671691895 284.481292725 1718.75695801 -293.310119629 172.149505615 1485.76196289 -400.984436035 64.534362793 1744.1940918 -155.648742676 -67.6777648926 1332.93261719 -400.984588623 -214.120330811 1744.1940918 90.2022247314 -234.763092041 1415.54431152 -400.979095459 -492.774719238 1744.1940918
0.0319681167603 8 -388.954650879 -69.905380249 1522.05786133 -306.557220459 283.468933105 1720.32055664 -279.794677734 164.416900635 1492.56091309 -414.594543457 68.2233352661 1741.04626465 -147.344192505 -63.1948852539 1352.72106934 -414.594696045 -210.431365967 1741.04626465 102.556503296 -231.204315186 1409.23571777 -414.589202881 -489.085754395 1741.04626465
0.0361478328705 8 -388.513397217 -67.7320556641 1521.31091309 -303.273132324 282.812805176 1724.55664062 -260.948852539 157.54901123 1503.03222656 -431.170959473 77.5795822144 1732.07910156 -134.054595947 -63.9048309326 1364.35437012 -431.171112061 -201.07510376 1732.07910156 115.619262695 -235.789108276 1407.09899902 -431.165618896 -479.729492188 1732.07910156
0.0345251560211 8 -386.503875732 -66.6630096436 1520.47375488 -300.207580566 280.543060303 1728.20117188 -248.863723755 153.475723267 1509.45605469 -438.186126709 81.7198028564 1727.44897461 -123.459632874 -67.9015350342 1371.34643555 -438.186279297 -196.934890747 1727.44897461 125.102485657 -243.561523438 1404.18273926 -438.180786133 -475.589294434 1727.44897461
0.0290369987488 8 -385.86328125 -67.4572601318 1518.50427246 -298.876983643 277.940246582 1728.54394531 -241.98097229 149.228805542 1512.42626953 -443.717529297 83.3388519287 1722.47802734 -115.850013733 -71.5089416504 1375.65161133 -443.717681885 -195.315841675 1722.47802734 131.478240967 -249.96055603 1403.72094727 -443.712188721 -473.970214844 1722.47802734
0.0360350608826 8 -384.374084473 -65.1079940796 1516.58605957 -295.256286621 277.938842773 1729.19750977 -233.883300781 147.308166504 1516.54943848 -447.41796875 88.0249404907 1717.44396973 -110.120101929 -76.9117889404 1378.55041504 -447.418121338 -190.629760742 1717.44396973 134.701538086 -258.867736816 1407.09814453 -447.412628174 -469.28414917 1717.44396973
0.0320408344269 8 -383.420806885 -63.7910766602 1518.19702148 -293.653259277 278.036804199 1733.04345703 -230.743515015 147.285400391 1520.53601074 -447.869567871 89.2559204102 1718.92590332 -107.600242615 -81.6840515137 1380.50524902 -447.869720459 -189.398773193 1718.92590332 137.464111328 -264.166046143 1403.25195312 -447.864227295 -468.053161621 1718.92590332
0.0319249629974 8 -382.513885498 -62.8524017334 1515.43579102 -291.44430542 276.705932617 1731.45117188 -224.736343384 144.340118408 1522.94775391 -450.63885498 92.4997253418 1713.18212891 -107.322341919 -83.4601898193 1381.10473633 -450.639007568 -186.154968262 1713.18212891 137.171142578 -267.210449219 1399.97021484 -450.633514404 -464.809356689 1713.18212891
0.038773059845 8 -381.383483887 -63.2216949463 1512.77685547 -289.406005859 274.214111328 1730.66650391 -220.815963745 141.798919678 1522.89001465 -451.383331299 93.5760879517 1708.81799316 -104.174240112 -86.3647003174 1382.03637695 -451.383483887 -185.078613281 1708.81799316 138.023361206 -273.095306396 1401.61157227 -451.377990723 -463.733001709 1708.81799316
0.0291969776154 8 -380.452697754 -63.1543884277 1511.72827148 -287.369934082 271.120056152 1733.77832031 -217.992095947 140.236572266 1525.14929199 -451.07925415 92.662361145 1708.38659668 -99.8293304443 -90.0840759277 1382.10290527 -451.079406738 -185.992340088 1708.38659668 135.8515625 -283.789672852 1408.9609375 -451.073913574 -464.646728516 1708.38659668
0.0319900512695 8 -377.736816406 -59.9864578247 1512.12695312 -284.684356689 274.7472229 1735.3371582 -214.004364014 142.286880493 1527.49780273 -449.157440186 95.8401794434 1708.53540039 -81.4045562744 -104.543762207 1383.55871582 -449.157592773 -182.81451416 1708.53540039 149.441436768 -308.358215332 1411.95031738 -449.152099609 -461.468902588 1708.53540039
0.035984992981 8 -378.416992188 -62.0082321167 1512.99243164 -285.251159668 272.865966797 1735.6114502 -217.50491333 142.706130981 1525.30749512 -447.388946533 91.8957824707 1711.76062012 -62.1967010498 -117.266586304 1386.27697754 -447.389099121 -186.758911133 1711.76062012 162.773178101 -332.699645996 1413.84362793 -447.383605957 -465.413299561 1711.76062012
0.0320880413055 8 -375.484649658 -61.314414978 1511.25390625 -280.478515625 273.717254639 1732.25427246 -214.955673218 143.825164795 1521.84191895 -442.467468262 92.1532745361 1711.06604004 -74.4588317871 -104.921325684 1389.57336426 -442.46762085 -186.501419067 1711.06604004 149.41104126 -317.53314209 1412.24597168 -442.462127686 -465.155822754 1711.06604004
0.0319619178772 8 -374.586425781 -61.6663513184 1507.4395752 -280.507843018 274.434295654 1727.07617188 -209.653244019 139.597412109 1521.60290527 -445.990600586 96.961769104 1701.47375488 -79.6968841553 -98.7856903076 1392.1348877 -445.990753174 -181.692932129 1701.47375488 145.519668579 -307.923828125 1412.49682617 -445.98526001 -460.347320557 1701.47375488
0.0361511707306 8 -371.680145264 -61.6873321533 1503.69091797 -274.217437744 271.376708984 1724.45544434 -202.011138916 135.270797729 1521.81945801 -444.696990967 99.8816986084 1694.66931152 -76.9065093994 -99.246673584 1395.26477051 -444.697143555 -178.772994995 1694.66931152 149.282791138 -306.39642334 1413.52062988 -444.691650391 -457.427368164 1694.66931152
0.0318717956543 8 -370.411834717 -60.7674560547 1507.0847168 -273.410827637 274.459411621 1726.67163086 -199.406188965 135.044525146 1526.00158691 -444.022399902 101.948394775 1696.94836426 -70.4230499268 -99.3970336914 1397.60693359 -444.02255249 -176.706298828 1696.94836426 155.25881958 -306.681182861 1414.2947998 -444.017059326 -455.360687256 1696.94836426
0.032231092453 8 -367.960083008 -57.1619606018 1506.63928223 -269.890563965 278.934265137 1724.27832031 -196.079772949 137.945068359 1525.34680176 -442.233703613 107.343650818 1694.73742676 -69.0562210083 -96.8149108887 1398.15075684 -442.233856201 -171.311035156 1694.73742676 154.105194092 -306.599121094 1413.69787598 -442.228363037 -449.965423584 1694.73742676
0.0357840061188 8 -367.9637146 -57.8603668213 1504.38305664 -270.424804688 277.509460449 1721.58215332 -197.130554199 138.327545166 1521.56567383 -441.571716309 106.122009277 1693.22314453 -68.0449676514 -95.3998565674 1397.02685547 -441.571868896 -172.532684326 1693.22314453 153.843490601 -306.253479004 1414.44494629 -441.566375732 -451.187072754 1693.22314453
0.0320479869843 8 -370.029968262 -62.156867981 1500.31433105 -273.069793701 273.995513916 1716.74145508 -198.325622559 133.203308105 1518.15100098 -445.666381836 104.268287659 1686.18518066 -68.3959350586 -94.2670135498 1394.45129395 -445.666534424 -174.386413574 1686.18518066 153.144515991 -305.012145996 1416.01293945 -445.66104126 -453.040802002 1686.18518066
0.036003112793 8 -369.379760742 -63.1623649597 1503.47241211 -273.995727539 274.536193848 1719.31506348 -199.110519409 133.581741333 1519.90393066 -444.156433105 101.995697021 1690.82531738 -65.629776001 -95.4247436523 1391.02514648 -444.156585693 -176.658996582 1690.82531738 158.456451416 -302.901306152 1416.73583984 -444.151092529 -455.31338501 1690.82531738
0.0319550037384 8 -369.812316895 -60.177406311 1503.61340332 -274.77331543 275.257873535 1724.609375 -202.311203003 138.889801025 1519.60961914 -442.00479126 99.9049835205 1696.23266602 -68.9528198242 -91.9694366455 1387.52685547 -442.004943848 -178.749710083 1696.23266602 157.957595825 -295.58996582 1418.20556641 -441.999450684 -457.40411377 1696.23266602
0.0320467948914 8 -372.162536621 -57.9686965942 1506.1940918 -277.214569092 276.675415039 1727.74926758 -207.704421997 143.775756836 1519.9119873 -441.740631104 98.7537460327 1702.49084473 -71.1327056885 -86.5422363281 1383.75061035 -441.740783691 -179.900939941 1702.49084473 155.357254028 -289.415649414 1421.40649414 -441.735290527 -458.555328369 1702.49084473
0.0358080863953 8 -373.159667969 -65.8343811035 1508.0715332 -280.301940918 272.526641846 1724.77453613 -224.120681763 146.9140625 1506.80029297 -427.532775879 83.061882019 1713.86181641 -76.2952728271 -80.3061676025 1380.91796875 -427.532928467 -195.592803955 1713.86181641 154.040206909 -277.510986328 1424.38195801 -427.527435303 -474.247192383 1713.86181641
0.0320711135864 8 -375.093139648 -69.442489624 1509.02636719 -283.73348999 270.793640137 1723.80944824 -235.739593506 149.766983032 1499.68530273 -420.586212158 74.4994049072 1720.61694336 -79.8998260498 -75.1315917969 1378.70568848 -420.586364746 -204.155288696 1720.61694336 152.611083984 -267.361206055 1431.3112793 -420.580871582 -482.809692383 1720.61694336
0.0320808887482 8 -375.619842529 -69.1479568481 1509.31396484 -285.057861328 272.428955078 1723.84313965 -241.864151001 153.698699951 1496.38378906 -416.234436035 71.3177947998 1724.57714844 -84.65184021 -69.4819335938 1377.93969727 -416.234588623 -207.336898804 1724.57714844 154.330551147 -252.779708862 1432.98046875 -416.229095459 -485.991271973 1724.57714844
0.0358419418335 8 -377.526733398 -70.8388977051 1508.95593262 -287.311767578 272.03503418 1719.85925293 -248.834564209 154.786270142 1490.55847168 -413.276397705 69.1184539795 1725.61413574 -87.5446014404 -64.1240539551 1377.44519043 -413.276550293 -209.536239624 1725.61413574 157.531768799 -236.531173706 1439.53601074 -413.271057129 -488.190612793 1725.61413574
0.0320580005646 8 -377.40725708 -69.1743164062 1509.21765137 -286.604187012 272.659545898 1722.88269043 -251.067169189 157.972244263 1491.32373047 -410.318206787 67.326461792 1728.67602539 -89.4598083496 -60.1638031006 1377.78881836 -410.318359375 -211.328231812 1728.67602539 159.150741577 -225.019943237 1446.35986328 -410.312866211 -489.98260498 1728.67602539
0.0322811603546 8 -379.189453125 -64.8632583618 1510.77783203 -289.236602783 275.629638672 1725.88757324 -254.61050415 163.389663696 1493.25598145 -411.52456665 69.9548034668 1731.46960449 -90.8960571289 -54.5966796875 1378.04553223 -411.524719238 -208.699890137 1731.46960449 163.700378418 -209.640365601 1447.54211426 -411.519226074 -487.354278564 1731.46960449
0.0356938838959 8 -381.875640869 -65.8713989258 1511.71520996 -293.294647217 274.192962646 1726.8815918 -262.950805664 165.175613403 1491.9675293 -409.403381348 66.4244842529 1734.55102539 -93.515411377 -48.6075439453 1378.38903809 -409.403533936 -212.230209351 1734.55102539 163.571746826 -197.066604614 1453.27954102 -409.398040771 -490.88458252 1734.55102539
0.0320060253143 8 -386.307495117 -67.5246734619 1511.03991699 -298.485015869 273.620727539 1724.88061523 -271.938537598 165.580688477 1488.53869629 -409.842956543 63.8032302856 1734.92321777 -95.869644165 -43.5738372803 1378.81970215 -409.843109131 -214.851470947 1734.92321777 162.64982605 -187.515853882 1457.91931152 -409.837615967 -493.505859375 1734.92321777
0.032243013382 8 -388.66116333 -66.5137329102 1512.61767578 -300.61227417 276.411621094 1726.38354492 -276.97946167 167.785339355 1488.59753418 -409.875335693 64.2027053833 1737.13708496 -98.3017272949 -38.1564025879 1379.04980469 -409.875488281 -214.45199585 1737.13708496 162.983306885 -177.128738403 1458.20751953 -409.869995117 -493.106384277 1737.13708496
0.0355398654938 8 -390.93157959 -64.1341629028 1513.13598633 -303.945465088 276.674835205 1730.64135742 -280.843902588 171.150619507 1491.30187988 -411.659881592 63.6637573242 1739.39465332 -100.428161621 -32.5240020752 1378.9564209 -411.66003418 -214.990936279 1739.39465332 164.683227539 -160.962509155 1462.48303223 -411.654541016 -493.645324707 1739.39465332
0.0321011543274 8 -393.71774292 -65.3787994385 1511.36572266 -306.375549316 276.025146484 1726.76806641 -289.145874023 172.089660645 1486.81774902 -408.559570312 61.0063781738 1738.82043457 -102.388824463 -26.7073516846 1379.24865723 -408.5597229 -217.64831543 1738.82043457 166.782958984 -144.630279541 1465.06433105 -408.554229736 -496.302703857 1738.82043457
0.0319168567657 8 -395.543121338 -63.4010696411 1511.77954102 -308.991577148 276.995330811 1727.82910156 -294.86907959 175.745269775 1487.05041504 -406.899414062 60.6881561279 1740.71325684 -104.833755493 -20.6003112793 1380.06005859 -406.89956665 -217.966537476 1740.71325684 166.377426147 -130.666687012 1469.98352051 -406.894073486 -496.620910645 1740.71325684
0.0413031578064 8 -396.79510498 -60.7951583862 1514.91088867 -310.798614502 278.630767822 1732.86071777 -298.718933105 179.542480469 1491.03259277 -406.269042969 61.0488739014 1745.1619873 -107.878952026 -14.6188049316 1380.48864746 -406.269195557 -217.605819702 1745.1619873 165.943099976 -116.46799469 1472.28112793 -406.263702393 -496.260192871 1745.1619873
0.0414290428162 8 -398.218597412 -59.6826629639 1511.33984375 -315.182495117 278.032775879 1730.87255859 -303.288818359 182.100479126 1489.34936523 -406.917358398 59.3052825928 1743.11669922 -112.25227356 -7.8928527832 1380.46911621 -406.917510986 -219.349411011 1743.11669922 165.170944214 -98.8566436768 1472.64526367 -406.912017822 -498.00378418 1743.11669922
0.0182039737701 8 -399.603057861 -58.4878997803 1510.29907227 -317.808654785 278.23449707 1729.8861084 -305.928283691 183.848205566 1488.71826172 -407.786560059 59.6053771973 1742.58007812 -111.0365448 -2.46534729004 1381.54638672 -407.786712646 -219.049316406 1742.58007812 168.308242798 -87.1563644409 1474.25634766 -407.781219482 -497.703704834 1742.58007812
0.0364999771118 8 -401.796234131 -57.9977798462 1511.09790039 -320.775665283 280.005859375 1729.88549805 -310.961700439 185.360107422 1488.8536377 -408.03793335 59.4549407959 1743.76647949 -110.52104187 3.26681518555 1382.45581055 -408.038085938 -219.199752808 1743.76647949 169.486984253 -71.9410018921 1480.9128418 -408.032592773 -497.854125977 1743.76647949
0.0311079025269 8 -403.128601074 -54.9878768921 1511.62658691 -323.261230469 281.684417725 1733.3894043 -314.656616211 189.387802124 1491.1204834 -408.396484375 60.000579834 1745.5435791 -112.168136597 8.51051330566 1383.7767334 -408.396636963 -218.65411377 1745.5435791 169.483352661 -54.9728279114 1485.49243164 -408.391143799 -497.308502197 1745.5435791
0.0321280956268 8 -404.401611328 -54.1613197327 1510.875 -325.373535156 282.979553223 1731.13708496 -318.788635254 191.133911133 1489.22729492 -407.440490723 60.6661987305 1744.91210938 -114.303222656 15.6280670166 1385.18969727 -407.440643311 -217.988494873 1744.91210938 168.652679443 -38.4594230652 1488.85217285 -407.435150146 -496.642883301 1744.91210938
0.0361049175262 8 -405.716552734 -51.7793121338 1512.99462891 -326.880371094 284.526855469 1734.51403809 -322.387451172 194.358734131 1491.94335938 -407.463989258 61.674407959 1747.7199707 -112.367385864 22.7152862549 1387.30908203 -407.464141846 -216.980285645 1747.7199707 170.047805786 -25.549156189 1495.48779297 -407.458648682 -495.634674072 1747.7199707
0.0318050384521 8 -406.968933105 -48.2065963745 1514.32958984 -329.730560303 288.312561035 1736.2154541 -324.238189697 198.193359375 1493.85546875 -409.7315979 64.9063873291 1749.22167969 -114.926559448 30.0264434814 1389.13647461 -409.731750488 -213.748306274 1749.22167969 168.402420044 -10.2632598877 1498.26318359 -409.726257324 -492.402709961 1749.22167969
0.0315248966217 8 -407.574981689 -46.6300125122 1512.14575195 -334.239929199 288.351928711 1736.55908203 -326.675689697 200.554122925 1494.07507324 -412.124359131 64.4485168457 1747.96789551 -115.876663208 36.2226867676 1391.09240723 -412.124511719 -214.206176758 1747.96789551 168.443099976 5.09901046753 1500.58850098 -412.119018555 -492.860565186 1747.96789551
0.0359621047974 8 -405.950012207 -46.3927612305 1513.47045898 -333.994171143 288.890686035 1735.21923828 -327.989562988 201.602539062 1493.71118164 -408.802612305 65.3382568359 1749.00805664 -115.335388184 44.0476074219 1392.64746094 -408.802764893 -213.316436768 1749.00805664 168.92956543 24.3749961853 1504.6484375 -408.797271729 -491.970825195 1749.00805664
0.0320069789886 8 -406.868377686 -44.0607948303 1515.04833984 -335.077575684 291.094329834 1736.53845215 -328.966369629 203.917678833 1494.69348145 -410.30078125 68.390411377 1750.24890137 -110.610351562 51.1665802002 1395.9354248 -410.300933838 -210.264282227 1750.24890137 172.002441406 38.2050476074 1513.12548828 -410.295440674 -488.918670654 1750.24890137
0.0320889949799 8 -409.077728271 -45.1207237244 1512.29077148 -338.853973389 287.950134277 1736.72290039 -332.253204346 203.372528076 1494.33215332 -413.038970947 65.044921875 1748.55603027 -110.769927979 57.5421295166 1397.91772461 -413.039123535 -213.609771729 1748.55603027 170.47744751 51.0942230225 1519.00415039 -413.033630371 -492.264160156 1748.55603027
0.036052942276 8 -410.63470459 -44.7900085449 1511.89160156 -341.628051758 287.934570312 1737.32446289 -333.642456055 203.749511719 1495.23779297 -415.374023438 64.3896789551 1748.60742188 -107.335159302 65.9727478027 1400.90576172 -415.374176025 -214.265014648 1748.60742188 172.411148071 63.4249000549 1525.73828125 -415.368682861 -492.919403076 1748.60742188
0.0318892002106 8 -411.124023438 -43.4806976318 1511.59887695 -342.256347656 288.430755615 1737.62268066 -334.488922119 205.241775513 1496.00500488 -415.471466064 64.518081665 1748.86730957 -103.96975708 72.1835479736 1404.39038086 -415.471618652 -214.136611938 1748.86730957 173.643585205 75.8536682129 1533.82788086 -415.466125488 -492.791015625 1748.86730957
0.032283782959 8 -412.122589111 -43.5268630981 1510.36254883 -343.436065674 288.190429688 1737.25927734 -333.04208374 204.506896973 1496.24951172 -419.116851807 64.269821167 1747.6484375 -102.180145264 79.5179748535 1407.78759766 -419.117004395 -214.384872437 1747.6484375 175.795898438 94.893157959 1535.25341797 -419.11151123 -493.039245605 1747.6484375
0.0355751514435 8 -411.89855957 -42.9741401672 1509.30883789 -346.000610352 286.608276367 1740.58508301 -333.07333374 205.270126343 1497.78637695 -420.813751221 62.87449646 1747.40112305 -96.714050293 87.4255371094 1411.74536133 -420.813903809 -215.780197144 1747.40112305 176.237945557 102.001998901 1549.60534668 -420.808410645 -494.434570312 1747.40112305
0.0320298671722 8 -412.828186035 -41.6030654907 1509.08251953 -348.510681152 288.657409668 1738.74206543 -331.826934814 205.93510437 1497.53625488 -424.661529541 65.5970153809 1746.43835449 -94.9405517578 93.441696167 1414.79321289 -424.661682129 -213.057678223 1746.43835449 176.185058594 111.159912109 1556.17553711 -424.656188965 -491.71206665 1746.43835449
0.0320479869843 8 -413.484191895 -39.9418563843 1512.58520508 -348.169219971 291.523590088 1741.79931641 -332.072387695 207.41456604 1499.85144043 -425.318664551 68.4520263672 1749.41003418 -89.7755432129 102.010780334 1418.8392334 -425.318817139 -210.202667236 1749.41003418 179.962677002 123.172798157 1562.56628418 -425.313323975 -488.857055664 1749.41003418
0.035952091217 8 -410.541564941 -36.9370880127 1511.9921875 -350.653594971 293.50894165 1747.3203125 -336.556518555 212.787094116 1503.04675293 -418.886230469 65.6558074951 1751.41027832 -87.9443511963 108.906021118 1422.91052246 -418.886383057 -212.998886108 1751.41027832 177.834487915 127.696533203 1574.04504395 -418.880889893 -491.653259277 1751.41027832
0.0321760177612 8 -409.680664062 -32.3543167114 1512.79907227 -350.656921387 294.195129395 1750.61169434 -337.114593506 217.906219482 1505.88305664 -418.291473389 68.0663299561 1753.18530273 -90.3094177246 116.236846924 1425.40783691 -418.291625977 -210.588363647 1753.18530273 172.903198242 138.591659546 1580.57763672 -418.286132812 -489.242736816 1753.18530273
0.0359899997711 8 -407.256164551 -32.3340339661 1508.33862305 -350.903259277 292.011383057 1748.26062012 -334.528503418 217.962768555 1504.06774902 -417.984985352 66.1300201416 1749.47302246 -90.7176818848 123.984870911 1428.42248535 -417.985137939 -212.524673462 1749.47302246 172.999237061 153.659790039 1581.46105957 -417.979644775 -491.179077148 1749.47302246
0.0319540500641 8 -406.625762939 -31.5530052185 1506.93017578 -351.603515625 292.022644043 1746.59118652 -333.584594727 218.692779541 1503.61743164 -418.213439941 66.2636871338 1748.31494141 -86.2294769287 130.909423828 1432.53857422 -418.213592529 -212.39100647 1748.31494141 176.342330933 166.915588379 1586.22363281 -418.208099365 -491.045410156 1748.31494141
0.0318069458008 8 -406.220092773 -30.6004142761 1503.25610352 -354.066864014 291.168395996 1745.75512695 -331.035980225 219.005325317 1503.20275879 -422.711883545 65.9221496582 1744.84899902 -81.6193084717 138.28604126 1437.43652344 -422.712036133 -212.732543945 1744.84899902 178.84815979 179.553985596 1593.39624023 -422.706542969 -491.386932373 1744.84899902
0.0361349582672 8 -406.417663574 -29.8210906982 1501.81542969 -357.090301514 289.980102539 1745.83435059 -330.086791992 219.417999268 1504.82348633 -426.78112793 65.1241149902 1743.73754883 -76.2071533203 147.054931641 1442.14208984 -426.781280518 -213.530578613 1743.73754883 184.599914551 183.91758728 1598.70874023 -426.775787354 -492.184967041 1743.73754883
0.0323181152344 8 -407.327026367 -24.0321273804 1502.70776367 -361.247680664 294.413818359 1749.36572266 -333.413391113 225.890975952 1508.44152832 -429.375793457 68.2613525391 1745.5111084 -73.349395752 154.425018311 1446.02844238 -429.375946045 -210.393341064 1745.5111084 186.665802002 198.860961914 1601.85681152 -429.370452881 -489.047729492 1745.5111084
0.0319628715515 8 -409.484161377 -26.2882385254 1502.77807617 -363.048553467 294.026489258 1747.62487793 -333.361572266 223.014678955 1506.52368164 -432.913269043 68.8170700073 1744.37011719 -75.8659973145 161.518112183 1448.76538086 -432.913421631 -209.837615967 1744.37011719 184.752624512 200.537414551 1605.08325195 -432.907928467 -488.492004395 1744.37011719
0.0359070301056 8 -408.260375977 -19.0761108398 1505.73278809 -365.349975586 298.919555664 1754.75964355 -334.689361572 230.918243408 1512.61572266 -433.354095459 72.9313430786 1748.34814453 -73.0579833984 168.895935059 1452.62268066 -433.354248047 -205.723358154 1748.34814453 184.964355469 220.070648193 1609.36499023 -433.348754883 -484.377746582 1748.34814453
0.0317850112915 8 -407.647796631 -22.57995224 1501.21276855 -366.579864502 295.42880249 1750.33203125 -330.718170166 226.365768433 1509.01220703 -437.135345459 70.7265014648 1742.8269043 -75.1602325439 173.731918335 1454.43115234 -437.135498047 -207.928192139 1742.8269043 180.790222168 230.596862793 1612.78222656 -437.130004883 -486.582580566 1742.8269043
0.0321590900421 8 -407.748596191 -29.497089386 1499.52856445 -366.837310791 292.691253662 1747.6060791 -325.800720215 217.823425293 1507.19055176 -441.184509277 66.5813903809 1739.51330566 -67.3603515625 182.484329224 1460.00170898 -441.184661865 -212.073303223 1739.51330566 190.267944336 238.589401245 1616.07299805 -441.179168701 -490.72769165 1739.51330566
0.0359888076782 8 -406.927185059 -28.2611274719 1499.56726074 -368.349731445 292.82824707 1746.75512695 -325.568206787 219.263031006 1508.03747559 -442.806915283 67.6176147461 1739.31555176 -59.3470458984 191.116088867 1465.37878418 -442.807067871 -211.037078857 1739.31555176 196.39201355 243.958450317 1625.65905762 -442.801574707 -489.691467285 1739.31555176
0.031839132309 8 -408.362335205 -29.5074176788 1504.26513672 -367.501556396 294.124389648 1747.3269043 -328.612487793 218.633209229 1508.5333252 -440.710021973 68.8127746582 1743.51159668 -58.3493041992 197.986251831 1468.4342041 -440.710174561 -209.841918945 1743.51159668 198.260375977 255.312637329 1625.77209473 -440.704681396 -488.496307373 1743.51159668
0.0321259498596 8 -407.877593994 -26.7258625031 1506.94055176 -368.219787598 296.669433594 1750.60351562 -329.285217285 221.830932617 1509.84472656 -439.260070801 72.2721252441 1746.06445312 -60.4571838379 203.88671875 1470.56274414 -439.260223389 -206.382568359 1746.06445312 196.466796875 260.208984375 1627.84936523 -439.254730225 -485.036956787 1746.06445312
0.0361330509186 8 -407.397888184 -26.2681503296 1506.77209473 -368.70123291 296.143585205 1751.24633789 -328.462219238 222.196334839 1509.73840332 -439.750488281 73.0520019531 1745.65100098 -60.7522888184 210.607162476 1474.08874512 -439.750640869 -205.60269165 1745.65100098 194.811691284 269.028106689 1632.8449707 -439.745147705 -484.257080078 1745.65100098
0.0318689346313 8 -406.13482666 -24.1428794861 1505.77380371 -370.923797607 296.426513672 1752.57885742 -326.875518799 224.16368103 1511.35571289 -441.772125244 73.8094482422 1744.73974609 -59.621673584 217.892181396 1477.95471191 -441.772277832 -204.845245361 1744.73974609 195.519210815 280.365875244 1635.83068848 -441.766784668 -483.499633789 1744.73974609
0.0321681499481 8 -403.880859375 -21.9687423706 1503.02319336 -371.557769775 299.850891113 1748.74902344 -323.329376221 225.877166748 1509.97924805 -443.919036865 76.5074691772 1741.06518555 -58.0300292969 224.070419312 1481.8079834 -443.919189453 -202.147216797 1741.06518555 195.66317749 290.701660156 1640.30065918 -443.913696289 -480.801605225 1741.06518555
0.0357577800751 8 -403.215698242 -23.9614868164 1503.57946777 -370.963592529 299.891235352 1746.8125 -321.494903564 223.559265137 1508.37329102 -443.321563721 76.9329833984 1740.60205078 -53.6755981445 232.080825806 1486.25280762 -443.321716309 -201.721710205 1740.60205078 197.764938354 301.533569336 1647.10241699 -443.316223145 -480.376098633 1740.60205078
0.0319712162018 8 -403.955505371 -23.9177017212 1505.04858398 -372.563995361 301.133117676 1746.84484863 -321.835083008 223.500610352 1508.75390625 -445.056274414 78.4612503052 1741.27441406 -51.9639587402 238.694458008 1489.45861816 -445.056427002 -200.193450928 1741.27441406 197.965286255 304.660736084 1654.05505371 -445.050933838 -478.847839355 1741.27441406
0.032096862793 8 -403.172973633 -24.1783828735 1502.7421875 -373.216430664 300.571289062 1745.87597656 -320.169189453 222.911834717 1508.11071777 -447.333129883 77.9419021606 1738.52478027 -52.8060302734 244.548233032 1492.69714355 -447.333282471 -200.712799072 1738.52478027 199.333267212 311.522827148 1653.4798584 -447.327789307 -479.3671875 1738.52478027
0.0359969139099 8 -403.159545898 -28.0143032074 1503.22888184 -372.550476074 298.150512695 1744.87597656 -318.942840576 218.69821167 1506.90405273 -447.655975342 76.2175674438 1738.02441406 -51.4290466309 251.16317749 1496.47192383 -447.65612793 -202.437133789 1738.02441406 199.704299927 323.000427246 1656.71948242 -447.650634766 -481.091522217 1738.02441406
0.0320122241974 8 -402.577514648 -28.7588920593 1503.0949707 -374.253875732 297.33807373 1745.38818359 -319.963806152 218.486602783 1507.59667969 -448.302368164 74.5724639893 1738.05786133 -49.8771362305 257.204559326 1500.33508301 -448.302520752 -204.082229614 1738.05786133 201.556900024 329.197387695 1660.11254883 -448.297027588 -482.736633301 1738.05786133
0.0323758125305 8 -402.50668335 -27.3144607544 1504.44628906 -373.862121582 300.140167236 1745.63598633 -317.927276611 219.274353027 1508.34020996 -449.470184326 77.6898956299 1738.41955566 -50.7092285156 261.811431885 1502.48583984 -449.470336914 -200.964797974 1738.41955566 200.677749634 331.410430908 1663.40905762 -449.46484375 -479.61920166 1738.41955566
0.035619020462 8 -400.855865479 -26.3781166077 1504.36401367 -372.697662354 300.859313965 1745.26599121 -315.183319092 219.825393677 1508.92529297 -449.592803955 78.996383667 1737.81152344 -50.8759155273 267.367919922 1505.57629395 -449.592956543 -199.658309937 1737.81152344 200.255401611 346.127197266 1662.33679199 -449.587463379 -478.312683105 1737.81152344
0.0320990085602 8 -404.04675293 -30.5087070465 1506.41418457 -371.192565918 299.920959473 1745.44775391 -302.953887939 209.199661255 1510.05126953 -461.949249268 86.6192550659 1731.40649414 -49.8885650635 272.66998291 1508.3302002 -461.949401855 -192.035430908 1731.40649414 199.768188477 355.132873535 1665.66540527 -461.943908691 -470.689819336 1731.40649414
0.0321230888367 8 -403.07220459 -32.556350708 1504.87524414 -368.528015137 297.991912842 1745.14074707 -293.975585938 203.740631104 1510.33740234 -466.398742676 88.9017868042 1726.24804688 -42.4213409424 281.697723389 1514.40698242 -466.398895264 -189.75289917 1726.24804688 207.603988647 361.473419189 1672.62768555 -466.3934021 -468.407287598 1726.24804688
0.0360679626465 8 -396.890319824 -26.4181442261 1500.78662109 -366.372955322 299.404296875 1746.04431152 -285.561553955 208.669250488 1513.4798584 -466.788238525 92.2844390869 1721.79650879 -37.6372528076 287.213317871 1518.80554199 -466.788391113 -186.370254517 1721.79650879 212.399185181 363.204345703 1678.87438965 -466.782897949 -465.024658203 1721.79650879
0.0318739414215 8 -391.452056885 -22.0202846527 1499.12451172 -366.541320801 302.158233643 1746.48901367 -281.991241455 213.528900146 1518.70031738 -467.101226807 91.7788619995 1720.87976074 -30.8046569824 293.45703125 1523.74450684 -467.101379395 -186.875823975 1720.87976074 219.619125366 363.53616333 1685.83215332 -467.09588623 -465.530212402 1720.87976074
0.031788110733 8 -387.932403564 -25.8228149414 1497.86584473 -364.14956665 298.271087646 1746.19824219 -278.831390381 209.841705322 1519.54589844 -465.746185303 86.7452774048 1719.64135742 -27.1595458984 296.677215576 1526.36767578 -465.746337891 -191.909423828 1719.64135742 221.713729858 360.358612061 1693.29602051 -465.740844727 -470.563812256 1719.64135742
0.0361850261688 8 -386.587219238 -25.8962860107 1497.93652344 -363.854858398 298.236419678 1746.05444336 -278.394775391 210.198348999 1520.29064941 -464.828125 85.6494293213 1720.15710449 -25.7054748535 298.031097412 1526.83178711 -464.828277588 -193.005264282 1720.15710449 222.401290894 360.557769775 1695.4588623 -464.822784424 -471.659667969 1720.15710449
0.0317687988281 8 -390.075317383 -27.2056350708 1505.70947266 -360.957641602 301.345703125 1746.00415039 -281.728942871 209.364852905 1519.45617676 -461.518432617 89.1130981445 1727.6541748 -24.1974487305 298.232574463 1527.12634277 -461.518585205 -189.541595459 1727.6541748 222.064727783 363.685394287 1697.37426758 -461.513092041 -468.195983887 1727.6541748
0.0321981906891 8 -395.811279297 -37.5164527893 1507.56091309 -359.338256836 295.720214844 1744.97070312 -286.079040527 198.677322388 1511.44152832 -460.875305176 85.6441955566 1727.65612793 -26.8320922852 293.607208252 1522.04284668 -460.875457764 -193.010498047 1727.65612793 218.149993896 358.575134277 1694.35314941 -460.8699646 -471.664886475 1727.65612793
0.036092042923 8 -397.998474121 -40.3446578979 1508.73974609 -358.388977051 294.011291504 1745.44641113 -289.059020996 196.34262085 1507.93481445 -458.28326416 84.5746536255 1729.30786133 -31.9389343262 286.321411133 1514.73095703 -458.283416748 -194.080047607 1729.30786133 210.054107666 353.439849854 1690.37561035 -458.277923584 -472.734436035 1729.30786133
0.0318257808685 8 -400.147674561 -42.6675949097 1508.33410645 -358.457611084 290.814208984 1744.67431641 -291.977020264 194.435028076 1505.19482422 -457.329803467 82.6344451904 1729.59887695 -34.1071166992 281.254974365 1508.79821777 -457.329956055 -196.020248413 1729.59887695 206.40411377 342.861541748 1688.37145996 -457.324462891 -474.674621582 1729.59887695
0.0321800708771 8 -401.608276367 -42.4368972778 1510.05126953 -357.685058594 290.641906738 1745.79040527 -295.109619141 195.425170898 1505.02856445 -455.256469727 82.2953567505 1732.55834961 -34.416015625 274.683349609 1503.82824707 -455.256622314 -196.359344482 1732.55834961 203.501922607 334.444152832 1687.45361328 -455.25112915 -475.01373291 1732.55834961
0.0359449386597 8 -404.238220215 -41.8736610413 1511.05908203 -357.380371094 291.843109131 1745.83862305 -297.680725098 195.964447021 1504.68505859 -456.079833984 83.3269958496 1733.76831055 -64.2052154541 259.338104248 1482.40588379 -456.079986572 -195.327697754 1733.76831055 159.306900024 305.346038818 1672.21850586 -456.074493408 -473.982086182 1733.76831055
0.0319972038269 8 -406.744567871 -41.8441314697 1510.98193359 -359.035186768 291.545593262 1745.86901855 -301.081359863 196.411254883 1504.66137695 -457.057983398 82.2391433716 1734.68310547 -78.6104278564 245.168518066 1468.70349121 -457.058135986 -196.415557861 1734.68310547 142.476364136 284.87210083 1643.89685059 -457.052642822 -475.069946289 1734.68310547
0.0355858802795 8 -407.278137207 -41.0333862305 1510.55895996 -357.454071045 294.051513672 1741.87023926 -300.611419678 196.714584351 1502.19628906 -456.52230835 84.9245758057 1733.45239258 -82.7993774414 235.580963135 1460.33789062 -456.522460938 -193.730117798 1733.45239258 138.109359741 266.063323975 1623.47253418 -456.516967773 -472.384521484 1733.45239258
0.0359659194946 8 -409.449768066 -43.235206604 1512.26074219 -357.077484131 293.251220703 1740.88354492 -303.313476562 194.6275177 1501.07104492 -455.775085449 83.9012451172 1735.10400391 -84.3910980225 226.784622192 1453.16821289 -455.775238037 -194.753448486 1735.10400391 134.388442993 250.260696411 1612.26123047 -455.769744873 -473.407836914 1735.10400391
0.0309460163116 8 -411.924865723 -43.9534606934 1512.71264648 -357.858764648 293.366760254 1739.38464355 -306.103820801 193.985015869 1500.03344727 -456.492736816 83.6982116699 1735.63061523 -84.1948547363 218.890182495 1446.57556152 -456.492889404 -194.956481934 1735.63061523 136.2315979 232.058776855 1602.69812012 -456.48739624 -473.610870361 1735.63061523
0.0351941585541 8 -412.858184814 -42.2344703674 1514.4152832 -357.308563232 297.073730469 1738.64111328 -308.586120605 196.264709473 1499.70300293 -454.512268066 85.5054321289 1737.83972168 -84.5933074951 206.441070557 1438.28820801 -454.512420654 -193.149261475 1737.83972168 135.235946655 211.569854736 1596.2364502 -454.50692749 -471.803649902 1737.83972168
0.0307810306549 8 -414.980010986 -38.9142074585 1517.85644531 -357.165039062 302.805297852 1737.7713623 -312.593597412 200.195861816 1500.29833984 -453.066986084 89.3443450928 1741.60644531 -86.2851867676 189.714538574 1428.14697266 -453.067138672 -189.310348511 1741.60644531 131.46925354 190.245025635 1590.07788086 -453.061645508 -467.96472168 1741.60644531
0.0312738418579 8 -412.887390137 -40.3757400513 1516.08544922 -358.098266602 301.183135986 1737.27416992 -324.572021484 203.826019287 1497.75439453 -440.3671875 81.0036697388 1744.73828125 -89.241973877 166.423583984 1415.52648926 -440.367340088 -197.651031494 1744.73828125 127.519485474 161.676315308 1583.35144043 -440.361846924 -476.305419922 1744.73828125
0.0359871387482 8 -413.001525879 -42.2127990723 1517.06835938 -358.926879883 299.653015137 1737.06677246 -335.533630371 205.461334229 1496.87512207 -430.819152832 75.3068008423 1748.63537598 -91.6180114746 142.225296021 1401.25537109 -430.81930542 -203.347900391 1748.63537598 124.465454102 122.482826233 1575.5177002 -430.813812256 -482.002288818 1748.63537598
0.0321438312531 8 -414.59362793 -43.4362487793 1518.37646484 -360.250732422 298.910217285 1737.47302246 -343.6590271 206.25642395 1497.27355957 -426.695587158 71.7617950439 1751.62854004 -101.303344727 109.117248535 1383.62451172 -426.695739746 -206.89289856 1751.62854004 113.102218628 79.1621551514 1564.96411133 -426.690246582 -485.547302246 1751.62854004
0.031839132309 8 -412.237731934 -42.7424240112 1518.87438965 -358.604156494 296.685791016 1741.67443848 -350.030822754 209.434112549 1500.11413574 -416.998596191 67.1089248657 1754.93518066 -120.224365234 71.5705413818 1365.30200195 -416.998748779 -211.545776367 1754.93518066 96.331741333 27.9098091125 1547.89294434 -416.993255615 -490.200164795 1754.93518066
0.0360398292542 8 -413.068878174 -42.0042495728 1520.63305664 -359.8230896 297.37689209 1743.28942871 -351.754943848 210.573776245 1502.11120605 -417.189819336 67.0290222168 1757.26135254 -144.124206543 33.287902832 1348.15649414 -417.189971924 -211.625671387 1757.26135254 78.2660369873 -28.6339988708 1525.68774414 -417.18447876 -490.280059814 1757.26135254
0.0321991443634 8 -406.727264404 -40.2106399536 1516.1262207 -359.153991699 298.426086426 1740.56140137 -352.002044678 214.084411621 1500.48388672 -410.459197998 65.1874771118 1754.41772461 -173.078811646 -0.816741943359 1334.06018066 -410.459350586 -213.467224121 1754.41772461 58.2825622559 -90.2194137573 1491.15197754 -410.453857422 -492.121612549 1754.41772461
0.032016992569 8 -404.751678467 -48.2442474365 1520.09155273 -356.534851074 295.584259033 1739.24890137 -344.400268555 204.399185181 1500.21350098 -415.812744141 63.4872283936 1755.16589355 -205.660949707 -26.4285888672 1327.03442383 -415.812896729 -215.16746521 1755.16589355 23.0420837402 -163.028686523 1449.15783691 -415.807403564 -493.821838379 1755.16589355
0.0357630252838 8 -400.925811768 -50.2628936768 1514.37121582 -354.136383057 296.213134766 1734.08251953 -339.430511475 202.331695557 1496.2052002 -415.683197021 60.7622146606 1749.68249512 -238.064361572 -47.2283172607 1331.97363281 -415.683349609 -217.892486572 1749.68249512 -29.0158538818 -234.258026123 1400.39611816 -415.677856445 -496.546875 1749.68249512
0.0320918560028 8 -389.961730957 -53.2378234863 1511.04223633 -351.110046387 295.68371582 1731.90356445 -339.88394165 201.834182739 1493.69787598 -401.465118408 54.8542022705 1747.79992676 -248.399749756 -103.407333374 1328.97790527 -401.465270996 -223.800491333 1747.79992676 -69.375869751 -329.440429688 1360.51318359 -401.459777832 -502.45489502 1747.79992676
0.0319871902466 8 -387.062988281 -55.5883789062 1505.54736328 -347.609771729 295.393188477 1727.40576172 -342.050506592 200.514862061 1488.74279785 -393.339813232 50.4925384521 1743.46520996 -309.43762207 -45.5826263428 1362.16931152 -393.33996582 -228.162155151 1743.46520996 -141.233352661 -267.66973877 1367.91223145 -393.334472656 -506.81652832 1743.46520996
0.0358610153198 8 -387.140258789 -57.6126098633 1505.92382812 -344.912475586 297.809753418 1720.66967773 -345.28692627 198.601013184 1483.65209961 -387.195983887 52.1919555664 1742.22070312 -339.465667725 -56.436050415 1371.53320312 -387.196136475 -226.462738037 1742.22070312 -179.923187256 -284.436004639 1357.02172852 -387.190643311 -505.117126465 1742.22070312
0.032087802887 8 -389.692810059 -61.0687789917 1505.32263184 -341.062927246 296.688964844 1714.79736328 -345.946380615 194.525680542 1479.39099121 -385.066497803 51.3371887207 1740.39343262 -355.889099121 -67.7793731689 1385.8729248 -385.066650391 -227.317504883 1740.39343262 -207.988769531 -301.999633789 1355.62817383 -385.061157227 -505.971893311 1740.39343262
0.0319321155548 8 -394.501281738 -62.8185386658 1505.98376465 -336.893951416 299.023254395 1707.35461426 -346.878112793 191.359100342 1474.05285645 -384.37677002 54.2165527344 1738.56530762 -364.599273682 -76.2998962402 1398.60058594 -384.376922607 -224.438140869 1738.56530762 -229.835189819 -316.599731445 1356.85095215 -384.371429443 -503.092529297 1738.56530762
0.0358200073242 8 -399.383666992 -66.1163330078 1506.48876953 -332.658660889 300.157775879 1696.14892578 -348.319274902 186.210754395 1466.76159668 -382.553161621 56.8050231934 1735.53430176 -368.779876709 -85.1816711426 1406.96252441 -382.553314209 -221.84967041 1735.53430176 -247.570770264 -331.146850586 1357.38586426 -382.547821045 -500.504058838 1735.53430176
0.0321269035339 8 -403.335876465 -68.8836517334 1507.33056641 -330.968505859 299.810852051 1690.0970459 -356.775177002 183.385772705 1462.43566895 -375.028839111 56.7185058594 1733.70666504 -377.10446167 -90.5270080566 1415.45751953 -375.028991699 -221.936187744 1733.70666504 -269.144500732 -341.599578857 1361.0925293 -375.023498535 -500.590576172 1733.70666504
0.0319249629974 8 -406.520507812 -68.6842498779 1507.80126953 -328.759399414 301.637207031 1684.08203125 -366.473297119 184.041915894 1459.65014648 -365.5519104 58.0879974365 1731.50463867 -385.20904541 -91.5388946533 1422.87219238 -365.552062988 -220.566696167 1731.50463867 -289.743041992 -347.106567383 1366.12915039 -365.546569824 -499.221069336 1731.50463867
0.0361421108246 8 -410.08380127 -70.0571136475 1505.99206543 -327.551300049 302.497039795 1676.56408691 -377.668273926 183.203582764 1455.24499512 -356.283935547 57.8373718262 1726.2545166 -394.194366455 -93.4677124023 1426.46447754 -356.284088135 -220.817321777 1726.2545166 -310.219970703 -352.921081543 1369.18823242 -356.278594971 -499.471710205 1726.2545166
0.032016992569 8 -414.038024902 -71.6279220581 1504.30688477 -325.002349854 303.558532715 1666.32702637 -389.983825684 181.81262207 1450.42004395 -345.784240723 58.3193511963 1719.17810059 -404.160736084 -95.5660400391 1427.86962891 -345.784393311 -220.335342407 1719.17810059 -330.568725586 -358.332733154 1371.42382812 -345.778900146 -498.989746094 1719.17810059
0.0321068763733 8 -418.039550781 -71.9894561768 1504.05981445 -325.365783691 304.89251709 1660.64990234 -400.357025146 181.721588135 1448.46203613 -340.227935791 59.3257141113 1714.95007324 -412.294219971 -96.1136169434 1430.75671387 -340.228088379 -219.328979492 1714.95007324 -347.961486816 -361.675842285 1376.11096191 -340.222595215 -497.98336792 1714.95007324
0.035845041275 8 -421.976837158 -73.2988128662 1503.12207031 -325.994018555 304.137145996 1654.81359863 -410.051055908 180.643920898 1446.69775391 -335.186004639 58.9476165771 1709.98193359 -419.972991943 -97.4851379395 1432.7635498 -335.186157227 -219.707077026 1709.98193359 -363.820220947 -365.38659668 1380.57446289 -335.180664062 -498.361450195 1709.98193359
0.0322051048279 8 -426.61138916 -73.5543518066 1504.30200195 -327.835632324 304.983886719 1651.89282227 -420.352508545 180.595794678 1447.71972656 -330.927642822 59.4172821045 1706.77709961 -428.52331543 -97.7220153809 1436.72753906 -330.92779541 -219.237411499 1706.77709961 -379.547607422 -367.56817627 1387.40930176 -330.922302246 -497.891784668 1706.77709961
0.0319108963013 8 -430.280548096 -75.8879089355 1505.1739502 -328.48614502 304.755615234 1646.41052246 -426.332214355 177.719329834 1445.63781738 -329.308044434 59.368347168 1703.63562012 -433.015441895 -100.719543457 1436.94726562 -329.308197021 -219.286346436 1703.63562012 -390.306365967 -372.174133301 1390.73010254 -329.302703857 -497.940734863 1703.63562012
0.0360770225525 8 -433.423706055 -77.9225234985 1504.95629883 -331.962402344 303.660003662 1644.15332031 -433.165496826 175.727294922 1445.15136719 -329.141326904 58.3712310791 1701.07885742 -438.604522705 -102.78918457 1438.26708984 -329.141479492 -220.283462524 1701.07885742 -401.348846436 -375.568664551 1395.24487305 -329.135986328 -498.937866211 1701.07885742
0.0321381092072 8 -436.664581299 -80.6319961548 1503.21984863 -332.791168213 302.27053833 1639.02880859 -437.487457275 172.764831543 1442.12097168 -330.303619385 56.7392730713 1697.53942871 -441.897064209 -105.801361084 1436.65808105 -330.303771973 -221.915420532 1697.53942871 -409.376800537 -379.668670654 1396.82629395 -330.298278809 -500.569824219 1697.53942871
0.0316989421844 8 -439.647583008 -83.2598114014 1500.64221191 -334.053833008 300.677520752 1633.97143555 -441.978485107 169.987884521 1438.86413574 -330.535797119 54.8497924805 1692.9354248 -445.543121338 -108.610137939 1434.52282715 -330.535949707 -223.804901123 1692.9354248 -417.129547119 -383.368225098 1397.80725098 -330.530456543 -502.459289551 1692.9354248
0.0360379219055 8 -441.239746094 -81.4863586426 1502.58325195 -338.723724365 303.666564941 1637.95092773 -445.049407959 172.085388184 1442.1348877 -333.228363037 56.241973877 1695.79699707 -447.9246521 -106.532989502 1438.68066406 -333.228515625 -222.412719727 1695.79699707 -423.070800781 -382.019012451 1404.95996094 -333.223022461 -501.067108154 1695.79699707
0.0318369865417 8 -442.623962402 -81.5204849243 1502.04284668 -341.666381836 303.929412842 1635.92346191 -448.833496094 171.908233643 1441.15869141 -335.006469727 57.4594573975 1694.59033203 -451.148620605 -106.723205566 1438.40759277 -335.006622314 -221.195236206 1694.59033203 -429.380584717 -382.803070068 1407.53027344 -335.00112915 -499.849609375 1694.59033203
0.0319390296936 8 -443.676513672 -80.9666976929 1502.10668945 -345.150787354 304.37399292 1638.42858887 -450.811065674 172.732147217 1442.43762207 -337.703094482 57.5671234131 1695.89099121 -452.67276001 -105.907592773 1440.24462891 -337.70324707 -221.08757019 1695.89099121 -433.580963135 -382.471282959 1412.04138184 -337.697753906 -499.741943359 1695.89099121
0.0358991622925 8 -445.631652832 -81.3762969971 1500.81066895 -346.47756958 304.669677734 1636.16418457 -452.082977295 172.110244751 1440.14208984 -340.67300415 57.7647247314 1694.72070312 -453.578491211 -106.534835815 1438.3927002 -340.673156738 -220.889968872 1694.72070312 -436.809692383 -383.49230957 1412.68566895 -340.667663574 -499.544372559 1694.72070312
0.0321488380432 8 -447.044281006 -81.5169448853 1503.22363281 -349.38885498 305.048736572 1638.54992676 -449.716918945 171.648254395 1441.11547852 -347.105041504 57.9498443604 1699.484375 -450.917327881 -107.000244141 1439.71923828 -347.105194092 -220.704849243 1699.484375 -436.167236328 -384.277801514 1416.32849121 -347.099700928 -499.35925293 1699.484375
0.0321049690247 8 -446.956054688 -79.7250518799 1502.62133789 -351.879547119 305.163513184 1643.7355957 -451.189880371 174.208679199 1443.80163574 -347.588195801 57.7172241211 1700.60021973 -452.152770996 -104.442077637 1442.68676758 -347.588348389 -220.937469482 1700.60021973 -439.159332275 -381.979766846 1421.43505859 -347.582855225 -499.59185791 1700.60021973
0.0358262062073 8 -447.559753418 -78.7983703613 1501.67443848 -353.927276611 305.422912598 1645.83215332 -452.200836182 175.469604492 1444.27954102 -349.932769775 57.7912445068 1701.12402344 -452.972717285 -103.18258667 1443.38891602 -349.932922363 -220.863449097 1701.12402344 -441.510101318 -380.93145752 1424.1048584 -349.927429199 -499.517822266 1701.12402344
0.03209400177 8 -448.609954834 -78.4896240234 1501.23608398 -355.528320312 305.833312988 1646.87512207 -451.799621582 175.862792969 1444.09033203 -353.307067871 57.6118164062 1702.14575195 -452.418060303 -102.790344238 1443.37878418 -353.307220459 -221.042877197 1702.14575195 -442.291625977 -380.710693359 1425.89880371 -353.301727295 -499.697265625 1702.14575195
0.0320618152618 8 -450.128082275 -76.4334335327 1499.98083496 -356.88659668 306.101074219 1651.3939209 -450.531494141 178.475616455 1445.37365723 -356.77142334 56.9025878906 1703.61462402 -451.026855469 -100.178039551 1444.80493164 -356.771575928 -221.752105713 1703.61462402 -442.068511963 -378.237487793 1428.97473145 -356.766082764 -500.406494141 1703.61462402
0.0358800888062 8 -450.935180664 -74.5227355957 1501.25170898 -358.135406494 306.550109863 1653.15698242 -445.649108887 180.061126709 1445.63623047 -363.54675293 58.5641937256 1707.61328125 -446.045837402 -98.5928649902 1445.18164062 -363.546905518 -220.090499878 1707.61328125 -438.110412598 -376.765167236 1430.85681152 -363.541412354 -498.744873047 1707.61328125
0.0319769382477 8 -450.599243164 -73.1105957031 1498.24365234 -358.841247559 305.547607422 1654.54174805 -444.09588623 181.943710327 1444.80529785 -364.695495605 57.9231719971 1706.57336426 -444.413543701 -96.7105255127 1444.44177246 -364.695648193 -220.731521606 1706.57336426 -437.375427246 -374.974304199 1431.48779297 -364.690155029 -499.385925293 1706.57336426
0.0360069274902 8 -451.253234863 -72.6292419434 1499.41247559 -359.973907471 304.843414307 1658.23840332 -436.924224854 181.964492798 1445.84301758 -373.880828857 57.5921783447 1711.42382812 -437.17855835 -96.6898651123 1445.55236816 -373.880981445 -221.062515259 1711.42382812 -430.928894043 -375.027832031 1433.84484863 -373.875488281 -499.716918945 1711.42382812
0.0319111347198 8 -451.838287354 -71.4920501709 1498.15100098 -361.039794922 305.090301514 1660.078125 -436.074035645 183.280883789 1445.46411133 -376.409057617 57.7356414795 1711.56201172 -436.277618408 -95.373626709 1445.23168945 -376.409210205 -220.919052124 1711.56201172 -430.721832275 -373.771697998 1434.65600586 -376.403717041 -499.573425293 1711.56201172
0.0322120189667 8 -451.37713623 -71.1414794922 1497.43481445 -360.809631348 304.227783203 1662.00036621 -430.43862915 183.401596069 1445.53588867 -381.79208374 57.0470428467 1713.42016602 -430.6015625 -95.2529449463 1445.34997559 -381.792236328 -221.607650757 1713.42016602 -425.657562256 -373.699707031 1435.80078125 -381.786743164 -500.262023926 1713.42016602
0.0358998775482 8 -451.258117676 -68.1354064941 1497.08398438 -363.762878418 305.049743652 1665.97473145 -427.199645996 186.48008728 1446.93103027 -388.013244629 58.7769012451 1715.75378418 -427.33001709 -92.1745147705 1446.78234863 -388.013397217 -219.877792358 1715.75378418 -422.926208496 -370.660766602 1438.16333008 -388.007904053 -498.532165527 1715.75378418
0.0318651199341 8 -451.58404541 -68.913734436 1497.50390625 -363.684265137 305.019195557 1663.9420166 -422.655090332 184.774200439 1445.24804688 -393.301818848 59.7312469482 1716.54443359 -422.759460449 -93.8804016113 1445.12915039 -393.301971436 -218.923446655 1716.54443359 -418.833343506 -372.39855957 1437.35229492 -393.296478271 -497.577819824 1716.54443359
0.0322349071503 8 -451.021453857 -68.5643463135 1498.95336914 -364.139007568 305.961700439 1666.43237305 -419.088745117 184.702163696 1446.25610352 -396.922424316 60.6355438232 1718.77441406 -419.172271729 -93.9524383545 1446.16101074 -396.922576904 -218.01914978 1718.77441406 -415.669158936 -372.496520996 1439.14611816 -396.91708374 -496.673522949 1718.77441406
0.0359401702881 8 -450.736633301 -66.3130493164 1501.05297852 -364.899963379 306.955871582 1671.68041992 -418.632385254 187.377380371 1450.3815918 -397.963745117 61.2323608398 1722.19604492 -418.699249268 -91.2772521973 1450.30554199 -397.963897705 -217.422332764 1722.19604492 -415.571166992 -369.842346191 1443.97949219 -397.958404541 -496.076721191 1722.19604492
0.0320699214935 8 -449.481994629 -65.1908874512 1502.40185547 -367.883422852 307.988250732 1674.79919434 -419.839263916 189.049621582 1452.91418457 -397.600311279 61.7357635498 1724.13098145 -419.892730713 -89.6050109863 1452.85327148 -397.600463867 -216.918930054 1724.13098145 -417.097442627 -368.187133789 1447.1496582 -397.594970703 -495.573303223 1724.13098145
0.0320198535919 8 -449.70425415 -65.9400939941 1499.93408203 -367.32434082 305.170288086 1676.35925293 -418.376617432 188.533279419 1452.71655273 -398.415985107 58.8546905518 1723.01098633 -418.419403076 -90.121383667 1452.66784668 -398.416137695 -219.800003052 1723.01098633 -415.919830322 -368.717285156 1447.52648926 -398.410644531 -498.454406738 1723.01098633
