0.03586602211 8 594.28527832 -104.228134155 1437.84973145 573.324890137 272.101776123 1617.02807617 606.760620117 8.8353729248 1642.37683105 653.645507812 86.8213043213 1316.41247559 583.675292969 -150.493255615 1696.95532227 654.080627441 -99.4447937012 1236.5065918 467.112243652 -375.815063477 1451.26708984 600.418395996 -351.558044434 1194.47717285
0.0321528911591 8 593.515686035 -103.8359375 1439.07995605 573.209838867 271.486785889 1618.15844727 605.054443359 9.75086975098 1644.12426758 654.921142578 86.517829895 1316.30664062 568.068847656 -152.339736938 1674.78857422 655.231140137 -101.062080383 1237.37390137 474.94934082 -360.849914551 1535.2121582 601.695129395 -353.562164307 1196.02416992
0.0388948917389 8 593.342346191 -105.239631653 1439.96166992 573.27935791 270.976043701 1618.68688965 604.491149902 7.58729553223 1646.48449707 655.914001465 85.6646652222 1316.89099121 565.456726074 -153.008102417 1675.31091309 656.834472656 -101.50957489 1237.70275879 474.728607178 -362.145996094 1550.38781738 604.659667969 -351.466949463 1197.09924316
0.0282580852509 8 593.399475098 -106.104957581 1440.41760254 573.235107422 270.785736084 1619.18408203 604.509887695 5.69313049316 1647.76904297 656.567504883 84.6541824341 1316.97607422 558.922729492 -156.158859253 1680.80969238 657.452026367 -101.485054016 1236.66467285 473.261230469 -358.219543457 1549.26843262 604.94342041 -353.444458008 1198.47277832
0.0345230102539 8 592.61932373 -106.122215271 1439.24023438 573.214233398 270.757263184 1619.60705566 603.211669922 8.1399230957 1644.13427734 655.178955078 83.7098236084 1315.95239258 558.107788086 -159.455581665 1683.89880371 656.666137695 -102.808792114 1234.41418457 467.015594482 -368.523254395 1450.73425293 602.717102051 -354.918457031 1195.75683594
0.030867099762 8 592.593017578 -106.481369019 1439.10314941 573.476867676 270.84362793 1619.53881836 603.136169434 8.47331237793 1644.43884277 654.921936035 84.4482269287 1316.01916504 556.818664551 -161.194320679 1684.32189941 656.734985352 -103.882247925 1233.83227539 467.119659424 -364.433227539 1452.4107666 602.484741211 -355.728942871 1195.4395752
0.0303258895874 8 593.299743652 -106.850128174 1438.10424805 573.873718262 270.975952148 1619.3236084 604.410766602 7.42417907715 1643.09729004 652.753295898 84.8536529541 1315.95959473 556.382324219 -162.591766357 1684.25231934 654.676696777 -104.91015625 1234.01977539 469.244293213 -363.475830078 1452.25317383 601.101745605 -355.564025879 1195.10498047
0.0346279144287 8 593.972961426 -108.025405884 1437.40124512 574.15814209 271.176513672 1619.47131348 606.822570801 4.37203979492 1641.79187012 652.379699707 82.7529907227 1315.88464355 554.619873047 -161.020935059 1684.4987793 654.881469727 -108.76335144 1234.95361328 470.724090576 -360.802062988 1451.6842041 600.363220215 -361.585357666 1196.03430176
0.0314750671387 8 594.073791504 -107.793495178 1437.5670166 574.706542969 271.373657227 1620.09716797 606.559020996 4.50254821777 1643.33605957 652.677307129 83.453956604 1314.69567871 552.298706055 -161.997497559 1683.97814941 655.162475586 -109.959098816 1235.28198242 467.814208984 -365.941772461 1453.38916016 599.944946289 -363.115722656 1195.57763672
0.0314970016479 8 593.77142334 -108.110267639 1436.01794434 574.863708496 271.113739014 1620.07849121 606.39855957 5.02479553223 1639.15307617 652.102661133 81.4680252075 1314.03198242 546.281555176 -160.385482788 1679.96130371 654.887634277 -112.054176331 1233.93395996 469.703521729 -359.710632324 1453.16430664 599.602294922 -362.63684082 1194.73522949
0.03542304039 8 591.874145508 -107.903503418 1431.03381348 575.012390137 271.203918457 1620.44836426 602.617736816 11.9695129395 1622.36108398 648.046691895 75.5441665649 1311.52294922 550.72454834 -154.786117554 1680.4197998 651.596191406 -118.751167297 1231.33227539 472.702758789 -354.889038086 1453.71118164 600.50604248 -361.825408936 1193.82177734
0.0317149162292 8 592.757324219 -108.280593872 1431.61950684 575.040344238 271.819854736 1621.83276367 604.39831543 10.6773376465 1625.49121094 647.867919922 77.8787918091 1312.5378418 578.196472168 -165.567016602 1681.74926758 651.700378418 -117.260734558 1230.27124023 474.51739502 -354.394165039 1454.04443359 597.878295898 -363.413696289 1194.68164062
0.0319921970367 8 592.807189941 -112.648406982 1432.33642578 574.891723633 272.385620117 1622.54260254 605.18572998 7.50706481934 1630.61193848 650.300354004 80.7455596924 1317.45715332 584.24041748 -161.188644409 1650.70654297 650.946716309 -117.138397217 1224.48620605 471.733703613 -376.405456543 1447.95239258 595.867370605 -362.969177246 1193.31860352
0.0350308418274 8 598.041442871 -112.477401733 1445.32275391 575.025817871 272.768066406 1623.50036621 600.534423828 19.9320526123 1633.51391602 654.484741211 68.5838851929 1314.99414062 576.336486816 -149.414352417 1654.41027832 655.764282227 -128.327056885 1225.28466797 466.689208984 -359.885162354 1448.13781738 602.887268066 -371.116882324 1194.56396484
0.0314109325409 8 597.018066406 -114.951286316 1442.35046387 574.986083984 272.639282227 1624.58654785 601.686584473 17.6929168701 1633.18457031 652.736877441 71.2252883911 1314.80517578 577.341308594 -152.128036499 1655.32763672 655.230834961 -126.252204895 1226.18859863 468.023071289 -358.88067627 1455.0690918 601.561767578 -365.075927734 1193.96557617
0.0313200950623 8 596.722961426 -116.063423157 1441.11291504 574.561218262 272.842285156 1624.94091797 601.056762695 19.3586273193 1625.76916504 651.091430664 66.7849349976 1314.35900879 577.778320312 -147.508850098 1657.09875488 654.666320801 -134.348114014 1227.1204834 468.785491943 -363.146057129 1450.86157227 607.702453613 -348.807373047 1195.82739258
0.0356678962708 8 593.126403809 -108.668540955 1440.31298828 573.847290039 273.034973145 1625.17614746 604.707092285 20.7400054932 1621.78845215 643.508483887 68.4073104858 1314.1385498 586.254638672 -146.261947632 1665.04455566 649.179199219 -131.58303833 1232.1796875 475.957672119 -350.674377441 1453.47973633 602.474731445 -337.620910645 1195.43835449
0.0446422100067 8 592.400390625 -105.357566833 1439.56201172 572.730407715 273.200927734 1626.15209961 607.148010254 18.7004699707 1623.25964355 641.315124512 71.5316085815 1314.38049316 589.44921875 -149.352722168 1671.34423828 646.41809082 -125.882118225 1229.04626465 479.813110352 -346.433959961 1452.3482666 602.469909668 -330.096008301 1194.86706543
0.0295279026031 8 587.078308105 -100.946723938 1439.84875488 572.102539062 273.406188965 1626.68920898 598.12322998 27.6587982178 1620.09191895 650.113830566 70.2849731445 1313.93078613 580.83581543 -147.118621826 1675.51928711 654.268615723 -125.615570068 1227.56555176 472.804626465 -323.066711426 1459.00878906 613.795166016 -325.700195312 1195.03540039
0.0349640846252 8 587.498168945 -101.975440979 1439.19262695 571.644348145 273.755828857 1626.95788574 597.976928711 26.8930969238 1620.02783203 649.880004883 69.7662506104 1312.57617188 580.277404785 -147.937469482 1680.25610352 654.865722656 -123.715866089 1225.72241211 467.629241943 -329.425445557 1456.36828613 617.273071289 -314.243041992 1198.13183594
0.0341110229492 8 586.188842773 -103.654884338 1441.86315918 571.05670166 273.588134766 1626.52709961 597.723571777 25.9792098999 1624.19116211 652.246032715 65.7545089722 1311.02490234 577.422607422 -146.119567871 1680.34118652 657.991333008 -124.831199646 1224.73852539 471.460601807 -336.165283203 1505.72814941 618.506591797 -316.840362549 1195.8248291
0.0294888019562 8 584.313720703 -105.887794495 1446.57006836 570.362915039 273.7684021 1625.66369629 598.34185791 30.9212112427 1624.04309082 653.382629395 59.098487854 1310.85217285 581.758605957 -139.779541016 1688.12182617 658.839233398 -130.777160645 1223.89440918 467.101226807 -339.92364502 1530.73364258 620.042480469 -320.824157715 1196.45800781
0.0343689918518 8 584.164672852 -106.864776611 1450.4465332 569.463195801 273.634307861 1624.92785645 599.66418457 34.2991638184 1625.85351562 653.387573242 56.555267334 1311.02856445 582.917602539 -136.12487793 1685.42382812 658.285400391 -132.292541504 1222.62475586 466.969482422 -337.034851074 1553.48974609 619.507019043 -321.909423828 1198.17260742
0.0379221439362 8 590.964050293 -107.388084412 1445.17443848 569.377929688 273.715545654 1624.68151855 608.159790039 26.4751586914 1628.80163574 647.493408203 68.5059661865 1311.75817871 589.385803223 -146.276062012 1682.79003906 651.963745117 -117.797042847 1223.53161621 468.170715332 -348.422119141 1569.5904541 612.785644531 -325.27734375 1195.86108398
0.0258810520172 8 588.10559082 -105.291374207 1439.69567871 569.189819336 273.690643311 1624.24023438 598.647094727 22.5651550293 1627.58740234 656.044311523 71.330909729 1313.39916992 581.025756836 -149.201751709 1679.94042969 660.829101562 -114.686225891 1224.68469238 457.86730957 -355.354614258 1584.0123291 624.948486328 -308.898254395 1198.7097168
0.0342538356781 8 585.849060059 -106.356109619 1438.92736816 569.189819336 273.466430664 1623.35070801 592.955993652 20.2774353027 1628.07507324 661.257995605 67.3438110352 1312.41491699 572.264221191 -152.257461548 1676.6348877 666.446289062 -111.843780518 1226.40258789 448.185089111 -366.504455566 1591.98144531 629.684631348 -305.908630371 1200.46069336
0.0342831611633 8 587.40057373 -109.937034607 1443.82312012 569.395690918 273.491851807 1622.62475586 597.314453125 17.488571167 1635.92114258 659.871459961 65.1714782715 1312.20849609 568.130004883 -154.851837158 1669.51220703 665.309692383 -112.273925781 1227.65136719 436.135803223 -502.614135742 1598.76098633 629.212646484 -315.001098633 1198.60009766
0.0375328063965 8 591.813232422 -115.70703125 1449.421875 568.973571777 273.280151367 1622.01916504 594.23059082 21.4718322754 1640.41064453 664.818237305 60.7426757812 1312.17553711 560.183166504 -152.575866699 1666.31433105 671.291381836 -117.578994751 1229.6505127 424.18170166 -490.962249756 1601.46398926 635.258239746 -319.853881836 1199.47351074
0.032790184021 8 593.475830078 -121.787147522 1454.8425293 568.285461426 273.276794434 1620.69140625 591.464538574 23.1863861084 1648.71508789 668.51739502 60.1629104614 1313.87768555 556.614990234 -153.70300293 1667.86083984 675.217712402 -118.910118103 1231.36755371 404.719421387 -480.406158447 1591.75280762 638.477294922 -325.254730225 1198.19519043
0.0302128791809 8 590.929321289 -122.529663086 1464.15563965 568.118896484 273.350891113 1619.07214355 593.620422363 28.2942047119 1656.00463867 665.764099121 54.4416885376 1313.68237305 555.057128906 -149.404006958 1671.92468262 671.453430176 -124.652961731 1230.61206055 408.386291504 -459.831237793 1597.39880371 630.546203613 -348.136810303 1195.92797852
0.0367391109467 8 591.789001465 -125.764396667 1465.73181152 568.25604248 273.445404053 1617.25427246 593.373168945 22.1009063721 1665.85900879 668.087036133 58.7080154419 1317.18444824 531.940124512 -166.667129517 1681.89172363 671.095031738 -118.085044861 1232.29602051 399.531646729 -461.016601562 1629.29089355 637.867919922 -334.698852539 1198.48254395
0.0327649116516 8 591.277526855 -122.488098145 1469.30480957 567.764099121 273.325866699 1615.66149902 590.944335938 18.6951141357 1676.35021973 670.746704102 67.9160919189 1327.06652832 519.545532227 -177.754623413 1681.07104492 670.037597656 -110.492919922 1234.81616211 376.983032227 -455.378173828 1571.27734375 637.50390625 -329.741699219 1197.59484863
0.0303030014038 8 587.216430664 -119.501144409 1460.87426758 566.902038574 273.013763428 1614.81774902 591.104370117 6.95057678223 1681.0682373 668.855834961 80.333732605 1327.11413574 515.663574219 -189.323730469 1669.69006348 667.549255371 -99.4698257446 1237.48999023 364.993652344 -453.558197021 1554.49499512 635.955993652 -324.021514893 1200.66455078
0.033951997757 8 586.24432373 -118.7318573 1459.46777344 566.917541504 272.304199219 1613.50793457 591.909179688 6.56275939941 1680.55517578 669.064819336 80.4770355225 1325.05322266 520.983520508 -189.325180054 1669.02185059 668.154663086 -100.246124268 1238.62426758 348.99206543 -446.934020996 1542.22106934 633.713562012 -339.446044922 1198.57336426
0.0340890884399 8 585.28125 -118.310791016 1459.57556152 567.078125 272.117248535 1612.07897949 589.298706055 3.71870422363 1683.67028809 669.687988281 81.8517608643 1325.64855957 517.01574707 -243.374847412 1683.82104492 669.126281738 -100.809661865 1240.53747559 328.72857666 -437.465026855 1535.53344727 634.654296875 -342.014953613 1198.9708252
0.0316619873047 8 584.855224609 -122.682380676 1458.7833252 566.580444336 272.260070801 1610.63037109 588.613586426 -7.24423217773 1684.15039062 669.70916748 75.1126937866 1325.33862305 528.37878418 -243.955291748 1700.0402832 668.640869141 -109.08127594 1242.85058594 303.889038086 -425.811126709 1516.14868164 634.421325684 -354.888244629 1200.19360352
0.035187959671 8 578.227539062 -123.227165222 1450.79455566 566.409912109 272.086669922 1607.65673828 571.84753418 -7.1770324707 1667.38562012 666.283447266 68.6840667725 1324.95153809 529.561340332 -238.335388184 1697.05932617 664.511352539 -116.597579956 1244.04907227 291.957946777 -409.491668701 1510.00646973 631.880126953 -360.735351562 1201.36804199
0.0305578708649 8 580.149414062 -120.846954346 1450.93859863 566.753540039 271.679077148 1605.39611816 574.80065918 -7.15948486328 1674.49914551 673.0078125 75.7632522583 1325.81970215 522.712890625 -245.060317993 1697.59484863 670.769287109 -110.769432068 1245.57421875 274.539367676 -411.114776611 1512.4005127 638.912597656 -352.826477051 1202.58728027
0.031277179718 8 580.58026123 -119.670959473 1452.14709473 567.139099121 271.32522583 1603.65661621 574.172851562 -9.86308288574 1680.02185059 675.619873047 77.6767730713 1325.46936035 500.985046387 -228.648422241 1704.30285645 673.29486084 -108.687911987 1246.76708984 243.68661499 -409.297668457 1492.71337891 638.864685059 -358.702148438 1202.98693848
0.0352578163147 8 581.415222168 -117.369537354 1453.84057617 566.903564453 271.124450684 1602.74194336 574.011108398 -7.74551391602 1682.75378418 677.857910156 79.1855773926 1325.23791504 488.363952637 -225.203811646 1712.11157227 675.358520508 -107.355712891 1248.02185059 208.991424561 -401.30279541 1443.91625977 640.08984375 -358.224334717 1201.55651855
0.0314860343933 8 582.28894043 -116.128692627 1458.94018555 566.831481934 270.312866211 1601.53601074 572.166870117 -10.2991638184 1693.67492676 676.993896484 83.860534668 1326.8861084 484.925537109 -220.354385376 1710.1159668 673.418701172 -104.979141235 1249.6463623 163.076080322 -406.912658691 1443.72631836 643.576660156 -349.926849365 1206.34008789
0.0318500995636 8 581.073242188 -115.695556641 1459.8034668 567.132751465 269.291595459 1598.66906738 569.733886719 -9.12054443359 1691.53234863 674.359130859 81.5476989746 1327.22106934 467.704833984 -216.650512695 1691.78222656 670.222717285 -109.138275146 1250.0625 151.038635254 -402.839477539 1433.21789551 639.108459473 -353.104064941 1203.94702148
0.035432100296 8 578.85345459 -115.417411804 1461.13879395 566.703369141 269.117126465 1597.78637695 565.237548828 -10.3820800781 1695.78125 675.087402344 82.8759002686 1328.12036133 453.100372314 -222.659881592 1676.21191406 671.218017578 -107.516052246 1251.36816406 170.431610107 -389.312011719 1470.86560059 638.303527832 -359.684753418 1204.71325684
0.0313627719879 8 575.253479004 -117.116333008 1463.0369873 565.857116699 268.978179932 1594.85205078 557.108520508 -16.9635925293 1700.48193359 671.298217773 82.322593689 1329.84667969 445.717773438 -225.836624146 1658.14306641 666.785827637 -112.178642273 1253.33544922 116.50604248 -398.788146973 1428.68359375 638.315307617 -361.064727783 1207.10070801
0.031937122345 8 571.59552002 -115.77293396 1466.38293457 564.347412109 267.590515137 1588.55432129 551.025512695 -12.9401245117 1698.89245605 669.316650391 80.6180725098 1336.23010254 435.819976807 -226.895523071 1675.27270508 663.905578613 -121.015472412 1254.50927734 140.825866699 -371.789337158 1457.66967773 636.321105957 -371.589538574 1207.21765137
0.0355908870697 8 568.525512695 -118.63609314 1467.6237793 563.51953125 267.920379639 1589.59008789 545.039489746 -13.2306671143 1696.06970215 664.830993652 72.9496688843 1333.94592285 431.625457764 -228.627059937 1679.20349121 660.697143555 -127.955299377 1254.6796875 132.92779541 -360.428771973 1461.7722168 630.460327148 -383.678619385 1203.80871582
0.0320470333099 8 568.05291748 -118.720596313 1469.5645752 561.428222656 267.982849121 1585.96862793 544.375366211 -9.3358001709 1695.80053711 663.694702148 71.5890350342 1334.12646484 433.246398926 -224.872344971 1671.25805664 661.07635498 -128.822021484 1255.29675293 123.628936768 -354.470458984 1463.10021973 633.873596191 -384.777069092 1205.23400879
0.0320460796356 8 562.923034668 -120.786087036 1467.12255859 560.583618164 268.395721436 1585.79577637 535.61315918 -8.17863464355 1693.82678223 654.235473633 65.9893035889 1320.15905762 433.000061035 -221.917053223 1667.73291016 661.25567627 -130.45765686 1254.56762695 111.097381592 -350.352600098 1464.74645996 639.193054199 -379.369506836 1206.05957031
0.035295009613 8 560.562683105 -120.130661011 1469.68261719 558.586303711 267.680114746 1582.42980957 525.310180664 5.11093139648 1687.60668945 655.975524902 64.8383255005 1324.41674805 419.797241211 -202.829788208 1646.45446777 657.895019531 -135.10333252 1253.5546875 90.6865844727 -350.428894043 1462.23022461 636.218200684 -385.298675537 1206.41564941
0.036896944046 8 558.265258789 -120.409172058 1470.84985352 556.311157227 267.539611816 1581.39221191 516.927307129 10.2592773438 1685.50463867 656.838684082 65.1048965454 1326.87841797 410.180969238 -203.644958496 1641.03686523 654.968505859 -136.742004395 1253.59558105 76.5571289062 -352.261383057 1454.04260254 635.48223877 -386.073364258 1206.32788086
0.0337419509888 8 556.747497559 -120.720291138 1468.2824707 550.334716797 267.520141602 1579.28063965 513.33984375 8.21072387695 1683.35766602 655.596191406 66.3229904175 1326.83032227 402.402801514 -215.507873535 1635.87512207 652.276367188 -136.694793701 1254.51025391 72.2378234863 -349.534484863 1454.86828613 634.055114746 -385.375427246 1209.98901367
0.034814119339 8 554.834350586 -121.418762207 1474.26049805 545.313781738 267.309082031 1577.6706543 506.466430664 16.4678039551 1680.13012695 655.916931152 58.671081543 1329.05517578 377.47946167 -204.686218262 1635.96594238 653.291625977 -146.397277832 1256.09606934 75.5887756348 -335.204467773 1460.82470703 628.262268066 -330.492004395 1185.82006836
0.0407059192657 8 552.60357666 -126.791015625 1464.85986328 535.493286133 267.053344727 1577.11157227 504.346343994 13.3620147705 1658.32727051 653.053283691 50.4107437134 1331.02868652 381.109161377 -198.886032104 1634.17431641 654.196899414 -145.648223877 1270.64428711 72.5184020996 -328.65447998 1459.37231445 616.562866211 -414.045623779 1214.0690918
0.0229761600494 8 551.591247559 -126.477561951 1465.65942383 527.048095703 268.607727051 1577.99157715 501.902374268 11.4195709229 1659.24938965 650.817199707 52.1508483887 1334.48059082 379.76159668 -198.884597778 1628.49353027 650.099243164 -131.250671387 1284.5657959 71.7864685059 -331.436340332 1466.02062988 618.350402832 -410.22946167 1214.60302734
0.0395889282227 8 550.103637695 -126.333015442 1465.04675293 522.234313965 268.728668213 1577.12243652 498.104278564 8.96711730957 1657.13183594 648.123352051 52.2120285034 1336.90356445 375.851013184 -197.346389771 1627.76147461 651.708862305 -124.728813171 1289.72460938 74.7286376953 -331.304260254 1467.19897461 620.114379883 -405.303100586 1213.54064941
0.0296449661255 8 549.971069336 -127.24848175 1468.30102539 518.660339355 268.882476807 1576.44445801 499.249237061 9.95938110352 1662.1439209 645.756164551 53.2658538818 1337.09997559 372.431762695 -198.021270752 1626.7244873 651.437744141 -125.872055054 1289.54870605 75.4272460938 -337.718902588 1467.32751465 619.597412109 -400.880187988 1210.06921387
0.0399730205536 8 549.30670166 -127.042938232 1466.87219238 514.622619629 268.955200195 1574.79956055 497.001556396 8.20504760742 1661.35766602 645.242248535 53.9900894165 1336.96459961 369.294677734 -199.762557983 1624.92700195 649.946105957 -135.277893066 1278.18359375 71.8215026855 -344.957275391 1462.82104492 620.108581543 -396.387145996 1208.96032715
0.0351438522339 8 547.861022949 -125.900672913 1461.08081055 511.37097168 267.58392334 1574.49145508 497.777526855 2.45027160645 1663.13671875 643.698425293 60.4400253296 1334.97998047 374.549316406 -208.212203979 1625.32543945 646.481445312 -133.296569824 1273.80700684 82.8837585449 -350.35824585 1469.29016113 617.60345459 -385.515563965 1207.67529297
0.0288360118866 8 542.245849609 -123.679763794 1456.72045898 507.480285645 266.789733887 1574.81030273 479.228057861 13.9861602783 1643.27038574 639.509460449 56.4271087646 1330.92126465 391.992797852 -190.030258179 1637.13317871 638.294189453 -143.312301636 1261.85070801 84.9225463867 -347.994720459 1472.53662109 621.777832031 -398.062988281 1196.79711914
0.0291481018066 8 544.227722168 -124.106590271 1459.61218262 506.05291748 266.847229004 1577.2791748 485.516296387 10.618927002 1650.89123535 641.85925293 56.2358932495 1332.60632324 385.884918213 -194.584838867 1631.09472656 637.674560547 -145.083618164 1257.44091797 78.6220397949 -353.311218262 1466.05773926 623.021972656 -397.30557251 1195.51098633
0.0333781242371 8 545.233825684 -124.156723022 1451.88586426 502.909423828 266.764465332 1579.66748047 485.472930908 0.268463134766 1649.60217285 640.814880371 62.9684143066 1333.59265137 385.796539307 -204.295593262 1629.99829102 636.153625488 -138.359603882 1255.31018066 82.0821533203 -361.237731934 1468.3684082 619.837280273 -386.164245605 1195.35559082
0.0307059288025 8 545.257629395 -123.613197327 1450.95239258 502.635101318 266.421936035 1580.99047852 485.129821777 -1.17274475098 1646.97827148 641.544433594 60.8073425293 1333.68676758 390.627593994 -197.901123047 1632.97680664 638.485412598 -140.675689697 1255.34106445 82.556640625 -359.658111572 1467.96044922 617.633422852 -391.877075195 1193.72583008
0.0311379432678 8 539.367126465 -119.409637451 1451.81896973 500.735015869 265.816955566 1583.17211914 479.03616333 5.01910400391 1647.47424316 625.451599121 55.8536453247 1312.98205566 383.091552734 -194.141372681 1629.88989258 647.456420898 -144.180603027 1262.61486816 72.646697998 -351.220336914 1467.10253906 621.741088867 -384.070495605 1197.21166992
0.034285068512 8 541.46887207 -126.405891418 1460.70153809 501.574432373 264.982696533 1584.73962402 487.174224854 7.27946472168 1651.11401367 622.448059082 42.4147644043 1312.31445312 392.135284424 -184.568237305 1634.31787109 640.143554688 -152.876708984 1259.54992676 80.5489807129 -343.332336426 1475.67907715 609.278808594 -398.939544678 1188.28271484
0.0314428806305 8 540.742126465 -129.684051514 1462.71569824 499.655334473 264.712402344 1586.97961426 487.801635742 8.75024414062 1649.40344238 622.048950195 36.4409408569 1312.34655762 393.5184021 -180.110855103 1635.70495605 638.23449707 -157.391784668 1258.015625 91.375579834 -335.861572266 1490.93347168 601.291259766 -411.963043213 1181.50427246
0.0316729545593 8 545.01348877 -138.710266113 1465.42321777 499.786224365 264.704223633 1587.18249512 479.511199951 9.47352600098 1652.88195801 630.589416504 35.2872161865 1311.17810059 383.909576416 -184.620483398 1631.90246582 652.022277832 -155.188339233 1264.80419922 -4.80935668945 -394.184753418 1417.3458252 606.282104492 -405.28137207 1183.01062012
0.0357081890106 8 547.162536621 -139.805664062 1463.49572754 498.180206299 264.785491943 1589.19360352 480.033782959 5.87835693359 1657.14758301 635.440673828 41.700378418 1313.51623535 385.192260742 -194.808578491 1629.74572754 651.852844238 -150.068267822 1263.38891602 77.7633056641 -345.746887207 1471.73681641 607.38079834 -396.438476562 1182.62866211
0.0316288471222 8 545.718200684 -141.477844238 1459.59472656 495.831359863 263.448303223 1593.19506836 487.112792969 -5.25559997559 1657.64025879 634.838012695 49.6387481689 1330.1907959 391.329040527 -209.923141479 1632.60961914 646.529602051 -139.359909058 1260.51818848 51.9577636719 -345.060180664 1437.72241211 600.287902832 -381.617370605 1181.19274902
0.031720161438 8 546.648803711 -139.725250244 1463.69042969 495.386871338 262.837371826 1596.75292969 494.594726562 -6.94198608398 1668.5736084 636.517089844 61.5181045532 1346.45935059 394.224517822 -222.694076538 1634.47570801 644.498718262 -124.126228333 1261.54846191 81.5924682617 -369.859313965 1460.58337402 597.180480957 -368.230010986 1179.99890137
0.035984992981 8 544.358032227 -140.938781738 1464.58129883 494.604248047 262.326660156 1599.47290039 495.263275146 -9.29769897461 1671.40722656 633.797485352 62.386505127 1349.79345703 397.671142578 -223.126296997 1636.39477539 641.522521973 -124.976638794 1260.29711914 74.6734313965 -358.441650391 1457.08227539 596.641784668 -363.861175537 1183.38684082
0.0334630012512 8 543.271362305 -139.499511719 1464.67224121 494.174926758 262.525054932 1603.13562012 495.499786377 -11.4148254395 1672.89929199 633.645996094 63.5303115845 1352.16540527 397.803253174 -227.278778076 1638.0949707 640.091552734 -118.690055847 1268.93640137 67.6375427246 -351.635253906 1458.81445312 593.772949219 -370.621368408 1180.31335449
0.0325598716736 8 540.925292969 -147.587188721 1459.61230469 493.725128174 262.066040039 1604.08459473 495.445922852 -22.4164123535 1660.19091797 627.790771484 42.6045150757 1340.2409668 402.997589111 -213.322601318 1643.46105957 634.681091309 -138.818756104 1261.94714355 77.8719482422 -331.644470215 1469.92834473 587.281616211 -388.096008301 1176.01953125
0.0406260490417 8 539.162658691 -149.382095337 1454.20507812 493.609741211 261.904510498 1605.65869141 492.581695557 -26.8177947998 1654.44360352 625.71484375 36.2387542725 1330.34619141 402.469360352 -213.006988525 1649.17419434 632.972045898 -149.732727051 1258.72180176 62.1083679199 -324.237304688 1475.08032227 590.390380859 -388.491821289 1178.05578613
0.035306930542 8 539.381713867 -148.264175415 1446.20593262 493.611938477 261.398254395 1607.92163086 488.992004395 -33.8990631104 1648.0604248 630.863586426 37.932723999 1330.7689209 397.599334717 -222.974533081 1649.78283691 635.416564941 -148.715515137 1258.23803711 87.0331726074 -308.304504395 1486.6595459 594.62322998 -381.52911377 1179.84094238
0.0350630283356 8 539.045715332 -149.510925293 1441.41113281 493.838806152 261.113952637 1609.83520508 487.482391357 -37.0095062256 1644.0625 633.668640137 37.7577667236 1330.2355957 394.6043396 -228.290161133 1651.00280762 637.788330078 -149.708175659 1257.07470703 75.6410827637 -303.658569336 1483.62646484 596.11126709 -380.077392578 1179.98596191
0.0309529304504 8 540.139038086 -145.750335693 1434.90515137 494.064941406 260.661254883 1610.40002441 491.835174561 -21.6820220947 1626.42211914 635.495849609 38.6542892456 1328.5703125 395.074432373 -230.715011597 1651.68310547 638.28729248 -150.114807129 1257.61560059 60.2351989746 -309.811706543 1474.48876953 598.087524414 -375.766906738 1178.35046387
0.0299971103668 8 540.182495117 -145.581802368 1439.48339844 494.316009521 259.632415771 1613.2265625 494.976470947 -18.1892547607 1629.02844238 633.249267578 34.726524353 1325.3458252 398.527862549 -226.475372314 1653.51721191 636.598815918 -162.460876465 1247.8046875 61.854675293 -300.787780762 1471.38842773 596.434143066 -373.702514648 1177.45532227
0.0347681045532 8 542.436889648 -149.191589355 1461.26599121 495.123168945 259.149810791 1613.62268066 498.458526611 -3.31750488281 1636.85986328 627.692687988 14.5018310547 1319.90625 403.494659424 -209.380599976 1661.37280273 633.447875977 -185.41116333 1238.06860352 70.6580810547 -261.873291016 1482.57800293 587.797973633 -402.419067383 1173.58203125
0.0309739112854 8 547.804626465 -152.579772949 1456.70581055 497.093078613 256.589355469 1616.21057129 501.156738281 -7.74737548828 1635.54846191 625.479248047 21.4258728027 1319.4979248 405.547088623 -214.393615723 1660.36157227 634.114868164 -181.58631897 1232.7010498 83.9295959473 -261.342254639 1496.50183105 588.422729492 -391.082824707 1172.40734863
0.0314619541168 8 546.394958496 -141.38218689 1449.73742676 498.053283691 256.300537109 1618.62866211 488.251739502 -6.20462036133 1626.16967773 640.143554688 28.085357666 1326.14916992 395.669830322 -218.125366211 1659.94775391 652.605407715 -152.97555542 1246.17980957 62.355255127 -259.048034668 1482.24890137 609.340515137 -362.824035645 1188.37194824
0.0356080532074 8 546.028259277 -137.354995728 1448.70129395 499.340026855 256.312011719 1622.85949707 485.695709229 -3.48533630371 1623.55310059 646.640808105 30.5054779053 1331.08166504 394.287811279 -218.392089844 1658.11987305 655.146057129 -158.348739624 1248.66296387 55.0925292969 -259.942047119 1484.82373047 613.741943359 -374.686340332 1186.97680664
0.0315659046173 8 549.220581055 -130.840454102 1449.5838623 499.726837158 256.186096191 1625.69140625 491.363983154 5.3888092041 1627.14367676 654.567382812 39.4218597412 1334.05822754 394.442687988 -218.779769897 1652.68066406 660.39251709 -151.748413086 1254.5246582 45.6509094238 -250.260848999 1476.61254883 619.847229004 -371.653839111 1189.29382324
0.0305211544037 8 549.074890137 -135.319274902 1453.50830078 500.656494141 256.095703125 1627.77587891 487.748535156 10.2507019043 1624.11315918 657.999023438 30.0208740234 1331.62365723 393.095123291 -209.372680664 1652.05688477 662.87701416 -153.990509033 1262.52844238 40.395690918 -237.199966431 1474.56652832 620.685424805 -381.742156982 1192.45959473
0.0357019901276 8 549.418151855 -135.376022339 1456.16540527 501.626647949 256.805541992 1629.48498535 490.835388184 16.1956939697 1628.20214844 663.680236816 29.8707122803 1331.10400391 388.544494629 -207.569534302 1651.35693359 668.025085449 -157.97354126 1262.18078613 52.8062438965 -236.05909729 1486.10046387 661.785400391 -309.274475098 1225.67370605
0.0474200248718 8 548.617614746 -133.980117798 1456.67407227 502.780639648 257.118621826 1630.84375 487.921234131 17.4052734375 1629.71679688 665.264404297 32.7078170776 1333.57177734 386.669036865 -208.326675415 1650.31811523 671.356750488 -156.713775635 1263.41906738 48.8192749023 -231.322616577 1483.14733887 626.850585938 -383.596008301 1195.8873291
0.0291509628296 8 547.159912109 -131.49987793 1463.37097168 506.321746826 256.910522461 1635.94750977 481.646697998 9.82559204102 1658.39916992 668.519470215 45.9516830444 1336.54882812 384.411071777 -220.567993164 1647.89465332 674.938171387 -143.754699707 1270.46569824 33.2273254395 -251.954086304 1463.93518066 634.257263184 -352.586975098 1204.30944824
0.0316228866577 8 547.526306152 -126.370483398 1463.03161621 505.717346191 257.274658203 1635.79992676 480.689178467 19.8157196045 1656.98303223 670.211975098 55.0244903564 1338.53674316 383.841278076 -228.261901855 1647.02111816 674.19909668 -133.493896484 1273.4909668 18.5661621094 -248.404403687 1448.71484375 628.726806641 -377.868560791 1199.8380127
0.0310249328613 8 548.370178223 -129.885665894 1472.86083984 507.558502197 257.079101562 1637.34179688 493.080413818 21.0290679932 1664.63293457 657.55847168 46.6953964233 1333.19714355 397.191680908 -217.050857544 1654.2722168 660.614624023 -146.119781494 1262.53198242 42.8217163086 -239.680892944 1452.60412598 619.95880127 -379.15637207 1191.63916016
0.0304081439972 8 550.189025879 -128.59475708 1476.10180664 508.49319458 256.772277832 1638.62915039 502.716583252 2.54847717285 1679.70227051 648.559326172 44.8923492432 1330.73669434 409.94732666 -212.501159668 1662.45581055 651.109558105 -149.292938232 1257.94677734 53.0522155762 -223.120727539 1468.95727539 609.370910645 -385.433776855 1189.81274414
0.0356249809265 8 553.279541016 -129.391235352 1480.44641113 508.433227539 256.932067871 1638.04553223 497.231506348 6.94924926758 1682.00830078 652.655212402 45.3628845215 1332.31494141 403.822570801 -212.446838379 1660.80822754 655.147766113 -149.505401611 1259.40319824 44.8354797363 -217.827346802 1470.31469727 613.163574219 -385.840148926 1191.99121094
0.0309600830078 8 554.40625 -133.195709229 1489.51000977 511.179931641 257.867858887 1642.13134766 501.988647461 13.7343902588 1684.02624512 645.976318359 34.354019165 1329.1517334 407.724609375 -203.352798462 1662.5559082 648.64239502 -160.529067993 1258.95092773 36.3128356934 -189.29309082 1459.57019043 606.726379395 -397.690155029 1189.71313477
0.0314610004425 8 555.786071777 -139.069732666 1481.7421875 512.474121094 257.135650635 1642.97412109 503.836425781 8.86437988281 1660.83728027 644.81628418 18.9900817871 1327.63464355 404.535186768 -189.516311646 1650.26965332 646.185791016 -177.585144043 1258.82006836 4.26556396484 -200.249816895 1395.92297363 602.428527832 -417.471496582 1183.87145996
0.035484790802 8 547.421569824 -138.78175354 1481.99951172 512.954956055 256.569946289 1642.21911621 494.323822021 15.5837402344 1653.10351562 652.720397949 8.29568481445 1329.66699219 376.569854736 -188.579162598 1643.16186523 651.496337891 -192.6953125 1261.6697998 37.373840332 -152.783279419 1465.66247559 608.397521973 -428.613464355 1188.25561523
0.0314481258392 8 551.342041016 -136.142669678 1480.66589355 513.872375488 256.526916504 1643.45019531 498.462982178 15.5642547607 1654.33435059 652.713317871 13.4915008545 1328.0045166 379.571777344 -189.341567993 1643.59875488 650.106384277 -186.950271606 1262.85864258 42.101348877 -158.48979187 1463.21008301 610.621459961 -410.680175781 1193.69519043
0.0315670967102 8 552.89642334 -128.404006958 1484.44335938 514.204467773 257.38760376 1643.7130127 502.06036377 19.3610534668 1663.48413086 651.151062012 22.7046737671 1329.56689453 391.732086182 -191.784545898 1648.82226562 647.384338379 -177.745330811 1262.75793457 47.259979248 -160.908950806 1468.21447754 607.476745605 -411.056854248 1184.09338379
0.0355269908905 8 552.146728516 -109.614295959 1495.26391602 515.251464844 257.897979736 1644.75439453 505.778259277 42.795791626 1680.60070801 647.075866699 45.5170288086 1332.0111084 394.14553833 -207.031082153 1647.65612793 643.964538574 -142.199417114 1268.85229492 49.589630127 -185.237014771 1464.95019531 605.488830566 -388.062194824 1181.41540527
0.0317368507385 8 546.854736328 -103.348487854 1487.78222656 515.952636719 259.255737305 1644.9251709 501.230895996 52.9488983154 1643.31079102 628.07208252 50.8295898438 1345.19018555 398.190673828 -177.340499878 1644.77392578 639.265380859 -157.168731689 1271.59851074 59.3712768555 -146.694595337 1480.98388672 604.66204834 -404.945739746 1186.88464355
0.0316710472107 8 550.571289062 -103.23841095 1498.07897949 515.951538086 260.824371338 1646.24157715 507.155822754 34.4721984863 1683.21850586 634.175964355 65.0843353271 1357.35375977 393.427307129 -187.610290527 1643.69226074 643.142456055 -148.018005371 1271.88037109 54.6166992188 -164.508392334 1473.93920898 602.18182373 -398.082580566 1179.69714355
0.0355129241943 8 557.883544922 -105.118812561 1490.43762207 515.72857666 261.695709229 1647.37609863 518.033813477 11.4608306885 1702.56628418 650.722900391 78.0055465698 1356.18444824 384.13092041 -205.092437744 1643.20544434 654.911804199 -121.935310364 1279.59716797 39.0045166016 -175.453979492 1466.56176758 615.547851562 -374.757293701 1188.49133301
0.0320100784302 8 556.348205566 -108.705711365 1483.81066895 515.056396484 262.318450928 1648.55053711 513.564086914 0.812271118164 1708.30126953 656.455078125 86.1872940063 1356.46777344 395.302978516 -206.760696411 1651.70458984 657.377990723 -114.557701111 1279.31762695 30.9687194824 -186.668426514 1463.97558594 618.699645996 -349.988311768 1193.56835938
0.0317869186401 8 556.203369141 -110.366401672 1486.15270996 514.656616211 262.806335449 1650.25366211 518.173034668 4.86152648926 1711.01318359 655.043823242 82.6688919067 1351.04492188 412.836425781 -193.651412964 1660.22058105 653.609191895 -118.495567322 1274.92089844 31.2443237305 -188.047012329 1467.50830078 616.954650879 -359.953826904 1188.60925293
0.0422899723053 8 556.191467285 -111.477119446 1487.16516113 514.42565918 263.782012939 1651.6628418 521.91595459 8.85215759277 1709.81079102 654.047180176 79.8611450195 1349.18286133 421.635040283 -186.362045288 1660.57312012 650.761901855 -121.257034302 1271.24768066 39.9516906738 -178.719696045 1478.27856445 610.132507324 -355.940124512 1190.89208984
0.0326700210571 8 557.639770508 -113.348739624 1488.30273438 514.569274902 264.426635742 1652.58752441 527.973815918 10.5086975098 1712.18310547 655.177429199 80.1262512207 1349.02880859 424.50793457 -188.507736206 1657.79504395 650.400390625 -120.541549683 1268.9942627 43.8312988281 -165.238220215 1486.31982422 616.429504395 -359.433563232 1187.52575684
0.0303590297699 8 557.648132324 -116.638999939 1487.68273926 515.261352539 264.84942627 1653.64355469 526.206665039 8.17802429199 1714.37670898 658.598327637 78.186340332 1346.93359375 416.130523682 -197.974822998 1653.59228516 647.154602051 -123.221511841 1262.45690918 49.4848937988 -166.364929199 1491.1907959 606.492675781 -364.109069824 1190.18786621
0.0351450443268 8 558.221252441 -116.844734192 1485.72131348 515.437194824 265.502593994 1655.5111084 528.506958008 10.5423126221 1710.19335938 657.704223633 78.8576049805 1346.78955078 412.546173096 -198.159332275 1653.17883301 648.672058105 -122.269973755 1263.61901855 53.6357421875 -168.31350708 1486.40258789 613.971740723 -353.396240234 1186.40429688
0.0312149524689 8 558.192382812 -117.296470642 1483.72094727 516.867919922 265.115997314 1655.68981934 528.710327148 11.6630706787 1705.66162109 656.937011719 77.7173156738 1345.96484375 411.266326904 -196.255462646 1653.56713867 648.80090332 -123.634475708 1263.37780762 50.253112793 -162.267227173 1489.54614258 611.466064453 -361.999145508 1182.77807617
0.0316951274872 8 555.205322266 -108.660568237 1455.69702148 523.130187988 263.433959961 1656.25183105 497.3253479 -7.36228942871 1687.41052246 690.276489258 92.1343536377 1362.20959473 379.656463623 -213.748321533 1634.95043945 680.679321289 -106.466140747 1281.61218262 15.1854553223 -173.05696106 1467.5769043 643.936218262 -344.74206543 1203.15881348
0.035285949707 8 557.041625977 -108.446800232 1460.32458496 522.840270996 263.780212402 1655.17529297 513.369689941 -7.01113891602 1691.18835449 675.250427246 92.3880767822 1354.55725098 370.09463501 -216.959869385 1636.15917969 666.446350098 -107.373336792 1273.53771973 20.4928283691 -167.80947876 1473.30432129 650.483886719 -343.175384521 1262.30627441
0.0319409370422 8 556.148132324 -128.696136475 1472.69006348 523.115112305 264.080200195 1654.40356445 530.581726074 4.27200317383 1673.51928711 637.600402832 46.407043457 1326.50146484 379.736175537 -191.759857178 1648.60571289 625.500061035 -153.509414673 1249.81530762 65.3112487793 -105.534179688 1498.19702148 590.835571289 -382.63470459 1174.89440918
0.0312621593475 8 557.401977539 -137.293426514 1473.36376953 527.093994141 262.790283203 1651.50866699 531.174987793 1.0007019043 1669.81616211 631.788635254 36.3324966431 1322.60742188 365.948364258 -190.743972778 1647.44104004 618.3203125 -163.025421143 1248.16137695 66.3193969727 -93.2372894287 1495.38525391 582.187988281 -395.160522461 1171.12988281
0.0356979370117 8 553.627685547 -152.194061279 1477.91503906 526.399536133 263.298461914 1650.77111816 524.325622559 -11.2841033936 1674.88000488 625.380065918 19.2273101807 1319.87731934 348.395751953 -175.420394897 1650.22314453 611.134216309 -183.991455078 1242.30773926 69.7835388184 -66.8125305176 1501.25463867 579.391052246 -390.028442383 1178.19873047
0.0313580036163 8 548.101257324 -157.162750244 1468.75561523 529.72857666 262.757324219 1648.69958496 510.992675781 -7.64436340332 1644.9239502 620.052734375 3.23222351074 1314.27380371 329.428466797 -161.865066528 1655.00671387 604.519714355 -201.813369751 1235.73925781 72.8281555176 -40.8430175781 1513.6998291 572.903137207 -422.999084473 1162.84887695
0.0347578525543 8 534.890380859 -164.497451782 1439.03735352 532.280517578 262.270080566 1647.31335449 482.878387451 -26.5670776367 1624.39135742 639.698303223 9.97848510742 1317.95996094 290.72265625 -171.699279785 1643.60974121 622.264099121 -194.709121704 1241.71972656 51.2568817139 -46.6424789429 1508.22717285 587.317687988 -425.963134766 1166.52783203
0.0312991142273 8 534.809997559 -166.393539429 1434.03588867 534.290344238 261.013793945 1645.4798584 479.509002686 -29.7946929932 1617.01855469 639.541381836 7.64012145996 1315.95166016 282.297515869 -167.167892456 1643.28564453 621.012634277 -197.33833313 1240.10656738 55.1996765137 -37.765838623 1509.90307617 584.92175293 -438.861816406 1168.6204834
0.0318949222565 8 534.362243652 -165.446258545 1432.11962891 532.600830078 261.161499023 1646.26086426 475.461791992 -30.3413543701 1613.07885742 638.561767578 6.82759094238 1314.08105469 273.287384033 -161.464019775 1641.8572998 619.624023438 -198.421936035 1238.72692871 52.6954193115 -30.2655639648 1511.38037109 580.024719238 -446.458740234 1170.47717285
0.0360169410706 8 534.98614502 -164.160705566 1429.03723145 531.933959961 260.675933838 1646.04650879 474.36932373 -33.6965942383 1611.18798828 637.363830566 9.85241699219 1314.52709961 267.007263184 -158.901641846 1639.66149902 618.52532959 -195.753005981 1237.65881348 54.1858978271 -19.9281921387 1509.6015625 580.249633789 -443.060821533 1170.27478027
0.0329990386963 8 534.092102051 -165.998291016 1427.33996582 534.728210449 258.406097412 1642.42297363 472.067352295 -37.610458374 1611.60791016 636.963256836 8.65782165527 1312.45703125 254.866317749 -151.98677063 1634.84814453 616.66796875 -196.401824951 1235.89221191 51.8827209473 -16.127822876 1508.81884766 578.532775879 -446.833679199 1169.75268555
0.0307919979095 8 533.897399902 -165.905609131 1432.2857666 536.264953613 258.056030273 1639.97875977 470.059844971 -43.2098999023 1628.69384766 639.259887695 15.5536804199 1315.3371582 245.774230957 -154.749069214 1630.13781738 618.338867188 -189.258621216 1238.9822998 47.6635894775 -10.3640441895 1520.60009766 576.1640625 -439.549377441 1177.7689209
0.0358710289001 8 528.005126953 -167.600616455 1434.71252441 536.45324707 258.290161133 1640.41162109 468.065765381 -33.87159729 1623.13366699 639.20489502 5.26155090332 1313.33654785 242.125427246 -141.019927979 1632.59814453 618.312866211 -200.19631958 1237.0246582 42.871887207 0.333511352539 1526.93164062 583.146789551 -451.688232422 1172.31140137
0.0320460796356 8 529.0859375 -172.592605591 1442.2166748 536.698608398 258.343200684 1640.29870605 473.624969482 -29.63331604 1627.64526367 632.448364258 -1.23512268066 1308.61279297 248.105957031 -132.219467163 1636.95788574 610.969604492 -207.871994019 1231.79077148 52.2158203125 13.7059326172 1529.61132812 572.21484375 -462.939727783 1166.96936035
0.0321300029755 8 529.461120605 -181.492523193 1450.48486328 537.58026123 258.17388916 1640.84594727 479.031768799 -23.6787109375 1632.11279297 625.83581543 -9.02740478516 1304.1809082 252.324691772 -120.158973694 1641.36364746 605.024780273 -216.822052002 1227.32629395 61.6402282715 26.1730575562 1530.80200195 567.659729004 -470.647796631 1162.6192627
0.0374910831451 8 532.082824707 -175.445861816 1445.22717285 539.237609863 257.574035645 1639.79248047 477.312835693 -32.7203826904 1636.80578613 630.196228027 1.98570251465 1307.51501465 252.471481323 -133.023666382 1639.88110352 609.25769043 -205.313613892 1229.06152344 58.4384613037 8.28521728516 1525.03186035 572.21862793 -460.638519287 1166.03759766
0.0327639579773 8 539.800537109 -161.695236206 1425.32958984 540.186828613 257.98550415 1638.74780273 468.739135742 -55.0500488281 1628.85961914 642.27166748 28.4660644531 1319.56616211 241.704803467 -156.904968262 1629.78051758 620.398864746 -176.171218872 1236.58569336 47.6382904053 -8.23403930664 1514.55053711 587.178955078 -426.179290771 1176.95544434
0.0316429138184 8 535.444274902 -155.159683228 1435.44836426 541.719299316 258.910339355 1637.05834961 467.97454834 -44.1687774658 1632.79785156 645.146606445 19.3484954834 1319.99121094 240.414810181 -145.757507324 1631.13964844 623.976318359 -182.027816772 1234.44604492 44.21875 11.1870269775 1519.82910156 592.509521484 -431.641052246 1176.93969727
0.0354750156403 8 538.155761719 -157.719848633 1433.63378906 542.520996094 260.023040771 1636.39794922 472.260894775 -47.9315185547 1635.77929688 642.003967285 26.2905197144 1321.3203125 243.811691284 -147.292755127 1633.89733887 620.306884766 -173.805450439 1235.00756836 44.7837219238 6.0892791748 1523.27050781 591.028564453 -424.271636963 1176.30651855
0.0316090583801 8 540.080871582 -154.75050354 1436.40002441 542.750976562 261.018981934 1636.37548828 478.730895996 -43.7752227783 1640.55883789 640.300231934 33.1477127075 1324.99682617 244.643234253 -150.941497803 1633.63061523 619.315429688 -163.593719482 1235.42272949 43.5786437988 7.55474853516 1523.25964355 592.477905273 -414.653808594 1177.10192871
0.0459358692169 8 540.788635254 -149.148132324 1440.0559082 543.223327637 261.919616699 1635.7479248 481.251586914 -41.424697876 1643.95874023 641.36151123 35.8553924561 1328.77124023 246.164718628 -149.592346191 1634.78369141 621.379089355 -158.196014404 1236.20593262 45.9565887451 9.16903686523 1522.97814941 593.197021484 -410.405456543 1177.21252441
0.0327999591827 8 539.945068359 -148.435195923 1439.3536377 543.472595215 262.316619873 1634.29370117 478.162780762 -43.9432983398 1643.13427734 642.053161621 35.7616577148 1330.23095703 245.597930908 -148.19682312 1633.99157715 621.945800781 -159.281677246 1237.8614502 44.9564208984 20.2984008789 1531.609375 595.39465332 -406.840881348 1179.69543457
0.0306072235107 8 536.708618164 -147.528518677 1446.45141602 544.592041016 262.509521484 1632.86730957 479.828186035 -34.2090301514 1647.21984863 642.861633301 30.6872711182 1330.88562012 246.036209106 -138.991027832 1636.00366211 622.717407227 -161.856567383 1237.06677246 45.4048614502 36.9188690186 1528.81152344 594.828491211 -415.890319824 1177.04724121
0.0298678874969 8 537.194152832 -147.042770386 1445.80212402 545.755249023 262.754333496 1633.0098877 478.55065918 -37.1613922119 1646.73535156 641.976074219 35.3646087646 1337.93383789 246.839996338 -135.715240479 1637.55053711 621.402648926 -153.853256226 1239.41540527 52.7455596924 22.8719787598 1529.5925293 596.907409668 -413.435791016 1180.72546387
0.0341820716858 8 535.925537109 -148.314956665 1443.94677734 546.703369141 263.447235107 1632.91577148 476.407348633 -37.5447387695 1645.35620117 644.290710449 34.0878295898 1337.34204102 243.780075073 -133.415496826 1636.22009277 622.512817383 -157.72706604 1240.81188965 52.1716766357 19.8824615479 1525.24121094 597.437561035 -415.759765625 1180.82336426
0.0314519405365 8 536.372924805 -149.405456543 1442.63537598 547.302856445 263.411987305 1632.1895752 476.282684326 -39.2765655518 1644.52001953 644.032470703 34.6688156128 1337.64550781 244.879806519 -130.904754639 1636.84008789 621.221252441 -157.802093506 1240.88391113 49.7051391602 39.2525939941 1530.7713623 597.720825195 -412.353790283 1180.27844238
0.0311589241028 8 536.124206543 -149.246520996 1443.33911133 547.895996094 263.379333496 1630.71057129 475.092315674 -39.579208374 1645.61547852 643.810241699 36.0777206421 1339.77124023 244.501098633 -130.789581299 1635.76855469 620.405700684 -156.466186523 1241.98486328 49.4858551025 47.2685241699 1536.58068848 597.05291748 -412.86920166 1181.07788086
0.0352380275726 8 535.179260254 -150.224273682 1444.63659668 549.500549316 264.00982666 1626.94042969 474.102050781 -39.0335388184 1645.57055664 643.189575195 33.6241455078 1339.74658203 244.951675415 -126.063835144 1636.97363281 618.618835449 -158.765289307 1241.21008301 43.7379608154 53.9539718628 1523.6829834 596.446838379 -416.233825684 1181.87023926
0.0410649776459 8 534.630249023 -150.092758179 1446.56237793 550.289123535 263.451049805 1625.94665527 473.215393066 -37.95262146 1645.14611816 642.425720215 31.8400802612 1341.37976074 242.789764404 -117.123649597 1638.12426758 617.349975586 -160.082489014 1240.92272949 44.5059204102 65.9384078979 1530.10778809 594.840820312 -417.261505127 1179.77319336
0.0331110954285 8 534.51739502 -149.344146729 1447.13720703 550.648864746 263.614196777 1626.49328613 471.693939209 -35.98487854 1645.24816895 642.368041992 32.797958374 1341.12927246 239.036056519 -112.392799377 1636.9074707 617.046447754 -159.026397705 1245.43493652 49.4234924316 78.615272522 1548.64013672 596.820068359 -414.374847412 1179.16101074
0.0330898761749 8 534.263427734 -156.080215454 1449.65197754 551.307312012 263.442810059 1626.64501953 474.61630249 -31.7203063965 1647.77880859 638.430603027 30.6967163086 1337.66479492 240.763763428 -105.911994934 1638.64172363 614.492492676 -161.875137329 1242.65075684 43.0234985352 92.9233627319 1547.66113281 593.246520996 -416.483886719 1176.94726562
0.0297729969025 8 535.49029541 -164.184310913 1454.52282715 552.182006836 263.766113281 1625.71350098 487.264678955 -11.4911956787 1630.83349609 628.865600586 15.6515655518 1329.35668945 250.672790527 -91.1312408447 1644.9987793 605.204956055 -177.17175293 1234.4934082 63.2307281494 100.066802979 1557.83532715 583.43927002 -431.560791016 1170.60949707
0.0382461547852 8 536.872009277 -159.847259521 1459.93713379 552.268005371 264.023468018 1625.60681152 487.677337646 -9.4984588623 1642.61218262 626.437866211 13.8071746826 1317.74963379 251.073028564 -81.7996749878 1646.12561035 603.441711426 -182.705459595 1236.12866211 69.1110076904 93.6550369263 1558.28283691 581.306762695 -434.894897461 1169.11975098
0.0332398414612 8 533.664916992 -154.59765625 1456.32250977 552.723937988 263.869384766 1625.3885498 480.251525879 -10.0066070557 1643.34570312 629.907531738 15.4156341553 1312.89941406 244.112640381 -76.8865737915 1644.2911377 607.934631348 -186.381347656 1239.16809082 62.680770874 108.335166931 1558.60131836 586.328491211 -434.288269043 1172.63317871
0.0295491218567 8 531.69140625 -150.450714111 1457.07922363 553.128112793 263.794006348 1625.42260742 474.946594238 -11.9210968018 1644.34606934 633.873840332 18.8468475342 1321.51940918 240.217575073 -80.4768676758 1642.77880859 615.569152832 -186.796600342 1247.0402832 58.415802002 103.559234619 1553.68981934 592.245849609 -433.59475708 1177.43981934
0.0300190448761 8 530.298522949 -147.406280518 1453.43859863 553.497802734 262.999816895 1625.00830078 468.635253906 -15.5821228027 1642.34130859 638.630493164 23.8980178833 1327.80688477 232.910491943 -79.0847244263 1639.19543457 622.080688477 -180.31829834 1252.18981934 51.0845336914 111.544029236 1545.79577637 597.418701172 -429.109313965 1180.59069824
0.0347130298615 8 530.927185059 -149.625946045 1454.6854248 554.554260254 262.16027832 1624.49108887 468.847747803 -15.7017974854 1644.2364502 636.458129883 25.0277252197 1327.88415527 234.08190918 -73.8196411133 1638.8347168 623.204284668 -181.731903076 1250.02514648 56.9217529297 100.386688232 1540.65600586 596.170349121 -427.699127197 1178.84008789
0.0308117866516 8 528.737426758 -146.55027771 1453.92407227 555.140258789 262.328460693 1624.49963379 463.720489502 -13.2756500244 1643.14453125 635.986328125 27.3168411255 1327.18920898 231.540771484 -70.6234588623 1636.23083496 625.203369141 -179.813232422 1250.97045898 51.7041320801 115.863052368 1544.76013184 599.20715332 -424.592346191 1182.44030762
0.0308971405029 8 526.914367676 -144.092086792 1456.20581055 554.926757812 262.743896484 1624.96911621 453.417572021 -11.4211578369 1643.38513184 638.946411133 28.4378509521 1330.81921387 220.200119019 -59.2430458069 1628.49304199 626.61920166 -176.660949707 1251.46875 92.2136306763 71.8993988037 1548.47375488 603.444030762 -414.409606934 1185.25366211
0.0346570014954 8 526.47277832 -142.372512817 1456.08459473 555.569152832 262.224578857 1625.77832031 449.857177734 -8.79179382324 1641.72290039 639.720336914 28.0382232666 1328.37158203 214.611190796 -51.7856750488 1626.75439453 626.983337402 -180.503417969 1252.11108398 47.4705200195 137.44442749 1539.46813965 605.399353027 -412.608398438 1186.20239258
0.0416679382324 8 527.608947754 -140.52154541 1461.14904785 556.098144531 262.302612305 1626.17126465 446.822601318 -4.94554138184 1640.80773926 642.452026367 22.2211532593 1328.82165527 210.681610107 -43.5297813416 1625.15539551 630.522521973 -188.22756958 1253.16333008 52.64012146 137.601974487 1539.68920898 607.811401367 -412.985321045 1187.43249512
0.0358080863953 8 529.13684082 -138.237625122 1466.3449707 556.668640137 262.160888672 1625.98608398 445.907196045 -1.26454162598 1640.16564941 644.175415039 17.4954071045 1330.64001465 208.463699341 -35.2807998657 1625.78637695 645.729003906 -176.669906616 1277.64746094 40.8760375977 181.770721436 1552.84655762 611.098876953 -417.003356934 1190.43566895
0.0292439460754 8 528.832397461 -131.933441162 1467.11779785 557.465698242 262.237976074 1626.36816406 444.001403809 0.264083862305 1639.7845459 642.926574707 20.9589691162 1332.60827637 207.160919189 -31.865814209 1625.77368164 637.558959961 -158.037506104 1270.23449707 41.1441345215 180.922027588 1550.92358398 608.06652832 -419.205535889 1188.0826416
0.0309720039368 8 528.839416504 -126.295013428 1465.62939453 557.68347168 263.008666992 1626.69177246 444.859375 -0.918487548828 1639.75524902 642.072753906 23.8667678833 1332.50744629 206.67199707 -29.5203418732 1627.79882812 636.075561523 -166.28515625 1265.44897461 44.2083892822 175.40852356 1554.24353027 606.825439453 -417.094482422 1186.35913086
0.0346510410309 8 528.195739746 -126.80317688 1462.15246582 557.720275879 263.388702393 1626.92736816 447.46105957 -3.13848876953 1641.61499023 639.111816406 29.4661331177 1330.64013672 213.002334595 -37.4752006531 1630.42126465 631.380615234 -167.788757324 1259.74353027 50.8246765137 170.717132568 1555.35107422 603.786682129 -417.433044434 1185.81005859
0.0314319133759 8 528.089477539 -127.999458313 1458.00793457 557.329956055 263.897003174 1627.02258301 451.171813965 -6.02745056152 1641.72924805 636.807678223 33.7646484375 1329.32299805 217.240097046 -39.6316680908 1631.75512695 630.296081543 -164.541671753 1256.82592773 52.2683868408 168.254684448 1549.09143066 600.245605469 -415.703369141 1183.83996582
0.0303180217743 8 528.051025391 -130.144485474 1456.71472168 557.756469727 264.059631348 1626.93127441 450.991271973 -5.31245422363 1640.34936523 635.430725098 35.4658966064 1329.09887695 218.507720947 -38.9302597046 1630.83581543 638.184814453 -164.612884521 1242.29711914 52.2910766602 169.325378418 1545.32702637 595.685241699 -404.217224121 1185.6965332
0.0351450443268 8 528.753967285 -134.482315063 1457.78649902 558.254089355 263.657104492 1626.96264648 449.300506592 -3.18641662598 1638.23205566 637.582580566 32.1940155029 1329.38293457 214.750534058 -32.306186676 1629.27514648 639.348693848 -173.86479187 1241.82006836 53.4804382324 176.594223022 1543.00830078 599.997253418 -417.629272461 1183.97692871
0.0317659378052 8 528.812133789 -132.792602539 1458.5970459 559.053649902 264.150146484 1626.52819824 448.823638916 -2.3470916748 1637.91394043 635.653991699 31.5513458252 1327.65930176 214.521499634 -26.2193717957 1628.76269531 629.847167969 -193.671707153 1242.84118652 54.6465911865 179.56578064 1542.98095703 599.383239746 -415.287475586 1183.80114746
0.0411419868469 8 531.424987793 -137.019042969 1464.33532715 560.211608887 264.702636719 1625.4206543 437.361450195 4.92471313477 1630.12219238 643.942749023 25.2317810059 1332.06359863 203.952575684 -19.3450946808 1622.89538574 637.861328125 -208.918624878 1249.67590332 43.9113464355 191.550338745 1541.35705566 603.74005127 -427.643066406 1186.99658203
0.0349960327148 8 534.644226074 -134.627334595 1471.92944336 561.540039062 265.235198975 1625.53173828 428.70892334 11.5823516846 1622.64025879 653.303833008 18.1613311768 1338.18005371 194.623718262 -9.85179710388 1615.59094238 651.600891113 -193.956893921 1263.69506836 36.7147064209 202.182556152 1532.72375488 616.75958252 -422.864013672 1195.49890137
0.0294499397278 8 535.769897461 -134.674438477 1475.80749512 562.010253906 265.569396973 1624.73291016 424.15737915 15.3586883545 1618.40319824 658.303588867 15.7547454834 1342.92614746 189.241500854 -2.6778793335 1611.25463867 654.629943848 -185.96635437 1279.34570312 33.0033569336 215.101745605 1534.8503418 666.439208984 -308.566711426 1244.45214844
0.0302550792694 8 536.098388672 -135.820846558 1476.07629395 562.268615723 266.03024292 1624.28881836 423.631195068 15.8518066406 1616.98071289 659.726928711 15.6657714844 1344.64038086 191.922042847 9.72761154175 1619.69580078 654.557434082 -195.771514893 1278.93310547 12.3010559082 302.859802246 1572.61901855 665.424926758 -294.102935791 1241.24121094
0.0351068973541 8 537.557067871 -135.753341675 1475.38781738 563.023498535 266.320800781 1623.47497559 422.856262207 16.6864624023 1613.60253906 660.854858398 18.4163208008 1346.83081055 188.830459595 3.30338191986 1614.90429688 658.659973145 -188.144668579 1288.71533203 22.0738067627 240.47857666 1535.93347168 666.141845703 -313.057250977 1246.02966309
0.0309281349182 8 537.84185791 -138.492889404 1467.09130859 563.254272461 266.962738037 1623.29602051 429.029388428 9.49435424805 1619.03222656 654.736022949 27.0774536133 1341.59741211 194.717529297 -4.83549976349 1618.04760742 654.935668945 -181.440216064 1278.96679688 32.6387786865 185.343505859 1526.26745605 660.304138184 -304.788116455 1240.38891602
0.0310249328613 8 536.726379395 -141.316131592 1460.85766602 564.218078613 267.373901367 1623.21398926 429.445007324 7.03469848633 1621.42260742 653.687561035 23.9017333984 1325.50048828 196.0184021 -6.77336120605 1618.7331543 653.125 -183.547958374 1276.80981445 28.1640167236 239.900985718 1553.65795898 626.006896973 -383.947570801 1203.64831543
0.0350790023804 8 530.123474121 -139.43359375 1453.6697998 565.596191406 267.934661865 1622.87207031 439.694610596 0.887222290039 1630.15075684 642.070678711 30.8254241943 1321.41003418 207.26965332 -11.4949979782 1625.98583984 640.591308594 -180.109390259 1267.82971191 53.9502868652 159.579406738 1532.83227539 618.452209473 -363.918731689 1199.96887207
0.0310890674591 8 529.04296875 -140.370529175 1446.40222168 566.694824219 267.632324219 1621.92993164 442.174530029 -4.12576293945 1632.51550293 642.952697754 28.7540512085 1307.95202637 210.563690186 -16.6606864929 1627.26464844 631.951843262 -182.21282959 1254.08789062 56.1360321045 160.736755371 1542.61828613 614.60144043 -363.13458252 1199.66540527
0.0313050746918 8 527.945251465 -138.921676636 1445.85424805 567.648864746 267.56628418 1621.40893555 444.826843262 -6.94523620605 1635.7956543 640.075866699 35.6511688232 1314.11474609 214.826644897 -15.2521190643 1630.63647461 629.67175293 -176.685638428 1254.18371582 50.0488128662 232.094467163 1569.94018555 612.985778809 -348.463104248 1199.55224609
0.0353329181671 8 528.629760742 -138.533813477 1446.46923828 568.722473145 267.451660156 1620.45727539 444.575775146 -8.28228759766 1636.67236328 640.832092285 36.3203353882 1315.91455078 214.96522522 -12.8475818634 1631.79162598 631.524902344 -175.343688965 1255.44360352 50.8037567139 231.046813965 1572.99121094 614.891235352 -347.143310547 1201.05041504
0.0319590568542 8 529.171508789 -137.04737854 1448.74462891 570.174255371 267.140716553 1619.15209961 445.686676025 -7.94303894043 1638.66906738 640.06628418 36.9415435791 1317.82775879 216.207336426 -9.76931190491 1634.54418945 631.093383789 -174.459014893 1256.05834961 49.87449646 224.228775024 1575.03588867 611.583251953 -356.63079834 1197.67565918
0.0317919254303 8 528.524597168 -138.155792236 1453.46801758 571.294616699 267.053710938 1618.53540039 446.903045654 -4.76460266113 1642.14477539 639.253356934 34.1647109985 1318.93505859 218.494049072 -5.14119052887 1637.2947998 630.436035156 -176.651367188 1254.64660645 42.2307739258 264.691711426 1611.71972656 610.649230957 -363.585601807 1196.19726562
0.0355479717255 8 528.532897949 -136.864227295 1456.23962402 573.013549805 267.125915527 1618.44506836 447.341491699 -5.98249816895 1645.48376465 638.71673584 40.0162734985 1329.32116699 221.467681885 -2.03466320038 1643.34338379 631.093933105 -173.73815918 1256.00402832 51.1686706543 255.771118164 1624.53137207 610.476379395 -369.977050781 1195.28088379
0.0313351154327 8 529.460144043 -136.993148804 1455.68579102 574.312255859 267.056121826 1618.76123047 448.068725586 -5.69944763184 1644.10510254 639.974609375 37.3678665161 1326.26672363 228.313644409 -4.82233142853 1652.83154297 631.237976074 -173.005187988 1255.76855469 53.5717468262 261.167480469 1638.57775879 600.485290527 -400.530792236 1188.36071777
0.0318698883057 8 530.319458008 -136.655288696 1455.59765625 576.656860352 266.960510254 1618.66308594 450.984985352 -7.48107910156 1646.98339844 641.358276367 37.5431289673 1325.46777344 235.511962891 -10.5507316589 1660.26757812 629.867614746 -173.048614502 1251.68286133 58.2901000977 236.463409424 1634.44299316 597.830078125 -407.898590088 1185.11962891
0.0371630191803 8 531.056762695 -136.545578003 1455.88098145 578.437316895 266.767150879 1618.83166504 454.358795166 -8.49507141113 1649.29638672 641.657897949 37.7487030029 1325.19799805 242.577636719 -17.1297874451 1666.63085938 628.010803223 -172.981552124 1248.90356445 63.412612915 239.663085938 1650.82495117 597.198669434 -407.201507568 1187.17834473
0.0310840606689 8 531.762023926 -136.030044556 1456.2791748 580.15435791 267.205444336 1618.77087402 457.930267334 -8.57664489746 1651.28222656 640.780151367 38.2214431763 1324.09277344 247.731765747 -20.7539138794 1672.92993164 627.697753906 -171.232666016 1249.92236328 67.6905517578 238.98449707 1652.53588867 589.81628418 -420.336791992 1186.71472168
0.0311570167542 8 532.041870117 -135.855270386 1456.48986816 582.067199707 267.434997559 1618.16064453 460.031188965 -8.17797851562 1652.12731934 640.406982422 38.0061950684 1323.10925293 248.141159058 -23.1169872284 1677.43725586 627.397277832 -172.083740234 1249.68139648 88.0829315186 197.052886963 1653.0958252 589.592102051 -415.570800781 1191.51660156
0.0362420082092 8 534.778564453 -136.870361328 1458.8515625 583.857055664 267.913726807 1617.51098633 471.094726562 -8.80912780762 1657.42456055 641.028686523 36.8457183838 1323.13012695 250.931930542 -29.6101837158 1687.94787598 628.258117676 -174.113891602 1249.64160156 87.1686553955 190.799026489 1658.13134766 585.182434082 -424.978820801 1190.24658203
0.035295009613 8 536.852416992 -133.880599976 1465.3614502 586.349914551 268.266082764 1616.23986816 478.829406738 -6.32093811035 1661.59887695 643.064453125 46.6938705444 1345.94946289 260.043731689 -39.7543029785 1704.02575684 627.963623047 -176.226409912 1246.6739502 97.2442321777 192.008117676 1666.87414551 586.287963867 -428.596069336 1192.80065918
0.0337338447571 8 535.822753906 -137.905456543 1460.86364746 588.256469727 269.039306641 1615.1348877 480.856933594 -6.69485473633 1659.8079834 646.97479248 43.8103561401 1340.69299316 258.555175781 -47.1289787292 1710.9197998 632.690124512 -174.562744141 1248.7142334 92.5662384033 183.194961548 1661.14135742 595.33972168 -433.489746094 1191.35742188
0.0355501174927 8 541.233886719 -139.378555298 1460.09680176 589.506958008 269.381011963 1613.30651855 494.372436523 -7.79356384277 1659.46154785 649.413330078 40.9936904907 1337.54040527 288.32800293 -71.241394043 1721.83374023 636.591247559 -173.859893799 1250.78833008 90.8079528809 152.123718262 1665.27270508 600.898620605 -430.50579834 1193.63586426
0.0309660434723 8 545.330749512 -140.216064453 1460.73071289 592.732177734 269.030395508 1610.89941406 506.89654541 -8.98483276367 1657.36791992 652.09588623 40.2073974609 1344.91308594 300.954284668 -86.3804779053 1729.92871094 638.194458008 -173.971282959 1249.81066895 95.6808776855 119.212661743 1673.07836914 602.45489502 -434.109191895 1191.83203125
0.0315549373627 8 565.344421387 -131.28817749 1491.55908203 593.842407227 268.589477539 1609.4609375 544.299987793 5.16523742676 1668.68994141 620.917663574 13.1631011963 1328.82202148 340.856811523 -81.2971496582 1745.95922852 610.448059082 -192.281356812 1239.79138184 119.14112854 108.644836426 1691.78271484 577.98260498 -452.224975586 1182.05041504
0.0404319763184 8 558.41998291 -138.514526367 1486.74865723 594.696838379 268.804840088 1608.26525879 537.690490723 -7.77990722656 1670.78808594 628.844909668 8.96612548828 1329.64453125 330.756958008 -80.9320068359 1746.95117188 625.95489502 -186.136001587 1271.8170166 108.490249634 68.3500366211 1694.52575684 588.272460938 -454.846740723 1180.67114258
0.0388240814209 8 550.396606445 -139.44241333 1480.44470215 595.292724609 269.055938721 1607.87133789 524.215393066 -12.2705535889 1667.30419922 633.113891602 21.5352020264 1342.53613281 322.212860107 -106.778648376 1739.30749512 641.292907715 -169.340652466 1287.57971191 94.772857666 9.76753997803 1700.2364502 607.180969238 -440.439025879 1187.03686523
0.0294878482819 8 546.202941895 -123.974510193 1476.08776855 597.357299805 269.434082031 1606.4822998 521.595275879 -10.6575317383 1664.92028809 631.380432129 36.1972198486 1348.83239746 340.508453369 -136.390487671 1735.90478516 649.406616211 -145.475265503 1292.66821289 97.8388824463 -46.1095657349 1693.19372559 613.198059082 -434.606628418 1187.7088623
0.0399849414825 8 552.377746582 -126.258529663 1468.4152832 597.441833496 269.392974854 1604.96020508 536.429443359 -9.48983764648 1655.07141113 640.280334473 35.3954086304 1346.46838379 376.025512695 -162.677505493 1735.4074707 650.635070801 -139.340026855 1290.57958984 115.011535645 -127.162338257 1687.09716797 619.310424805 -425.493530273 1195.10522461
0.0319550037384 8 560.328308105 -117.649101257 1471.35571289 599.878051758 268.819519043 1600.73828125 549.044921875 3.35192871094 1662.16064453 645.87701416 52.9721832275 1349.92675781 394.174682617 -189.286026001 1723.98876953 651.44342041 -146.812637329 1277.7442627 119.217651367 -215.200668335 1682.48388672 621.463745117 -411.716552734 1197.43640137
0.0305922031403 8 576.881347656 -105.349487305 1504.45373535 601.779541016 268.803070068 1598.07189941 581.925842285 37.1784744263 1675.6998291 625.46307373 39.3332443237 1342.05993652 464.525085449 -167.180145264 1717.39562988 629.768310547 -158.758148193 1269.16955566 171.341247559 -225.970062256 1761.32165527 598.051330566 -428.212738037 1193.15380859
0.0293228626251 8 580.913391113 -103.111961365 1502.35339355 601.447509766 268.774261475 1598.47619629 594.799316406 34.4559860229 1699.265625 640.361938477 67.5797653198 1343.53735352 475.818267822 -193.247131348 1708.74975586 642.401611328 -135.698791504 1263.10595703 220.570541382 -356.754516602 1737.42077637 612.812866211 -398.748046875 1195.47058105
0.0288460254669 8 582.827575684 -100.37689209 1497.09973145 601.067016602 268.941711426 1598.64074707 597.498901367 33.2392883301 1701.76147461 650.056030273 78.0716552734 1343.50415039 481.249786377 -210.139144897 1704.42687988 652.225891113 -115.760101318 1268.48608398 234.75340271 -398.267333984 1726.921875 619.442932129 -383.253692627 1196.14550781
0.0359599590302 8 581.922485352 -96.2758789062 1491.01428223 602.270141602 270.563903809 1597.31469727 591.973449707 31.5669784546 1701.53112793 657.687561035 87.1508560181 1344.8067627 485.056915283 -218.672088623 1700.82409668 660.357849121 -103.672096252 1271.60583496 272.617095947 -455.495117188 1648.2689209 624.79309082 -374.018218994 1194.47949219
0.0313360691071 8 581.750305176 -97.2994537354 1489.90600586 602.781311035 271.602630615 1597.6484375 592.096801758 30.4162979126 1704.01538086 655.613769531 90.0909347534 1342.62939453 490.211639404 -221.113983154 1702.75073242 656.869995117 -104.562339783 1264.49047852 304.06439209 -470.020080566 1682.40515137 617.163208008 -364.403503418 1194.50708008
0.0283119678497 8 583.046569824 -99.1074371338 1490.30090332 602.00958252 273.117614746 1598.39025879 594.970214844 32.7576904297 1703.7265625 654.799926758 89.4627990723 1340.72143555 497.995635986 -209.19708252 1699.63623047 655.215820312 -109.410552979 1258.81787109 340.265136719 -488.735198975 1690.46777344 615.58203125 -379.03616333 1189.61486816
0.0368399620056 8 586.731750488 -101.87461853 1487.67663574 601.295471191 274.399841309 1598.92504883 598.243530273 42.6472167969 1688.64379883 655.561279297 83.3989562988 1338.19995117 536.667297363 -153.920730591 1691.70776367 657.935791016 -117.422164917 1254.4967041 367.266967773 -548.52520752 1633.48376465 617.040039062 -382.618041992 1188.81079102
0.0315561294556 8 584.728210449 -104.844055176 1476.54492188 600.66784668 275.724243164 1599.05358887 598.72454834 44.9019317627 1670.15014648 642.054992676 76.2007598877 1321.4987793 551.726867676 -146.832931519 1690.9666748 653.863037109 -121.103012085 1250.83508301 433.951751709 -534.18927002 1643.23449707 607.579956055 -388.039245605 1184.91296387
0.0322079658508 8 583.003295898 -92.1081848145 1466.2355957 599.877624512 277.314300537 1599.28857422 603.944641113 47.0810012817 1674.84350586 616.306335449 101.771324158 1309.29199219 575.313598633 -133.010223389 1652.93994141 648.967163086 -124.70275116 1253.3659668 399.198242188 -461.353607178 1697.15869141 606.274047852 -383.400787354 1188.7130127
0.0355398654938 8 589.657836914 -93.0446395874 1464.43603516 599.696105957 278.682067871 1599.50476074 612.007995605 38.1302185059 1665.84655762 623.63470459 93.3483428955 1314.84997559 581.326049805 -134.862030029 1660.6862793 645.059997559 -119.464706421 1253.3692627 412.6328125 -450.902709961 1709.43835449 598.083740234 -380.851623535 1185.49572754
0.0316560268402 8 585.467041016 -88.740814209 1451.97436523 599.961486816 279.475708008 1600.70581055 607.396057129 56.8546524048 1629.18200684 610.73223877 84.2646713257 1301.9329834 585.675415039 -113.028038025 1668.43505859 644.496765137 -128.441741943 1256.47680664 425.567687988 -416.491210938 1719.08874512 593.265075684 -398.112701416 1186.83776855
0.0319790840149 8 582.129516602 -74.231918335 1445.79516602 600.619506836 280.017333984 1601.75048828 608.588745117 76.9881973267 1636.19189453 592.157592773 102.984085083 1277.53149414 586.786193848 -92.9887619019 1665.90283203 645.379272461 -114.581680298 1272.21203613 436.594909668 -380.600402832 1725.07702637 592.709716797 -412.254272461 1186.2088623
0.0391159057617 8 579.341308594 -62.8541603088 1443.08972168 601.171447754 280.02130127 1602.68688965 609.680847168 85.702796936 1646.15283203 580.711975098 116.609390259 1264.16113281 581.726867676 -85.7895431519 1671.16723633 647.436889648 -99.8539886475 1276.15515137 440.49798584 -355.937011719 1723.30456543 592.753662109 -415.516723633 1185.28234863
0.0292999744415 8 579.407104492 -60.5525856018 1442.37011719 601.475891113 281.037475586 1603.18652344 611.299377441 85.8363571167 1647.94616699 580.089172363 119.219543457 1262.39758301 579.022216797 -86.6213302612 1674.40393066 647.574890137 -89.6981201172 1278.47888184 442.118896484 -341.412567139 1719.34887695 596.783508301 -402.875 1189.28845215
0.0319721698761 8 580.950622559 -55.0451278687 1441.06970215 602.457702637 281.982055664 1603.92077637 613.924316406 82.7963790894 1651.76269531 579.34362793 123.901329041 1260.91723633 580.887634277 -89.5427322388 1673.86584473 648.49407959 -80.5094070435 1278.30822754 451.558410645 -332.184997559 1705.42553711 603.811584473 -390.864440918 1193.11096191
0.036337852478 8 581.286865234 -53.2615089417 1441.54260254 604.072021484 285.457824707 1605.68945312 616.45489502 84.1142425537 1652.76171875 577.314025879 123.983001709 1259.08374023 600.33026123 -95.65675354 1669.2520752 648.288452148 -78.6907806396 1276.92016602 496.051971436 -279.233642578 1459.25012207 606.020751953 -380.40802002 1196.60961914
0.0314111709595 8 581.36932373 -52.3193054199 1442.33703613 604.446044922 285.742370605 1605.19946289 619.16418457 83.5282897949 1656.30944824 575.707885742 125.499298096 1257.9029541 597.368896484 -93.638458252 1668.23840332 648.534912109 -76.1961669922 1276.63684082 497.888122559 -285.176147461 1452.81054688 608.947998047 -361.853240967 1201.88806152
0.0317108631134 8 580.713378906 -53.2210121155 1444.56396484 605.260742188 286.175048828 1604.99377441 619.909301758 84.4281463623 1657.15649414 573.2734375 127.718444824 1263.22192383 609.030029297 -79.2092285156 1679.8795166 649.86895752 -77.0771789551 1277.7532959 497.11126709 -280.587554932 1455.99499512 605.683410645 -387.711364746 1195.18493652
0.0392279624939 8 575.676086426 -80.8116149902 1444.03234863 605.84173584 286.385803223 1604.84289551 624.523681641 88.139755249 1660.0177002 568.908081055 125.198379517 1256.69665527 618.216796875 -75.1499938965 1681.68920898 648.875854492 -85.4448852539 1277.04443359 500.98135376 -267.476715088 1456.6072998 598.142944336 -408.835174561 1193.65869141
0.029412984848 8 572.937805176 -86.5933074951 1446.21337891 607.139526367 286.404785156 1604.43139648 623.295288086 86.2504959106 1667.24255371 573.79699707 125.464103699 1255.69836426 613.563781738 -75.615562439 1673.92700195 657.244995117 -101.737571716 1272.44177246 494.433013916 -286.90423584 1456.26623535 597.081726074 -429.332427979 1189.39038086
0.0318970680237 8 578.042541504 -77.9553375244 1446.17077637 608.981567383 286.051635742 1603.86181641 625.082214355 82.126991272 1672.77160645 576.152404785 128.677459717 1255.15612793 612.31829834 -79.0680618286 1672.28991699 658.884643555 -92.5706939697 1273.83105469 535.124755859 -275.571502686 1537.07006836 601.32043457 -423.77935791 1192.6776123
0.0363230705261 8 581.402954102 -70.7160873413 1441.33251953 610.793518066 285.956542969 1603.89599609 627.751586914 77.9117736816 1669.53845215 572.133544922 133.372055054 1255.37878418 617.522216797 -83.865814209 1670.0057373 654.736694336 -85.4366760254 1275.27539062 539.67565918 -275.563873291 1554.8223877 599.599487305 -413.679534912 1194.85534668
0.0319399833679 8 581.854797363 -68.5923614502 1441.38623047 614.293823242 285.295501709 1604.1809082 626.12322998 78.2276916504 1669.08947754 574.75213623 131.876068115 1253.96472168 616.016784668 -81.6413269043 1669.74401855 658.194580078 -86.6857452393 1274.7722168 540.145446777 -274.738677979 1574.18518066 602.489807129 -414.43762207 1192.44775391
0.0316109657288 8 582.19708252 -68.4811325073 1441.56225586 615.151489258 285.074584961 1603.7878418 625.850708008 79.381072998 1668.1763916 574.816772461 129.382980347 1252.04064941 616.233886719 -80.5387878418 1670.59228516 658.89074707 -90.719833374 1273.578125 543.247192383 -274.234741211 1590.67724609 602.270507812 -417.986450195 1192.94763184
0.0368540287018 8 588.573730469 -77.3206939697 1437.50805664 616.310668945 284.950561523 1603.29223633 635.504333496 58.4927062988 1664.67321777 581.257263184 130.351318359 1267.00622559 626.860107422 -112.481445312 1679.75561523 651.800415039 -74.0927734375 1276.47277832 554.812072754 -293.605041504 1606.21582031 594.786193848 -402.46105957 1195.42907715
0.0317580699921 8 589.953491211 -81.9533004761 1436.52661133 618.73828125 285.186309814 1603.01062012 637.571411133 50.1793823242 1660.87609863 586.715698242 129.96043396 1277.96569824 633.550537109 -124.853591919 1684.04650879 648.121643066 -71.9805755615 1276.38085938 567.443786621 -303.927825928 1619.68164062 591.725341797 -391.589904785 1196.99169922
0.031790971756 8 596.503234863 -80.0006790161 1438.19030762 620.639709473 284.865661621 1602.70227051 648.661804199 49.0868377686 1661.3067627 580.933654785 128.888702393 1279.16784668 643.290771484 -120.882339478 1676.93115234 629.355773926 -94.1585540771 1271.46130371 585.56262207 -309.672912598 1632.6529541 580.488830566 -400.908447266 1196.83764648
0.0357489585876 8 595.024230957 -63.093536377 1431.04467773 622.792236328 284.511047363 1601.85986328 653.748840332 89.5667266846 1666.28894043 561.81072998 148.978744507 1241.26550293 648.404052734 -82.1540679932 1683.18945312 627.884033203 -127.263076782 1267.31018066 593.520324707 -273.260253906 1640.00524902 574.462280273 -440.675598145 1191.66320801
0.0319859981537 8 595.749450684 -62.1334648132 1433.7980957 624.538146973 283.931152344 1601.5423584 657.449707031 84.8703536987 1677.24499512 562.44152832 154.725784302 1242.6270752 647.990356445 -94.5416030884 1686.19921875 630.23425293 -117.407943726 1269.09716797 595.884338379 -281.915771484 1647.17346191 574.40814209 -430.26550293 1193.52209473
0.0319709777832 8 595.183105469 -64.6908340454 1433.40075684 625.290649414 283.280670166 1601.7199707 657.257080078 79.6740722656 1676.45947266 563.103637695 152.413314819 1244.69750977 648.938598633 -99.7795715332 1662.73547363 631.390991211 -115.034072876 1269.42944336 592.614257812 -283.438232422 1666.50891113 574.416381836 -431.220458984 1194.55236816
0.0357999801636 8 594.052307129 -72.3175888062 1434.6619873 626.363647461 283.235534668 1602.14013672 654.33215332 65.4476776123 1675.46057129 566.362182617 143.865997314 1252.74157715 645.414550781 -113.131576538 1669.34423828 630.984558105 -108.481643677 1269.03479004 591.140380859 -292.985168457 1663.0057373 577.410461426 -419.424255371 1196.56262207
0.0315799713135 8 594.175292969 -76.1224975586 1435.1282959 630.82244873 282.084625244 1601.01855469 653.035644531 58.0216522217 1673.5246582 568.682495117 139.363449097 1258.46972656 649.075134277 -122.579772949 1671.40893555 629.383789062 -107.299591064 1268.59008789 589.066589355 -299.486083984 1668.1607666 579.022338867 -410.528656006 1198.02905273
0.0438950061798 8 594.486022949 -78.0624160767 1435.18530273 631.76940918 282.350341797 1600.36120605 652.260070801 53.8315582275 1671.54846191 569.784851074 136.265716553 1261.82165527 667.444763184 -134.909164429 1683.21484375 629.410583496 -102.574554443 1271.66125488 585.148620605 -301.500671387 1673.90075684 581.586120605 -394.180877686 1198.69238281
0.0376269817352 8 594.682067871 -69.5012741089 1438.83276367 632.719421387 282.879302979 1600.73706055 652.234985352 68.2782211304 1671.62597656 565.643554688 143.853668213 1265.26757812 658.983215332 -117.783882141 1684.25024414 629.036437988 -114.91607666 1275.21533203 582.77355957 -282.991516113 1681.44897461 583.815246582 -403.600402832 1196.16040039
0.0285031795502 8 594.898010254 -67.1260986328 1439.2755127 633.617980957 282.782531738 1601.39233398 654.783691406 69.9459838867 1671.33691406 564.50390625 145.288696289 1265.54003906 654.465576172 -98.5917205811 1672.44958496 631.742370605 -93.3430175781 1291.02380371 584.152282715 -284.103149414 1691.34399414 585.278503418 -398.994445801 1198.1998291
0.0300388336182 8 595.791137695 -69.5964050293 1437.74584961 635.204833984 282.096252441 1602.07312012 658.247924805 69.718963623 1672.21984863 564.629516602 149.557556152 1266.6072998 654.009399414 -98.0769042969 1691.7121582 634.49810791 -87.7607116699 1297.65649414 584.322998047 -285.18447876 1698.02258301 586.327453613 -399.952819824 1200.07421875
0.0345370769501 8 595.913696289 -68.9510498047 1437.33642578 636.067138672 282.890411377 1603.14208984 658.584228516 71.002243042 1671.6315918 565.489990234 150.737930298 1266.39746094 652.288146973 -105.127105713 1689.0189209 635.690124512 -86.378112793 1300.16821289 583.665283203 -282.256896973 1708.46801758 582.816772461 -410.224609375 1197.23510742
0.0313410758972 8 599.414428711 -65.0145339966 1432.96362305 636.560852051 283.384277344 1604.85107422 666.51965332 65.7248382568 1670.88916016 559.321289062 157.985687256 1269.04833984 653.843200684 -139.213180542 1705.58093262 628.444396973 -86.8320465088 1296.05883789 587.649780273 -283.585754395 1696.28710938 581.75567627 -398.792541504 1201.08007812
0.0349838733673 8 597.718383789 -64.8265151978 1433.64794922 637.780700684 284.63192749 1606.93078613 664.163513184 70.7180328369 1671.85668945 561.556091309 159.445983887 1266.53979492 652.503540039 -126.969482422 1700.86474609 632.61505127 -81.411895752 1299.25341797 583.525878906 -276.88861084 1700.50366211 581.801574707 -409.900024414 1197.36877441
0.0317671298981 8 598.126037598 -62.2684326172 1434.65393066 638.426818848 284.791229248 1608.12646484 666.080505371 74.6069717407 1674.51623535 561.769836426 163.232116699 1265.20007324 655.712158203 -120.93825531 1698.70324707 637.297851562 -60.4907836914 1310.36425781 635.679870605 -266.481140137 1560.43481445 584.510070801 -406.452575684 1199.51538086
0.0311398506165 8 598.635986328 -60.7598686218 1435.53015137 639.065795898 284.960479736 1609.3104248 665.710205078 76.6238250732 1676.19714355 563.155273438 164.498092651 1264.37512207 657.45715332 -117.858215332 1698.01281738 638.913024902 -64.2371673584 1307.86987305 632.443847656 -273.209594727 1589.56640625 587.237670898 -403.758789062 1199.48596191
0.0355980396271 8 602.038269043 -58.6289825439 1442.82971191 639.959289551 284.995178223 1610.44140625 666.684204102 84.1148529053 1681.4822998 565.019042969 161.078231812 1264.31188965 652.44909668 -109.073989868 1702.61352539 640.92376709 -70.4536590576 1306.63806152 621.820495605 -279.107543945 1617.12890625 587.442626953 -411.020202637 1198.86682129
0.0314099788666 8 602.944824219 -56.5357513428 1444.78479004 640.238586426 284.868713379 1611.61315918 669.878295898 85.8032836914 1682.93469238 563.251342773 161.331970215 1264.74523926 636.47479248 -82.1752471924 1723.7857666 639.058349609 -72.8155822754 1306.44055176 624.160766602 -288.211547852 1634.68469238 585.489990234 -410.548065186 1200.48217773
0.0313680171967 8 602.93145752 -55.406993866 1442.99291992 640.74786377 284.420898438 1612.99047852 672.154663086 81.4058761597 1685.90136719 563.323852539 167.406417847 1266.07543945 643.448852539 -78.967048645 1719.28833008 640.588195801 -66.5414276123 1307.16418457 623.730651855 -294.298706055 1655.10778809 583.415588379 -409.716674805 1200.36669922
0.0354859828949 8 605.09161377 -61.0082130432 1445.34692383 641.395874023 283.944763184 1614.1887207 673.863647461 83.8594512939 1690.96838379 565.417236328 167.560623169 1265.82336426 649.920654297 -81.9410552979 1717.27514648 643.012756348 -66.7276153564 1307.24035645 619.997375488 -293.293182373 1674.35839844 584.041137695 -409.594116211 1197.67883301
0.0315010547638 8 605.349304199 -61.1591529846 1446.14111328 642.08972168 284.133117676 1615.203125 675.999633789 81.0617370605 1694.96044922 565.928710938 170.067016602 1266.94824219 651.57635498 -107.427108765 1726.14355469 644.593017578 -62.9441680908 1305.81091309 617.619140625 -294.079162598 1687.82495117 582.484985352 -409.880249023 1195.88134766
0.0316350460052 8 605.39642334 -61.4760360718 1445.63024902 642.369628906 284.350799561 1615.71704102 678.93737793 78.0504989624 1696.14343262 563.561279297 172.265014648 1268.85900879 670.11932373 -116.643882751 1742.61999512 640.741516113 -63.087890625 1305.76513672 610.961914062 -291.468658447 1697.65856934 580.565063477 -404.274780273 1195.06567383
0.0420489311218 8 606.343505859 -61.2190551758 1447.23547363 642.51184082 284.300262451 1616.52148438 681.535888672 75.9360809326 1698.77111816 562.758422852 172.236740112 1270.21960449 668.557617188 -123.755081177 1736.21813965 639.611572266 -63.8893890381 1304.64941406 611.083312988 -292.863555908 1711.44543457 580.059875488 -398.845214844 1195.27624512
0.0330209732056 8 607.161376953 -62.8776893616 1446.58544922 643.576171875 283.764587402 1617.20947266 682.231018066 73.0674743652 1700.14404297 563.117248535 173.097747803 1271.13037109 669.074645996 -124.860244751 1729.9576416 640.102722168 -63.2245178223 1304.20495605 609.809692383 -297.448791504 1722.78063965 583.357849121 -392.482513428 1197.53100586
