0.0311250686646 8 -413.755371094 -69.0995483398 1511.69189453 -347.076934814 306.714477539 1685.55993652 -389.488708496 185.542572021 1461.20385742 -370.534912109 60.4761047363 1733.77856445 -505.857330322 -10.2495574951 1365.68603516 -370.535064697 -218.178588867 1733.77856445 -444.915527344 -281.24206543 1236.17431641 -370.529571533 -496.832977295 1733.77856445
0.0326919555664 8 -412.588470459 -68.288772583 1511.57739258 -349.146514893 307.535797119 1685.23608398 -388.702911377 186.383621216 1461.06286621 -371.342376709 61.5778656006 1733.86877441 -507.240386963 -11.2210083008 1367.46435547 -371.342529297 -217.076828003 1733.86877441 -444.451171875 -280.654541016 1235.5892334 -371.337036133 -495.731201172 1733.86877441
0.0359220504761 8 -412.962768555 -69.8484649658 1511.28833008 -350.111968994 305.745788574 1685.07092285 -388.382751465 184.750656128 1460.7364502 -373.487854004 60.1943206787 1733.79846191 -505.237487793 -13.2094116211 1364.51403809 -373.488006592 -218.460372925 1733.79846191 -443.76171875 -284.167999268 1235.15783691 -373.482513428 -497.114746094 1733.79846191
0.0326340198517 8 -412.812927246 -68.0013275146 1513.41235352 -350.71697998 308.74029541 1684.4786377 -389.460845947 186.355743408 1461.11328125 -372.729888916 63.6094055176 1734.88427734 -503.760131836 -18.0196533203 1361.82495117 -372.730041504 -215.045288086 1734.88427734 -442.971221924 -289.764221191 1233.76428223 -372.72454834 -493.699676514 1734.88427734
0.031555891037 8 -412.810913086 -70.0781555176 1512.22119141 -351.20803833 306.435913086 1684.2166748 -389.759368896 184.46975708 1460.69970703 -372.793731689 60.8903961182 1734.09082031 -500.375274658 -16.1972045898 1360.34936523 -372.793884277 -217.764297485 1734.09082031 -443.191986084 -289.750305176 1234.5534668 -372.788391113 -496.418701172 1734.09082031
0.0358691215515 8 -411.430969238 -70.3573608398 1512.50085449 -349.422302246 307.954223633 1684.55310059 -389.098236084 184.209197998 1460.74157715 -371.065216064 60.8514709473 1734.1685791 -497.508453369 -16.8917694092 1357.15246582 -371.065368652 -217.803222656 1734.1685791 -443.464385986 -292.432983398 1234.37780762 -371.059875488 -496.457611084 1734.1685791
0.0321388244629 8 -411.982177734 -70.6698150635 1512.28027344 -349.273345947 306.953369141 1683.71350098 -388.853729248 183.730926514 1460.05273438 -370.998565674 60.7936706543 1733.68457031 -495.443634033 -18.4560241699 1354.62280273 -370.998718262 -217.861022949 1733.68457031 -444.174316406 -295.396270752 1233.80029297 -370.993225098 -496.515411377 1733.68457031
0.0468900203705 8 -412.44519043 -70.2919921875 1512.65576172 -350.6769104 308.162414551 1684.29992676 -389.952819824 184.143981934 1460.31542969 -371.506103516 61.3401031494 1733.96972656 -495.228759766 -19.1365356445 1353.90319824 -371.506256104 -217.314590454 1733.96972656 -445.427307129 -296.745056152 1233.95080566 -371.500762939 -495.968994141 1733.96972656
0.0347230434418 8 -413.250732422 -68.7873382568 1512.68530273 -349.534484863 307.945465088 1684.60766602 -389.690551758 185.701553345 1461.09289551 -370.977172852 61.9250030518 1734.28967285 -495.347839355 -19.5444335938 1353.83483887 -370.977325439 -216.729690552 1734.28967285 -446.403564453 -297.247528076 1233.71179199 -370.971832275 -495.384094238 1734.28967285
0.0340950489044 8 -413.85723877 -66.3938140869 1512.32226562 -349.776824951 309.436431885 1684.75805664 -391.454040527 188.352050781 1461.49658203 -370.183288574 63.6252746582 1734.06079102 -496.976745605 -20.3981628418 1353.99658203 -370.183441162 -215.029418945 1734.06079102 -448.625793457 -298.245391846 1233.94628906 -370.177947998 -493.683807373 1734.06079102
0.0332808494568 8 -414.226654053 -68.2953262329 1511.38305664 -350.797302246 307.486297607 1684.3314209 -390.690612793 186.321594238 1460.42797852 -372.321533203 61.9224700928 1733.34521484 -501.318695068 -24.0743255615 1354.64880371 -372.321685791 -216.732223511 1733.34521484 -448.805084229 -300.092956543 1232.24938965 -372.316192627 -495.38659668 1733.34521484
0.0295491218567 8 -412.982391357 -66.6706848145 1512.67468262 -348.545806885 308.592834473 1684.61804199 -391.383544922 188.033233643 1461.34338379 -368.10546875 63.7682342529 1733.91442871 -503.757446289 -26.8162078857 1354.01806641 -368.105621338 -214.886459351 1733.91442871 -449.617370605 -302.00592041 1230.42675781 -368.100128174 -493.54083252 1733.91442871
0.0285038948059 8 -413.245269775 -66.2538146973 1512.97851562 -347.825408936 309.36529541 1684.26403809 -392.152648926 188.555297852 1461.92626953 -367.192932129 63.8614654541 1734.17504883 -503.438415527 -25.8976135254 1355.078125 -367.193084717 -214.793228149 1734.17504883 -453.307159424 -301.78012085 1231.3684082 -367.187591553 -493.447631836 1734.17504883
0.0335869789124 8 -413.306152344 -67.4395294189 1509.56982422 -349.202545166 306.975952148 1684.07751465 -396.466064453 188.043106079 1460.49755859 -363.750610352 61.2195281982 1730.82519531 -504.664642334 -27.5688934326 1354.29638672 -363.750762939 -217.435165405 1730.82519531 -457.535919189 -303.893188477 1230.37719727 -363.745269775 -496.089538574 1730.82519531
0.03151512146 8 -413.907226562 -67.7898712158 1509.66723633 -347.736938477 307.53314209 1680.49291992 -397.978118896 187.266296387 1458.16552734 -360.670135498 62.7083129883 1728.97436523 -509.285552979 -33.5585327148 1351.02270508 -360.670288086 -215.946380615 1728.97436523 -459.774139404 -309.03326416 1226.12927246 -360.664794922 -494.600769043 1728.97436523
0.0316429138184 8 -412.837036133 -70.5272979736 1514.21435547 -346.080169678 307.503570557 1679.19104004 -397.441894531 183.719894409 1458.74536133 -359.286254883 63.3916168213 1731.36254883 -512.312805176 -43.9014587402 1342.07995605 -359.286407471 -215.263076782 1731.36254883 -460.358520508 -319.147003174 1217.66223145 -359.280914307 -493.917480469 1731.36254883
0.0351791381836 8 -411.640625 -75.2278594971 1520.21447754 -343.794921875 305.473754883 1679.53845215 -398.269744873 178.127334595 1460.4050293 -356.288848877 62.5152130127 1734.47509766 -514.591918945 -50.2899475098 1335.23742676 -356.289001465 -216.139480591 1734.47509766 -459.992370605 -324.257354736 1209.15722656 -356.283508301 -494.793884277 1734.47509766
0.031308889389 8 -413.115966797 -74.1389465332 1527.70458984 -343.403533936 308.112030029 1681.71643066 -400.745574951 178.524139404 1464.79174805 -355.190826416 66.1295013428 1739.64550781 -517.936157227 -53.5428924561 1329.55712891 -355.190979004 -212.525192261 1739.64550781 -450.316955566 -323.2578125 1201.36010742 -355.18548584 -491.17956543 1739.64550781
0.0315079689026 8 -413.515686035 -74.0012054443 1526.73718262 -342.985412598 307.57598877 1683.31188965 -405.384368896 179.407409668 1466.23632812 -350.888641357 64.6793518066 1738.3684082 -520.987060547 -63.270401001 1320.78393555 -350.888793945 -213.975341797 1738.3684082 -402.206787109 -314.997833252 1203.01538086 -350.883300781 -492.629730225 1738.3684082
0.0356509685516 8 -413.948883057 -71.1912841797 1523.47888184 -342.067657471 308.069641113 1684.11352539 -411.446472168 183.399581909 1467.89978027 -345.411682129 64.2304840088 1735.31652832 -522.547485352 -66.6226196289 1311.90148926 -345.411834717 -214.424209595 1735.31652832 -353.544372559 -297.664825439 1215.8840332 -345.406341553 -493.078613281 1735.31652832
0.03156208992 8 -416.472351074 -65.7793960571 1510.71179199 -341.269012451 307.260406494 1684.06506348 -418.007324219 190.957824707 1467.53649902 -340.507995605 59.8853302002 1725.69567871 -521.966003418 -63.2948303223 1305.50622559 -340.508148193 -218.769363403 1725.69567871 -315.265075684 -270.553283691 1229.29016113 -340.502655029 -497.42376709 1725.69567871
0.031485080719 8 -417.717987061 -62.6093902588 1504.65698242 -339.942565918 306.062255859 1684.49316406 -419.222869873 195.212585449 1467.67175293 -339.557037354 57.6171264648 1722.09338379 -520.508056641 -58.1476287842 1297.26074219 -339.557189941 -221.037567139 1722.09338379 -284.869140625 -241.046218872 1242.08410645 -339.551696777 -499.691955566 1722.09338379
0.0358219146729 8 -416.524353027 -61.4057388306 1502.82727051 -337.924255371 305.464813232 1685.1932373 -414.237091064 196.675811768 1466.97119141 -341.27041626 56.9465179443 1722.43237305 -514.733825684 -52.5761260986 1290.12536621 -341.270568848 -221.708175659 1722.43237305 -259.410461426 -213.028549194 1254.3190918 -341.265075684 -500.362548828 1722.43237305
0.0315730571747 8 -415.643615723 -59.9211883545 1500.20996094 -338.604675293 305.243774414 1688.55371094 -415.492126465 198.788909912 1468.73657227 -339.214294434 55.1797332764 1721.1887207 -506.382995605 -46.7781524658 1283.56518555 -339.214447021 -223.474960327 1721.1887207 -238.098297119 -184.445007324 1266.33618164 -339.208953857 -502.129333496 1721.1887207
0.0322270393372 8 -413.306945801 -59.2889213562 1499.76416016 -339.201416016 305.393493652 1689.74304199 -411.314575195 199.415557861 1468.01647949 -341.316223145 55.7534179688 1722.3001709 -491.685943604 -42.9066772461 1277.28991699 -341.316375732 -222.901275635 1722.3001709 -214.917572021 -161.382507324 1281.57043457 -341.310882568 -501.555664062 1722.3001709
0.0362219810486 8 -412.235015869 -57.3075065613 1498.421875 -338.291809082 304.26550293 1694.32055664 -405.014160156 201.55796814 1469.12011719 -345.454956055 54.662322998 1724.08764648 -475.288970947 -39.4695739746 1271.13745117 -345.455108643 -223.992370605 1724.08764648 -194.326812744 -140.976409912 1296.11352539 -345.449615479 -502.646759033 1724.08764648
0.0319390296936 8 -408.708007812 -61.0073699951 1509.46875 -338.631561279 304.583068848 1700.19812012 -392.889984131 196.396133423 1473.63586426 -355.189239502 56.4123077393 1735.60803223 -460.809295654 -35.2925872803 1266.63928223 -355.18939209 -222.242385864 1735.60803223 -178.587432861 -121.08215332 1307.43041992 -355.183898926 -500.896789551 1735.60803223
0.032194852829 8 -407.339019775 -61.5676689148 1517.24951172 -337.755828857 306.208984375 1704.05029297 -382.194854736 194.313476562 1476.35412598 -362.924957275 60.0124816895 1743.1373291 -443.012207031 -36.1158752441 1259.82849121 -362.925109863 -218.642211914 1743.1373291 -164.493927002 -105.114761353 1322.81091309 -362.919616699 -497.296600342 1743.1373291
0.0355679988861 8 -404.111694336 -65.9474563599 1522.21984863 -335.165435791 303.435577393 1705.48535156 -369.634521484 188.060089111 1476.84729004 -369.576599121 60.1501617432 1747.32800293 -421.624206543 -36.5430755615 1254.4276123 -369.576751709 -218.50453186 1747.32800293 -151.019470215 -92.5488739014 1341.63427734 -369.571258545 -497.158935547 1747.32800293
0.0322711467743 8 -401.644226074 -67.5734405518 1524.06591797 -333.754241943 302.818969727 1705.6998291 -360.964080811 185.130172729 1476.00952148 -374.009552002 61.5360870361 1748.54370117 -400.869415283 -38.7691192627 1248.72106934 -374.00970459 -217.118606567 1748.54370117 -140.51651001 -79.5662994385 1360.57250977 -374.004211426 -495.773010254 1748.54370117
0.0319058895111 8 -399.242370605 -69.0168914795 1528.68408203 -330.986877441 300.877502441 1710.29089355 -348.491455078 181.606155396 1479.5670166 -381.194519043 62.94090271 1752.42785645 -378.480865479 -38.3681335449 1245.3548584 -381.194671631 -215.713790894 1752.42785645 -130.319396973 -72.9074707031 1378.65124512 -381.189178467 -494.368164062 1752.42785645
0.0360419750214 8 -395.483093262 -70.9272003174 1535.51464844 -327.412719727 301.214050293 1713.59326172 -340.649536133 178.040344238 1482.04077148 -381.555725098 65.6434631348 1756.88598633 -357.805786133 -36.1739501953 1244.17773438 -381.555877686 -213.011230469 1756.88598633 -121.854888916 -71.3444061279 1396.42114258 -381.550384521 -491.665618896 1756.88598633
0.0319321155548 8 -393.323669434 -72.5465698242 1534.65563965 -324.143859863 298.645202637 1714.23962402 -335.639068604 175.881988525 1481.10961914 -381.344268799 64.4937744141 1755.98730469 -341.400604248 -34.5835876465 1243.08630371 -381.344421387 -214.160919189 1755.98730469 -113.467605591 -69.8830413818 1407.28491211 -381.338928223 -492.815307617 1755.98730469
0.0319979190826 8 -391.285766602 -69.7924880981 1536.0456543 -319.988037109 299.422515869 1718.55517578 -327.668457031 177.608596802 1484.44604492 -383.959289551 67.0520324707 1757.71362305 -325.178833008 -34.7807922363 1243.03540039 -383.959442139 -211.602661133 1757.71362305 -101.985977173 -74.9042129517 1413.21496582 -383.953948975 -490.257049561 1757.71362305
0.035581111908 8 -389.071838379 -71.0172424316 1535.82067871 -315.762390137 295.967193604 1720.20629883 -319.466003418 175.044967651 1485.5012207 -385.538452148 66.265335083 1757.32568359 -310.577026367 -34.3714904785 1244.50561523 -385.538604736 -212.389358521 1757.32568359 -92.6732635498 -89.0206680298 1417.03735352 -385.533111572 -491.043762207 1757.32568359
0.0324227809906 8 -387.173797607 -72.1953582764 1534.1574707 -310.11340332 292.511657715 1721.53588867 -312.90435791 173.000915527 1486.19787598 -385.51159668 64.0025024414 1756.38366699 -294.269073486 -38.1702880859 1246.74414062 -385.511749268 -214.652191162 1756.38366699 -82.051361084 -107.928703308 1421.51367188 -385.506256104 -493.30657959 1756.38366699
0.0460901260376 8 -386.999328613 -69.2567901611 1534.24023438 -307.875213623 293.435119629 1725.71472168 -310.324035645 175.714569092 1488.83349609 -385.625976562 64.9762039185 1757.69335938 -281.624816895 -41.5807647705 1248.37475586 -385.62612915 -213.678497314 1757.69335938 -73.9828186035 -128.419158936 1422.69140625 -385.620635986 -492.332885742 1757.69335938
0.0331649780273 8 -387.122955322 -69.4866638184 1527.39074707 -302.26449585 288.417297363 1724.32885742 -308.839904785 175.560974121 1485.45141602 -380.829101562 60.2961120605 1753.33789062 -267.357879639 -45.3099822998 1251.70117188 -380.82925415 -218.358581543 1753.33789062 -63.8797149658 -150.975296021 1424.70141602 -380.823760986 -497.012969971 1753.33789062
0.0370581150055 8 -384.551940918 -65.0853118896 1524.82800293 -297.929290771 288.377502441 1726.63635254 -308.302307129 181.234146118 1487.01879883 -373.267272949 59.2215423584 1753.60107422 -253.753128052 -51.6717681885 1255.86413574 -373.267425537 -219.433151245 1753.60107422 -47.7386322021 -170.096481323 1422.78222656 -373.261932373 -498.087524414 1753.60107422
0.0306580066681 8 -380.738616943 -64.7622833252 1523.69335938 -293.346008301 287.046508789 1724.7689209 -306.307861328 182.197006226 1486.07141113 -366.78326416 58.4270477295 1752.98278809 -236.383026123 -56.838760376 1263.93469238 -366.783416748 -220.227645874 1752.98278809 -31.6528930664 -192.868057251 1427.84020996 -366.777923584 -498.882019043 1752.98278809
0.0299029350281 8 -377.386505127 -66.8665466309 1521.42541504 -289.834472656 283.679931641 1723.34301758 -302.058532715 179.978118896 1484.59619141 -362.995056152 55.5116882324 1751.1628418 -222.174224854 -63.9220123291 1271.98339844 -362.99520874 -223.143005371 1751.1628418 -16.068649292 -214.364608765 1434.62475586 -362.989715576 -501.797393799 1751.1628418
0.0307619571686 8 -373.292053223 -66.8604812622 1521.83862305 -284.703125 283.631439209 1723.11767578 -295.716949463 179.285995483 1484.92895508 -360.921295166 56.4096679688 1751.22827148 -205.584503174 -72.9615020752 1281.49108887 -360.921447754 -222.245025635 1751.22827148 4.55114746094 -235.540130615 1440.36816406 -360.91595459 -500.899414062 1751.22827148
0.0308690071106 8 -371.476928711 -69.0611801147 1521.1307373 -281.660736084 280.306304932 1722.4979248 -288.726043701 175.554550171 1485.53564453 -363.323760986 54.9585266113 1750.26831055 -184.279449463 -81.4733428955 1294.74108887 -363.323913574 -223.696166992 1750.26831055 28.314453125 -254.868041992 1445.1965332 -363.31842041 -502.35055542 1750.26831055
0.0346050262451 8 -367.552307129 -72.081451416 1523.80078125 -276.139373779 279.307678223 1722.18823242 -282.788757324 171.53302002 1486.02880859 -359.532287598 54.2286682129 1751.70605469 -164.641662598 -93.2342224121 1309.36279297 -359.532440186 -224.426025391 1751.70605469 50.2358703613 -275.492889404 1450.55712891 -359.526947021 -503.080413818 1751.70605469
0.0318899154663 8 -363.722869873 -72.8672943115 1527.08032227 -271.914245605 278.911437988 1723.03552246 -275.704925537 169.42539978 1488.2565918 -357.703033447 55.5660858154 1753.85913086 -163.810287476 -85.3159942627 1329.24438477 -357.703186035 -223.088607788 1753.85913086 55.6575317383 -277.177490234 1427.96923828 -357.697692871 -501.742980957 1753.85913086
0.0309431552887 8 -361.738830566 -73.1426239014 1530.72900391 -268.491790771 278.219940186 1727.45715332 -269.449859619 167.791473389 1493.45141602 -358.791229248 55.634552002 1757.36450195 -160.58795166 -82.185546875 1344.66931152 -358.791381836 -223.020141602 1757.36450195 58.2222595215 -282.921234131 1418.66784668 -358.785888672 -501.674530029 1757.36450195
0.0354650020599 8 -360.917297363 -76.7750091553 1529.88623047 -262.964630127 276.356750488 1723.63525391 -259.993286133 160.507354736 1492.29089355 -362.968444824 56.1086883545 1754.0279541 -157.155395508 -81.8351287842 1357.33947754 -362.968597412 -222.546005249 1754.0279541 59.9733886719 -289.907348633 1411.19177246 -362.963104248 -501.200378418 1754.0279541
0.0317349433899 8 -361.529846191 -75.3843078613 1528.24023438 -257.149932861 274.166137695 1723.65588379 -248.171569824 156.608627319 1494.28686523 -369.396362305 59.9524078369 1750.60375977 -149.292098999 -90.5250396729 1367.83349609 -369.396514893 -218.702285767 1750.60375977 67.9311523438 -301.207946777 1412.31994629 -369.391021729 -497.356689453 1750.60375977
0.0362420082092 8 -362.135742188 -74.7906036377 1526.60742188 -253.642364502 272.612609863 1723.20166016 -236.860671997 151.441558838 1496.81774902 -377.989257812 64.6323318481 1745.86071777 -143.69960022 -98.4273834229 1376.90039062 -377.9894104 -214.022369385 1745.86071777 74.9836120605 -309.261749268 1414.76867676 -377.983917236 -492.676757812 1745.86071777
0.031702041626 8 -362.956176758 -74.5479354858 1531.13256836 -252.63923645 273.968811035 1726.53649902 -232.830078125 149.13999939 1501.51660156 -382.03527832 67.9109191895 1748.359375 -135.324523926 -104.452911377 1383.4954834 -382.035430908 -210.743774414 1748.359375 81.806350708 -317.921630859 1416.39318848 -382.029937744 -489.398162842 1748.359375
0.0316369533539 8 -362.457275391 -75.2830810547 1531.75927734 -249.876052856 271.954162598 1727.69848633 -227.709655762 145.950927734 1503.54504395 -383.365783691 68.5557250977 1748.02429199 -130.792602539 -106.163742065 1388.17712402 -383.365936279 -210.098968506 1748.02429199 84.2397766113 -322.467590332 1416.79016113 -383.360443115 -488.753356934 1748.02429199
0.0350799560547 8 -361.559234619 -74.6312026978 1529.18847656 -247.79649353 271.908355713 1725.28649902 -222.296386719 144.025985718 1502.5255127 -385.753234863 71.6003417969 1743.54064941 -125.720649719 -109.718795776 1390.50549316 -385.753387451 -207.054351807 1743.54064941 87.6581344604 -327.968231201 1417.47290039 -385.747894287 -485.708740234 1743.54064941
0.0395200252533 8 -360.900756836 -74.1795959473 1528.28051758 -246.981994629 271.746154785 1723.58789062 -218.531066895 142.672302246 1502.93432617 -387.813232422 73.8449478149 1741.11987305 -121.875236511 -113.428405762 1392.15197754 -387.81338501 -204.809753418 1741.11987305 90.7058792114 -332.792907715 1416.71606445 -387.807891846 -483.464141846 1741.11987305
0.0313818454742 8 -360.767486572 -73.1415939331 1529.68737793 -246.902908325 274.073883057 1723.73706055 -217.649642944 143.217102051 1503.91699219 -388.681671143 76.1787567139 1741.54101562 -119.727790833 -116.574920654 1392.33374023 -388.68182373 -202.47593689 1741.54101562 90.7011184692 -337.919799805 1417.85656738 -388.676330566 -481.130310059 1741.54101562
0.0348081588745 8 -361.419128418 -74.9024200439 1526.4732666 -245.311706543 269.571502686 1722.80834961 -215.344650269 139.723968506 1502.79650879 -389.838256836 74.2437744141 1738.39416504 -119.968063354 -116.670471191 1392.38098145 -389.838409424 -204.410919189 1738.39416504 88.8852996826 -339.616271973 1417.07226562 -389.83291626 -483.065307617 1738.39416504
0.0343079566956 8 -361.294128418 -75.8921051025 1523.16271973 -245.096343994 269.432800293 1718.34887695 -214.436248779 138.198501587 1499.31970215 -391.025238037 74.6459503174 1733.93444824 -118.23525238 -120.617233276 1391.88549805 -391.025390625 -204.008743286 1733.93444824 90.2760543823 -344.068603516 1414.99523926 -391.019897461 -482.663146973 1733.93444824
0.0369338989258 8 -362.507019043 -75.1415328979 1523.68896484 -245.024719238 268.733459473 1722.63134766 -215.105697632 138.768615723 1501.60388184 -391.485839844 73.4670562744 1735.9342041 -116.894714355 -123.870635986 1391.06481934 -391.485992432 -205.187637329 1735.9342041 90.6208343506 -347.973480225 1416.67028809 -391.480499268 -483.842041016 1735.9342041
0.0319001674652 8 -362.18762207 -75.5221862793 1522.92138672 -245.059051514 267.139099121 1722.26428223 -215.709289551 139.014572144 1500.67541504 -390.435546875 72.2629241943 1735.84924316 -119.827911377 -122.519668579 1390.56713867 -390.435699463 -206.391769409 1735.84924316 84.4879608154 -349.08996582 1419.56103516 -390.430206299 -485.046142578 1735.84924316
0.029070854187 8 -362.031463623 -74.3358764648 1520.10375977 -244.291748047 267.541381836 1718.57641602 -214.771224976 139.687225342 1498.01135254 -390.846435547 74.0912780762 1732.51477051 -106.905174255 -138.265991211 1390.78515625 -390.846588135 -204.563415527 1732.51477051 96.2618179321 -369.130187988 1427.33288574 -390.841094971 -483.217803955 1732.51477051
0.0276291370392 8 -363.007843018 -68.4119262695 1523.11499023 -243.734039307 272.651428223 1723.71850586 -210.557754517 142.22819519 1504.80688477 -395.409240723 81.8712005615 1733.61547852 -94.9241714478 -151.615859985 1391.38476562 -395.409393311 -196.783493042 1733.61547852 106.374183655 -387.373687744 1430.29394531 -395.403900146 -475.437866211 1733.61547852
0.0356240272522 8 -363.549102783 -67.0609588623 1521.43432617 -242.831893921 272.555175781 1722.79760742 -207.996398926 141.483428955 1505.10693359 -397.35534668 84.154510498 1731.06469727 -84.4497909546 -161.300506592 1393.18884277 -397.355499268 -194.500183105 1731.06469727 114.7657547 -404.317016602 1430.3314209 -397.350006104 -473.154571533 1731.06469727
0.0293388366699 8 -365.183807373 -67.4655456543 1521.671875 -243.750335693 272.319213867 1722.84509277 -208.145309448 140.066253662 1506.32519531 -399.985351562 84.4013977051 1730.69628906 -76.7175598145 -169.152923584 1394.09741211 -399.98550415 -194.253295898 1730.69628906 120.682403564 -416.020629883 1431.26818848 -399.980010986 -472.907684326 1730.69628906
0.0318319797516 8 -365.047454834 -70.8893966675 1519.328125 -242.672973633 270.061737061 1719.35510254 -208.348068237 136.792221069 1502.39416504 -399.213623047 81.8481140137 1727.8392334 -77.362411499 -169.074111938 1395.52758789 -399.213775635 -196.80657959 1727.8392334 118.127975464 -417.104309082 1428.50097656 -399.208282471 -475.460968018 1727.8392334
0.0357921123505 8 -366.028594971 -69.4988861084 1520.9152832 -242.459869385 271.987365723 1721.12316895 -209.100463867 137.970443726 1503.37683105 -398.945556641 83.1045074463 1729.73596191 -77.1770477295 -170.542648315 1396.25415039 -398.945709229 -195.550186157 1729.73596191 117.722732544 -419.717468262 1424.66894531 -398.940216064 -474.204589844 1729.73596191
0.0316169261932 8 -366.942871094 -71.4762573242 1519.90258789 -243.874710083 271.046875 1718.00378418 -209.681427002 135.652191162 1501.36962891 -400.819244385 83.0132217407 1727.17553711 -77.5946044922 -170.274108887 1396.62158203 -400.819396973 -195.641479492 1727.17553711 113.823455811 -422.132904053 1428.08178711 -400.813903809 -474.29586792 1727.17553711
0.0322461128235 8 -367.495788574 -69.6251220703 1517.57836914 -242.728668213 270.172363281 1716.93811035 -206.560043335 134.872207642 1502.01965332 -403.602966309 86.1699371338 1723.45593262 -78.2785949707 -169.127090454 1396.80651855 -403.603118896 -192.48475647 1723.45593262 112.978561401 -418.516845703 1433.80993652 -403.597625732 -471.139160156 1723.45593262
0.0362000465393 8 -367.497680664 -70.8591918945 1515.54199219 -242.62399292 268.029968262 1715.41748047 -207.493560791 134.377166748 1499.79296875 -403.121002197 84.0502929688 1722.19433594 -81.6484069824 -166.556976318 1397.40124512 -403.121154785 -194.604400635 1722.19433594 111.929748535 -411.551025391 1435.08447266 -403.115661621 -473.258789062 1722.19433594
0.0318539142609 8 -367.0753479 -72.529876709 1514.67504883 -243.20703125 267.143127441 1714.63720703 -207.371459961 132.925750732 1498.55432129 -403.24810791 82.9011611938 1720.85412598 -95.9944229126 -150.085662842 1396.44091797 -403.248260498 -195.753540039 1720.85412598 102.747001648 -385.750183105 1432.23815918 -403.242767334 -474.407928467 1720.85412598
0.0321900844574 8 -367.634460449 -72.8835296631 1513.7142334 -243.187927246 264.875823975 1714.7890625 -207.481063843 132.280456543 1498.25891113 -403.774841309 82.1647262573 1720.19421387 -100.944740295 -139.330169678 1396.1036377 -403.774993896 -196.489959717 1720.19421387 102.767189026 -367.864379883 1432.62011719 -403.769500732 -475.144348145 1720.19421387
0.0358619689941 8 -368.997467041 -74.0892486572 1515.6965332 -246.005493164 267.164672852 1714.83190918 -212.104949951 133.22052002 1496.41772461 -402.702423096 80.8374404907 1722.640625 -102.321121216 -134.017913818 1395.0604248 -402.702575684 -197.817260742 1722.640625 102.389221191 -359.89642334 1434.59155273 -402.69708252 -476.47164917 1722.640625
0.0320038795471 8 -370.369506836 -72.3276672363 1516.93762207 -247.657730103 267.761413574 1718.86743164 -215.170669556 136.308959961 1498.33105469 -402.256225586 79.5464859009 1726.41186523 -104.790100098 -128.983551025 1393.44177246 -402.256378174 -199.108215332 1726.41186523 100.506576538 -353.300109863 1435.27062988 -402.25088501 -477.76260376 1726.41186523
0.0320861339569 8 -370.428161621 -71.5859909058 1519.1529541 -248.559234619 268.480010986 1720.3737793 -219.370193481 139.82421875 1498.31335449 -398.974121094 77.8108673096 1730.84289551 -107.363563538 -122.413574219 1392.02832031 -398.974273682 -200.843826294 1730.84289551 104.281410217 -339.924835205 1435.50683594 -398.968780518 -479.49822998 1730.84289551
0.0358679294586 8 -371.394897461 -71.4288482666 1522.91748047 -251.077957153 271.253295898 1721.11352539 -226.046051025 143.406814575 1497.58081055 -395.727935791 76.6605072021 1735.98999023 -111.135910034 -115.818161011 1390.0065918 -395.728088379 -201.994186401 1735.98999023 103.358688354 -330.403869629 1433.63232422 -395.722595215 -480.64855957 1735.98999023
0.0319859981537 8 -372.484436035 -71.9113769531 1523.35766602 -251.981826782 269.39364624 1722.00097656 -231.187637329 145.422409058 1496.35217285 -393.164337158 73.5554046631 1738.62414551 -113.500015259 -108.654342651 1387.84631348 -393.164489746 -205.09928894 1738.62414551 99.990447998 -324.255615234 1431.3458252 -393.158996582 -483.753662109 1738.62414551
0.0321450233459 8 -373.847808838 -72.4040145874 1524.13989258 -253.647140503 267.232208252 1725.45202637 -236.055862427 147.174331665 1497.14599609 -390.933776855 69.3056335449 1742.21386719 -114.934333801 -103.769866943 1385.69177246 -390.933929443 -209.349060059 1742.21386719 101.303352356 -316.757385254 1428.31640625 -390.928436279 -488.003448486 1742.21386719
0.0359208583832 8 -375.188446045 -73.4319381714 1524.82446289 -255.951934814 265.189910889 1726.67163086 -240.60647583 148.052780151 1496.99975586 -389.458465576 66.0847167969 1744.53637695 -115.502746582 -99.6663208008 1384.1027832 -389.458618164 -212.569976807 1744.53637695 103.897003174 -308.457336426 1430.72265625 -389.453125 -491.224365234 1744.53637695
0.0319321155548 8 -376.419372559 -72.5956115723 1526.19592285 -257.216278076 266.898162842 1728.77819824 -244.982894897 150.622894287 1497.05371094 -388.238067627 65.5875854492 1746.91503906 -116.975845337 -96.0231933594 1381.91796875 -388.238220215 -213.067108154 1746.91503906 104.023376465 -302.557250977 1431.08959961 -388.232727051 -491.721496582 1746.91503906
0.0321359634399 8 -379.06338501 -76.9422912598 1527.00756836 -260.065032959 265.560852051 1728.82543945 -257.352996826 151.046310425 1494.51416016 -381.641815186 56.9940948486 1750.39575195 -119.578277588 -91.5597839355 1379.89782715 -381.641967773 -221.660598755 1750.39575195 104.902069092 -293.769897461 1431.07885742 -381.636474609 -500.315002441 1750.39575195
0.0360150337219 8 -380.936096191 -74.393913269 1529.68774414 -262.32043457 268.460205078 1733.35913086 -263.008239746 155.586288452 1496.54724121 -379.921325684 57.1409912109 1754.61779785 -125.007293701 -85.403137207 1378.34680176 -379.921478271 -221.513702393 1754.61779785 103.946670532 -282.861877441 1428.07226562 -379.915985107 -500.16809082 1754.61779785
0.0319919586182 8 -381.521240234 -73.544128418 1531.18261719 -263.869934082 267.483825684 1735.12890625 -268.538604736 158.778015137 1497.00244141 -375.378692627 55.3693466187 1757.56811523 -129.285415649 -77.7309265137 1376.29443359 -375.378845215 -223.285339355 1757.56811523 104.693145752 -267.751708984 1430.71899414 -375.373352051 -501.939727783 1757.56811523
0.0320570468903 8 -383.079040527 -73.2675323486 1531.75561523 -266.590057373 267.221374512 1737.00695801 -274.148712158 161.004043579 1497.43310547 -373.716217041 53.4069061279 1759.3359375 -132.275482178 -71.8857269287 1375.0291748 -373.716369629 -225.247787476 1759.3359375 105.893508911 -255.466110229 1433.21704102 -373.710876465 -503.902160645 1759.3359375
0.0357639789581 8 -384.339050293 -72.3997192383 1532.57324219 -268.468566895 269.150268555 1737.44726562 -280.48526001 163.974624634 1496.96801758 -370.128570557 52.5634307861 1760.84570312 -134.348007202 -67.0419158936 1373.99536133 -370.128723145 -226.091262817 1760.84570312 107.134597778 -244.937240601 1436.15393066 -370.12322998 -504.745666504 1760.84570312
0.0320580005646 8 -386.328369141 -73.489151001 1532.16943359 -269.710083008 265.996459961 1737.17004395 -286.182373047 164.451812744 1496.20471191 -368.471984863 49.7404174805 1761.1541748 -138.231613159 -61.3226318359 1372.47119141 -368.472137451 -228.914276123 1761.1541748 106.096450806 -234.51725769 1436.97802734 -368.466644287 -507.568664551 1761.1541748
0.0320150852203 8 -388.314880371 -72.6755828857 1530.88330078 -272.205780029 265.289916992 1737.53649902 -289.322570801 165.955627441 1496.04650879 -369.771240234 48.9493713379 1760.71203613 -140.498672485 -57.0657196045 1371.17028809 -369.771392822 -229.705322266 1760.71203613 110.715148926 -219.703979492 1435.8671875 -369.765899658 -508.359710693 1760.71203613
0.03586602211 8 -389.98059082 -69.7867431641 1531.82275391 -274.323242188 268.969848633 1737.21398926 -289.560058594 168.200866699 1496.53503418 -373.028930664 53.0513687134 1761.14978027 -141.40411377 -52.3522796631 1369.28393555 -373.029083252 -225.60333252 1761.14978027 113.700088501 -207.656967163 1436.92041016 -373.023590088 -504.257720947 1761.14978027
0.0321679115295 8 -391.330200195 -68.528717041 1531.76245117 -274.699249268 269.336486816 1737.59753418 -290.64151001 169.420379639 1496.86694336 -374.353851318 53.9234313965 1761.31152344 -140.862686157 -47.5993804932 1367.21020508 -374.354003906 -224.731262207 1761.31152344 116.655776978 -197.277023315 1438.57470703 -374.348510742 -503.385650635 1761.31152344
0.0359320640564 8 -393.080657959 -66.1239471436 1532.61376953 -278.136260986 271.562225342 1741.25 -293.697540283 172.580444336 1499.15625 -376.343902588 54.8463134766 1762.96582031 -140.392425537 -43.2596130371 1365.45141602 -376.344055176 -223.808380127 1762.96582031 121.947143555 -183.141326904 1438.74169922 -376.338562012 -502.462768555 1762.96582031
0.0320520401001 8 -394.166137695 -65.666343689 1529.28320312 -280.006530762 271.345367432 1739.06982422 -298.990509033 174.831542969 1496.7043457 -373.900848389 52.669052124 1760.6809082 -141.802581787 -37.582611084 1363.70812988 -373.901000977 -225.985641479 1760.6809082 123.391204834 -170.314956665 1440.14575195 -373.895507812 -504.640014648 1760.6809082
0.0321638584137 8 -396.161499023 -65.7773742676 1526.69091797 -282.749267578 269.189758301 1737.98071289 -304.805236816 176.3621521 1495.46643066 -372.759643555 49.7602539062 1759.18981934 -144.034378052 -32.4342346191 1362.39978027 -372.759796143 -228.894439697 1759.18981934 124.140426636 -156.27935791 1443.08557129 -372.754302979 -507.548828125 1759.18981934
0.0357141494751 8 -397.027954102 -61.5332794189 1524.82177734 -285.369110107 272.253479004 1737.94580078 -306.470550537 181.162567139 1495.4621582 -373.806976318 52.1567993164 1758.2722168 -145.65838623 -27.3021392822 1361.34350586 -373.807128906 -226.497894287 1758.2722168 124.564666748 -144.806228638 1444.88842773 -373.801635742 -505.152282715 1758.2722168
0.0315477848053 8 -398.843078613 -58.4605674744 1526.62353516 -288.520935059 274.154602051 1741.42297363 -309.821166992 184.950119019 1498.39233398 -375.191894531 53.8560028076 1760.70922852 -146.994781494 -22.6576538086 1360.42834473 -375.192047119 -224.798690796 1760.70922852 124.514556885 -134.459289551 1447.69824219 -375.186553955 -503.453063965 1760.70922852
0.0317060947418 8 -399.690795898 -58.7894821167 1524.84033203 -289.782226562 273.309661865 1739.15441895 -314.938812256 186.105316162 1496.50439453 -372.334442139 52.1617279053 1759.14916992 -149.802581787 -17.0024261475 1359.64379883 -372.334594727 -226.492965698 1759.14916992 124.391601562 -120.433670044 1448.71020508 -372.329101562 -505.147338867 1759.14916992
0.0362300872803 8 -400.195678711 -55.3157958984 1524.14526367 -292.772216797 275.420837402 1742.02978516 -316.652801514 190.29309082 1498.45080566 -373.888885498 53.3550186157 1759.64855957 -150.221374512 -12.2245025635 1359.42834473 -373.889038086 -225.299682617 1759.64855957 126.17868042 -108.575775146 1449.68884277 -373.883544922 -503.954071045 1759.64855957
0.0319588184357 8 -401.35748291 -54.1626625061 1522.22021484 -296.372375488 274.69317627 1743.45837402 -320.693878174 192.683929443 1499.42541504 -374.994232178 51.5901641846 1759.03381348 -152.551742554 -7.19232177734 1359.33239746 -374.994384766 -227.064529419 1759.03381348 127.323410034 -92.2842407227 1449.78381348 -374.988891602 -505.718933105 1759.03381348
0.0319139957428 8 -401.510620117 -51.2978591919 1519.89086914 -298.303833008 277.626464844 1740.67602539 -322.634185791 196.189056396 1497.56970215 -374.705108643 53.7977218628 1756.96838379 -155.444992065 -3.48417663574 1359.60778809 -374.70526123 -224.856964111 1756.96838379 126.254653931 -82.4150085449 1450.31213379 -374.699768066 -503.511352539 1756.96838379
0.037290096283 8 -403.997314453 -51.348865509 1516.46850586 -303.391662598 276.500457764 1739.2947998 -325.831390381 196.556304932 1496.36914062 -378.836029053 52.0972290039 1754.45288086 -153.937805176 2.15176391602 1359.63867188 -378.836181641 -226.5574646 1754.45288086 126.507568359 -75.6409835815 1455.31713867 -378.830688477 -505.211853027 1754.45288086
0.0321860313416 8 -404.552612305 -49.8826217651 1513.82641602 -305.710418701 276.567871094 1738.60656738 -326.708862305 198.272583008 1495.57592773 -380.525268555 52.1257095337 1752.5534668 -151.294311523 7.24884033203 1360.06176758 -380.525421143 -226.528991699 1752.5534668 127.858154297 -67.10496521 1462.02978516 -380.519927979 -505.183380127 1752.5534668
0.0317959785461 8 -404.650512695 -46.9998512268 1512.70422363 -307.691711426 278.954071045 1738.75964355 -327.075195312 201.328933716 1495.6472168 -382.523498535 54.4392242432 1751.86206055 -149.625045776 10.6798858643 1360.22033691 -382.523651123 -224.21546936 1751.86206055 131.614242554 -51.3016281128 1464.1661377 -382.518157959 -502.869873047 1751.86206055
0.035621881485 8 -405.885925293 -44.7474746704 1512.56225586 -310.009368896 281.439208984 1738.3302002 -327.396026611 203.327484131 1495.95263672 -385.632415771 56.8914337158 1751.8046875 -150.89012146 15.7919921875 1360.35437012 -385.632568359 -221.763259888 1751.8046875 129.649551392 -43.0103378296 1468.34106445 -385.627075195 -500.417663574 1751.8046875
0.0317850112915 8 -406.112213135 -43.2333030701 1508.9230957 -311.963897705 280.995849609 1737.12109375 -328.282501221 205.211868286 1495.16162109 -387.666351318 56.175491333 1749.23413086 -149.559738159 20.2694244385 1361.14599609 -387.666503906 -222.479202271 1749.23413086 133.017654419 -26.590675354 1469.29101562 -387.661010742 -501.133605957 1749.23413086
0.0315511226654 8 -407.053161621 -41.4734039307 1505.18310547 -316.160125732 280.702514648 1737.01452637 -330.085510254 207.396255493 1495.00683594 -390.802124023 55.0843048096 1746.79467773 -146.873336792 25.2346191406 1362.046875 -390.802276611 -223.570388794 1746.79467773 135.328598022 -17.8702049255 1473.08422852 -390.796783447 -502.22479248 1746.79467773
0.0359280109406 8 -410.6378479 -42.0373535156 1510.61230469 -319.427062988 285.166412354 1737.44909668 -334.837188721 206.871276855 1495.02233887 -393.046661377 59.2716369629 1750.13513184 -146.024719238 31.1988830566 1363.03442383 -393.046813965 -219.383056641 1750.13513184 136.979125977 -3.53499221802 1474.93115234 -393.041320801 -498.037445068 1750.13513184
0.0319910049438 8 -411.701416016 -42.3272247314 1510.36425781 -322.283081055 285.898803711 1736.66760254 -338.827423096 207.448471069 1494.26953125 -392.214630127 58.8133392334 1749.83935547 -145.908172607 36.0057830811 1364.28381348 -392.214782715 -219.84135437 1749.83935547 136.19619751 3.51966094971 1479.31689453 -392.209289551 -498.495727539 1749.83935547
0.0320119857788 8 -411.895690918 -40.0733718872 1510.38623047 -323.097045898 288.19418335 1737.79833984 -339.634338379 209.928695679 1494.64697266 -392.701843262 60.7796325684 1750.03320312 -147.424926758 39.6510620117 1366.00488281 -392.70199585 -217.875061035 1750.03320312 137.059143066 16.7302055359 1477.10632324 -392.696502686 -496.529449463 1750.03320312
0.0359489917755 8 -413.3097229 -42.4090881348 1511.60522461 -325.620056152 286.84765625 1737.35095215 -339.619598389 207.099700928 1494.74487305 -397.010955811 60.4409103394 1750.61425781 -145.932769775 45.7485809326 1366.38098145 -397.011108398 -218.213775635 1750.61425781 137.44644165 27.6106491089 1481.2980957 -397.005615234 -496.868164062 1750.61425781
0.032105922699 8 -414.512512207 -41.0388336182 1512.57861328 -327.994506836 288.525024414 1737.62036133 -339.896057129 208.15032959 1494.94226074 -399.694641113 63.037940979 1751.16247559 -142.367843628 51.1091308594 1367.96032715 -399.694793701 -215.616760254 1751.16247559 139.231246948 35.9216842651 1487.68066406 -399.689300537 -494.271148682 1751.16247559
0.0318651199341 8 -417.607421875 -44.3744010925 1515.29589844 -329.911437988 287.346252441 1737.24768066 -343.985290527 204.899780273 1494.95983887 -401.954528809 61.9611663818 1752.82287598 -140.461456299 55.5383148193 1369.50195312 -401.954681396 -216.693527222 1752.82287598 140.785461426 49.6259803772 1490.68371582 -401.949188232 -495.347900391 1752.82287598
0.0361089706421 8 -417.869995117 -42.8720626831 1513.10253906 -333.055480957 288.686584473 1737.07946777 -344.446655273 206.59828186 1494.48327637 -404.436157227 62.4508666992 1751.21936035 -140.365493774 59.80809021 1370.3614502 -404.436309814 -216.203826904 1751.21936035 140.402542114 56.1081886292 1492.98132324 -404.43081665 -494.858215332 1751.21936035
0.0319728851318 8 -416.021911621 -42.1790161133 1511.24804688 -333.407806396 287.560943604 1737.99414062 -343.779418945 207.803024292 1495.07714844 -402.927490234 60.8204498291 1750.39453125 -135.693191528 66.603805542 1372.35742188 -402.927642822 -217.834243774 1750.39453125 144.03364563 70.1148757935 1497.25561523 -402.922149658 -496.488647461 1750.39453125
0.0319681167603 8 -417.299743652 -40.1360816956 1510.16430664 -335.715270996 289.320129395 1737.44909668 -344.511260986 209.733413696 1494.55932617 -405.625030518 62.7685852051 1749.43554688 -132.950744629 71.2894287109 1373.1875 -405.625183105 -215.886108398 1749.43554688 144.775787354 79.7360305786 1502.25219727 -405.619689941 -494.540496826 1749.43554688
0.0359399318695 8 -418.649780273 -37.992389679 1508.02050781 -338.263000488 289.393249512 1737.18151855 -346.394592285 212.158004761 1494.64282227 -407.674194336 62.933807373 1748.1628418 -132.394699097 76.9600372314 1374.41845703 -407.674346924 -215.72088623 1748.1628418 145.243484497 90.2181396484 1503.36010742 -407.66885376 -494.375274658 1748.1628418
0.0325510501862 8 -419.583007812 -33.4660568237 1506.49389648 -342.268737793 290.722503662 1740.54699707 -346.682617188 216.653869629 1497.33972168 -412.310913086 64.507774353 1747.96105957 -131.379470825 83.3093566895 1376.25537109 -412.311065674 -214.146911621 1747.96105957 145.476913452 95.1167831421 1507.11560059 -412.30557251 -492.801300049 1747.96105957
0.0314829349518 8 -419.662628174 -31.4530067444 1507.98413086 -343.38079834 291.145996094 1743.22229004 -348.436950684 219.197860718 1499.64025879 -411.967346191 65.4873504639 1749.87634277 -131.630264282 88.9172058105 1377.28479004 -411.967498779 -213.16734314 1749.87634277 144.577865601 102.037506104 1509.44775391 -411.962005615 -491.821716309 1749.87634277
0.0360400676727 8 -417.496063232 -35.4332809448 1505.65307617 -342.867279053 289.095977783 1740.04443359 -352.248168945 216.742462158 1495.82971191 -405.384887695 61.4775924683 1747.33044434 -131.268066406 94.9308242798 1378.42663574 -405.385040283 -217.177093506 1747.33044434 144.575805664 117.52973938 1509.77038574 -405.379547119 -495.831481934 1747.33044434
0.0319890975952 8 -415.986175537 -29.4390106201 1507.59558105 -344.364349365 294.939758301 1743.9777832 -350.904449463 222.860198975 1499.26513672 -406.628692627 66.673828125 1749.74145508 -129.490905762 101.676376343 1380.50561523 -406.628845215 -211.980865479 1749.74145508 146.715332031 130.154006958 1509.98181152 -406.623352051 -490.635253906 1749.74145508
0.0320019721985 8 -416.383056641 -30.2077636719 1501.7980957 -348.27456665 291.295074463 1740.43640137 -353.776428223 222.796844482 1496.54211426 -408.212219238 63.062828064 1745.09289551 -130.611373901 106.427787781 1380.7232666 -408.212371826 -215.59185791 1745.09289551 145.162124634 140.2421875 1509.89978027 -408.206878662 -494.246246338 1745.09289551
0.0357818603516 8 -415.980895996 -34.014289856 1502.4621582 -349.879089355 289.64239502 1739.15405273 -354.418304443 219.220703125 1495.40783691 -407.657623291 60.8710174561 1745.14538574 -127.653152466 112.62953949 1382.34191895 -407.657775879 -217.783676147 1745.14538574 147.470352173 149.123443604 1512.28356934 -407.652282715 -496.438049316 1745.14538574
0.032026052475 8 -417.996276855 -35.3971939087 1503.39868164 -353.114929199 290.085693359 1738.51452637 -357.578399658 218.070648193 1494.68444824 -410.131561279 61.1094284058 1745.46643066 -124.05255127 119.829734802 1384.39343262 -410.131713867 -217.545257568 1745.46643066 151.090454102 149.320220947 1515.94970703 -410.126220703 -496.199645996 1745.46643066
0.0320479869843 8 -419.825195312 -35.2116012573 1506.27685547 -354.766662598 289.960479736 1742.20129395 -359.117401123 218.187744141 1497.3092041 -413.221466064 61.8558425903 1748.16809082 -123.481307983 125.549026489 1385.51574707 -413.221618652 -216.798858643 1748.16809082 151.458999634 152.474868774 1518.15270996 -413.216125488 -495.45324707 1748.16809082
0.0361299514771 8 -420.040405273 -32.8817634583 1503.796875 -357.912567139 290.021972656 1743.55529785 -359.63772583 220.672470093 1498.75732422 -416.033355713 61.0115203857 1746.96679688 -122.870101929 131.336883545 1386.75537109 -416.033508301 -217.643173218 1746.96679688 151.469802856 162.6537323 1519.68139648 -416.028015137 -496.297546387 1746.96679688
0.0320930480957 8 -420.798309326 -30.6079788208 1505.79309082 -358.676055908 293.698547363 1744.7097168 -360.734069824 223.002746582 1499.09118652 -416.735107422 64.8418045044 1748.3704834 -121.647109985 137.736358643 1387.7286377 -416.73526001 -213.812896729 1748.3704834 151.712356567 173.633712769 1521.50769043 -416.729766846 -492.467285156 1748.3704834
0.0358059406281 8 -421.280212402 -29.8081665039 1504.56494141 -360.544433594 294.148468018 1744.30688477 -362.522949219 224.134506226 1498.50219727 -416.928405762 64.8769073486 1747.44726562 -120.888137817 145.151306152 1389.07226562 -416.92855835 -213.777786255 1747.44726562 151.529586792 180.997467041 1524.83496094 -416.923065186 -492.432189941 1747.44726562
0.0320720672607 8 -421.860229492 -27.6436233521 1502.29260254 -363.640045166 294.826721191 1745.10717773 -364.375091553 226.630813599 1498.83996582 -418.758148193 64.7318725586 1746.07336426 -120.322433472 151.590911865 1390.15161133 -418.758300781 -213.922821045 1746.07336426 151.562789917 189.460952759 1526.46337891 -418.752807617 -492.577209473 1746.07336426
0.0319299697876 8 -420.237976074 -28.6950778961 1502.95166016 -363.940002441 293.951416016 1745.50024414 -364.70501709 226.024169922 1499.78759766 -417.002990723 63.2490386963 1746.90161133 -121.022903442 157.409515381 1391.04248047 -417.003143311 -215.405654907 1746.90161133 150.471939087 200.359771729 1526.55932617 -416.997650146 -494.060058594 1746.90161133
0.0360341072083 8 -420.238067627 -27.4485149384 1503.45678711 -363.913208008 296.51171875 1745.1862793 -365.686279297 227.466552734 1498.97338867 -416.309509277 65.5472106934 1747.00146484 -119.67024231 163.821212769 1392.84594727 -416.309661865 -213.10748291 1747.00146484 150.259231567 213.974090576 1528.87902832 -416.304168701 -491.761871338 1747.00146484
0.0321128368378 8 -420.980529785 -25.8211708069 1501.94128418 -367.812011719 296.650024414 1745.04492188 -368.288787842 229.506362915 1499.46691895 -417.943267822 65.3201751709 1746.19250488 -120.25163269 169.157073975 1393.78125 -417.94342041 -213.334518433 1746.19250488 146.854904175 231.10484314 1530.1184082 -417.937927246 -491.988891602 1746.19250488
0.0319631099701 8 -420.550415039 -26.7270946503 1502.89855957 -368.438537598 295.770996094 1745.46533203 -369.323059082 228.897094727 1499.80236816 -416.59954834 64.7451782227 1747.0189209 -119.772796631 175.470870972 1394.88293457 -416.599700928 -213.909515381 1747.0189209 146.376403809 241.849304199 1531.26794434 -416.594207764 -492.563903809 1747.0189209
0.0358889102936 8 -417.968383789 -29.4913902283 1503.74047852 -366.690429688 295.793945312 1742.67163086 -368.39276123 226.348556519 1496.57141113 -413.203186035 65.597442627 1746.43078613 -119.556381226 181.839706421 1396.14807129 -413.203338623 -213.057250977 1746.43078613 144.508590698 248.711196899 1536.42150879 -413.197845459 -491.711639404 1746.43078613
0.0321910381317 8 -418.520202637 -32.5084991455 1502.22106934 -368.525085449 294.026855469 1739.79150391 -365.947387695 222.690124512 1494.11999512 -418.28918457 64.6248168945 1744.13195801 -116.797271729 189.466430664 1398.05810547 -418.289337158 -214.029876709 1744.13195801 147.671691895 252.530273438 1539.40869141 -418.283843994 -492.684265137 1744.13195801
0.0319590568542 8 -421.240783691 -32.2850570679 1503.31555176 -370.70513916 296.51385498 1738.83825684 -366.252197266 222.339035034 1493.19689941 -422.855407715 67.333190918 1744.21618652 -112.495132446 196.683029175 1400.83642578 -422.855560303 -211.321502686 1744.21618652 151.431747437 261.282348633 1542.59130859 -422.850067139 -489.975891113 1744.21618652
0.0359380245209 8 -422.94354248 -32.9139480591 1505.3671875 -372.865142822 295.701660156 1741.37475586 -367.352905273 221.612319946 1495.48937988 -424.863220215 66.5698852539 1746.3458252 -111.436584473 203.837142944 1403.35876465 -424.863372803 -212.08480835 1746.3458252 149.412414551 270.864440918 1549.54333496 -424.857879639 -490.739196777 1746.3458252
0.0321278572083 8 -424.609802246 -32.9591217041 1506.97302246 -373.203338623 295.122283936 1743.65087891 -368.849182129 221.554260254 1497.42944336 -425.871520996 66.0676574707 1748.15649414 -112.229827881 210.417785645 1404.83129883 -425.871673584 -212.587036133 1748.15649414 149.869567871 278.044677734 1548.53979492 -425.86618042 -491.241424561 1748.15649414
0.0318841934204 8 -424.308410645 -30.0620307922 1505.87255859 -373.567596436 296.613739014 1744.78234863 -369.282775879 224.676223755 1498.3704834 -425.168151855 66.8706207275 1747.90344238 -113.050292969 215.009689331 1406.07971191 -425.168304443 -211.784072876 1747.90344238 148.789306641 282.642456055 1550.31433105 -425.162811279 -490.438476562 1747.90344238
0.0360989570618 8 -424.325500488 -28.0671081543 1504.20922852 -374.100494385 297.452270508 1744.85437012 -369.080230713 226.671203613 1498.45166016 -425.693084717 67.3286209106 1746.85009766 -112.692718506 220.436523438 1408.14367676 -425.693237305 -211.326080322 1746.85009766 147.686004639 296.305053711 1550.69299316 -425.687744141 -489.98046875 1746.85009766
0.0318808555603 8 -424.309753418 -30.608543396 1504.8125 -373.298522949 294.290008545 1744.87109375 -367.036437988 223.663284302 1498.37609863 -427.336669922 65.9978637695 1746.95666504 -112.008422852 225.680831909 1410.50378418 -427.33682251 -212.656829834 1746.95666504 147.791473389 304.694000244 1552.50524902 -427.331329346 -491.311218262 1746.95666504
0.0320701599121 8 -424.710083008 -29.082649231 1504.60424805 -375.730773926 296.020965576 1745.38671875 -367.068878174 225.122192383 1498.61242676 -429.293792725 67.4790115356 1746.74743652 -109.059844971 232.283432007 1413.44116211 -429.293945312 -211.175689697 1746.74743652 151.042510986 308.279876709 1556.5838623 -429.288452148 -489.830078125 1746.74743652
0.0358688831329 8 -424.973297119 -28.4778308868 1504.27026367 -376.510284424 296.09588623 1745.14282227 -365.759185791 225.38180542 1499.11279297 -431.52255249 67.9142684937 1746.43408203 -108.70993042 237.862945557 1415.33935547 -431.522705078 -210.74041748 1746.43408203 152.23236084 309.012451172 1559.41699219 -431.517211914 -489.394805908 1746.43408203
0.0321559906006 8 -424.64465332 -32.7816162109 1500.80773926 -375.038024902 289.241424561 1745.01660156 -362.490966797 220.394485474 1497.62426758 -433.359985352 62.6063079834 1743.28759766 -107.563339233 243.90802002 1417.84399414 -433.360137939 -216.04838562 1743.28759766 153.564346313 314.215637207 1562.07116699 -433.354644775 -494.702758789 1743.28759766
0.031965970993 8 -424.239807129 -27.9983177185 1502.16040039 -377.83114624 293.835388184 1749.45385742 -365.011901855 225.880630493 1501.9284668 -432.543151855 64.0963287354 1745.90649414 -104.127532959 247.483200073 1419.81494141 -432.543304443 -214.558364868 1745.90649414 155.164459229 317.42364502 1567.47705078 -432.537811279 -493.212768555 1745.90649414
0.0360841751099 8 -425.241821289 -31.4289264679 1504.78369141 -377.134674072 293.311279297 1747.66809082 -366.109405518 222.396942139 1499.69799805 -432.075958252 64.9315490723 1746.89526367 -106.186187744 248.005218506 1420.46630859 -432.07611084 -213.723144531 1746.89526367 151.587585449 324.195526123 1567.59692383 -432.070617676 -492.377532959 1746.89526367
0.0324168205261 8 -424.533203125 -36.7930450439 1503.52124023 -374.926757812 290.493560791 1746.26721191 -354.281951904 213.949401855 1498.37512207 -441.507171631 64.4188919067 1742.89855957 -106.969268799 250.642883301 1421.75524902 -441.507324219 -214.235809326 1742.89855957 150.675415039 329.97366333 1567.49865723 -441.501831055 -492.890197754 1742.89855957
0.0320382118225 8 -422.760131836 -28.4499168396 1500.95654297 -373.328887939 296.706481934 1746.08093262 -348.193450928 221.185684204 1498.26647949 -444.281829834 72.3349914551 1740.25671387 -98.8811035156 255.766387939 1425.08288574 -444.281982422 -206.319702148 1740.25671387 156.339645386 333.270446777 1575.9309082 -444.276489258 -484.974090576 1740.25671387
0.0358028411865 8 -420.027954102 -26.0312347412 1498.56384277 -370.790130615 295.917175293 1745.49511719 -346.02355957 223.862579346 1498.66320801 -440.557128906 71.4606704712 1739.39050293 -92.0362854004 258.910095215 1427.64025879 -440.557281494 -207.194030762 1739.39050293 160.948577881 337.191101074 1581.85095215 -440.55178833 -485.848419189 1739.39050293
0.0315840244293 8 -416.762878418 -24.8538951874 1491.55883789 -372.966033936 291.232971191 1744.66540527 -350.352996826 226.944549561 1498.22619629 -434.726593018 64.2148361206 1735.69250488 -89.9846191406 258.858398438 1427.70214844 -434.726745605 -214.439849854 1735.69250488 160.251586914 339.530822754 1585.1270752 -434.721252441 -493.094238281 1735.69250488
0.0320041179657 8 -410.238220215 -27.0198554993 1491.21765137 -370.173156738 291.347839355 1741.74963379 -350.39666748 226.542175293 1495.2598877 -426.145629883 62.9874725342 1735.21911621 -92.9819335938 255.988861084 1424.56433105 -426.145782471 -215.667221069 1735.21911621 158.00201416 330.344360352 1583.83190918 -426.140289307 -494.321594238 1735.21911621
0.0364198684692 8 -409.237854004 -28.6488456726 1494.79199219 -369.575775146 290.604736328 1744.30908203 -353.1640625 225.867080688 1496.91552734 -424.359863281 62.4051971436 1738.52880859 -114.486923218 241.509796143 1408.27441406 -424.360015869 -216.24949646 1738.52880859 135.863723755 304.137512207 1559.49841309 -424.354522705 -494.903869629 1738.52880859
0.0321469306946 8 -411.887023926 -31.1817531586 1502.5222168 -372.838806152 293.641723633 1745.09069824 -362.546722412 224.599822998 1498.02966309 -420.519683838 64.1343841553 1744.84265137 -129.145721436 225.765670776 1393.63586426 -420.519836426 -214.520309448 1744.84265137 114.717346191 278.769042969 1545.88122559 -420.514343262 -493.174682617 1744.84265137
0.0320160388947 8 -412.965240479 -31.7183151245 1507.01586914 -373.763366699 296.632049561 1745.98547363 -372.761230469 225.451828003 1498.05065918 -412.365112305 65.7520446777 1748.53674316 -140.97265625 210.384506226 1377.81799316 -412.365264893 -212.902648926 1748.53674316 96.2819366455 252.190353394 1534.0489502 -412.359771729 -491.557037354 1748.53674316
0.0353701114655 8 -412.870727539 -34.4515304565 1507.64709473 -373.580230713 295.322387695 1744.9407959 -376.710632324 223.367767334 1497.14672852 -407.746398926 63.46434021 1749.04882812 -148.46913147 192.188217163 1361.41015625 -407.746551514 -215.190353394 1749.04882812 81.6328277588 220.310012817 1526.21142578 -407.74105835 -493.844726562 1749.04882812
0.0320010185242 8 -413.20425415 -39.4344787598 1507.9432373 -372.98324585 294.217285156 1740.91503906 -380.867828369 218.74005127 1493.5390625 -403.826690674 61.380317688 1748.05908203 -155.694641113 169.091125488 1343.20373535 -403.826843262 -217.274383545 1748.05908203 68.0869750977 187.220657349 1519.43603516 -403.821350098 -495.928771973 1748.05908203
0.0320718288422 8 -415.623596191 -38.4233779907 1510.79248047 -374.402435303 295.973266602 1742.90380859 -387.898162842 220.275878906 1495.64404297 -401.55368042 62.5264434814 1750.65625 -166.838150024 140.544403076 1325.10144043 -401.553833008 -216.128250122 1750.65625 53.619430542 149.187271118 1511.31506348 -401.548339844 -494.782653809 1750.65625
0.035884141922 8 -415.559326172 -35.2336921692 1510.34667969 -373.732208252 297.190063477 1744.90429688 -389.415374756 223.800048828 1497.62609863 -399.469268799 63.1906280518 1751.17346191 -180.935913086 110.271080017 1308.05725098 -399.469421387 -215.464065552 1751.17346191 44.0243377686 109.732162476 1495.86096191 -399.463928223 -494.118469238 1751.17346191
0.0321500301361 8 -415.3203125 -40.6940498352 1511.10498047 -372.941497803 295.780029297 1741.39367676 -388.890716553 218.04359436 1493.81542969 -400.038970947 61.9756164551 1750.20336914 -201.979980469 75.6354522705 1294.02111816 -400.039123535 -216.679077148 1750.20336914 31.0462799072 67.6968841553 1476.4708252 -400.033630371 -495.333465576 1750.20336914
0.0319328308105 8 -412.263305664 -39.8452377319 1510.765625 -370.453399658 298.378173828 1739.15136719 -377.078491211 217.647033691 1492.41369629 -406.273742676 65.3144683838 1749.05651855 -225.026626587 40.8105316162 1284.01452637 -406.273895264 -213.34022522 1749.05651855 22.748260498 22.733625412 1443.8963623 -406.2684021 -491.994628906 1749.05651855
0.0359170436859 8 -409.763244629 -41.6016349792 1510.12805176 -369.191131592 297.758728027 1738.02368164 -369.114685059 215.212600708 1493.01135254 -409.378295898 63.4117889404 1748.60412598 -250.501831055 9.90328979492 1280.0078125 -409.378448486 -215.242904663 1748.60412598 4.2568359375 -32.6438827515 1413.37841797 -409.372955322 -493.897277832 1748.60412598
0.0319809913635 8 -403.046112061 -40.7041931152 1501.94506836 -368.108703613 299.715148926 1733.41845703 -370.946380615 217.519897461 1489.00854492 -399.683319092 59.5671005249 1742.38598633 -274.802185059 -18.9897613525 1281.47924805 -399.68347168 -219.087585449 1742.38598633 -18.1518554688 -97.6822509766 1386.90844727 -399.677978516 -497.741973877 1742.38598633
0.0321021080017 8 -398.743469238 -44.4971542358 1495.90026855 -364.988067627 298.785705566 1728.66894531 -367.208892822 213.967315674 1484.66455078 -397.88949585 54.3174209595 1737.06298828 -293.397918701 -51.0007019043 1283.25061035 -397.889648438 -224.337280273 1737.06298828 -48.3731842041 -164.152908325 1360.31762695 -397.884155273 -502.991668701 1737.06298828
0.0358378887177 8 -397.073242188 -43.6192550659 1494.34667969 -361.81729126 301.63885498 1725.78833008 -367.445648193 215.126312256 1483.29858398 -393.711761475 54.6083221436 1735.77807617 -268.009857178 -116.033050537 1293.43261719 -393.711914062 -224.04637146 1735.77807617 -53.9362792969 -278.79510498 1331.46618652 -393.706420898 -502.700744629 1735.77807617
0.0321650505066 8 -398.76473999 -49.6463890076 1493.58251953 -359.84576416 301.490112305 1715.84204102 -367.923858643 208.580871582 1476.41662598 -393.073028564 53.9559173584 1732.66687012 -257.920562744 -192.58795166 1289.40979004 -393.073181152 -224.698776245 1732.66687012 -84.7293701172 -397.564788818 1305.81616211 -393.067687988 -503.353149414 1732.66687012
0.0358209609985 8 -403.414123535 -52.3095321655 1496.17285156 -358.495727539 302.72076416 1710.87988281 -368.785675049 204.960296631 1473.41394043 -392.236053467 55.7540054321 1733.03186035 -334.949554443 -48.0624237061 1361.68640137 -392.236206055 -222.900695801 1733.03186035 -162.44468689 -266.805236816 1355.20483398 -392.230712891 -501.555084229 1733.03186035
0.032112121582 8 -407.797729492 -54.2653656006 1500.63793945 -357.561065674 304.213439941 1708.88537598 -369.725799561 202.069976807 1473.14794922 -393.809967041 57.7840194702 1735.50439453 -359.14541626 -58.2733764648 1374.36621094 -393.810119629 -220.870666504 1735.50439453 -197.628341675 -283.940246582 1349.16516113 -393.804626465 -499.525054932 1735.50439453
0.0318918228149 8 -410.060058594 -57.9175376892 1503.07019043 -355.953613281 306.901947021 1696.41625977 -374.170623779 197.288208008 1465.55114746 -388.968109131 62.2449645996 1733.16101074 -377.590698242 -68.8089904785 1382.91320801 -388.968261719 -216.409729004 1733.16101074 -229.287734985 -301.430603027 1343.6472168 -388.962768555 -495.064117432 1733.16101074
0.0396730899811 8 -410.09286499 -60.4462966919 1501.42407227 -355.935119629 308.40524292 1687.1619873 -382.094726562 194.908813477 1458.77929688 -380.141662598 63.7015228271 1728.35766602 -392.825683594 -75.3500366211 1391.74609375 -380.141815186 -214.953170776 1728.35766602 -258.646514893 -314.571472168 1342.57873535 -380.136322021 -493.607543945 1728.35766602
0.0324230194092 8 -409.161437988 -62.6220626831 1504.40637207 -353.63381958 309.623077393 1683.0369873 -384.232788086 192.411117554 1457.49645996 -374.740905762 64.9112854004 1728.93762207 -398.001586914 -80.7188873291 1404.02832031 -374.74105835 -213.743408203 1728.93762207 -277.938568115 -325.967163086 1348.47119141 -374.735565186 -492.397796631 1728.93762207
0.0311710834503 8 -408.283630371 -63.3972702026 1507.65795898 -354.209106445 311.642211914 1679.95654297 -389.275939941 191.462799072 1457.01513672 -369.190856934 67.4644927979 1729.52856445 -403.587310791 -83.5929260254 1414.73120117 -369.191009521 -211.190200806 1729.52856445 -297.040039062 -334.195526123 1355.61743164 -369.185516357 -489.844604492 1729.52856445
0.0350148677826 8 -410.059783936 -67.6205749512 1504.69458008 -352.418029785 312.410522461 1667.46386719 -396.979766846 186.315979004 1448.38623047 -361.17086792 68.0418777466 1721.56079102 -410.504577637 -90.0092163086 1415.07141113 -361.171020508 -210.612823486 1721.56079102 -316.524505615 -345.273254395 1354.6027832 -361.165527344 -489.267211914 1721.56079102
0.0313580036163 8 -412.060546875 -69.9830627441 1502.94824219 -348.139373779 311.803405762 1661.26696777 -404.948150635 183.897201538 1445.54406738 -350.788970947 66.7418060303 1715.9107666 -417.069702148 -93.2558135986 1419.32019043 -350.789123535 -211.912887573 1715.9107666 -334.534851074 -352.516296387 1359.14990234 -350.783630371 -490.567260742 1715.9107666
0.0315120220184 8 -413.838745117 -72.0718612671 1499.26855469 -348.151000977 310.574859619 1655.60864258 -411.84954834 181.989425659 1441.87280273 -344.755981445 65.109375 1709.63525391 -422.362518311 -95.69972229 1421.21789551 -344.756134033 -213.545318604 1709.63525391 -350.095916748 -358.346374512 1362.54272461 -344.750640869 -492.199707031 1709.63525391
0.035108089447 8 -415.985595703 -73.2169418335 1501.28588867 -348.265258789 312.113128662 1651.75 -413.897277832 180.114654541 1440.29589844 -345.32623291 66.5973510742 1709.5168457 -422.819244385 -97.9202575684 1424.00476074 -345.326385498 -212.057342529 1709.5168457 -359.664672852 -363.409851074 1367.6541748 -345.320892334 -490.711730957 1709.5168457
0.0363829135895 8 -417.744995117 -74.4269104004 1501.84301758 -345.681396484 311.148254395 1649.85412598 -417.944000244 178.816375732 1440.34204102 -340.508453369 65.841506958 1707.44897461 -425.403076172 -99.4408569336 1427.4708252 -340.508605957 -212.813186646 1707.44897461 -370.270446777 -367.300048828 1373.98706055 -340.503112793 -491.467590332 1707.44897461
0.0321021080017 8 -418.602539062 -74.5300292969 1501.75 -346.353393555 311.116912842 1649.3782959 -422.378723145 178.901733398 1440.98022461 -337.692871094 65.8338623047 1705.92236328 -428.548522949 -99.4982910156 1430.79309082 -337.693023682 -212.820831299 1705.92236328 -380.437866211 -369.321472168 1380.49816895 -337.687530518 -491.475219727 1705.92236328
0.0354499816895 8 -418.959320068 -73.8751678467 1502.16650391 -345.945465088 312.958648682 1649.13989258 -425.066619873 179.635360718 1441.76196289 -335.782684326 66.674697876 1705.34350586 -430.130340576 -98.8561859131 1433.68579102 -335.782836914 -211.979995728 1705.34350586 -388.141662598 -370.299743652 1386.73730469 -335.77734375 -490.634399414 1705.34350586
0.0307459831238 8 -418.926513672 -74.9388580322 1500.95483398 -344.762023926 309.997253418 1649.03125 -425.898254395 178.961029053 1442.20373535 -334.472473145 64.4271240234 1704.44934082 -430.030151367 -99.5891723633 1435.79150391 -334.472625732 -214.22756958 1704.44934082 -393.364685059 -372.364898682 1392.22619629 -334.467132568 -492.881958008 1704.44934082
0.0315568447113 8 -419.492126465 -74.83253479 1501.23022461 -343.305877686 309.302032471 1648.97827148 -425.518829346 179.15637207 1442.68737793 -334.459747314 64.0226593018 1704.85388184 -428.875640869 -99.431427002 1437.58947754 -334.459899902 -214.632034302 1704.85388184 -396.83114624 -373.299133301 1397.3581543 -334.454406738 -493.286437988 1704.85388184
0.0446100234985 8 -419.485900879 -75.5125732422 1500.08398438 -343.838470459 307.815582275 1648.96508789 -425.705932617 178.706802368 1442.53540039 -334.059997559 62.5680084229 1704.0793457 -428.423919678 -99.9050445557 1438.47802734 -334.060150146 -216.086685181 1704.0793457 -400.387695312 -374.66583252 1401.4720459 -334.054656982 -494.741088867 1704.0793457
0.031571149826 8 -420.35723877 -74.7405395508 1502.34619141 -344.506195068 309.975830078 1648.43994141 -423.49432373 178.955734253 1442.38378906 -338.171386719 64.6296234131 1706.76855469 -425.68939209 -99.6715545654 1439.15148926 -338.171539307 -214.02507019 1706.76855469 -401.129333496 -375.161437988 1405.22302246 -338.166046143 -492.679443359 1706.76855469
0.0297000408173 8 -419.885192871 -75.208190918 1501.41577148 -344.353637695 309.045837402 1648.68896484 -423.826019287 178.672317505 1442.22143555 -337.488250732 63.7331390381 1706.0637207 -425.595153809 -99.9648590088 1439.64440918 -337.48840332 -214.921554565 1706.0637207 -404.050872803 -376.04901123 1408.62158203 -337.482910156 -493.575927734 1706.0637207
0.0344889163971 8 -419.658081055 -76.7373504639 1500.05737305 -344.560089111 306.989440918 1648.30712891 -422.913024902 177.201919556 1441.04443359 -338.38861084 61.9282989502 1705.35058594 -424.336700439 -101.441513062 1438.98852539 -338.388763428 -216.726394653 1705.35058594 -405.410736084 -378.009460449 1410.6862793 -338.383270264 -495.38079834 1705.35058594
0.0304679870605 8 -418.685180664 -77.9565887451 1503.09643555 -342.055725098 306.708221436 1648.10766602 -419.246124268 175.451904297 1441.80603027 -339.049163818 61.9373474121 1708.18273926 -420.390411377 -103.195587158 1440.16491699 -339.049316406 -216.717346191 1708.18273926 -403.740203857 -380.156951904 1414.39343262 -339.043823242 -495.371734619 1708.18273926
0.0307559967041 8 -418.435943604 -77.1721954346 1502.4074707 -340.092376709 306.971740723 1648.51672363 -418.773864746 176.362121582 1441.59765625 -337.815856934 62.1803894043 1707.48974609 -419.692657471 -102.287994385 1440.28710938 -337.816009521 -216.474304199 1707.48974609 -405.023071289 -379.569091797 1416.85742188 -337.810516357 -495.128692627 1707.48974609
0.0351588726044 8 -420.212677002 -75.4161987305 1501.54711914 -339.273986816 308.525604248 1648.20617676 -417.121154785 178.041687012 1440.52416992 -340.20098877 63.2387695312 1707.33129883 -417.858306885 -100.610076904 1439.47729492 -340.201141357 -215.415924072 1707.33129883 -404.914916992 -378.150817871 1418.20532227 -340.195648193 -494.0703125 1707.33129883
0.0290801525116 8 -420.906677246 -75.1768035889 1499.41320801 -337.803894043 307.124389648 1648.56481934 -415.551757812 178.631439209 1440.04321289 -341.485229492 61.583984375 1706.68286133 -416.142822266 -100.021392822 1439.20666504 -341.48538208 -217.070709229 1706.68286133 -404.706390381 -377.772949219 1419.91577148 -341.479888916 -495.725097656 1706.68286133
0.0320279598236 8 -421.393066406 -73.2263336182 1501.30444336 -337.725494385 308.197937012 1652.23950195 -409.722717285 180.29057312 1441.87817383 -347.63659668 62.7474212646 1711.08886719 -410.196411133 -98.3628692627 1441.20959473 -347.636749268 -215.907272339 1711.08886719 -400.077636719 -376.285400391 1423.73242188 -347.631256104 -494.561645508 1711.08886719
0.0358600616455 8 -421.380432129 -73.3091583252 1500.19274902 -337.589752197 307.460632324 1653.58203125 -408.274841309 180.380325317 1441.64208984 -348.601013184 61.6521453857 1711.0168457 -408.65435791 -98.2735748291 1441.10754395 -348.601165771 -217.002548218 1711.0168457 -399.689666748 -376.334899902 1425.28662109 -348.595672607 -495.656921387 1711.0168457
0.0320949554443 8 -422.181945801 -74.5801086426 1498.49902344 -336.388580322 306.167297363 1650.74243164 -403.941101074 178.475296021 1438.65014648 -352.502807617 60.7636871338 1710.1081543 -404.245025635 -100.178909302 1438.22277832 -352.502960205 -217.89100647 1710.1081543 -396.292938232 -378.352722168 1423.91162109 -352.497467041 -496.545410156 1710.1081543
0.0320570468903 8 -422.091125488 -75.3763122559 1498.71740723 -336.125366211 305.213745117 1652.84570312 -402.371612549 177.832626343 1439.89196777 -353.8253479 58.9490509033 1711.46252441 -402.614929199 -100.821762085 1439.55029297 -353.825500488 -219.7056427 1711.46252441 -395.552734375 -379.086791992 1426.6126709 -353.820007324 -498.360046387 1711.46252441
0.0358319282532 8 -421.231445312 -76.4281005859 1498.29370117 -336.379333496 303.529815674 1653.89318848 -401.03427124 176.891876221 1440.04064941 -354.400604248 57.4848327637 1711.77258301 -401.228973389 -101.762664795 1439.76733398 -354.400756836 -221.16986084 1711.77258301 -394.950164795 -380.101623535 1428.07775879 -354.395263672 -499.824249268 1711.77258301
