0.0314290523529 8 -322.031890869 -104.998184204 1531.1315918 -347.651763916 249.335540771 1587.81848145 -377.094848633 34.2692871094 1412.50244141 -305.153808594 6.58166503906 1685.29174805 -363.621398926 -169.305938721 1263.2487793 -223.400512695 -98.097618103 1398.36987305 -288.022033691 -355.504577637 1284.84814453 -381.428314209 -497.417327881 1309.28845215
0.0326678752899 8 -321.341796875 -101.947006226 1537.42138672 -346.605377197 248.950439453 1588.66430664 -366.634521484 29.4643630981 1407.78833008 -311.747009277 14.1127090454 1687.63208008 -344.161376953 -195.116546631 1243.25842285 -230.605926514 -90.4136276245 1400.97509766 -271.354553223 -363.732116699 1294.88391113 -393.304595947 -483.015380859 1321.45422363
0.0363211631775 8 -322.211914062 -99.8050765991 1539.00366211 -344.741760254 248.974884033 1588.9276123 -356.139190674 28.2884063721 1403.46057129 -320.040313721 16.9047546387 1688.35266113 -341.716247559 -190.227523804 1248.12548828 -241.183135986 -85.808265686 1399.80053711 -269.727111816 -354.667602539 1287.88757324 -401.321624756 -478.470092773 1325.71911621
0.0312788486481 8 -324.968719482 -96.7955780029 1538.26928711 -343.28414917 249.504394531 1588.97607422 -349.971984863 30.6275253296 1403.72937012 -327.695739746 14.1793899536 1688.73522949 -340.50100708 -174.715118408 1254.22900391 -250.890441895 -76.5880966187 1389.28930664 -263.771636963 -348.898376465 1281.56567383 -407.632751465 -463.967529297 1333.29150391
0.0323929786682 8 -323.526428223 -96.7230300903 1536.69958496 -342.752288818 250.704681396 1589.43481445 -346.201873779 34.0485076904 1403.0814209 -330.933868408 14.7294311523 1688.33312988 -328.498382568 -177.922821045 1264.22680664 -251.685241699 -84.7765197754 1391.93164062 -241.493682861 -448.745361328 1277.0045166 -358.380706787 -456.299255371 1289.24560547
0.0356221199036 8 -324.084136963 -96.5105209351 1536.26049805 -342.686950684 252.234237671 1589.6842041 -344.096252441 35.9419174194 1401.78857422 -337.529968262 16.9673538208 1687.81542969 -319.506530762 -184.795532227 1268.02685547 -252.346252441 -90.471244812 1394.3013916 -244.384735107 -436.01739502 1271.11901855 -353.460449219 -452.17678833 1285.79797363
0.0321319103241 8 -322.931884766 -98.2309875488 1534.91418457 -343.212921143 252.630218506 1589.25695801 -342.675537109 32.7484054565 1397.61682129 -335.848388672 16.228553772 1686.99401855 -324.117492676 -185.813262939 1265.15002441 -252.517333984 -92.2788925171 1395.05773926 -216.289611816 -449.335418701 1342.97021484 -419.148681641 -455.53805542 1346.13891602
0.0322141647339 8 -323.498687744 -103.271186829 1531.20056152 -343.78817749 252.556655884 1588.72521973 -333.802276611 23.0437927246 1395.99060059 -349.519012451 10.1536865234 1675.42687988 -283.596618652 -240.59375 1266.16320801 -261.0546875 -86.8424301147 1394.06384277 -202.084014893 -431.358520508 1385.67199707 -282.529052734 -359.77041626 1253.06396484
0.0362370014191 8 -320.498474121 -107.422424316 1531.14306641 -344.433990479 252.917999268 1587.86169434 -341.87902832 22.2786407471 1395.37805176 -338.967407227 11.6601409912 1676.71081543 -302.215087891 -239.596603394 1245.61743164 -251.113769531 -87.6781768799 1395.1036377 -210.381546021 -429.092895508 1386.5267334 -404.848236084 -452.46270752 1327.22509766
0.0319468975067 8 -319.693084717 -106.709632874 1531.42114258 -344.533874512 252.649078369 1587.36071777 -340.750915527 26.7482070923 1395.47607422 -335.881958008 11.9536819458 1681.0625 -309.039825439 -230.655334473 1232.08447266 -252.062530518 -93.3022384644 1392.51513672 -308.733062744 -346.224578857 1265.99157715 -225.272064209 -441.698394775 1269.83532715
0.0320599079132 8 -320.237792969 -105.108726501 1531.62988281 -344.859069824 252.206726074 1587.7878418 -339.702697754 29.8411331177 1396.6730957 -336.046386719 11.5271987915 1683.12231445 -311.148040771 -220.50378418 1241.41003418 -256.620483398 -95.954826355 1390.0045166 -278.027282715 -346.145324707 1248.62878418 -221.644317627 -456.137145996 1260.85620117
0.0358550548553 8 -320.639984131 -103.946876526 1535.67785645 -345.06918335 252.166000366 1588.24755859 -334.716522217 26.8390197754 1395.83483887 -337.905181885 16.0166320801 1684.5736084 -329.681488037 -207.228118896 1240.58984375 -258.44833374 -92.4151535034 1392.84472656 -268.544555664 -350.489562988 1250.30969238 -399.622070312 -495.165740967 1309.14770508
0.0318570137024 8 -319.424438477 -106.285514832 1536.53869629 -345.941741943 252.102432251 1589.19897461 -333.180480957 23.9580383301 1393.01379395 -337.369140625 18.7384338379 1684.18395996 -339.03012085 -205.620941162 1247.32958984 -257.473022461 -90.7854766846 1394.51989746 -267.744140625 -349.148498535 1252.2434082 -408.416412354 -482.04864502 1322.46948242
0.0320479869843 8 -312.723724365 -115.128814697 1536.41845703 -346.963317871 251.551513672 1588.90637207 -338.166229248 5.10367584229 1391.99475098 -307.748748779 10.6049880981 1678.29089355 -348.006896973 -219.11819458 1264.66906738 -250.575134277 -73.8899536133 1394.75012207 -266.426208496 -383.90020752 1250.36901855 -413.14553833 -430.558105469 1347.4354248
0.035973072052 8 -313.17980957 -116.73059082 1534.96057129 -347.978729248 250.6512146 1588.3215332 -339.120544434 2.26982116699 1390.20996094 -310.645507812 13.4785919189 1672.16845703 -346.266937256 -222.020462036 1273.38867188 -248.393829346 -75.103843689 1395.75744629 -271.355499268 -383.081542969 1251.89318848 -398.072052002 -465.56539917 1316.01855469
0.0320448875427 8 -309.197540283 -125.588188171 1527.87902832 -348.128601074 249.580535889 1587.9473877 -347.386444092 4.69747924805 1390.45690918 -295.013519287 5.24571228027 1669.29675293 -357.15020752 -214.076019287 1266.87097168 -236.593017578 -81.1282196045 1394.70373535 -292.977203369 -393.043518066 1250.98059082 -383.948486328 -479.969360352 1306.4342041
0.0321500301361 8 -308.259399414 -127.191741943 1527.21252441 -347.6902771 249.335525513 1588.00756836 -347.244506836 2.42002868652 1388.74987793 -292.9375 3.46849060059 1669.28356934 -347.651672363 -217.259384155 1253.22753906 -229.53024292 -89.2944869995 1396.2755127 -302.720794678 -359.662780762 1254.33459473 -387.732269287 -479.799346924 1313.27099609
0.0354831218719 8 -313.057830811 -119.929832458 1531.97875977 -346.485076904 249.753799438 1589.10070801 -335.646850586 9.27651977539 1388.51293945 -311.010131836 1.53665161133 1683.73120117 -340.878234863 -206.231826782 1251.36340332 -242.110565186 -95.7367553711 1398.19433594 -293.593322754 -344.183959961 1255.59997559 -392.516540527 -485.487762451 1309.42224121
0.0320498943329 8 -309.095001221 -119.052360535 1503.01831055 -345.102142334 250.378997803 1589.66784668 -322.3152771 45.4578857422 1393.75402832 -325.890411377 -28.4969100952 1678.21740723 -355.014587402 -163.518417358 1245.64978027 -252.78515625 -132.957962036 1394.05944824 -272.470428467 -318.026092529 1257.4206543 -250.399688721 -453.015075684 1236.92492676
0.0318729877472 8 -308.004333496 -116.75617981 1506.70544434 -343.533569336 251.411254883 1589.68640137 -322.487091064 48.000617981 1395.03723145 -328.368804932 -24.3199005127 1682.39025879 -346.417175293 -166.909362793 1242.15515137 -254.07699585 -133.067657471 1394.59887695 -270.544158936 -316.520812988 1255.63464355 -208.792098999 -522.712402344 1341.44384766
0.0366711616516 8 -311.212036133 -119.833198547 1512.54785156 -341.895202637 252.074951172 1590.5255127 -328.726501465 39.4351501465 1394.81054688 -321.633361816 -16.6159515381 1682.17358398 -349.195159912 -181.158554077 1241.92053223 -247.231628418 -124.892066956 1396.45825195 -275.751220703 -310.77255249 1252.99707031 -193.8359375 -455.617614746 1362.81652832
0.0323247909546 8 -309.166870117 -118.83505249 1512.56298828 -340.245178223 253.11946106 1592.70092773 -326.96295166 38.8764953613 1396.38378906 -319.078186035 -20.1537475586 1682.41894531 -352.152862549 -196.480499268 1258.6685791 -246.678588867 -124.71434021 1396.44030762 -267.94833374 -316.498016357 1254.56518555 -221.036087036 -459.942871094 1252.48022461
0.0316891670227 8 -307.8046875 -115.851303101 1517.59179688 -339.965545654 252.979217529 1592.55029297 -328.710327148 35.9862518311 1404.00195312 -315.319152832 -17.7234268188 1681.02026367 -351.944946289 -205.74307251 1266.89331055 -225.095169067 -136.400512695 1426.09240723 -267.125640869 -313.10748291 1258.44335938 -208.647949219 -454.871246338 1256.16052246
0.035719871521 8 -307.442962646 -114.289390564 1519.28686523 -340.071289062 252.923858643 1591.87414551 -328.042297363 34.6592178345 1401.18151855 -318.331054688 -14.0636138916 1681.75280762 -311.462615967 -199.087402344 1266.17871094 -220.353820801 -135.193328857 1437.72924805 -263.200744629 -314.858886719 1257.87573242 -400.862609863 -502.323486328 1313.78198242
0.0317809581757 8 -307.497528076 -112.814346313 1521.8984375 -340.415985107 252.907165527 1591.02954102 -328.5887146 32.0996856689 1398.86035156 -317.999359131 -10.0219497681 1682.85424805 -292.278137207 -204.275817871 1260.6583252 -220.76965332 -121.201393127 1439.12438965 -244.744338989 -336.479431152 1263.87451172 -393.416320801 -511.378967285 1300.42980957
0.0319361686707 8 -309.296722412 -105.295265198 1527.60412598 -339.9402771 252.997070312 1589.66296387 -330.563415527 40.8300552368 1397.54321289 -320.137939453 3.46855926514 1691.23071289 -282.586547852 -200.239776611 1260.12512207 -226.003921509 -126.596595764 1426.33093262 -400.256652832 -432.58770752 1292.2956543 -391.958007812 -518.847595215 1299.69702148
0.0360560417175 8 -310.187438965 -104.11706543 1531.20727539 -339.415740967 253.428451538 1588.48071289 -328.168823242 35.8056640625 1397.08410645 -320.526123047 8.29534912109 1689.78649902 -275.054229736 -208.313919067 1264.38452148 -230.880142212 -117.608337402 1421.29150391 -239.601516724 -325.375488281 1268.03540039 -389.658355713 -497.425628662 1301.00549316
0.0323150157928 8 -309.090301514 -93.0067901611 1537.59472656 -337.900909424 253.720108032 1588.52478027 -328.999816895 45.2210845947 1398.06933594 -318.693664551 32.1695709229 1689.94116211 -275.016296387 -212.201400757 1266.41784668 -224.874237061 -110.018096924 1430.37304688 -187.152404785 -353.303283691 1285.37988281 -100.815811157 -460.973114014 1289.04003906
0.0321178436279 8 -307.866027832 -90.860710144 1539.70800781 -336.477630615 253.084533691 1588.57727051 -328.695678711 39.6295547485 1397.11669922 -313.399475098 38.8723526001 1684.3894043 -272.433624268 -193.317108154 1245.10656738 -228.843963623 -101.935829163 1426.2331543 -118.748840332 -395.600280762 1299.41711426 -417.556640625 -457.255340576 1347.29125977
0.0359439849854 8 -307.844451904 -93.2226028442 1539.5189209 -334.881011963 252.212463379 1588.86169434 -326.994598389 33.8897781372 1396.40612793 -314.310211182 34.5233840942 1683.20202637 -271.032684326 -198.696868896 1253.76220703 -235.881973267 -80.7878417969 1413.21142578 -92.4140930176 -383.95135498 1311.83288574 -312.796051025 -499.705780029 1284.43798828
0.0318930149078 8 -306.591461182 -93.5011520386 1536.66162109 -333.572753906 251.682800293 1589.01745605 -327.121490479 32.2502670288 1395.8215332 -309.551544189 34.1159896851 1677.2890625 -272.074737549 -198.133575439 1257.02087402 -225.509078979 -82.794883728 1389.18713379 -72.8153991699 -365.933319092 1323.25427246 -263.148468018 -492.553070068 1298.45507812
0.0361499786377 8 -307.883178711 -94.8925247192 1535.14978027 -332.707946777 251.907531738 1589.1932373 -326.219299316 32.0808868408 1395.18933105 -313.957885742 31.3228302002 1676.85461426 -269.025878906 -185.389450073 1252.14477539 -230.068572998 -89.2457580566 1378.01696777 -49.7226867676 -348.815582275 1337.07727051 -106.329566956 -349.515777588 1327.69299316
0.0365459918976 8 -307.794189453 -95.7124404907 1530.26403809 -331.912506104 251.486755371 1588.78320312 -327.232574463 30.113319397 1392.99462891 -312.066864014 32.2950057983 1666.82470703 -251.838195801 -175.207305908 1250.88574219 -244.319213867 -180.773376465 1448.32055664 -5.51663208008 -344.182312012 1361.24145508 -62.0030975342 -323.151824951 1337.58410645
0.0312449932098 8 -306.133850098 -100.212112427 1524.90783691 -331.658081055 251.023666382 1587.93408203 -324.593902588 35.1162261963 1393.73364258 -313.678741455 24.2733306885 1667.41308594 -241.973129272 -151.349243164 1249.01831055 -240.662475586 -183.727554321 1452.73242188 6.95686340332 -317.431610107 1373.19763184 -52.630859375 -314.048706055 1346.23632812
0.0354151725769 8 -305.32901001 -102.811508179 1522.42175293 -331.134979248 250.656433105 1587.4005127 -321.973693848 36.0327453613 1393.83679199 -314.260620117 20.097869873 1666.99865723 -223.159606934 -129.248733521 1254.50622559 -161.8331604 -145.993408203 1590.86035156 10.7799987793 -291.444702148 1383.0645752 -82.586730957 -286.012268066 1339.97851562
0.0310389995575 8 -303.991790771 -104.163002014 1519.56079102 -329.990112305 251.158691406 1587.36938477 -318.968170166 39.2200012207 1395.06445312 -315.805389404 15.7993621826 1667.04589844 -210.180297852 -119.780776978 1258.5279541 -163.457931519 -135.713363647 1587.36950684 29.8216552734 -277.33694458 1397.68505859 -66.3694992065 -276.725158691 1349.90893555
0.0310668945312 8 -303.721832275 -106.021987915 1515.5982666 -328.680145264 251.778320312 1587.76318359 -316.435760498 46.762550354 1394.92150879 -320.305145264 11.1674118042 1670.70910645 -204.662322998 -109.410438538 1260.32373047 -228.431213379 -97.169090271 1620.62011719 43.0901641846 -260.815002441 1416.57739258 -32.8173065186 -272.575866699 1371.2166748
0.0364210605621 8 -301.933044434 -107.145065308 1513.90124512 -325.340423584 254.570770264 1587.96459961 -314.693939209 53.891746521 1397.04248047 -324.145477295 10.2875823975 1673.48803711 -199.041595459 -108.130210876 1266.91638184 -239.240631104 -111.147789001 1623.97570801 51.8653564453 -245.802764893 1424.11083984 -50.877822876 -309.769226074 1494.28125
0.0306499004364 8 -300.836364746 -104.886985779 1515.71826172 -323.096832275 255.216003418 1587.07470703 -310.457092285 58.9767913818 1402.49328613 -326.681030273 10.4020385742 1676.35559082 -193.318725586 -112.960998535 1284.53771973 -245.561157227 -121.591064453 1621.86621094 55.2268676758 -232.683822632 1427.62866211 112.372924805 -361.301025391 1506.1940918
0.0316560268402 8 -299.511047363 -103.138908386 1516.23706055 -321.005950928 256.191314697 1585.91259766 -312.453125 61.6054840088 1402.08789062 -331.163208008 10.7312316895 1678.62548828 -160.889434814 -106.180023193 1312.11706543 -254.120391846 -131.730209351 1623.36975098 68.2861480713 -224.146118164 1431.06384277 89.9795227051 -335.698608398 1463.31298828
0.0369701385498 8 -299.470123291 -103.081069946 1516.91931152 -320.489959717 256.372924805 1585.75878906 -313.501708984 60.4340896606 1401.84790039 -329.530456543 11.1479110718 1678.85668945 -117.985183716 -110.090187073 1343.89904785 -254.444641113 -136.638061523 1622.44726562 26.0617980957 -208.415603638 1410.95947266 96.7613220215 -313.299255371 1449.27734375
0.0339579582214 8 -298.144927979 -104.147018433 1518.08288574 -318.411956787 257.009674072 1584.71960449 -310.510467529 62.3396606445 1406.30993652 -327.978973389 11.0883178711 1679.93078613 -93.6051635742 -114.527099609 1358.81469727 -259.504333496 -143.915863037 1618.35119629 84.0810699463 -221.786071777 1449.19641113 99.2928161621 -291.005187988 1440.95568848
0.0328898429871 8 -297.171112061 -104.898651123 1519.61022949 -317.641143799 257.953338623 1584.28808594 -307.162139893 65.3668746948 1409.5892334 -329.409454346 13.126083374 1681.55383301 -82.4554138184 -113.939552307 1366.87255859 -262.791290283 -149.360595703 1618.97570801 92.1792602539 -213.335479736 1453.71276855 67.9989929199 -265.686584473 1359.12695312
0.0350341796875 8 -295.848358154 -104.599212646 1521.94128418 -316.213500977 259.402954102 1584.65332031 -304.337402344 68.2245941162 1412.27258301 -328.786437988 15.7954559326 1684.38391113 -75.2489929199 -110.835205078 1371.52111816 -266.924987793 -154.772888184 1620.62902832 126.402786255 -226.124542236 1470.17504883 102.308441162 -263.232391357 1379.94567871
0.0308117866516 8 -293.341674805 -103.109214783 1524.81286621 -315.224578857 260.449523926 1584.6541748 -296.651763916 73.279006958 1419.67321777 -329.069671631 19.9852600098 1685.2791748 -70.4027099609 -112.721969604 1374.4597168 -264.435028076 -153.685806274 1609.34240723 134.784301758 -233.888092041 1470.59570312 108.291748047 -260.36151123 1376.97070312
0.0308561325073 8 -293.000274658 -99.0967102051 1531.53662109 -314.22744751 261.125915527 1584.99353027 -291.299255371 71.853553772 1421.77075195 -329.669799805 26.4236984253 1687.02124023 -63.7957458496 -119.923591614 1376.5904541 -183.224151611 -112.809455872 1450.60021973 138.347961426 -245.561920166 1465.80065918 101.916534424 -261.41015625 1390.50634766
0.0394868850708 8 -292.170043945 -95.7030181885 1532.16625977 -309.498596191 264.027893066 1585.42260742 -288.769622803 75.2550354004 1422.79016113 -329.362945557 29.2019348145 1687.78381348 -64.2711791992 -120.506973267 1377.40258789 -180.143630981 -112.320144653 1441.66064453 139.493728638 -251.391052246 1463.77380371 108.777389526 -258.035827637 1371.6295166
0.0284581184387 8 -291.156921387 -92.7083206177 1532.10522461 -308.607849121 264.942779541 1585.69995117 -287.634246826 78.8812332153 1422.22839355 -325.443084717 33.0899734497 1688.71813965 -62.2955169678 -118.2241745 1377.77026367 -156.827102661 -109.949211121 1449.04077148 146.814025879 -252.293060303 1460.55981445 109.024551392 -265.677368164 1369.6973877
0.0321800708771 8 -292.44732666 -92.1433258057 1531.62402344 -305.386962891 266.049804688 1586.11804199 -291.081298828 78.7506256104 1419.37963867 -324.550537109 34.211807251 1689.13354492 -57.8999481201 -113.357284546 1379.71704102 -140.589248657 -95.0161895752 1436.67028809 130.240814209 -241.688568115 1455.43444824 170.975875854 -322.623626709 1452.26477051
0.0402779579163 8 -293.306365967 -93.5965042114 1531.90185547 -303.556762695 267.015045166 1586.42626953 -293.189239502 77.9471740723 1417.90356445 -322.850250244 35.7165374756 1689.47167969 -58.0129394531 -111.324371338 1381.58666992 -134.503814697 -97.1399993896 1438.0847168 138.720092773 -245.378753662 1459.2244873 103.082275391 -293.013122559 1343.38098145
0.0317709445953 8 -291.509460449 -93.7709884644 1532.78112793 -303.660003662 265.985870361 1586.5267334 -289.180480957 79.916595459 1419.65686035 -322.188110352 38.4469146729 1689.45666504 -56.9903259277 -111.750488281 1379.96362305 -145.031112671 -96.1361236572 1471.09143066 140.853378296 -241.236557007 1462.05090332 111.55809021 -289.272827148 1341.80932617
0.0307950973511 8 -289.68661499 -94.6701278687 1533.45947266 -303.204833984 264.935180664 1586.2109375 -285.90536499 79.1805267334 1420.14294434 -319.274627686 38.7245483398 1689.69470215 -53.0182800293 -113.098861694 1380.26269531 -146.33253479 -95.7462921143 1475.32470703 144.472991943 -240.237564087 1463.65258789 115.219192505 -284.785919189 1343.97387695
0.033509016037 8 -288.907165527 -95.4848861694 1532.77099609 -301.419067383 264.788360596 1586.27770996 -284.237304688 79.3246383667 1420.10546875 -318.442016602 37.5218429565 1689.96728516 -46.0769500732 -111.633613586 1380.93444824 -143.459075928 -99.3118362427 1472.86804199 144.006225586 -233.046356201 1461.35949707 116.276153564 -282.546112061 1348.79626465
0.031112909317 8 -288.214019775 -95.3190994263 1533.58764648 -300.28302002 264.818634033 1585.76696777 -283.302398682 78.9690170288 1419.89575195 -318.447235107 38.3974533081 1690.21533203 -49.0415649414 -113.360466003 1379.7989502 -157.821105957 -117.14730072 1494.43103027 145.610092163 -226.448516846 1460.6229248 118.251342773 -264.646636963 1352.41906738
0.0359439849854 8 -286.94619751 -89.9534072876 1533.38696289 -300.570465088 264.748596191 1585.36315918 -283.649932861 91.7713394165 1416.7322998 -315.246124268 52.393196106 1693.3236084 -48.0592651367 -98.2158584595 1376.50512695 -158.034088135 -132.919799805 1504.66491699 153.692199707 -204.500045776 1464.82043457 117.862579346 -262.602966309 1362.41052246
0.0320460796356 8 -286.732421875 -94.7181549072 1529.5489502 -300.220153809 264.98260498 1585.40698242 -282.906768799 89.1496582031 1418.09362793 -314.288726807 42.748840332 1692.60681152 -42.4287719727 -102.092987061 1378.88818359 -156.992706299 -129.695449829 1504.34741211 151.05015564 -191.511962891 1466.35864258 115.003631592 -251.232177734 1370.12145996
0.0320239067078 8 -285.58215332 -95.9162063599 1526.98950195 -300.099121094 264.514923096 1584.5703125 -283.124572754 89.2111816406 1416.66943359 -315.190734863 39.278427124 1692.19995117 -41.4794311523 -100.529434204 1378.01721191 -150.540985107 -128.346038818 1518.64685059 168.994384766 -182.959136963 1478.71899414 113.124603271 -245.002243042 1369.82202148
0.0322499275208 8 -284.484039307 -94.7893447876 1523.66223145 -299.101654053 264.420623779 1584.53662109 -282.569854736 91.0327148438 1415.29760742 -315.5753479 36.127822876 1691.50292969 -43.5137023926 -99.0491638184 1377.5369873 -145.160827637 -127.683044434 1529.88830566 177.066574097 -170.352416992 1485.44482422 116.181854248 -224.893951416 1368.73791504
0.0368220806122 8 -284.040039062 -95.1972579956 1523.24353027 -298.768859863 264.505706787 1584.21630859 -282.393432617 90.1387863159 1414.1262207 -316.006774902 35.2900009155 1691.2019043 -40.3865661621 -99.3358230591 1373.48828125 -142.93371582 -122.260780334 1534.75537109 168.658462524 -145.705078125 1487.28283691 103.87600708 -178.408981323 1437.68896484
0.0349729061127 8 -283.891540527 -95.5154876709 1523.31640625 -298.735137939 264.895385742 1584.36413574 -282.735473633 89.0973052979 1413.63146973 -316.517700195 34.8218841553 1690.83288574 -37.8325958252 -99.0924377441 1370.61450195 -138.298797607 -115.759674072 1530.71875 177.344039917 -130.665649414 1489.31420898 98.8422546387 -155.892303467 1434.08117676
0.0279440879822 8 -282.070007324 -95.9604873657 1522.18920898 -298.569732666 265.096435547 1584.13879395 -281.959777832 88.6816864014 1413.2746582 -317.75567627 33.4700927734 1689.31030273 -28.4976043701 -89.7109832764 1363.5279541 -138.323532104 -111.752182007 1526.11071777 172.814453125 -113.196899414 1487.08959961 126.949386597 -166.066864014 1383.15661621
0.0359261035919 8 -287.582885742 -95.2517089844 1520.2869873 -298.044281006 265.380493164 1584.78552246 -286.050140381 85.2974624634 1410.56274414 -313.62399292 34.1686935425 1685.24780273 -29.4897155762 -86.9830551147 1361.203125 -132.069076538 -104.367958069 1521.72583008 167.880661011 -95.0114822388 1481.62304688 137.923416138 -154.81048584 1385.83825684
0.0319209098816 8 -284.594451904 -92.9335174561 1517.15014648 -298.093170166 264.498901367 1585.26074219 -282.604156494 87.0536575317 1407.44152832 -312.867156982 43.5107345581 1675.32409668 -21.3319396973 -73.6772537231 1362.18676758 -114.03527832 -69.6170425415 1405.88195801 166.107345581 -70.193862915 1481.93798828 148.251739502 -145.618637085 1405.58728027
0.0321478843689 8 -282.41317749 -86.3680038452 1512.39221191 -298.146942139 264.165771484 1585.47790527 -279.110198975 95.6824188232 1400.61083984 -310.868499756 60.3700256348 1665.05737305 -15.751373291 -57.2853240967 1357.29125977 -142.78187561 -67.9862670898 1395.77722168 167.023773193 -65.0742492676 1494.15612793 128.006912231 -91.398727417 1460.93408203
0.0359630584717 8 -281.740447998 -86.93309021 1512.61474609 -299.388183594 263.753112793 1585.5411377 -278.12902832 95.1952133179 1400.52856445 -309.537536621 58.7159805298 1666.76025391 -14.428527832 -54.7472457886 1356.88500977 -153.576171875 -73.6768112183 1408.29724121 163.610443115 -37.5483474731 1490.96618652 106.1300354 -79.4752197266 1458.30944824
0.0320000648499 8 -281.639251709 -85.7045974731 1513.14123535 -302.814483643 263.18927002 1584.27087402 -278.730163574 98.8473205566 1400.15600586 -308.914123535 58.2589569092 1672.40258789 -15.1151123047 -44.2224731445 1354.3951416 -159.363601685 -72.322769165 1404.28588867 157.889358521 -16.0188617706 1496.89123535 97.717300415 -77.0725479126 1451.49023438
0.0320529937744 8 -281.998352051 -86.4487762451 1513.52258301 -303.859924316 263.327880859 1583.61352539 -280.209014893 98.3108673096 1400.48071289 -308.336517334 54.8437957764 1675.57373047 -14.0843200684 13.4660644531 1351.40246582 -108.184951782 -83.8374786377 1511.9552002 161.993087769 -4.14260864258 1506.48425293 122.719589233 -102.722976685 1411.3951416
0.0395300388336 8 -282.921966553 -85.6409301758 1513.27124023 -305.004486084 263.451599121 1583.84326172 -282.553100586 99.3612442017 1399.67724609 -307.960327148 55.059928894 1676.69091797 -14.6706542969 15.0721359253 1359.61865234 -105.288299561 -78.0001144409 1508.73193359 92.6820220947 24.5049057007 1527.87927246 121.535858154 -97.0551376343 1413.00500488
0.02845287323 8 -284.661621094 -85.4493026733 1513.58911133 -306.731689453 263.680633545 1583.88928223 -285.010009766 99.1888275146 1401.08154297 -306.910949707 53.4344787598 1677.80126953 -16.5522460938 19.1156387329 1358.54272461 -100.585983276 -63.1287918091 1471.30322266 161.269332886 31.8336257935 1527.78930664 173.830581665 -134.504302979 1487.7322998
0.0320839881897 8 -289.144134521 -89.4769210815 1510.46813965 -308.405273438 263.264190674 1584.32055664 -291.397796631 88.189163208 1401.38232422 -307.861358643 43.5307617188 1669.93188477 -23.2492980957 14.9093780518 1357.31066895 -87.0725097656 -41.401512146 1430.70471191 166.490875244 23.9103622437 1538.08703613 137.140609741 -59.7427978516 1500.44628906
0.036071062088 8 -288.274841309 -92.5425872803 1506.83459473 -309.490112305 262.744262695 1584.59204102 -293.076751709 81.1908416748 1399.90185547 -308.182647705 40.4376983643 1660.33032227 -21.799987793 14.2788009644 1355.88146973 -31.2280578613 -38.3268280029 1568.29602051 158.389526367 33.9346084595 1536.00292969 122.267227173 11.4343795776 1472.18310547
0.0317990779877 8 -290.428405762 -93.466178894 1506.1015625 -309.412963867 262.208862305 1584.74084473 -296.517669678 87.041229248 1401.50878906 -304.33706665 35.5008392334 1669.60620117 -25.9741516113 25.965675354 1357.77563477 -28.7334289551 -44.8452453613 1560.23754883 150.848297119 59.4234085083 1537.95263672 39.1305007935 -26.4970550537 1307.85656738
0.0399169921875 8 -283.773651123 -88.6384811401 1503.12817383 -310.686767578 263.109893799 1584.71948242 -297.98046875 99.5218200684 1403.46069336 -286.755065918 37.4356231689 1675.27978516 -23.0382385254 38.4423713684 1359.27233887 -10.6408081055 -46.8959960938 1456.04272461 182.591705322 53.6827697754 1561.50622559 35.4290313721 -36.5427703857 1335.63781738
0.0280148983002 8 -280.360534668 -80.6687393188 1505.16796875 -311.8359375 263.583465576 1584.60949707 -299.070648193 107.164100647 1406.3416748 -280.18447876 40.0992507935 1680.70422363 -22.4971923828 48.2889862061 1358.20910645 -23.0219726562 -36.0529174805 1466.76135254 168.522903442 73.541595459 1555.62341309 64.9792938232 -16.6069068909 1416.84899902
0.0337419509888 8 -282.739593506 -74.277961731 1508.32617188 -314.000366211 265.012756348 1584.95471191 -301.888183594 110.275474548 1412.80981445 -289.540588379 47.7013473511 1677.51489258 -23.4580688477 42.3365859985 1361.43847656 -23.1802368164 -29.1619949341 1477.12072754 173.918945312 93.6587524414 1569.71618652 75.8135375977 27.5066680908 1442.28833008
0.0343182086945 8 -280.415740967 -74.2240447998 1509.64318848 -314.867614746 266.890869141 1586.10339355 -298.664855957 108.380493164 1408.40185547 -285.716003418 49.2908935547 1678.88647461 -22.6033935547 52.982585907 1364.52954102 -23.4367370605 -27.1721191406 1488.83996582 179.047958374 120.149368286 1578.50891113 62.2131195068 25.8646583557 1430.25427246
0.0319819450378 8 -282.811584473 -74.6647262573 1507.15356445 -314.890563965 267.920257568 1586.98034668 -301.918243408 109.719421387 1405.96899414 -290.498626709 58.5389251709 1670.85644531 -23.3774108887 66.2633666992 1371.22229004 -25.3861999512 -22.408241272 1485.39770508 143.585372925 152.287658691 1542.56921387 65.9566574097 45.6659851074 1445.58349609
0.0320489406586 8 -284.408630371 -72.6188049316 1510.8782959 -316.714996338 271.254821777 1588.68908691 -305.951202393 110.592208862 1411.30163574 -296.260467529 60.2292327881 1672.60900879 -48.905090332 98.6172866821 1371.89868164 -52.4201812744 -2.20709228516 1501.78405762 137.334075928 146.55015564 1532.38415527 163.611938477 92.4393234253 1584.33093262
0.0359609127045 8 -285.424072266 -74.8254852295 1511.34423828 -318.458526611 271.909820557 1588.72241211 -307.571655273 109.64302063 1411.63220215 -298.136352539 57.2873687744 1675.19250488 -43.6777954102 104.089935303 1376.2019043 -59.5826416016 14.8182296753 1557.03112793 168.761367798 127.476951599 1574.31201172 166.185012817 121.866943359 1580.2154541
0.0319781303406 8 -286.071472168 -74.41040802 1513.95043945 -313.067169189 292.180084229 1573.12927246 -308.477539062 108.782646179 1413.61035156 -302.439758301 56.8779220581 1677.12329102 -38.7357788086 108.144241333 1378.44836426 -66.1909179688 18.990020752 1557.33203125 172.428314209 158.416290283 1576.50817871 135.831329346 64.6473083496 1544.37512207
0.0321950912476 8 -287.061767578 -73.9909591675 1515.79931641 -315.357055664 282.678924561 1580.93139648 -309.855316162 107.659378052 1414.51269531 -305.785064697 56.5939331055 1678.1953125 -32.3252563477 115.770889282 1383.26086426 -114.249465942 53.4750747681 1546.37854004 174.08782959 167.776428223 1591.13171387 137.539627075 108.527709961 1522.13146973
0.0412399768829 8 -287.554016113 -74.1128005981 1517.07519531 -317.612060547 279.694244385 1585.29833984 -309.817993164 106.329574585 1413.7623291 -307.910705566 56.0866699219 1679.44030762 -24.5687866211 132.465164185 1383.15905762 -110.996017456 57.4298477173 1551.62072754 168.619110107 169.05670166 1584.22119141 138.804656982 132.268966675 1523.0657959
0.0322508811951 8 -288.525848389 -73.2921295166 1517.98803711 -320.387542725 281.716430664 1589.03881836 -310.214447021 106.5626297 1414.08129883 -311.09274292 56.6316146851 1679.93041992 -19.6782226562 139.503707886 1387.49804688 -101.532073975 63.420539856 1558.90820312 138.617904663 171.758575439 1526.85620117 155.429840088 130.551940918 1530.01196289
0.0311970710754 8 -287.834991455 -60.520324707 1516.41125488 -323.294189453 281.25680542 1589.50646973 -310.244537354 126.462013245 1408.85131836 -305.894989014 83.7780685425 1677.30126953 -18.3091125488 159.900970459 1387.42700195 -95.3455963135 43.7343101501 1566.91625977 106.38004303 256.594940186 1545.22094727 170.499343872 87.9277191162 1507.3347168
0.0353970527649 8 -287.328796387 -54.3758621216 1517.64367676 -324.412231445 278.063354492 1589.4473877 -308.278594971 131.389389038 1408.78552246 -302.368682861 94.1564331055 1674.19958496 -27.5215148926 195.563186646 1405.44812012 -59.9092712402 41.3188743591 1532.03112793 112.838699341 252.269989014 1570.98791504 126.171783447 140.182739258 1536.67321777
0.0311698913574 8 -289.256591797 -59.2309799194 1519.18652344 -325.620788574 276.724609375 1589.80041504 -305.256652832 121.760955811 1409.92236328 -311.984130859 79.9754486084 1677.4831543 -14.2755432129 203.960601807 1423.80883789 -31.2804870605 71.8567962646 1467.7043457 117.343399048 208.230331421 1544.01721191 183.52255249 162.538925171 1594.7935791
0.0315480232239 8 -283.392791748 -66.9194488525 1519.57958984 -329.885040283 276.897705078 1592.73364258 -292.236907959 112.091087341 1397.31835938 -315.079925537 76.3029251099 1679.4362793 -7.15127563477 213.496276855 1423.35302734 -31.5111083984 77.848777771 1468.53405762 118.726478577 277.221496582 1559.94287109 180.779922485 132.813613892 1537.53039551
0.0367460250854 8 -278.275482178 -61.8941802979 1517.05603027 -328.418487549 276.386474609 1593.22680664 -267.249603271 116.79850769 1390.71118164 -313.363494873 81.4720306396 1679.01513672 -3.37564086914 215.069244385 1426.02966309 -34.400177002 95.9320526123 1462.97949219 156.926773071 255.13508606 1599.01501465 195.291351318 152.071380615 1545.20227051
0.0302000045776 8 -281.550750732 -61.5239639282 1518.79187012 -327.593261719 276.758758545 1593.77722168 -276.044281006 113.128494263 1396.30895996 -314.853424072 76.5739746094 1678.02697754 -2.88021850586 220.947387695 1430.60058594 -36.0022583008 102.370727539 1455.48168945 159.531188965 251.687286377 1600.48583984 196.962112427 162.604003906 1549.45874023
0.0313529968262 8 -281.174621582 -61.1332969666 1518.43237305 -328.382080078 276.960449219 1596.1763916 -272.951049805 109.87121582 1392.5513916 -315.659667969 74.2640380859 1678.54064941 -3.59521484375 222.876220703 1434.76025391 -43.3741760254 107.873001099 1449.51660156 167.960250854 300.700927734 1622.921875 227.719146729 90.3920593262 1626.07373047
0.0356090068817 8 -281.409118652 -60.8213882446 1518.67175293 -328.926635742 276.391448975 1595.59033203 -270.975341797 107.179084778 1389.70202637 -317.059997559 73.9124221802 1678.49084473 -0.845611572266 228.119354248 1440.95007324 -62.5670471191 136.547607422 1462.37023926 171.222915649 375.056091309 1627.33276367 195.371429443 156.698791504 1577.78674316
0.0317029953003 8 -288.122406006 -58.98960495 1523.60559082 -329.924194336 276.422546387 1596.78625488 -292.994110107 110.506378174 1408.24316406 -321.99887085 73.5626678467 1676.39135742 -6.16876220703 225.736831665 1445.72741699 -69.8276367188 148.17364502 1466.08618164 179.760696411 365.456665039 1633.49853516 195.783538818 181.046356201 1566.48278809
0.0313680171967 8 -286.149169922 -61.6231613159 1521.96716309 -333.083984375 275.413391113 1604.32287598 -282.046203613 107.94317627 1401.04968262 -322.236572266 72.2070159912 1677.45959473 -6.97897338867 226.547561646 1447.18078613 -71.0612335205 152.368103027 1471.59289551 225.023895264 178.871490479 1645.06555176 185.665908813 215.14994812 1559.66589355
0.0364289283752 8 -284.947509766 -62.9845924377 1522.36547852 -334.115753174 276.580627441 1609.22436523 -278.221130371 105.862350464 1399.06384277 -324.247802734 71.8993682861 1677.34851074 -5.38638305664 225.416168213 1449.89819336 -76.2554321289 156.270050049 1471.40478516 161.471603394 347.779571533 1622.99230957 177.897018433 230.505218506 1574.90466309
0.0314390659332 8 -283.48034668 -64.4681625366 1523.02490234 -335.140808105 277.78817749 1609.50097656 -273.833404541 104.290756226 1399.29138184 -325.514007568 70.6221923828 1677.51281738 -2.77676391602 224.690826416 1452.77331543 -78.3203430176 159.934326172 1470.12609863 177.196121216 412.027435303 1645.95397949 206.010742188 251.975128174 1577.05078125
0.0321869850159 8 -281.337554932 -65.6116638184 1525.08947754 -334.24029541 279.299224854 1607.99975586 -266.242340088 104.427505493 1404.40600586 -326.565216064 69.4384613037 1678.13110352 -3.68664550781 225.739151001 1455.01599121 -77.112701416 165.373901367 1471.55834961 210.084457397 262.141479492 1648.34436035 246.961120605 149.07673645 1640.12768555
0.0358350276947 8 -281.024047852 -66.3735351562 1526.43554688 -333.505432129 289.309082031 1610.97021484 -267.028198242 103.373329163 1406.28515625 -327.854370117 68.4337692261 1678.35668945 -4.43325805664 226.490661621 1456.45581055 -78.0238800049 170.391860962 1473.7947998 190.060668945 303.265686035 1644.20031738 252.537338257 158.833282471 1647.00183105
0.0322058200836 8 -281.332763672 -58.7372894287 1526.16345215 -334.46182251 286.442901611 1610.1463623 -268.828308105 106.772628784 1411.76904297 -324.566589355 64.9923248291 1679.32299805 -7.48345947266 230.710205078 1455.54736328 -73.6155548096 196.226928711 1492.09899902 159.464675903 354.199279785 1628.10839844 241.529342651 182.570571899 1639.18237305
0.031907081604 8 -279.857177734 -58.6415214539 1527.84619141 -334.242706299 285.90133667 1610.28405762 -271.784759521 111.607574463 1415.36584473 -323.968292236 69.2372512817 1680.82678223 -7.79946899414 234.945770264 1456.41992188 -53.3410949707 198.989105225 1505.30310059 127.697250366 331.688812256 1632.80957031 241.796112061 298.827575684 1579.71130371
0.0361559391022 8 -279.026641846 -62.109046936 1526.75183105 -334.257080078 285.501525879 1610.56433105 -272.217712402 110.653778076 1413.48657227 -323.813110352 67.4902191162 1681.41479492 -12.2333679199 244.404953003 1458.02490234 -52.719543457 205.008453369 1505.98425293 96.8681488037 375.27935791 1630.10009766 252.994567871 312.977081299 1581.00817871
0.0332891941071 8 -279.427581787 -63.5684394836 1525.70214844 -333.331268311 286.39050293 1611.71679688 -272.303314209 108.859550476 1409.13000488 -323.885162354 66.9203796387 1681.80310059 -32.2785186768 272.083068848 1472.15258789 -52.8893432617 208.078353882 1508.11950684 197.653991699 345.0987854 1645.93896484 257.054077148 310.291015625 1581.79101562
0.0307159423828 8 -278.904693604 -62.0903205872 1524.52307129 -333.051513672 286.268188477 1611.30236816 -272.620483398 109.339813232 1408.07067871 -323.576782227 64.876701355 1682.23425293 -31.7523345947 275.748535156 1473.01794434 -55.9691162109 203.591674805 1506.25085449 206.172592163 329.099365234 1645.09851074 261.070770264 316.82220459 1583.53552246
0.0359029769897 8 -278.284301758 -60.161315918 1523.56213379 -332.340118408 285.633544922 1611.18688965 -274.292175293 111.695419312 1407.65490723 -322.510620117 65.1211700439 1682.72741699 -33.3820800781 277.758605957 1471.72509766 -66.0845336914 185.991485596 1492.38244629 188.916778564 418.399475098 1650.62597656 247.527252197 213.651260376 1642.75683594
0.0320179462433 8 -275.140594482 -51.6959075928 1523.18408203 -330.229400635 286.102874756 1609.56591797 -273.119903564 116.728622437 1410.64257812 -320.835968018 70.1035308838 1678.46899414 -30.5460205078 281.956542969 1472.69165039 -62.0291137695 196.077590942 1497.87329102 185.963439941 448.913085938 1644.5546875 260.649414062 177.947463989 1644.74145508
0.0319149494171 8 -273.497650146 -48.2615814209 1523.22119141 -325.340942383 286.336791992 1609.72399902 -269.927185059 123.687774658 1412.92907715 -317.764404297 77.1653137207 1678.3092041 -26.1675262451 280.692443848 1473.59533691 -58.3179931641 205.951385498 1501.64294434 196.80140686 369.41796875 1642.90869141 199.931091309 315.751861572 1571.13012695
0.0377681255341 8 -270.302032471 -45.6172981262 1525.21630859 -326.036132812 286.737091064 1611.67456055 -264.983978271 128.48487854 1415.72106934 -312.3230896 82.6432571411 1680.49865723 -23.400604248 285.914550781 1476.24511719 -57.7789154053 210.683746338 1501.79980469 197.333450317 392.196044922 1638.00024414 205.349746704 314.603729248 1583.30236816
0.0303039550781 8 -264.677032471 -40.3549957275 1526.42468262 -327.156341553 286.431976318 1613.89782715 -251.18460083 133.622451782 1417.20849609 -309.739471436 87.0219650269 1681.74023438 -16.5377044678 294.291229248 1477.43237305 -57.2610626221 213.198455811 1503.26965332 203.543457031 367.17956543 1637.79785156 196.494659424 319.127624512 1581.79089355
0.0357599258423 8 -264.033630371 -37.9677505493 1526.98413086 -327.410003662 285.347991943 1613.59362793 -251.412246704 133.325027466 1415.30554199 -309.390472412 88.0751037598 1681.99597168 -16.3942108154 296.284301758 1480.03015137 -59.1583862305 211.824890137 1499.74169922 244.370223999 500.936218262 1663.00866699 244.211669922 335.925170898 1593.21936035
0.0319740772247 8 -262.048797607 -33.5217475891 1526.83972168 -320.015075684 286.373352051 1615.1427002 -246.915649414 137.881591797 1414.38623047 -308.03729248 92.933807373 1682.23608398 -17.4009552002 291.168762207 1480.53759766 -58.3411560059 214.810272217 1500.39208984 205.05921936 440.776245117 1649.51538086 194.979904175 328.000762939 1585.98498535
0.0320749282837 8 -245.225769043 -13.6990966797 1502.22277832 -321.653015137 286.36239624 1614.50366211 -231.870864868 152.254638672 1406.33117676 -254.308120728 156.185424805 1591.50354004 21.8146057129 300.458862305 1480.10559082 -24.6218719482 234.972076416 1514.66760254 233.201400757 564.936706543 1654.28027344 259.918823242 332.830108643 1571.57397461
0.0361790657043 8 -244.948013306 -11.3991069794 1503.68273926 -321.117492676 284.95513916 1615.44616699 -230.360443115 154.233398438 1406.91784668 -258.332519531 157.688018799 1594.46203613 49.6395263672 305.572692871 1468.0723877 -28.0186004639 235.731964111 1506.3371582 209.686843872 499.95489502 1633.42700195 265.672790527 333.215881348 1571.1505127
0.0318970680237 8 -242.426300049 -5.51353645325 1509.60803223 -320.626159668 284.65536499 1615.51293945 -223.276916504 165.776870728 1428.18908691 -258.561828613 164.281311035 1594.72912598 49.7961730957 304.541931152 1476.60644531 -23.2384796143 245.198883057 1502.3482666 218.719482422 424.941772461 1637.30383301 273.594848633 332.595153809 1563.95544434
0.0319600105286 8 -237.223937988 -1.91045773029 1515.98583984 -321.478485107 284.605834961 1615.4621582 -217.839569092 169.575119019 1431.93615723 -247.649139404 161.927398682 1615.4642334 57.6123962402 308.908935547 1484.91564941 -26.616317749 252.660202026 1493.18737793 223.651824951 448.403747559 1643.12329102 252.486404419 326.183227539 1574.79956055
0.0365350246429 8 -236.753067017 4.3458647728 1521.50598145 -321.603240967 283.842803955 1615.36242676 -237.678833008 182.391281128 1467.5690918 -227.109436035 171.706756592 1602.17578125 -54.3152008057 315.822021484 1502.8449707 -41.4332275391 263.274475098 1488.62512207 233.49848938 456.212738037 1644.16137695 229.702880859 339.442687988 1577.48413086
0.0314159393311 8 -235.738235474 7.8740234375 1519.20812988 -322.384124756 283.205810547 1615.2911377 -240.669723511 182.782745361 1459.3861084 -225.69758606 173.291656494 1601.25866699 -103.351821899 318.301635742 1519.34887695 -42.0675048828 257.184753418 1487.54699707 260.20703125 303.771881104 1635.19189453 225.178344727 337.677947998 1584.4329834
0.0322029590607 8 -230.636123657 26.2884578705 1518.09204102 -324.319274902 282.761962891 1619.27893066 -230.657821655 206.965011597 1470.5994873 -219.203659058 198.678527832 1589.1595459 -114.443267822 303.690429688 1533.86315918 -52.1627044678 236.501174927 1480.1159668 247.716186523 380.777679443 1640.15527344 166.214935303 335.042419434 1584.94433594
0.0360701084137 8 -185.800979614 88.3513412476 1497.73144531 -324.946228027 282.488037109 1619.09521484 -240.933334351 273.355163574 1407.00976562 -63.2259178162 232.595123291 1596.04516602 -92.6835021973 371.185241699 1444.72155762 -76.1062927246 131.085037231 1550.19995117 244.002410889 552.984008789 1583.07800293 227.407531738 300.648071289 1660.90490723
0.0319559574127 8 -195.190811157 74.6674728394 1493.59350586 -324.400085449 281.934143066 1618.99621582 -245.612365723 248.389816284 1410.47387695 -100.089309692 226.515411377 1580.36132812 -102.600250244 358.964813232 1453.36071777 -82.9329452515 143.891998291 1572.75073242 269.412841797 355.540618896 1578.27087402 235.081634521 312.448181152 1649.58251953
0.0342419147491 8 -201.60697937 72.8888931274 1499.62646484 -323.704528809 281.118896484 1619.59594727 -244.000442505 239.229858398 1433.30493164 -129.045333862 222.546234131 1578.38305664 -106.633544922 334.043640137 1479.29260254 -84.0026092529 165.13168335 1552.51953125 236.663909912 484.713378906 1603.18432617 227.0806427 339.667358398 1632.26367188
0.037013053894 8 -208.700241089 92.9732437134 1503.4954834 -324.21987915 280.668334961 1620.05993652 -266.465209961 259.939453125 1436.14904785 -133.502227783 253.570861816 1569.09875488 -113.883270264 302.539398193 1491.14648438 -86.8377990723 186.518035889 1546.90490723 183.511535645 392.577575684 1569.31713867 223.740722656 361.469177246 1625.31567383
0.0285449028015 8 -229.538665771 98.4996871948 1511.18908691 -325.162109375 279.606140137 1619.80065918 -297.689941406 252.151885986 1464.80505371 -175.627883911 252.58026123 1572.49084473 -112.373123169 282.559875488 1486.13037109 -84.0868606567 200.065185547 1546.77148438 222.70652771 465.066589355 1605.8651123 222.526519775 377.923583984 1624.97607422
0.0322329998016 8 -239.632232666 84.9546508789 1514.12890625 -326.41015625 279.312072754 1620.24951172 -307.713104248 245.835754395 1465.95837402 -189.938262939 248.049438477 1575.51916504 -68.5131835938 256.271362305 1452.12939453 -81.4639892578 218.023681641 1566.5526123 181.006378174 389.1456604 1553.6081543 220.303466797 387.678039551 1632.62976074
0.0358281135559 8 -236.910919189 79.040802002 1509.54846191 -327.285980225 279.024414062 1620.91149902 -291.34588623 242.397491455 1457.6706543 -193.169250488 241.627929688 1572.73095703 -88.0729064941 268.81552124 1467.6418457 -78.8030853271 217.500473022 1567.52001953 272.942626953 478.558044434 1635.63977051 218.044387817 381.810668945 1626.50341797
0.0318739414215 8 -225.831390381 74.1683044434 1508.52697754 -330.58505249 279.373748779 1624.78112793 -264.28338623 235.615524292 1437.18945312 -175.504730225 229.893173218 1585.01147461 -91.6943969727 301.928649902 1472.12402344 -73.4729309082 185.858657837 1562.26403809 246.437713623 514.402954102 1631.25683594 215.938903809 350.01965332 1625.50537109
0.0351679325104 8 -219.959579468 59.46484375 1506.78259277 -330.313873291 279.202148438 1624.71972656 -244.776672363 226.658798218 1418.4251709 -172.585113525 222.629196167 1593.44226074 -112.964935303 318.827392578 1471.80578613 -75.9696578979 157.552032471 1562.3182373 82.9059753418 440.792358398 1511.00866699 123.853935242 307.465881348 1652.21069336
0.0323350429535 8 -216.980194092 40.8349266052 1501.07910156 -330.883087158 278.812438965 1624.65100098 -228.437393188 200.08392334 1393.00158691 -180.555801392 205.893875122 1593.82165527 -334.760223389 351.752868652 1520.48754883 -84.2444839478 144.463531494 1547.61499023 71.893371582 429.056915283 1502.13098145 127.894126892 301.539794922 1650.36865234
0.0339059829712 8 -246.531036377 20.9070701599 1495.46740723 -331.318389893 278.687896729 1624.06274414 -272.714996338 176.264068604 1398.59301758 -245.42427063 184.867370605 1581.03564453 -374.214630127 352.502471924 1554.40466309 -61.1374816895 153.841491699 1528.7520752 139.632965088 368.220001221 1483.19885254 144.064529419 295.50402832 1625.10839844
0.0307250022888 8 -245.830200195 14.7964391708 1496.0892334 -333.356933594 279.360961914 1623.30615234 -269.123809814 167.311599731 1396.13562012 -246.719833374 176.558807373 1583.41882324 -376.619171143 353.888305664 1554.71557617 -59.6978912354 153.04196167 1528.00744629 128.279266357 355.393676758 1470.92297363 133.185424805 301.541900635 1639.60668945
0.0355441570282 8 -249.692504883 0.681897997856 1496.01794434 -333.747772217 280.291687012 1622.35620117 -267.690093994 155.013565063 1395.12194824 -258.204620361 156.812850952 1595.3807373 -379.309661865 365.81817627 1556.29846191 -62.5069122314 144.304153442 1527.76123047 126.69744873 356.906616211 1469.32177734 140.45640564 288.931640625 1627.22717285
0.0323398113251 8 -251.816436768 -8.87841892242 1501.23803711 -333.172424316 282.046478271 1621.2479248 -267.866729736 145.443359375 1397.97851562 -264.302398682 146.713043213 1603.07543945 -383.392303467 364.501159668 1557.55957031 -79.0992126465 130.688400269 1509.6184082 15.4803771973 372.568786621 1484.05908203 133.829071045 293.029296875 1614.68078613
0.0319540500641 8 -254.350601196 -14.9852867126 1503.23486328 -332.492004395 282.873687744 1619.19445801 -266.764099121 141.897872925 1400.29968262 -270.933288574 140.206451416 1608.12878418 -204.77192688 306.09777832 1519.61499023 -88.342300415 141.901046753 1476.8659668 85.596206665 350.312530518 1442.8572998 142.025741577 256.509094238 1615.90039062
0.037868976593 8 -256.458465576 -20.1520900726 1507.33422852 -334.064758301 283.404296875 1612.9901123 -265.900817871 138.056243896 1404.20349121 -277.9765625 132.736740112 1616.49963379 -53.7177734375 247.254119873 1408.93981934 -128.655258179 118.754653931 1756.02758789 17.8427505493 353.473388672 1480.9864502 121.66078186 251.690200806 1584.73132324
0.0332369804382 8 -259.580841064 -24.9505653381 1509.44213867 -333.637664795 285.05645752 1606.84204102 -267.009124756 137.726409912 1407.79345703 -282.482147217 126.543197632 1625.09985352 -15.9337463379 228.970779419 1408.45629883 -118.041824341 124.873733521 1750.70910645 45.7521476746 318.431396484 1455.33703613 116.698928833 213.198501587 1563.84094238
0.0285980701447 8 -263.386444092 -23.2417697906 1509.09423828 -333.173339844 283.176147461 1596.10412598 -272.398468018 145.495407104 1406.78625488 -286.393951416 129.365402222 1632.39123535 -0.705047607422 221.853439331 1404.38586426 -108.61328125 120.389099121 1749.94519043 -21.6824951172 284.117736816 1418.14929199 122.019241333 157.668518066 1549.09289551
0.0359580516815 8 -275.581115723 -23.2505111694 1507.64733887 -333.23425293 282.530700684 1602.8425293 -306.621704102 146.717453003 1402.70996094 -295.284790039 132.288238525 1635.25634766 -73.2676391602 141.169921875 1320.29260254 -103.965560913 114.461791992 1740.71252441 93.265045166 216.816604614 1519.78466797 76.8598632812 142.510665894 1429.36645508
0.0319828987122 8 -285.995849609 -33.2538566589 1509.1583252 -331.848632812 284.484313965 1600.09094238 -332.310638428 134.588775635 1403.35107422 -305.963592529 111.671516418 1650.96582031 -91.6991119385 117.446044922 1306.69812012 -94.1025695801 106.268867493 1723.35656738 80.9085845947 153.12600708 1498.04516602 -2.36904144287 58.6398391724 1360.95739746
0.0321249961853 8 -292.609527588 -40.1197891235 1514.0123291 -331.599121094 284.947174072 1597.6418457 -345.33493042 127.255599976 1398.79223633 -302.984039307 111.173370361 1659.17773438 -106.267227173 75.97996521 1303.06335449 -85.0065765381 93.26953125 1717.11865234 59.3330841064 95.2158584595 1463.63549805 2.1707611084 36.4666862488 1358.11584473
0.0398020744324 8 -298.301208496 -56.1113204956 1512.53222656 -332.386871338 283.597076416 1595.86315918 -350.930999756 107.022537231 1396.21020508 -314.862335205 83.9161071777 1664.29345703 -111.039916992 32.3256149292 1278.26416016 -92.9755401611 -82.3177032471 1641.39221191 43.7359771729 22.9474372864 1436.19042969 -32.8229103088 -0.393447875977 1318.42431641
0.0280160903931 8 -299.781951904 -67.5461273193 1510.55615234 -332.706298828 282.602203369 1594.30371094 -351.260925293 94.9485015869 1396.97717285 -326.351135254 52.2691192627 1674.54772949 -137.39151001 -7.03621673584 1261.21118164 -89.4264984131 -87.2490997314 1625.11987305 30.7548217773 -36.5900726318 1407.02697754 -75.8563232422 -62.1170120239 1188.18554688
0.0337297916412 8 -302.330688477 -80.2290267944 1512.41955566 -334.098571777 281.154266357 1596.54418945 -344.179138184 83.9914398193 1397.20397949 -334.155822754 41.4498291016 1674.2088623 -134.092071533 -40.1429595947 1259.70397949 -97.4044799805 -93.5694580078 1628.10644531 24.5941314697 -98.6696777344 1395.77648926 -82.907989502 -84.8383102417 1272.82019043
0.0343971252441 8 -298.88168335 -78.3271484375 1515.85400391 -335.223724365 278.972412109 1594.95776367 -343.177246094 93.7192382812 1399.57397461 -319.111694336 44.6616516113 1687.74829102 -147.714782715 -60.2682189941 1260.93823242 -242.341339111 -103.112945557 1483.81030273 15.5162658691 -169.363357544 1343.12072754 -59.3686065674 -158.202423096 1270.76525879
0.0322940349579 8 -296.931182861 -80.9527740479 1501.7064209 -336.319976807 276.746643066 1595.55187988 -340.039276123 80.5748977661 1392.81738281 -305.650177002 60.6857223511 1641.95239258 -173.686859131 -87.9385147095 1252.74072266 -244.983612061 -101.799705505 1491.49328613 -2.73957824707 -221.673614502 1307.12329102 -55.2911376953 -180.973175049 1282.31994629
0.0317509174347 8 -292.465881348 -91.4217758179 1499.15722656 -337.445037842 274.273681641 1594.37316895 -331.812255859 65.7581634521 1393.36975098 -291.5 45.492767334 1635.89855957 -187.678833008 -112.497695923 1250.44641113 -259.721496582 -94.3905792236 1514.97119141 -22.1287841797 -310.485717773 1286.24975586 -12.6467437744 -286.05657959 1268.32641602
0.0357871055603 8 -296.48840332 -107.176452637 1500.99230957 -339.907470703 269.319763184 1592.13793945 -337.19317627 43.3534698486 1391.02258301 -293.810119629 18.7838287354 1644.29748535 -218.273742676 -154.848815918 1248.59350586 -253.115966797 -76.5179901123 1494.51879883 -42.2339630127 -355.806335449 1267.18432617 -42.8557281494 -315.006958008 1245.63964844
0.0318598747253 8 -304.972839355 -109.675605774 1510.53637695 -341.782226562 266.189605713 1589.10998535 -347.160705566 32.2851409912 1383.65368652 -321.465270996 21.7008361816 1653.71520996 -239.99180603 -170.551467896 1249.08215332 -226.772033691 -59.26953125 1351.88781738 -61.6447906494 -312.074584961 1270.24584961 -57.6888275146 -370.713745117 1233.5378418
0.0359921455383 8 -305.727294922 -113.501159668 1518.2734375 -343.580505371 262.756286621 1587.07299805 -363.955932617 12.4197235107 1384.54467773 -321.917236328 23.4697418213 1652.83569336 -271.769256592 -169.998779297 1246.36572266 -226.405319214 -59.088142395 1340.27868652 -136.415939331 -318.20123291 1226.38635254 -82.755355835 -408.294769287 1220.4699707
0.0320727825165 8 -307.620880127 -116.540908813 1522.12280273 -344.484191895 261.8722229 1584.25195312 -370.17388916 5.70040893555 1388.51269531 -324.45324707 22.2118835449 1653.16455078 -291.695892334 -162.026702881 1246.43347168 -237.049316406 -97.8588943481 1366.7487793 -157.403015137 -379.900299072 1214.57202148 -111.637397766 -448.117340088 1207.78723145
0.0320801734924 8 -310.01373291 -124.092346191 1521.73706055 -344.123565674 263.221374512 1583.57250977 -369.08895874 1.49015808105 1390.89819336 -326.130828857 12.85496521 1653.51489258 -304.864807129 -164.079727173 1243.19763184 -243.530380249 -85.8426895142 1380.12268066 -175.614089966 -430.953186035 1208.93908691 -159.051071167 -378.986480713 1254.14587402
0.0394108295441 8 -310.614959717 -115.799247742 1517.35009766 -345.472900391 262.621795654 1581.17138672 -367.596801758 19.2344512939 1390.1842041 -328.401855469 29.6022033691 1644.60705566 -330.550292969 -177.597869873 1237.24829102 -247.047576904 -86.0704421997 1387.52478027 -218.98840332 -424.659545898 1212.10388184 -288.680328369 -475.708618164 1255.27868652
0.0285542011261 8 -309.476257324 -100.880737305 1507.8482666 -344.925292969 264.449584961 1581.00280762 -359.241485596 35.1572265625 1378.63574219 -328.750457764 55.0366821289 1621.85327148 -351.855712891 -177.202941895 1262.60266113 -247.787689209 -96.2640686035 1387.68713379 -259.685089111 -436.151611328 1219.89025879 -289.077850342 -454.722259521 1248.6270752
0.0319797992706 8 -317.699737549 -95.2072601318 1506.34936523 -343.87487793 265.754730225 1580.52734375 -352.560241699 40.5801773071 1380.81921387 -338.899108887 50.6553268433 1623.33703613 -356.451019287 -179.972991943 1271.37670898 -274.030975342 -116.612831116 1403.32446289 -267.505462646 -453.292205811 1244.37475586 -307.760192871 -455.22177124 1251.30053711
0.0359091758728 8 -317.077209473 -91.4217605591 1512.64379883 -343.333526611 265.997283936 1580.33337402 -347.526794434 37.3974533081 1382.76489258 -343.548950195 53.0652694702 1625.83813477 -359.847045898 -192.364257812 1285.21313477 -290.410675049 -96.4042282104 1401.31896973 -260.913909912 -479.248962402 1268.94714355 -314.522186279 -450.087585449 1258.10791016
0.0319459438324 8 -319.031280518 -89.4982376099 1517.77844238 -342.97454834 265.942169189 1580.1114502 -351.809020996 32.6431121826 1385.75549316 -352.721313477 51.6389465332 1628.99157715 -347.319335938 -215.245040894 1295.25854492 -287.114013672 -90.9204864502 1399.15283203 -316.531494141 -438.305511475 1251.39733887 -302.418212891 -359.006530762 1215.62060547
0.0359261035919 8 -325.65612793 -82.2905502319 1521.64611816 -343.05871582 264.596801758 1579.19250488 -354.396697998 30.1993789673 1387.00610352 -354.511688232 54.6441421509 1631.30151367 -356.665649414 -222.147918701 1294.84265137 -309.137176514 -57.1449966431 1369.65332031 -324.260925293 -344.423736572 1251.7442627 -300.451965332 -454.38671875 1246.5645752
0.032007932663 8 -327.668640137 -85.8483963013 1524.89770508 -342.921813965 264.478820801 1579.04992676 -356.18258667 29.1619949341 1389.01086426 -364.27835083 43.0359573364 1645.53894043 -361.753082275 -226.441833496 1291.74377441 -317.178009033 -31.4337310791 1364.28344727 -331.641906738 -362.480926514 1252.26928711 -297.378234863 -440.020385742 1245.48388672
0.0320019721985 8 -327.134979248 -90.1608123779 1523.60412598 -342.776245117 264.295837402 1578.08007812 -355.982269287 26.5484161377 1388.05163574 -363.61227417 32.6843566895 1651.69104004 -364.12588501 -215.943313599 1260.35498047 -315.860168457 -41.5642089844 1372.19714355 -315.432617188 -364.661895752 1240.62438965 -299.763977051 -460.650390625 1248.19726562
0.0319509506226 8 -327.918548584 -89.6740264893 1522.99890137 -341.779937744 264.764862061 1577.40490723 -357.209350586 25.5031280518 1387.96630859 -360.807250977 28.5687408447 1654.5078125 -357.729949951 -231.902114868 1255.37097168 -286.908416748 -76.5369033813 1379.13525391 -322.312988281 -366.189453125 1244.40625 -299.729187012 -464.871276855 1249.59387207
0.036052942276 8 -326.573486328 -90.1279525757 1524.45593262 -341.769714355 264.94442749 1576.71350098 -356.872741699 27.6016769409 1389.8762207 -354.970397949 25.6631851196 1661.11645508 -360.436096191 -225.87677002 1263.97668457 -297.271118164 -101.023971558 1367.83605957 -338.850128174 -421.145202637 1249.36645508 -271.085479736 -473.368530273 1246.21142578
0.0318729877472 8 -327.692779541 -93.642829895 1523.49707031 -342.200561523 264.401977539 1576.38623047 -359.809020996 20.6644363403 1387.66723633 -353.933776855 19.2804946899 1661.72583008 -363.226379395 -224.014038086 1260.58300781 -304.999176025 -117.847724915 1367.0012207 -288.637023926 -378.811798096 1243.32897949 -275.976104736 -478.212005615 1245.60717773
0.0322542190552 8 -326.270233154 -91.5006027222 1525.29199219 -342.321105957 264.872161865 1575.56872559 -358.895111084 24.2897644043 1387.91552734 -342.587554932 17.1159820557 1671.16992188 -361.050415039 -225.723449707 1263.57263184 -304.113433838 -113.111328125 1369.70922852 -294.057922363 -365.19631958 1246.18212891 -267.849182129 -478.302886963 1236.91040039
0.0357389450073 8 -326.598632812 -90.3670425415 1525.99389648 -341.749633789 265.498046875 1573.98376465 -360.287475586 26.7419891357 1388.39477539 -338.495666504 16.8072509766 1674.84008789 -365.555969238 -216.905105591 1278.60437012 -300.270324707 -68.1145782471 1368.29602051 -331.26260376 -419.451293945 1248.90991211 -261.344665527 -479.728149414 1250.43701172
0.0353899002075 8 -321.317016602 -90.2233581543 1522.11962891 -340.793731689 265.66897583 1572.72290039 -368.067993164 27.3530960083 1388.70495605 -328.776367188 17.6271438599 1670.85437012 -375.733398438 -207.761657715 1283.90136719 -289.741699219 -68.2065353394 1368.48901367 -328.099975586 -412.512817383 1245.36572266 -253.544677734 -483.210723877 1244.37695312
0.0287110805511 8 -318.171142578 -85.4661254883 1517.07983398 -341.074401855 265.317016602 1571.6895752 -364.537811279 34.1969451904 1388.96533203 -330.632354736 11.2101898193 1669.98803711 -370.495056152 -208.013397217 1273.77416992 -290.63873291 -90.858833313 1370.30004883 -324.125213623 -408.648468018 1245.36853027 -252.377868652 -486.682189941 1237.9095459
0.0359048843384 8 -317.173461914 -82.2671356201 1518.96887207 -341.040710449 264.506652832 1571.51208496 -370.010498047 33.5223007202 1390.57421875 -324.40814209 13.8875350952 1671.89404297 -378.473571777 -211.916564941 1273.96826172 -284.87600708 -96.996925354 1368.81237793 -305.580413818 -418.021820068 1236.5682373 -270.218963623 -493.650085449 1249.76831055
0.0320529937744 8 -316.72088623 -83.7711639404 1521.3203125 -341.146362305 264.160095215 1572.26928711 -370.431793213 30.9358291626 1390.99279785 -325.082611084 17.7843093872 1671.80090332 -381.625183105 -210.760864258 1277.39038086 -282.023040771 -88.4749298096 1368.8984375 -295.720001221 -365.153015137 1239.53942871 -281.471374512 -478.980834961 1239.97583008
0.0321710109711 8 -316.188537598 -83.4461898804 1526.25341797 -341.291931152 263.246795654 1572.32751465 -365.476531982 26.5896987915 1389.69299316 -328.470611572 23.1253128052 1673.48693848 -377.023986816 -218.385650635 1274.02709961 -283.500549316 -76.9830856323 1371.3815918 -310.286071777 -346.964294434 1244.64746094 -283.997283936 -473.219848633 1239.19567871
0.0395040512085 8 -314.94921875 -84.0026245117 1530.21228027 -341.179931641 263.336395264 1572.03186035 -365.076965332 22.9306945801 1390.60681152 -328.384277344 27.0836791992 1674.8380127 -375.555633545 -224.598922729 1273.05029297 -280.657897949 -78.8357620239 1377.06213379 -315.485565186 -332.649749756 1246.62719727 -276.771636963 -466.0390625 1240.2713623
0.0282530784607 8 -319.055328369 -88.9359436035 1527.99060059 -341.313293457 263.889434814 1572.48925781 -359.878875732 30.5640716553 1390.9979248 -330.886810303 22.1283569336 1677.11682129 -372.327972412 -217.485717773 1273.59411621 -284.483795166 -89.855255127 1381.82324219 -311.818847656 -325.089538574 1245.00634766 -282.999328613 -473.268737793 1243.39306641
