0.0311250686646 8 622.887207031 -122.421409607 1580.47436523 619.652526855 255.86920166 1621.18579102 645.311035156 57.9888076782 1719.61914062 679.200195312 28.4808502197 1417.78027344 555.10333252 -20.8055725098 1709.74890137 681.735900879 -139.268417358 1310.43603516 478.947235107 -256.111633301 1790.06945801 628.898864746 -436.830932617 1227.49755859
0.0326919555664 8 624.314941406 -123.324119568 1581.39013672 619.225830078 255.692504883 1620.74169922 645.201782227 58.4075698853 1719.74084473 680.213989258 28.5897674561 1418.90588379 554.797851562 -19.6252746582 1709.23779297 680.958557129 -138.9269104 1309.29345703 478.337493896 -258.439880371 1785.93383789 629.264587402 -440.543884277 1230.25341797
0.0359220504761 8 626.130187988 -124.910545349 1582.19018555 619.136108398 255.748901367 1620.86108398 646.898071289 57.6003189087 1721.28076172 680.047851562 28.4879608154 1418.94311523 555.950439453 -14.7348175049 1707.77416992 679.013977051 -138.439163208 1307.38635254 635.540405273 57.7742462158 1483.08825684 629.081298828 -438.129760742 1229.45959473
0.0326340198517 8 626.943054199 -126.769592285 1582.75317383 619.088684082 255.601150513 1620.92895508 647.952331543 56.0189208984 1723.26074219 678.565490723 26.6557617188 1417.25 559.959716797 -0.985366821289 1710.14929199 678.186523438 -137.511199951 1306.30773926 593.568664551 -31.9195137024 1478.71154785 628.11151123 -434.213897705 1228.66162109
0.031555891037 8 629.525146484 -129.553878784 1583.83227539 619.428955078 255.60647583 1621.6550293 652.261352539 54.6094818115 1724.10229492 673.626831055 28.3792877197 1418.84448242 565.647155762 4.87008285522 1709.34545898 673.867492676 -135.51651001 1306.1151123 655.033203125 103.19291687 1525.01586914 625.808776855 -430.164611816 1229.1940918
0.0358691215515 8 631.045410156 -129.491271973 1585.75488281 619.680847168 255.570510864 1621.76586914 653.747619629 55.757598877 1724.90161133 672.073547363 27.8714904785 1419.17724609 449.310424805 -54.0968704224 1700.66894531 671.999023438 -139.013626099 1308.24108887 485.24810791 -44.8023681641 1470.29553223 618.824768066 -440.890258789 1228.21508789
0.0321388244629 8 630.9140625 -130.657623291 1585.35925293 619.707580566 255.422103882 1621.64147949 652.430175781 55.0006561279 1723.24316406 672.792480469 25.8229522705 1418.9140625 576.736938477 22.1250572205 1723.10229492 672.734436035 -138.830383301 1308.60327148 593.592468262 9.82791519165 1539.2779541 620.298400879 -435.5027771 1229.33654785
0.0468900203705 8 630.440734863 -131.097747803 1585.63354492 619.737426758 255.337615967 1621.81213379 650.764892578 54.1968612671 1723.27380371 674.661376953 24.9396820068 1420.13757324 595.693115234 -166.480957031 1775.41015625 674.514709473 -138.134552002 1308.96008301 574.887207031 -32.8626861572 1585.2442627 622.083251953 -434.953979492 1230.26379395
0.0347230434418 8 629.710449219 -131.771194458 1585.1583252 619.748352051 255.547302246 1621.79467773 647.505004883 54.146812439 1723.34301758 675.956298828 24.9424133301 1419.9934082 602.430969238 -126.701194763 1765.30419922 675.539733887 -137.742721558 1308.90332031 563.253601074 -10.1528244019 1587.75793457 624.605224609 -430.567321777 1228.38098145
0.0340950489044 8 626.943054199 -133.24887085 1580.17480469 618.949829102 254.926696777 1621.85571289 634.514282227 53.3444442749 1711.67260742 678.136474609 20.7365570068 1419.44555664 599.132507324 -126.685844421 1760.23864746 676.603759766 -139.460617065 1309.73852539 543.717407227 -46.162109375 1609.9309082 624.98815918 -432.264404297 1229.11120605
0.0332808494568 8 619.868774414 -137.374816895 1568.52148438 618.36126709 253.993682861 1621.8560791 619.216491699 55.1847000122 1692.8416748 686.620056152 12.5683746338 1408.53259277 564.033630371 -118.922569275 1724.77026367 686.709899902 -145.468841553 1312.32446289 520.194335938 -74.4792098999 1632.6361084 633.805603027 -441.53918457 1231.51342773
0.0295491218567 8 621.617797852 -136.80317688 1570.06811523 617.874450684 253.173965454 1621.95214844 622.788330078 51.2616119385 1704.82055664 687.423339844 18.6901397705 1411.89257812 567.916503906 -48.4303817749 1653.38928223 690.108215332 -144.103256226 1313.00769043 507.869506836 -124.069778442 1662.39233398 635.736633301 -437.596740723 1229.27575684
0.0285038948059 8 621.900634766 -133.995483398 1567.93444824 617.882446289 252.087722778 1621.92700195 622.598083496 48.7847213745 1703.46557617 686.284729004 20.268447876 1413.54785156 562.514587402 -38.9411010742 1657.70898438 688.949401855 -142.526687622 1311.55078125 506.872497559 -154.029815674 1669.671875 638.37902832 -431.121032715 1225.44458008
0.0335869789124 8 624.975341797 -126.188346863 1564.1060791 617.690185547 252.077606201 1622.7487793 631.496276855 63.5507507324 1691.26940918 687.881164551 32.4564361572 1412.15637207 561.433044434 -56.132598877 1662.31689453 690.205749512 -132.338439941 1309.39929199 499.772460938 -196.340805054 1675.62072754 640.912475586 -420.066650391 1221.24316406
0.03151512146 8 625.593139648 -127.255561829 1568.6394043 617.139282227 252.729034424 1623.78515625 631.989929199 61.1098098755 1698.8659668 686.33404541 30.2093048096 1413.73022461 562.974365234 -56.7806472778 1665.90405273 687.647094727 -136.765319824 1309.51843262 461.842498779 -433.725463867 1705.47875977 640.801086426 -424.376678467 1222.46008301
0.0316429138184 8 631.460876465 -125.93069458 1580.5982666 616.782226562 253.339599609 1624.08813477 641.816711426 61.0904083252 1720.43884277 684.076477051 39.005569458 1423.54016113 585.651123047 -147.221038818 1721.15161133 679.405273438 -135.940505981 1308.75549316 455.932434082 -428.043395996 1645.28076172 634.776123047 -420.163208008 1215.42456055
0.0351791381836 8 630.424133301 -128.065536499 1558.57312012 616.370910645 253.098449707 1623.33520508 645.102172852 39.445602417 1722.94213867 686.170043945 61.2426223755 1430.71533203 590.058105469 -168.566162109 1724.40942383 677.116088867 -113.486152649 1309.5892334 439.852722168 -478.719665527 1609.69995117 633.29284668 -400.843444824 1216.30847168
0.031308889389 8 632.782043457 -133.761230469 1564.09838867 616.897399902 253.151412964 1622.41784668 648.448608398 25.9662780762 1741.56201172 695.588989258 59.7847061157 1438.21313477 589.64440918 -171.715789795 1726.34008789 680.289306641 -111.297218323 1312.53723145 429.337432861 -472.864044189 1594.14868164 629.592529297 -409.016082764 1228.01123047
0.0315079689026 8 634.098876953 -139.19317627 1563.72753906 617.917663574 252.808837891 1621.63244629 649.998291016 20.5832214355 1742.67675781 701.218017578 55.5834579468 1439.78637695 593.792602539 -180.569671631 1733.67871094 682.006286621 -111.230812073 1316.57324219 413.479125977 -473.725738525 1587.56872559 627.943054199 -408.049621582 1226.53222656
0.0356509685516 8 637.431213379 -148.270248413 1565.24926758 618.585021973 252.22265625 1620.30517578 651.865966797 7.29539489746 1745.54382324 706.981933594 43.9263458252 1442.21032715 596.232849121 -184.225860596 1748.13647461 698.024536133 -128.498672485 1325.41174316 431.020263672 -436.447509766 1593.77746582 629.745849609 -408.236328125 1229.50415039
0.03156208992 8 637.043457031 -146.50617981 1563.90246582 619.139770508 251.782684326 1618.77233887 649.485473633 12.8306884766 1737.57495117 706.319580078 43.8874511719 1442.83862305 597.364196777 -187.906600952 1760.34301758 704.98828125 -138.207977295 1330.33862305 386.896820068 -453.626586914 1564.36437988 626.645324707 -417.975982666 1236.10180664
0.031485080719 8 641.997009277 -152.398864746 1565.94970703 620.226379395 251.362075806 1617.30993652 642.613647461 13.8764953613 1737.66699219 713.694824219 39.6447753906 1443.01245117 580.728942871 -176.735061646 1760.39172363 706.791625977 -142.769607544 1333.59411621 368.327758789 -440.381103516 1551.79077148 638.171569824 -416.552185059 1237.20617676
0.0358219146729 8 642.323730469 -154.520004272 1562.66040039 621.373962402 251.009292603 1615.87463379 639.567382812 9.28833007812 1731.50463867 709.584960938 36.6302490234 1443.1328125 589.46295166 -178.946762085 1776.31958008 705.120483398 -148.85295105 1336.42578125 367.644592285 -421.165740967 1556.18688965 640.312866211 -421.823547363 1238.68969727
0.0315730571747 8 643.342590332 -155.481445312 1548.30163574 621.946044922 250.2993927 1614.86022949 633.471801758 1.92073059082 1721.4161377 710.087158203 42.7509918213 1442.98864746 560.233459473 -202.922607422 1732.46374512 709.714294434 -116.075592041 1340.54968262 351.527587891 -413.90447998 1549.79833984 653.70703125 -402.431304932 1229.07263184
0.0322270393372 8 641.568603516 -144.001495361 1538.75866699 623.456542969 249.540252686 1611.6932373 631.621948242 13.0599365234 1710.01733398 709.353881836 56.6605758667 1442.64990234 554.199462891 -213.820587158 1711.6809082 703.541503906 -90.406211853 1342.72436523 337.323181152 -416.598693848 1537.31726074 659.347412109 -371.049743652 1235.6340332
0.0362219810486 8 641.537109375 -137.777374268 1537.00891113 624.270996094 248.983688354 1609.54467773 632.725585938 12.984664917 1702.62878418 705.939331055 54.8445663452 1442.21374512 547.061035156 -211.654724121 1702.15783691 700.842041016 -97.041343689 1344.93798828 328.006774902 -406.617004395 1530.11572266 652.917419434 -351.631835938 1245.49438477
0.0319390296936 8 638.809448242 -137.411880493 1548.93481445 624.158874512 248.775680542 1608.46142578 642.589416504 24.2124938965 1701.33959961 689.696472168 47.2297668457 1436.32006836 555.919189453 -199.929244995 1700.18017578 688.433410645 -123.732666016 1339.62268066 328.411834717 -381.448547363 1523.60168457 642.678466797 -392.285125732 1232.94128418
0.032194852829 8 628.861999512 -136.369216919 1546.85119629 626.450256348 248.772033691 1604.18359375 640.91192627 33.7608642578 1696.96459961 662.585144043 44.988861084 1414.20263672 552.752258301 -193.198547363 1693.99157715 687.28112793 -134.3228302 1340.4765625 316.725097656 -368.734924316 1515.92492676 632.35748291 -400.284057617 1236.30224609
0.0355679988861 8 627.671508789 -133.717605591 1550.0144043 626.266296387 248.55329895 1604.56884766 640.839477539 39.3049621582 1699.31677246 660.555175781 46.3531494141 1412.55627441 551.651306152 -191.531021118 1691.29345703 691.660644531 -135.933776855 1342.52563477 308.124023438 -357.326599121 1509.45983887 631.494506836 -413.452484131 1241.59375
0.0322711467743 8 629.95135498 -131.401779175 1554.4465332 628.699707031 248.178863525 1600.97009277 641.795898438 39.5103759766 1703.25 666.932617188 47.215171814 1419.45678711 549.056762695 -193.503936768 1687.83239746 694.185241699 -134.127502441 1343.61621094 292.097381592 -351.422546387 1503.84753418 628.353515625 -424.078613281 1246.11914062
0.0319058895111 8 630.641723633 -134.240905762 1559.72668457 628.743286133 247.76512146 1600.4699707 641.507629395 27.6655578613 1717.02868652 667.161193848 43.0621643066 1424.4276123 543.365905762 -202.116119385 1684.87988281 696.818481445 -127.634307861 1344.91101074 284.374725342 -347.171264648 1499.32751465 625.013122559 -423.218688965 1251.40124512
0.0360419750214 8 633.025817871 -140.286529541 1563.0267334 631.090332031 246.105499268 1596.81225586 642.153198242 11.2868804932 1726.69189453 673.844604492 37.148475647 1433.81787109 538.583312988 -214.947799683 1682.48486328 698.842468262 -116.035667419 1345.37158203 278.265136719 -349.346191406 1497.23364258 619.899719238 -429.367797852 1254.93786621
0.0319321155548 8 638.084777832 -149.857330322 1568.1138916 632.340637207 244.658126831 1594.08557129 650.405578613 6.54331970215 1733.54138184 674.03692627 35.5632171631 1440.4185791 538.368896484 -217.010604858 1679.45202637 692.856872559 -116.061630249 1344.88623047 267.616699219 -347.649719238 1490.6796875 616.429138184 -421.459472656 1256.05078125
0.0319979190826 8 638.83392334 -147.646942139 1564.88842773 634.267578125 242.443969727 1589.25024414 649.357177734 3.30674743652 1735.37597656 681.304077148 40.9749603271 1444.13232422 518.723815918 -214.41494751 1669.28466797 696.260681152 -108.277435303 1346.54785156 255.392456055 -348.788757324 1488.75256348 622.572387695 -411.003631592 1255.08935547
0.035581111908 8 643.887634277 -145.502838135 1569.68041992 635.464477539 241.488220215 1585.80444336 658.921325684 -4.68006896973 1761.21252441 692.86505127 54.1010665894 1449.25891113 512.08782959 -227.942993164 1668.46801758 705.477172852 -96.6684951782 1349.89501953 238.019287109 -355.1015625 1481.34680176 630.602233887 -404.174072266 1257.12341309
0.0324227809906 8 642.87322998 -141.754638672 1567.9041748 635.601257324 241.797546387 1585.22302246 657.668212891 2.40132141113 1756.78417969 690.913452148 55.2749176025 1443.21557617 504.562866211 -217.745880127 1662.00939941 704.223937988 -106.663421631 1350.48840332 241.353302002 -339.190795898 1487.64550781 630.104187012 -408.609863281 1256.28759766
0.0460901260376 8 641.039794922 -140.70942688 1566.7277832 635.890686035 241.552276611 1584.9276123 655.027648926 3.30487060547 1754.9987793 689.694274902 55.3020858765 1441.85107422 499.161346436 -213.420013428 1659.21508789 705.240905762 -113.520042419 1354.625 224.970245361 -337.628601074 1482.30273438 632.593444824 -408.438415527 1250.37097168
0.0331649780273 8 640.043273926 -140.228607178 1565.38818359 636.126037598 242.074035645 1584.3059082 652.809204102 4.55986022949 1752.18469238 689.102294922 55.1697311401 1441.16027832 496.03527832 -211.663070679 1657.10522461 703.256469727 -114.859977722 1353.71728516 214.699188232 -336.258209229 1474.29724121 635.282836914 -404.826904297 1256.44006348
0.0370581150055 8 638.350646973 -138.99937439 1562.07531738 636.520202637 242.34715271 1584.39562988 650.141052246 4.93803405762 1748.38464355 687.442077637 57.0666046143 1440.7635498 483.169403076 -212.85748291 1654.60253906 702.76965332 -112.791900635 1354.06298828 212.406585693 -334.689178467 1469.79858398 633.90020752 -401.446502686 1259.91589355
0.0306580066681 8 637.696166992 -137.996368408 1560.81469727 637.40423584 242.343399048 1581.44348145 649.008972168 6.51782226562 1745.9552002 686.058654785 57.6823425293 1439.73400879 480.734863281 -213.379257202 1649.33300781 701.00012207 -112.360092163 1354.81213379 208.638275146 -333.956481934 1472.56982422 632.275634766 -401.275085449 1257.35144043
0.0299029350281 8 635.582641602 -137.469497681 1556.8236084 637.641601562 243.191040039 1581.32141113 641.121032715 10.74949646 1735.85705566 685.868103027 56.564743042 1439.03210449 483.470825195 -211.261627197 1649.96728516 698.899597168 -112.094726562 1354.07006836 205.569763184 -335.780090332 1470.27526855 634.782775879 -394.275360107 1256.72253418
0.0307619571686 8 633.893798828 -137.254730225 1554.1763916 638.840576172 243.965942383 1579.6394043 635.387145996 13.611038208 1728.9140625 685.29888916 54.9571990967 1437.09399414 485.286132812 -207.967544556 1649.79711914 697.735351562 -115.514526367 1354.66674805 204.019012451 -332.922576904 1466.93579102 633.228393555 -396.39956665 1254.85522461
0.0308690071106 8 632.048583984 -137.611602783 1550.83972168 639.558654785 244.49697876 1578.18127441 631.191589355 16.670211792 1717.07165527 685.015197754 49.8990249634 1434.77429199 482.207580566 -200.449462891 1648.77026367 695.781311035 -120.504997253 1354.12426758 202.343078613 -327.619018555 1467.55175781 631.111816406 -400.373504639 1257.28686523
0.0346050262451 8 631.849609375 -139.322235107 1545.32849121 639.115234375 245.364227295 1576.95849609 631.062194824 16.2437744141 1700.5489502 683.597839355 42.3522644043 1433.02770996 477.731994629 -188.427505493 1646.08081055 693.08001709 -127.468673706 1354.15368652 184.070343018 -322.329772949 1455.03808594 623.727844238 -423.342590332 1244.22399902
0.0318899154663 8 631.78515625 -138.722259521 1547.35913086 638.472473145 245.530715942 1575.56201172 630.446044922 17.755065918 1704.90820312 684.35534668 43.4371643066 1431.76000977 473.683868408 -187.687316895 1645.66113281 693.443359375 -126.644836426 1355.0670166 186.668029785 -325.107299805 1456.15307617 630.111999512 -413.850646973 1252.55969238
0.0309431552887 8 631.509399414 -139.558914185 1544.70275879 637.980834961 244.93762207 1574.03967285 631.117736816 16.3621826172 1699.24975586 684.402526855 39.3973083496 1429.05908203 471.822357178 -182.405517578 1644.99768066 692.07635498 -132.034683228 1354.56884766 194.772796631 -337.593170166 1453.45727539 632.377563477 -417.088500977 1257.0435791
0.0354650020599 8 631.086486816 -138.913269043 1545.66052246 637.29675293 244.273193359 1572.81091309 631.239440918 16.803527832 1703.14245605 684.079284668 41.1887741089 1428.17224121 463.074676514 -183.687072754 1637.98962402 692.972290039 -130.292541504 1355.59265137 178.97164917 -363.542907715 1444.77990723 634.250915527 -415.788299561 1259.8092041
0.0317349433899 8 630.36541748 -138.92767334 1544.83068848 636.344299316 244.16368103 1571.54418945 630.545715332 17.8578948975 1702.05725098 682.955993652 40.6823577881 1425.34606934 465.213592529 -183.0365448 1635.74414062 692.081481934 -132.949050903 1356.08435059 193.256072998 -369.031890869 1441.78039551 635.975708008 -422.743896484 1264.75622559
0.0362420082092 8 629.345214844 -139.127761841 1543.9822998 635.772766113 243.885742188 1569.73498535 629.463378906 18.4832763672 1701.08959961 682.008666992 40.5481872559 1423.70239258 464.657226562 -191.344543457 1622.82519531 691.437805176 -134.919692993 1356.64331055 189.078063965 -376.159851074 1438.3404541 638.525878906 -425.102905273 1268.89953613
0.031702041626 8 628.945739746 -139.952270508 1543.95422363 635.331176758 243.919418335 1568.45361328 627.293457031 17.1064910889 1700.23913574 681.3203125 39.3965911865 1424.8482666 463.865325928 -198.904876709 1615.59228516 689.243347168 -142.191986084 1357.17163086 186.939483643 -382.724304199 1427.95239258 639.38494873 -428.455352783 1275.46948242
0.0316369533539 8 628.448974609 -140.988342285 1543.0489502 634.408935547 243.668640137 1567.60656738 625.473327637 16.2492828369 1700.8782959 679.479187012 38.4836578369 1421.27648926 465.262481689 -208.015686035 1605.59375 689.156860352 -140.138076782 1357.49523926 184.999664307 -382.373596191 1428.16027832 642.372192383 -429.332092285 1280.26330566
0.0350799560547 8 628.139038086 -142.062103271 1542.42358398 633.320617676 243.466445923 1566.53222656 624.576599121 15.6203460693 1699.49487305 678.036071777 37.1688995361 1420.21655273 465.980682373 -213.520248413 1602.4453125 688.28527832 -149.764434814 1358.74731445 180.588928223 -382.031463623 1422.92810059 642.067932129 -433.183563232 1280.18847656
0.0395200252533 8 625.980163574 -144.834350586 1540.41271973 631.570678711 243.353683472 1566.08996582 622.726074219 14.4283447266 1697.24841309 670.650390625 34.4175415039 1414.53137207 463.744781494 -213.031433105 1603.65319824 690.243530273 -147.06578064 1359.02441406 188.126373291 -378.829101562 1425.41271973 643.288085938 -437.14050293 1282.18664551
0.0313818454742 8 623.842895508 -146.825012207 1537.27783203 629.502746582 242.990203857 1566.27099609 621.666320801 14.9619445801 1694.45324707 664.052062988 31.4121398926 1404.99499512 463.176422119 -215.611572266 1602.24609375 689.407043457 -159.835693359 1359.85852051 178.326324463 -374.471557617 1422.30358887 646.766418457 -434.546173096 1283.22497559
0.0348081588745 8 624.21875 -146.455429077 1537.24719238 627.571960449 242.790771484 1566.34558105 622.528076172 15.6743164062 1693.42700195 664.795288086 31.5825805664 1405.57617188 466.25 -217.063430786 1603.01635742 688.213623047 -167.827041626 1361.08996582 177.365386963 -368.772125244 1420.75305176 646.495483398 -434.956115723 1283.50537109
0.0343079566956 8 624.674865723 -146.138504028 1537.97766113 625.848999023 242.730194092 1566.9864502 622.332275391 15.9615783691 1693.54907227 665.870849609 32.8117675781 1408.50073242 469.751251221 -218.12097168 1603.93652344 685.805053711 -166.583587646 1361.36181641 173.7684021 -370.305847168 1434.5402832 645.238708496 -439.183380127 1284.23999023
0.0369338989258 8 625.559997559 -147.22492981 1538.82409668 623.492797852 242.687301636 1566.73120117 624.418212891 16.0235443115 1695.79553223 663.889038086 34.2033233643 1408.79992676 481.933959961 -221.114578247 1616.10644531 683.216003418 -161.867950439 1361.53356934 177.692718506 -371.494537354 1439.68981934 640.469116211 -438.544128418 1282.95397949
0.0319001674652 8 626.289428711 -147.794342041 1539.8717041 622.063964844 242.583251953 1566.73852539 625.024169922 15.5068969727 1697.21911621 661.583007812 34.863494873 1410.18835449 485.251525879 -225.267349243 1637.50415039 680.722900391 -164.281356812 1361.85571289 179.947540283 -367.35168457 1438.80883789 650.457702637 -428.876037598 1281.26733398
0.029070854187 8 626.902099609 -148.90133667 1549.05493164 620.73248291 242.063781738 1567.38464355 622.360412598 7.01861572266 1706.5612793 662.239318848 38.0156555176 1435.24169922 486.322540283 -236.906326294 1630.27905273 677.645385742 -155.820800781 1361.85644531 214.84072876 -358.32244873 1453.81066895 643.047912598 -424.249786377 1278.56884766
0.0276291370392 8 626.914611816 -147.189178467 1545.16796875 619.159912109 241.698410034 1567.84069824 624.125366211 8.90983581543 1702.98901367 659.322387695 36.1959381104 1424.3293457 491.300964355 -236.18460083 1630.0604248 677.096313477 -163.847549438 1362.29699707 209.469390869 -346.653656006 1454.89257812 631.173400879 -437.89666748 1279.20349121
0.0356240272522 8 626.753662109 -147.504119873 1543.85241699 617.905456543 241.983810425 1568.57836914 624.348510742 9.16067504883 1701.17602539 659.303833008 34.5038452148 1420.9128418 492.36517334 -235.883621216 1630.63464355 677.010925293 -169.536514282 1362.80578613 209.221466064 -345.13885498 1459.7779541 628.032348633 -444.227111816 1278.67028809
0.0293388366699 8 624.450012207 -146.666442871 1537.34851074 615.952514648 241.943832397 1569.10766602 623.896179199 15.4797668457 1700.02258301 648.95098877 30.2109069824 1392.88806152 493.605407715 -230.048187256 1635.70959473 679.944763184 -177.98248291 1362.93200684 199.931091309 -332.202758789 1461.37976074 634.623718262 -440.268310547 1278.77539062
0.0318319797516 8 623.043334961 -145.793777466 1535.06481934 613.947143555 242.117431641 1570.77270508 622.377990723 18.3099517822 1698.97558594 646.013366699 29.6874237061 1385.14453125 493.190368652 -226.383773804 1635.27685547 681.824707031 -179.268936157 1361.8782959 203.308288574 -324.816772461 1470.37414551 634.067443848 -444.911865234 1275.92932129
0.0357921123505 8 624.073120117 -146.140975952 1538.38989258 613.428894043 242.261871338 1572.13464355 622.815368652 14.3552398682 1699.21826172 650.383117676 30.9543914795 1398.49145508 493.806640625 -229.700332642 1635.49938965 680.738037109 -178.717163086 1361.50195312 207.564575195 -323.231170654 1475.46362305 629.358886719 -445.206878662 1274.78991699
0.0316169261932 8 624.668945312 -144.929473877 1540.80969238 613.051818848 242.552978516 1574.39196777 623.67578125 13.9493103027 1700.27197266 652.510986328 32.2173156738 1404.73730469 497.106658936 -230.761322021 1639.3494873 678.940673828 -178.85118103 1362.16748047 200.541259766 -324.494384766 1477.22680664 625.391113281 -445.505371094 1270.09179688
0.0322461128235 8 624.269775391 -144.938583374 1542.359375 612.901184082 242.550308228 1576.63330078 623.731750488 12.2036437988 1702.02331543 652.481872559 31.9487304688 1407.8170166 493.429931641 -222.101074219 1667.3560791 677.998657227 -178.203567505 1361.99914551 181.275634766 -313.505615234 1461.43835449 623.413146973 -445.016662598 1266.97888184
0.0362000465393 8 627.259155273 -141.550857544 1547.6706543 613.880371094 242.554779053 1578.42260742 626.784301758 15.1500854492 1703.54638672 663.205688477 40.2229003906 1427.17602539 499.44934082 -219.506988525 1658.71728516 673.564147949 -182.666030884 1361.55163574 202.526824951 -313.215576172 1475.30834961 620.768371582 -447.61114502 1266.63122559
0.0318539142609 8 625.360717773 -142.387237549 1546.56445312 614.427612305 242.438217163 1579.7265625 627.53918457 12.7737579346 1700.93554688 656.99609375 33.395614624 1420.03442383 499.581512451 -220.008209229 1655.58837891 673.700195312 -182.585861206 1362.39160156 171.911865234 -292.039367676 1457.01379395 619.702270508 -447.671142578 1263.7911377
0.0321900844574 8 624.251037598 -146.340148926 1540.44177246 613.917053223 242.653152466 1585.51757812 625.877929688 10.0663757324 1686.52722168 653.38659668 21.5422973633 1410.92980957 500.680206299 -211.786010742 1654.99328613 672.737915039 -196.029022217 1362.39624023 197.785461426 -300.577728271 1473.03466797 616.982543945 -456.858795166 1259.79443359
0.0358619689941 8 619.931640625 -142.747512817 1535.2923584 613.614135742 243.696899414 1590.66479492 621.882263184 20.1956634521 1685.07885742 638.868469238 25.2783050537 1392.46679688 495.866088867 -200.809829712 1657.20800781 676.354980469 -208.795974731 1362.75976562 187.40536499 -277.825378418 1468.47644043 620.295288086 -469.26385498 1259.29467773
0.0320038795471 8 619.519226074 -147.230606079 1531.79223633 612.907836914 243.09564209 1593.29699707 619.916687012 17.1266326904 1682.56469727 636.983581543 19.6691436768 1384.87255859 493.976013184 -205.943084717 1660.57910156 669.340637207 -218.596588135 1342.26123047 180.145843506 -272.137878418 1465.42407227 622.115234375 -465.374755859 1256.78771973
0.0320861339569 8 620.926757812 -154.976608276 1528.39562988 614.431640625 240.568756104 1597.8861084 616.35534668 12.0045166016 1680.7052002 639.199707031 15.7318115234 1381.33557129 489.754455566 -215.095275879 1662.91064453 673.461486816 -219.835754395 1347.11083984 191.600280762 -272.672912598 1472.6060791 623.983154297 -461.240356445 1256.35314941
0.0358679294586 8 619.240112305 -153.66545105 1528.16967773 614.510437012 239.661239624 1600.87658691 616.489379883 13.736038208 1683.53747559 634.39465332 18.8226165771 1379.21228027 490.793212891 -215.270477295 1663.53955078 675.315734863 -211.331100464 1352.51367188 184.525482178 -267.716430664 1471.21240234 625.673095703 -457.718505859 1253.68579102
0.0319859981537 8 619.213806152 -153.987716675 1528.90136719 614.977478027 239.004043579 1603.17797852 616.578369141 12.3274230957 1686.06018066 634.784301758 20.352935791 1381.49157715 492.295715332 -218.178497314 1664.81018066 675.821472168 -204.435043335 1355.04516602 185.90838623 -263.476348877 1471.21704102 624.255554199 -453.463317871 1252.14453125
0.0321450233459 8 620.241882324 -157.281433105 1527.54724121 614.380065918 237.769485474 1610.82116699 615.123474121 9.77014160156 1685.51074219 636.794616699 20.9623413086 1383.18579102 492.449707031 -221.115066528 1662.99316406 676.937866211 -201.010879517 1354.83605957 185.669281006 -258.863952637 1469.140625 622.377929688 -454.959533691 1254.35070801
0.0359208583832 8 618.526367188 -154.773925781 1529.79663086 612.593444824 238.495758057 1616.81787109 613.18145752 12.8465423584 1688.36608887 633.422058105 25.471572876 1386.41149902 495.043273926 -219.877731323 1664.77746582 674.441040039 -200.694580078 1352.00915527 115.827606201 -328.303039551 1420.01660156 621.222961426 -455.620788574 1254.06115723
0.0319321155548 8 618.441467285 -145.684692383 1532.92504883 610.811340332 239.472854614 1621.01220703 611.542053223 12.6250457764 1694.96142578 633.879577637 27.7566375732 1387.85498047 495.081298828 -224.003067017 1667.66601562 674.710144043 -197.181091309 1355.12670898 159.888763428 -257.642181396 1451.37890625 619.997131348 -455.91998291 1254.26782227
0.0321359634399 8 619.314331055 -145.507476807 1531.49438477 611.107299805 239.624359131 1619.80895996 612.917724609 12.0689697266 1691.73596191 634.595336914 25.6455993652 1386.50500488 495.116821289 -222.788696289 1667.01477051 668.864318848 -160.935791016 1381.83532715 168.666778564 -229.300567627 1460.02307129 619.262023926 -457.021636963 1254.10473633
0.0360150337219 8 623.835510254 -137.065917969 1532.19787598 610.824829102 239.704879761 1618.21655273 623.157409668 29.3681335449 1691.8572998 642.004455566 40.8230285645 1386.5357666 513.660461426 -217.215637207 1670.63903809 673.059020996 -154.394424438 1373.0958252 134.704742432 -265.248901367 1434.09362793 620.397460938 -439.045471191 1252.9152832
0.0319919586182 8 625.069885254 -132.953689575 1533.68554688 609.901977539 238.83531189 1621.46203613 623.92980957 33.1728210449 1694.4296875 645.135742188 44.6270141602 1387.0546875 519.50579834 -216.495407104 1678.59521484 675.158874512 -158.330276489 1366.7043457 148.388427734 -247.016067505 1444.77709961 621.480957031 -428.447875977 1250.96276855
0.0320570468903 8 624.644897461 -137.157592773 1533.21130371 611.270446777 238.844390869 1619.47961426 619.517700195 21.9485931396 1694.75549316 645.024536133 36.5320892334 1388.80114746 508.531463623 -218.568496704 1678.4465332 674.600646973 -168.683929443 1365.25695801 146.967498779 -246.219818115 1435.73242188 621.451721191 -432.20022583 1249.22375488
0.0357639789581 8 627.987792969 -155.681838989 1529.44360352 612.413208008 237.96887207 1619.32067871 616.713378906 1.6376953125 1692.05505371 653.239501953 22.5605163574 1391.92541504 467.768859863 -232.196273804 1695.03259277 670.879333496 -158.925811768 1375.06018066 145.636444092 -224.255569458 1440.1138916 622.512756348 -428.296386719 1246.74487305
0.0320580005646 8 628.599487305 -166.800491333 1521.86743164 613.461608887 236.662918091 1617.64025879 608.921142578 -4.52587890625 1671.08178711 651.666503906 9.30191040039 1389.80224609 451.423522949 -222.699295044 1676.37414551 669.331054688 -158.495773315 1380.76330566 145.728118896 -219.100280762 1443.01647949 622.892883301 -435.026611328 1246.97595215
0.0320150852203 8 631.16217041 -171.768218994 1523.15881348 614.044311523 235.871658325 1616.9017334 610.242431641 -2.84254455566 1677.15063477 654.326049805 11.5943450928 1387.03833008 435.668762207 -227.752182007 1671.2767334 669.239562988 -134.246582031 1389.03063965 137.82244873 -213.490249634 1442.97546387 627.303039551 -417.742492676 1245.43469238
0.03586602211 8 632.661621094 -162.652542114 1523.5489502 614.777587891 236.315795898 1617.22705078 612.538330078 -8.21807861328 1683.21862793 653.891235352 14.1370849609 1389.22009277 445.879577637 -207.878936768 1680.99768066 672.534912109 -105.576530457 1394.65612793 132.108856201 -223.565582275 1431.85864258 635.043273926 -398.870117188 1260.19384766
0.0321679115295 8 632.308898926 -154.285186768 1531.7800293 614.91204834 236.942169189 1619.03149414 619.587402344 5.33819580078 1700.58630371 654.53515625 27.9914855957 1388.88708496 442.330932617 -212.303955078 1681.71887207 677.420837402 -95.5658035278 1393.92944336 131.148101807 -208.058670044 1440.1730957 640.485046387 -385.50894165 1257.29467773
0.0359320640564 8 629.732299805 -152.670181274 1528.57824707 615.717529297 238.219390869 1620.42297363 618.720092773 0.925811767578 1696.78674316 653.720581055 25.2807617188 1387.98913574 441.652038574 -217.256744385 1682.79638672 675.848876953 -99.4145812988 1393.40979004 126.130004883 -210.227218628 1443.97021484 630.28717041 -394.959320068 1239.32983398
0.0320520401001 8 630.523254395 -154.184539795 1526.49475098 616.344970703 239.448486328 1621.1953125 622.963439941 -0.695877075195 1697.04821777 646.895935059 26.4517059326 1385.75720215 441.554016113 -216.485168457 1683.81689453 672.129394531 -97.5949478149 1392.6373291 147.211547852 -238.684356689 1423.34399414 625.448425293 -391.261016846 1236.00549316
0.0321638584137 8 627.351379395 -152.13684082 1526.37182617 616.534301758 240.803146362 1621.46179199 624.228027344 -0.663589477539 1698.84716797 643.494873047 26.8678436279 1383.54833984 437.163848877 -214.283782959 1680.71557617 666.703369141 -111.850860596 1385.88964844 132.249267578 -262.789764404 1436.1204834 621.51776123 -392.446014404 1235.35241699
0.0357141494751 8 625.076721191 -145.710845947 1528.78417969 617.022827148 242.656417847 1621.54467773 623.86529541 4.46035766602 1700.78125 638.180114746 28.734375 1382.04223633 393.46270752 -212.512451172 1656.41162109 664.229675293 -125.175247192 1381.41308594 128.000518799 -182.783416748 1442.00878906 618.01385498 -400.708129883 1237.61425781
0.0315477848053 8 624.507019043 -139.54788208 1532.30200195 617.708129883 244.592407227 1621.94238281 626.225708008 7.35360717773 1710.44836426 638.161987305 37.9953918457 1385.29431152 382.045776367 -214.605606079 1635.6418457 683.861755371 -143.685272217 1368.28686523 136.174179077 -170.911682129 1444.4206543 616.68572998 -400.013153076 1231.51513672
0.0317060947418 8 624.23425293 -136.032043457 1533.35839844 618.348632812 246.098449707 1622.34692383 624.888671875 6.56785583496 1709.50244141 640.229492188 36.3925552368 1387.15307617 374.561798096 -217.710906982 1622.484375 680.804626465 -144.137420654 1367.36083984 136.26524353 -137.55960083 1454.12255859 614.493896484 -402.070465088 1228.96691895
0.0362300872803 8 622.96484375 -134.100387573 1535.86743164 618.845153809 247.022018433 1622.0267334 622.630065918 10.1581878662 1709.50402832 638.938171387 36.4626083374 1388.85168457 370.994018555 -210.839889526 1617.04602051 679.681213379 -146.79864502 1365.25390625 135.257614136 -112.457443237 1459.35461426 617.35559082 -415.365631104 1219.29797363
0.0319588184357 8 623.252990723 -131.732528687 1537.00939941 619.47833252 247.776260376 1622.11132812 622.885131836 12.4012145996 1709.5213623 640.884033203 43.1977539062 1396.92443848 369.102661133 -207.502746582 1613.75585938 680.53729248 -145.716491699 1365.13305664 129.659103394 -134.747680664 1445.95239258 615.768798828 -405.40512085 1232.95202637
0.0319139957428 8 623.203918457 -129.353897095 1536.60766602 619.96661377 248.554458618 1622.70996094 623.523925781 13.9867095947 1712.35534668 640.407348633 47.5864028931 1395.78771973 368.445739746 -209.015289307 1614.20361328 678.862487793 -137.924224854 1368.98535156 137.454956055 -88.0143203735 1462.59191895 611.938659668 -410.457214355 1230.92687988
0.037290096283 8 623.7265625 -128.685028076 1535.62304688 621.912597656 248.926696777 1622.44445801 623.677429199 15.4439849854 1713.03930664 641.655700684 50.8829498291 1395.32397461 367.328369141 -210.736404419 1613.57067871 683.841003418 -138.369979858 1367.46350098 143.242904663 -148.855834961 1423.96289062 617.560546875 -398.891845703 1233.78540039
0.0321860313416 8 634.364440918 -128.867507935 1534.98352051 624.366210938 250.133666992 1622.2532959 651.023498535 8.32420349121 1721.10217285 654.690856934 57.6181793213 1398.78723145 357.397949219 -215.12739563 1612.43432617 680.448547363 -49.9566421509 1434.35839844 122.623779297 -95.2725143433 1454.86303711 629.989746094 -392.487243652 1235.15112305
0.0317959785461 8 630.712097168 -122.136054993 1533.46374512 625.068481445 249.730743408 1622.32409668 637.812866211 8.24858093262 1717.66699219 651.128295898 57.0885314941 1397.6574707 360.784362793 -216.327011108 1612.1685791 678.485656738 -47.6246261597 1429.23779297 136.630615234 -22.1315155029 1489.27770996 631.323608398 -388.013519287 1240.01477051
0.035621881485 8 628.715942383 -124.038856506 1534.7109375 625.526611328 250.268829346 1622.04321289 633.214294434 10.4952545166 1717.6126709 648.890197754 55.3595504761 1396.93518066 362.057830811 -214.409194946 1613.05773926 676.596069336 -47.0073547363 1427.89941406 138.145217896 -50.0118408203 1471.87182617 627.312255859 -389.169708252 1243.02563477
0.0317850112915 8 628.885925293 -120.835945129 1537.50488281 626.695373535 251.444976807 1622.41955566 633.046875 14.5693359375 1728.30065918 650.726806641 64.9803390503 1396.96862793 361.597961426 -222.416992188 1614.07019043 676.825500488 -30.3507080078 1428.49645996 138.14541626 -36.9840240479 1478.01696777 642.922668457 -365.375701904 1270.33764648
0.0315511226654 8 627.625793457 -122.631439209 1536.10217285 627.755371094 251.982208252 1622.86010742 630.832641602 15.3964691162 1722.79443359 650.051025391 61.5978164673 1396.55688477 362.622589111 -217.148666382 1615.01550293 677.695983887 -22.5576782227 1432.58215332 136.640838623 0.345947265625 1495.78735352 665.308532715 -326.23260498 1288.97277832
0.0359280109406 8 624.000061035 -128.279968262 1532.2175293 628.623962402 252.017120361 1622.59326172 624.339172363 17.8430938721 1706.11560059 648.539855957 51.0283966064 1394.96179199 365.742218018 -189.796966553 1618.79089355 676.512756348 -31.4797592163 1430.86474609 136.919845581 22.2329711914 1497.43505859 636.425964355 -386.977020264 1269.52075195
0.0319910049438 8 620.262695312 -133.01965332 1525.93261719 629.227416992 251.505996704 1622.76220703 620.555908203 21.8868865967 1689.66052246 645.166992188 39.4482498169 1382.9720459 363.502624512 -172.288482666 1618.80334473 676.508789062 -54.4248886108 1422.55383301 132.640701294 -5.53086853027 1478.54089355 631.907043457 -414.616577148 1246.10266113
0.0320119857788 8 618.88092041 -134.31362915 1528.87084961 629.227661133 251.688461304 1622.20141602 617.81829834 22.9059906006 1685.49255371 643.851623535 34.8301849365 1387.39123535 366.336853027 -168.997741699 1617.03601074 680.8046875 -106.235839844 1387.56384277 139.833526611 59.5403442383 1503.15478516 630.025085449 -424.273071289 1247.88427734
0.0359489917755 8 617.646057129 -138.1381073 1530.80517578 632.166931152 250.994934082 1618.99145508 615.233703613 22.4147796631 1684.27209473 644.741760254 30.4520111084 1388.75427246 365.90637207 -159.470947266 1617.27624512 686.305480957 -160.070800781 1366.99694824 143.676849365 63.7641143799 1496.34057617 626.309387207 -436.185302734 1246.3527832
0.032105922699 8 621.103393555 -130.229415894 1533.57067871 632.633483887 251.876541138 1618.15588379 616.207824707 31.4563751221 1692.07165527 656.13873291 46.5727386475 1396.44836426 366.374633789 -164.514389038 1618.9161377 689.180297852 -164.928817749 1350.96044922 148.373428345 73.3509674072 1509.60461426 624.03338623 -423.501159668 1246.6583252
0.0318651199341 8 620.703735352 -126.852584839 1532.80358887 637.24810791 250.571090698 1610.55285645 618.191162109 34.4450836182 1695.51379395 653.591674805 52.1721038818 1393.63977051 361.945007324 -164.456497192 1619.42089844 689.814758301 -164.935531616 1344.30090332 145.344436646 57.606552124 1499.7220459 666.564758301 -290.103149414 1297.9564209
0.0361089706421 8 618.471435547 -131.985458374 1530.47998047 640.330566406 249.050521851 1606.27661133 613.81427002 24.2342529297 1688.5559082 651.42767334 40.0108642578 1393.56542969 357.565673828 -147.842788696 1618.72827148 690.360595703 -175.312545776 1344.07299805 151.055969238 83.1874847412 1507.33837891 666.39050293 -298.113891602 1299.55456543
0.0319728851318 8 617.540344238 -133.9871521 1526.24633789 638.849365234 250.842758179 1609.54907227 610.288757324 21.4869384766 1687.63806152 650.800354004 44.8841323853 1395.20788574 345.212280273 -140.30758667 1618.17175293 682.041809082 -156.253356934 1337.05712891 150.375946045 102.177810669 1511.65588379 659.007446289 -352.612243652 1288.8614502
0.0319681167603 8 617.539428711 -135.303527832 1527.67492676 638.544128418 252.251876831 1611.63757324 610.726379395 22.425567627 1685.29699707 647.146911621 40.5672607422 1393.65026855 341.108917236 -130.320678711 1617.8380127 683.788574219 -164.894546509 1341.23474121 154.580596924 85.6652069092 1501.60742188 653.699584961 -373.501708984 1281.93237305
0.0359399318695 8 617.247131348 -135.935806274 1525.81420898 639.00402832 252.382980347 1613.12011719 606.008789062 19.5683441162 1673.94921875 647.654052734 31.5478363037 1394.3737793 351.31048584 -120.035919189 1620.47680664 681.135375977 -180.583831787 1340.98339844 161.930267334 120.71862793 1513.00878906 622.62689209 -431.977600098 1252.40576172
0.0325510501862 8 614.845214844 -137.278518677 1527.75439453 639.30670166 252.813171387 1612.55383301 607.608581543 25.1227722168 1656.80383301 644.674255371 17.6847229004 1392.93225098 350.795043945 -98.3532333374 1622.27124023 675.864074707 -198.380599976 1338.79003906 167.361557007 139.133239746 1516.60925293 613.532897949 -452.015167236 1250.72290039
0.0314829349518 8 614.379150391 -142.613845825 1523.92895508 641.120544434 252.219329834 1609.02807617 602.641723633 21.5794677734 1649.64233398 644.022705078 13.1466674805 1390.65820312 346.604980469 -91.237411499 1622.14709473 677.470581055 -201.45703125 1339.74475098 165.348190308 151.437988281 1513.67236328 607.386108398 -467.023223877 1246.22814941
0.0360400676727 8 614.532836914 -143.866439819 1524.95629883 643.627563477 252.016143799 1604.92138672 601.281494141 20.72265625 1653.77600098 645.437866211 13.4188537598 1390.17492676 346.520263672 -87.3496704102 1623.56225586 676.310058594 -203.610061646 1337.91674805 154.65737915 100.948760986 1476.46362305 601.750061035 -472.171020508 1241.90429688
0.0319890975952 8 612.643859863 -146.199050903 1527.5637207 643.07598877 251.701446533 1605.20092773 603.839355469 21.0605621338 1655.89147949 643.376831055 11.3422088623 1390.60510254 351.242736816 -80.1527709961 1624.95617676 674.589782715 -213.106872559 1332.1048584 175.383239746 193.939117432 1529.84729004 597.138977051 -472.96383667 1240.29589844
0.0320019721985 8 608.293945312 -145.870132446 1535.10290527 643.217407227 251.486541748 1605.09448242 609.036254883 25.9941711426 1659.71374512 638.919677734 6.93295288086 1390.95324707 355.892150879 -74.5010223389 1626.16027832 668.615539551 -233.264038086 1321.69934082 176.435211182 183.163833618 1519.71179199 590.603027344 -474.416687012 1242.21838379
0.0357818603516 8 607.864746094 -146.762069702 1534.58044434 644.038757324 250.673843384 1604.88024902 608.514953613 26.3664093018 1659.8482666 638.96697998 8.10020446777 1390.64880371 354.506072998 -66.3801040649 1627.06054688 668.940612793 -224.384872437 1325.61682129 186.453170776 208.068084717 1530.33532715 589.178894043 -472.516876221 1241.09313965
0.032026052475 8 607.1171875 -141.011810303 1529.60400391 644.65032959 250.491226196 1604.22790527 603.731811523 40.5778961182 1641.8067627 638.222412109 16.4215240479 1388.80969238 343.493469238 -53.6982116699 1621.53979492 670.817749023 -212.849578857 1326.5736084 175.651275635 175.168533325 1509.68676758 592.689941406 -460.487854004 1240.88146973
0.0320479869843 8 607.838928223 -138.969680786 1529.14331055 645.37878418 251.149353027 1604.0189209 601.100341797 42.6555328369 1639.05102539 639.575683594 17.2395477295 1388.77099609 337.819641113 -44.2435150146 1619.09375 671.371582031 -211.576782227 1328.08398438 183.349197388 187.194610596 1520.59191895 598.233520508 -454.880096436 1239.75244141
0.0361299514771 8 611.655700684 -144.192657471 1537.12158203 646.401794434 251.719772339 1602.74157715 599.21295166 41.2314910889 1645.36035156 646.684020996 9.71342468262 1391.04443359 333.566986084 -32.4015579224 1617.92248535 674.618225098 -219.826843262 1329.61035156 172.963516235 197.213989258 1517.47143555 605.848144531 -451.937713623 1242.30786133
0.0320930480957 8 609.292663574 -136.123718262 1540.7479248 647.108032227 251.860839844 1601.55078125 578.005554199 48.2367935181 1635.30895996 653.12689209 14.3721618652 1401.6829834 338.228759766 -10.0935173035 1627.3651123 670.328979492 -240.625320435 1318.95153809 178.968429565 225.461608887 1526.16381836 600.997375488 -469.291748047 1231.66748047
0.0358059406281 8 610.992675781 -141.739608765 1547.25048828 647.673034668 252.027099609 1600.51940918 576.056945801 51.4773864746 1629.1862793 654.369812012 3.89111328125 1398.33129883 331.526123047 -3.8484992981 1620.15258789 677.155395508 -244.628921509 1320.92150879 179.144302368 234.602920532 1515.17675781 605.856079102 -467.102233887 1236.74487305
0.0320720672607 8 617.760314941 -146.589447021 1554.1619873 648.981323242 252.135253906 1599.3034668 570.266479492 53.0263900757 1627.88183594 663.652099609 1.2507019043 1400.6237793 320.453887939 1.50106048584 1613.75500488 688.769775391 -247.166442871 1323.58508301 169.709335327 263.817779541 1522.55151367 619.512084961 -461.937713623 1242.2434082
0.0319299697876 8 619.73651123 -146.664505005 1558.72363281 649.837646484 251.833724976 1599.08520508 575.327270508 53.3010864258 1634.61755371 664.759887695 -0.15966796875 1403.07165527 316.871185303 20.0132865906 1610.59106445 690.303771973 -246.123687744 1325.45922852 170.252365112 285.329528809 1524.98376465 639.084655762 -436.09552002 1274.0369873
0.0360341072083 8 618.538879395 -145.7159729 1561.26855469 650.273010254 251.531738281 1598.95263672 567.106201172 54.7406311035 1634.22705078 666.210327148 1.52606201172 1405.71044922 308.005554199 39.8799476624 1605.8059082 674.405334473 -218.02961731 1330.94555664 170.409820557 303.558074951 1530.57226562 649.89642334 -418.538238525 1289.21325684
0.0321128368378 8 618.014770508 -145.344299316 1564.36010742 650.623535156 251.247421265 1599.1472168 562.537414551 56.1042938232 1635.16638184 667.784362793 2.22535705566 1408.09436035 305.636505127 43.8786430359 1606.36206055 668.251708984 -223.450134277 1333.45153809 165.944564819 311.342163086 1533.30395508 649.999145508 -420.664794922 1287.00866699
0.0319631099701 8 615.083496094 -145.512374878 1568.04248047 650.778198242 250.873352051 1599.05871582 548.949157715 54.9390945435 1641.28588867 669.391052246 3.59428405762 1410.76245117 302.33972168 50.3723640442 1607.21228027 665.479553223 -215.884811401 1335.92163086 171.219024658 332.786621094 1541.74108887 657.439086914 -376.06262207 1298.1965332
0.0358889102936 8 613.07019043 -145.014602661 1568.45446777 650.424804688 250.59753418 1598.49255371 542.05291748 52.541633606 1644.84838867 668.191711426 4.90182495117 1412.26660156 297.713623047 57.5995788574 1604.61291504 664.25982666 -219.373977661 1339.01306152 165.818969727 327.33605957 1535.56628418 657.897338867 -375.711151123 1299.16149902
0.0321910381317 8 611.378112793 -144.68522644 1567.63623047 650.22265625 250.25680542 1598.76904297 536.905517578 51.3278427124 1645.40307617 667.182983398 5.6492767334 1411.75048828 279.003997803 94.3513412476 1596.38330078 661.566589355 -220.527664185 1338.28710938 168.061325073 352.813446045 1541.82116699 657.724304199 -365.519592285 1299.6348877
0.0319590568542 8 610.525085449 -141.433959961 1563.76599121 650.383178711 249.915863037 1598.82141113 545.184509277 48.711227417 1646.88793945 663.683166504 10.8664398193 1417.77734375 278.79095459 108.974868774 1597.4230957 654.730957031 -211.334518433 1333.92370605 174.206848145 338.668060303 1541.56274414 652.781311035 -361.835144043 1298.11938477
0.0359380245209 8 605.749511719 -139.746643066 1558.58984375 650.153198242 249.836425781 1598.70874023 548.359008789 46.9619674683 1651.90551758 656.62902832 11.2476654053 1412.05102539 287.556518555 115.63394165 1599.56005859 636.242370605 -185.835845947 1329.57299805 179.74597168 365.458648682 1549.61901855 644.269592285 -378.330627441 1290.61743164
0.0321278572083 8 603.32019043 -134.839065552 1549.13427734 649.140075684 250.313171387 1598.17407227 559.452392578 44.2255477905 1654.36437988 649.354980469 17.9576263428 1409.14880371 297.807403564 114.070121765 1605.35998535 630.887878418 -184.5259552 1325.63000488 196.86807251 372.784973145 1563.99243164 634.465209961 -391.844787598 1283.39123535
0.0318841934204 8 602.714294434 -132.189651489 1548.73205566 648.265441895 250.942718506 1598.59851074 559.800292969 46.4735565186 1653.34606934 649.309936523 20.5858306885 1410.18664551 298.144134521 116.803184509 1606.96411133 645.598388672 -169.605026245 1346.11022949 188.258117676 379.789581299 1562.38269043 628.780090332 -418.47833252 1272.01330566
0.0360989570618 8 603.325317383 -132.212249756 1548.81164551 647.893737793 252.121673584 1598.3692627 558.73626709 48.0651397705 1651.22509766 650.546203613 19.5474090576 1408.3984375 297.554779053 118.399238586 1607.08325195 645.332397461 -168.473114014 1340.98852539 187.493118286 381.994689941 1560.02929688 631.760925293 -411.501220703 1275.85876465
0.0318808555603 8 602.613647461 -132.509963989 1547.96276855 648.789916992 253.079849243 1598.1484375 556.979736328 48.7790222168 1651.89672852 650.492675781 21.2103881836 1407.15039062 299.235412598 121.877227783 1607.85778809 644.380004883 -176.397979736 1335.0480957 193.277084351 382.753295898 1557.77282715 589.409240723 -475.953643799 1197.31530762
0.0320701599121 8 601.963684082 -132.733627319 1548.34570312 649.322937012 253.913635254 1597.98974609 555.979553223 50.3325119019 1651.89465332 650.461242676 22.8301086426 1407.64001465 299.565063477 125.2162323 1608.24389648 645.488525391 -171.391647339 1334.38195801 190.805908203 389.370605469 1564.11120605 589.758605957 -475.204345703 1197.78564453
0.0358688831329 8 601.95892334 -132.131958008 1548.58605957 648.907409668 254.260864258 1598.00292969 558.896240234 51.1283416748 1651.26977539 649.889404297 22.2638092041 1407.70532227 301.290710449 127.929519653 1609.04736328 644.625305176 -168.534957886 1334.30981445 196.805831909 403.381530762 1568.95080566 591.710021973 -472.672119141 1237.75646973
0.0321559906006 8 601.56060791 -129.822860718 1549.34008789 647.922729492 254.954849243 1598.75720215 560.523803711 53.7807006836 1653.07910156 647.916015625 26.313293457 1409.23730469 303.655548096 131.039825439 1609.73303223 646.84576416 -167.176254272 1333.27490234 191.975006104 398.740753174 1565.64050293 591.649169922 -474.230041504 1238.27941895
0.031965970993 8 601.484558105 -127.964492798 1549.4543457 647.29510498 256.128814697 1598.02709961 561.950439453 55.2509918213 1652.84973145 646.599487305 28.6154327393 1410.64196777 306.790130615 133.056671143 1613.08813477 646.016601562 -163.409439087 1332.58703613 194.870330811 402.203826904 1568.97570801 593.575561523 -465.784118652 1238.12255859
0.0360841751099 8 601.344970703 -127.978515625 1550.70239258 646.981750488 256.598937988 1597.02575684 561.392028809 55.4584503174 1653.57824707 646.707580566 29.0478363037 1412.44958496 307.694641113 138.895462036 1616.15283203 647.369506836 -160.845718384 1333.69177246 196.83380127 397.085632324 1567.48950195 586.677978516 -472.453186035 1196.71899414
0.0324168205261 8 601.166870117 -126.96206665 1551.48217773 646.977905273 257.335876465 1597.50500488 561.384643555 55.1369171143 1654.98486328 646.996582031 29.6523590088 1414.27026367 308.548797607 142.034515381 1618.39306641 650.835144043 -145.909408569 1343.52282715 199.637527466 398.012542725 1568.39978027 589.084594727 -469.859191895 1201.54650879
0.0320382118225 8 600.944335938 -124.970558167 1551.98876953 646.763549805 258.012512207 1597.37731934 564.697570801 56.8960113525 1654.19421387 646.377746582 31.4669494629 1416.71716309 310.224060059 142.667602539 1620.2298584 649.666381836 -144.395706177 1342.8717041 197.129241943 412.089233398 1579.88391113 588.831237793 -468.667419434 1202.65490723
0.0358028411865 8 600.690124512 -121.519607544 1552.86975098 646.922729492 258.479309082 1596.62976074 567.385314941 59.2125778198 1655.41064453 646.833312988 36.5745239258 1421.85424805 312.002990723 139.364761353 1622.09985352 647.292724609 -140.997009277 1341.45043945 194.575469971 397.106323242 1578.02307129 583.831054688 -467.042724609 1194.16601562
0.0315840244293 8 600.891662598 -119.657417297 1551.52929688 647.651245117 258.973480225 1596.32434082 569.56842041 59.7431259155 1656.64819336 646.949157715 38.1121368408 1420.36816406 314.293212891 138.848937988 1627.84716797 646.637695312 -143.506637573 1340.37438965 193.766418457 404.319396973 1586.2097168 587.112304688 -459.758422852 1201.26293945
0.0320041179657 8 600.200256348 -119.431930542 1549.78491211 648.087646484 259.174133301 1596.25427246 569.328796387 58.0946273804 1657.90771484 647.628845215 37.7111206055 1418.57543945 313.800048828 135.906707764 1627.16223145 645.119384766 -163.923629761 1333.4732666 194.399047852 394.71005249 1592.6229248 588.045166016 -456.385864258 1202.78881836
0.0364198684692 8 600.040222168 -121.510215759 1546.10986328 648.72833252 259.377807617 1595.4720459 573.763427734 53.2205505371 1663.29650879 648.122680664 41.6539459229 1419.5411377 314.496917725 129.871856689 1627.87145996 650.716064453 -174.413696289 1328.93847656 195.738922119 397.793426514 1614.24633789 601.680480957 -434.698242188 1231.29638672
0.0321469306946 8 599.377258301 -122.565933228 1544.0 649.22869873 259.023681641 1594.67468262 572.468811035 50.4504852295 1662.78283691 649.671325684 40.1009674072 1418.38879395 316.479675293 105.141235352 1653.81018066 652.990539551 -177.150238037 1326.50219727 202.371154785 381.195770264 1622.08496094 587.347167969 -453.483093262 1223.40441895
0.0320160388947 8 599.510681152 -127.34085083 1540.30969238 650.255615234 259.888549805 1593.70129395 574.852844238 41.3554229736 1665.26330566 650.506164551 34.9071807861 1414.79089355 316.87991333 87.044593811 1669.49377441 654.177307129 -177.858230591 1325.54589844 200.799209595 354.322784424 1633.98547363 592.597961426 -439.666992188 1225.49926758
0.0353701114655 8 599.560058594 -130.348693848 1537.54760742 651.113037109 260.84576416 1593.88549805 577.472351074 40.228515625 1665.08532715 650.532531738 35.8244934082 1412.49279785 321.953369141 74.5029449463 1682.02807617 660.150146484 -160.742797852 1345.92236328 202.596801758 334.604858398 1643.99511719 592.522644043 -440.074768066 1227.82739258
0.0320010185242 8 598.880615234 -133.300033569 1536.14562988 651.511047363 261.459869385 1593.69445801 575.908081055 38.1061248779 1664.5020752 651.664672852 33.2241668701 1410.18200684 325.024780273 55.5978775024 1695.79284668 661.622314453 -145.161224365 1349.74499512 206.99520874 304.847839355 1648.83276367 590.204956055 -441.240509033 1226.04833984
0.0320718288422 8 596.93145752 -128.314025879 1544.64770508 651.58190918 262.232818604 1593.27990723 580.684204102 45.2565460205 1668.87219238 652.311645508 32.2967987061 1414.41809082 339.670623779 25.8774089813 1721.84741211 658.890014648 -144.139923096 1341.13867188 213.091552734 275.910919189 1660.89978027 585.272216797 -451.554260254 1227.21081543
0.035884141922 8 603.875427246 -131.107116699 1550.57446289 651.973999023 262.611419678 1592.44848633 591.12097168 48.1148910522 1674.25280762 660.503295898 31.8655090332 1417.10974121 350.898345947 -23.1457595825 1725.60046387 664.665100098 -145.730377197 1344.24084473 210.980010986 236.461120605 1657.58544922 590.832580566 -444.790679932 1232.92565918
0.0321500301361 8 608.630859375 -125.117576599 1547.21777344 651.818664551 262.731506348 1590.93359375 596.59588623 46.4307327271 1678.92272949 665.024475098 38.9187316895 1417.48034668 357.256317139 -53.1145324707 1735.22692871 658.211425781 -145.219207764 1342.55664062 207.14074707 192.503295898 1658.60107422 592.663574219 -439.223175049 1236.38525391
0.0319328308105 8 606.164794922 -124.811637878 1543.46716309 652.395385742 262.507385254 1587.85095215 597.305541992 43.7672271729 1680.79882812 667.654541016 43.9799804688 1420.64282227 377.69720459 -89.397277832 1756.0847168 663.739379883 -146.21522522 1343.10925293 199.393447876 137.891540527 1666.65820312 592.04107666 -440.853637695 1231.84594727
0.0359170436859 8 604.155761719 -112.941291809 1534.78344727 651.926879883 262.290161133 1586.46643066 593.345947266 35.8564834595 1682.7947998 676.830688477 51.5784988403 1426.07873535 381.618164062 -118.161598206 1760.19714355 671.224365234 -135.679779053 1343.34436035 203.501098633 47.6326217651 1674.3449707 608.11151123 -425.289367676 1234.36230469
0.0319809913635 8 604.587768555 -108.829048157 1531.07385254 651.698364258 262.777679443 1583.19030762 594.508666992 31.1037063599 1682.92431641 676.475097656 52.9235916138 1424.25732422 399.532012939 -137.933044434 1741.98803711 676.173156738 -133.703399658 1344.3458252 192.456680298 -2.3706817627 1671.37512207 609.034667969 -421.743469238 1235.41711426
0.0321021080017 8 608.619812012 -109.434028625 1533.38574219 650.618469238 263.514556885 1581.35681152 605.563964844 30.7951049805 1688.95153809 676.388793945 55.9495391846 1424.16101074 426.71484375 -157.959915161 1734.0645752 675.648376465 -137.383071899 1330.38146973 186.36819458 -63.535446167 1677.00634766 607.366271973 -417.883178711 1231.1661377
0.0358378887177 8 616.177734375 -105.237457275 1558.05529785 649.822021484 263.596984863 1580.73181152 625.421142578 50.342666626 1693.94897461 662.389404297 40.6488189697 1418.98876953 448.861114502 -155.507202148 1739.06872559 665.705627441 -182.987487793 1336.15014648 202.356933594 -117.033584595 1680.91235352 596.87512207 -456.135772705 1225.42431641
0.0321650505066 8 614.825378418 -108.001495361 1553.13818359 648.79107666 263.304595947 1579.97729492 624.009094238 45.3546447754 1696.32373047 665.02520752 44.6184387207 1417.89111328 468.732727051 -190.324203491 1744.13818359 666.186523438 -165.41078186 1332.99487305 205.12701416 -205.120376587 1690.69885254 599.526123047 -453.093383789 1225.17614746
0.0358209609985 8 613.438110352 -108.130378723 1549.97265625 648.347045898 262.807434082 1578.91174316 619.207458496 41.8256072998 1696.81616211 666.722351074 46.296875 1418.07788086 482.517150879 -207.957946777 1745.48095703 664.872070312 -157.155517578 1330.59130859 188.04296875 -235.627410889 1726.23596191 605.67010498 -416.037902832 1217.15356445
0.032112121582 8 612.905639648 -107.964813232 1546.61328125 647.48614502 262.886474609 1577.3704834 617.542114258 38.3986587524 1699.99584961 670.686157227 51.3193588257 1419.09838867 489.679107666 -217.506072998 1743.33557129 662.420715332 -128.80770874 1332.61901855 276.358886719 -353.216491699 1733.6072998 607.645263672 -406.023498535 1218.01000977
0.0318918228149 8 612.992431641 -98.5021972656 1544.12768555 646.939086914 262.816894531 1576.23535156 621.748840332 34.6727600098 1705.94287109 670.290710449 60.2368469238 1419.56689453 502.958648682 -226.180480957 1742.85778809 660.815612793 -111.058380127 1326.60925293 330.59765625 -423.21081543 1690.41540527 609.886291504 -405.319030762 1215.89221191
0.0396730899811 8 612.292297363 -101.845779419 1542.15795898 645.49822998 263.176696777 1576.6809082 619.508056641 34.4679870605 1709.43737793 675.073120117 64.449005127 1419.59899902 498.441894531 -230.274505615 1742.0020752 671.216308594 -114.81652832 1329.11218262 363.320800781 -450.590942383 1714.06872559 617.758056641 -399.099182129 1209.98059082
0.0324230194092 8 609.629699707 -113.727378845 1549.6496582 640.413635254 264.772399902 1576.20568848 618.514648438 44.1630172729 1709.48815918 672.761962891 56.9957809448 1417.64685059 499.431243896 -220.857849121 1742.0802002 674.434143066 -127.263069153 1329.13647461 374.661712646 -453.536621094 1715.33935547 622.29699707 -393.337036133 1211.06787109
0.0311710834503 8 606.034484863 -124.005645752 1547.03564453 626.397705078 269.279937744 1585.18261719 614.004882812 44.16746521 1706.85998535 660.76965332 46.616897583 1399.44934082 499.627807617 -219.559951782 1740.42529297 673.153137207 -164.304977417 1328.52624512 420.686767578 -472.989868164 1710.03015137 621.741638184 -407.033996582 1206.58227539
0.0350148677826 8 606.171569824 -126.740066528 1547.15429688 617.513549805 270.65914917 1589.00073242 613.683898926 44.3828659058 1703.36682129 659.541809082 43.6493606567 1399.29943848 591.305297852 -176.910980225 1749.44006348 675.408081055 -180.785095215 1320.98059082 523.551513672 -524.544433594 1686.44067383 617.203613281 -412.62612915 1199.08947754
0.0313580036163 8 607.776489258 -127.884231567 1548.24926758 619.544067383 269.725311279 1585.52587891 614.8125 44.3181915283 1703.82592773 662.563720703 44.8657073975 1403.11743164 590.075622559 -178.460372925 1747.9440918 673.517578125 -183.204879761 1315.27331543 526.202087402 -523.593688965 1683.83752441 620.299926758 -390.93347168 1289.359375
0.0315120220184 8 608.820129395 -126.100959778 1545.80883789 613.569274902 270.071350098 1587.87084961 616.770141602 41.4477844238 1704.14123535 663.861938477 47.5763397217 1404.34631348 590.333496094 -185.488510132 1744.7487793 672.064208984 -180.267211914 1304.82373047 548.487243652 -531.785705566 1697.94543457 611.195983887 -409.605102539 1195.57543945
0.035108089447 8 608.664672852 -128.686965942 1541.86022949 611.045410156 269.74017334 1589.61083984 619.40826416 36.7107543945 1704.59375 658.187561035 48.2198181152 1399.71362305 602.23425293 -171.418136597 1734.55200195 664.614074707 -175.839584351 1295.70092773 461.055175781 -453.812988281 1743.45666504 607.445617676 -401.383850098 1203.64025879
0.0363829135895 8 607.81072998 -126.996528625 1542.78942871 609.737670898 270.168273926 1590.86474609 619.612060547 37.9809570312 1703.65014648 658.11315918 47.7140579224 1400.73657227 602.682983398 -169.992919922 1734.95495605 662.985351562 -176.194091797 1294.02502441 470.508666992 -442.463195801 1754.99597168 601.456298828 -406.664276123 1198.23596191
0.0321021080017 8 605.074645996 -120.426017761 1543.83190918 608.929626465 269.959381104 1592.0826416 623.316162109 37.8280487061 1705.29663086 655.398925781 46.1332397461 1398.3203125 598.575439453 -156.663711548 1731.5300293 664.428344727 -175.297622681 1294.40527344 478.315246582 -433.83380127 1764.34680176 605.40435791 -396.149078369 1195.9486084
0.0354499816895 8 605.456359863 -121.34223938 1542.3638916 611.662658691 268.825073242 1590.49780273 628.618774414 35.7135848999 1703.05102539 653.622558594 46.1022109985 1398.60742188 598.468688965 -144.643280029 1729.76647949 661.335144043 -174.999450684 1293.87036133 486.144470215 -426.084136963 1768.18981934 600.708679199 -399.018981934 1197.75878906
0.0307459831238 8 608.331665039 -121.651496887 1542.8614502 609.182678223 268.653015137 1593.08532715 632.283752441 37.8084869385 1702.55578613 647.172058105 44.6806945801 1393.43371582 603.752746582 -135.527862549 1730.69665527 656.612304688 -172.372070312 1293.61279297 495.958068848 -419.387878418 1774.34106445 589.750671387 -396.579589844 1200.44445801
0.0315568447113 8 607.610412598 -122.047164917 1540.69104004 606.705383301 268.148651123 1595.63378906 629.945800781 38.468788147 1701.69360352 647.965332031 45.3291244507 1390.5480957 601.792541504 -131.954162598 1730.45654297 659.244750977 -169.575866699 1293.39135742 495.918334961 -420.682800293 1778.97485352 594.785827637 -407.315856934 1203.71105957
0.0446100234985 8 608.431640625 -122.202697754 1540.32910156 604.772827148 267.281188965 1597.53051758 629.032165527 39.2671813965 1700.42004395 648.64642334 44.7435302734 1389.87023926 598.350341797 -93.6465759277 1720.10754395 659.805908203 -169.304153442 1293.36108398 492.750274658 -386.391357422 1783.16430664 595.738891602 -405.147949219 1202.85522461
0.031571149826 8 610.402282715 -125.114456177 1542.14245605 603.868103027 266.7109375 1598.08911133 631.289550781 40.774520874 1699.68225098 648.146484375 41.4408111572 1388.4901123 559.238220215 190.667419434 1744.31994629 658.550231934 -170.815216064 1293.48632812 676.880493164 93.4709472656 1510.79382324 593.73260498 -410.605651855 1200.64904785
0.0297000408173 8 609.629638672 -127.488632202 1540.39318848 601.91973877 265.746520996 1599.33947754 630.446594238 39.2529907227 1695.03552246 649.471008301 38.4485473633 1388.64343262 561.118652344 199.304260254 1741.86206055 659.358947754 -172.305847168 1294.26818848 659.300354004 78.919418335 1520.59692383 591.413085938 -412.361755371 1202.48803711
0.0344889163971 8 604.382995605 -129.592269897 1541.1114502 600.419555664 264.58026123 1600.53930664 637.904174805 36.755065918 1694.92822266 642.139282227 37.2300109863 1388.79711914 570.126342773 232.55770874 1705.51818848 649.793212891 -171.46496582 1293.50305176 637.727111816 23.5393371582 1539.23303223 585.514343262 -415.153686523 1201.56237793
0.0304679870605 8 607.575866699 -131.041671753 1541.26452637 598.984008789 263.927520752 1601.41320801 635.998535156 35.4970245361 1696.32946777 644.064331055 36.5623321533 1389.06140137 571.897033691 239.451782227 1686.55065918 650.512023926 -168.915527344 1292.61877441 668.247619629 82.7810668945 1534.93505859 586.507995605 -414.761993408 1207.28869629
0.0307559967041 8 608.116455078 -132.338241577 1550.96655273 597.848510742 263.292999268 1602.3145752 630.460266113 24.3756713867 1721.0880127 647.599914551 42.6803283691 1403.28601074 543.02331543 205.444213867 1660.54199219 653.691955566 -151.589172363 1289.95397949 654.276428223 50.3269042969 1543.08764648 590.515380859 -398.247619629 1204.27661133
0.0351588726044 8 606.33972168 -128.111541748 1550.44775391 597.007507324 263.111633301 1603.44091797 638.241638184 23.0156555176 1719.29919434 643.792907715 42.2695922852 1402.34094238 549.484619141 195.213195801 1667.97888184 649.355773926 -140.514785767 1284.03051758 671.049804688 46.6512908936 1525.83056641 588.352661133 -385.898071289 1205.30322266
0.0290801525116 8 606.460449219 -124.118331909 1554.22412109 595.948547363 262.716308594 1604.80102539 641.5859375 30.6650848389 1717.27026367 639.582763672 38.5397415161 1398.5925293 557.052368164 212.526489258 1666.97680664 646.547485352 -129.425628662 1290.29162598 671.573547363 38.849822998 1530.24462891 583.932128906 -402.999176025 1204.43737793
0.0320279598236 8 606.766052246 -128.361587524 1551.60839844 595.394348145 262.086853027 1606.16796875 641.163513184 29.6022338867 1715.61828613 639.479187012 39.0686035156 1396.9083252 559.417907715 219.491165161 1665.58288574 646.565002441 -138.80418396 1292.0769043 665.50201416 46.106918335 1547.66027832 586.426208496 -404.754394531 1205.796875
0.0358600616455 8 607.924621582 -131.441314697 1552.12475586 594.313476562 260.098724365 1609.16552734 642.915710449 26.2214660645 1716.16455078 641.391784668 38.2209396362 1400.18457031 557.95690918 233.468261719 1688.42578125 646.310913086 -141.265777588 1293.8918457 650.645874023 16.2227935791 1542.66479492 584.336669922 -339.138641357 1226.82653809
0.0320949554443 8 612.500915527 -135.177276611 1552.94165039 593.912414551 259.114379883 1610.5111084 655.732849121 18.4654083252 1719.44616699 647.927062988 36.7439727783 1403.31848145 552.521911621 230.74671936 1678.54528809 652.242919922 -145.544326782 1295.98156738 660.771179199 51.7995147705 1559.1385498 596.908996582 -402.283630371 1205.82836914
0.0320570468903 8 597.242248535 -110.053237915 1515.90478516 593.850769043 258.334869385 1610.88122559 623.20703125 79.1419830322 1598.76147461 636.141601562 45.8916473389 1383.60839844 595.099975586 157.29296875 1727.84484863 645.961669922 -154.820770264 1295.17053223 662.581115723 42.1798477173 1528.06335449 593.424377441 -410.557067871 1201.96130371
0.0358319282532 8 595.546630859 -110.177536011 1514.85095215 593.134521484 257.556884766 1611.73339844 618.202209473 83.4415512085 1601.44433594 632.912536621 45.054397583 1373.4050293 590.416870117 151.358520508 1726.62084961 648.821655273 -159.561538696 1299.90527344 674.56842041 63.2068405151 1546.84802246 595.005432129 -419.750793457 1204.39782715
