0.0314290523529 8 686.228881836 -34.3918304443 1586.46325684 705.506835938 247.301589966 1613.29833984 669.172546387 140.463302612 1674.55078125 787.715515137 0.759017944336 1421.87426758 603.213989258 -78.4405517578 1673.05700684 841.88861084 59.0373458862 1530.49584961 534.974243164 -274.179626465 1531.32312012 797.604248047 -232.09979248 1381.13500977
0.0326678752899 8 686.06036377 -16.2921466827 1615.76940918 704.965698242 247.856918335 1614.78417969 658.973022461 138.35848999 1719.2076416 797.59765625 72.3775558472 1493.10290527 598.573486328 -68.986831665 1680.97888184 847.394958496 49.9770889282 1536.6817627 529.55645752 -265.813964844 1537.58984375 803.177185059 -236.151031494 1391.59094238
0.0363211631775 8 705.845458984 -22.667181015 1608.23217773 703.672912598 249.395324707 1616.81982422 728.237915039 107.166275024 1745.76257324 724.749511719 110.2605896 1473.15612793 665.589355469 -98.0294494629 1701.35192871 756.106445312 -48.2775115967 1392.63293457 599.924804688 -297.491790771 1574.84667969 716.679870605 -290.148193359 1339.59118652
0.0312788486481 8 686.328857422 -9.08235740662 1602.57080078 702.883300781 250.882385254 1618.46630859 703.495117188 122.134407043 1747.18481445 720.970336914 121.185195923 1460.24731445 642.411010742 -84.2797317505 1711.24572754 778.835449219 -66.1371307373 1389.87695312 575.656066895 -282.649993896 1585.41625977 739.379272461 -313.857543945 1333.90686035
0.0323929786682 8 682.077819824 -4.55767250061 1599.15637207 703.007324219 251.227355957 1618.76513672 712.389953613 123.835617065 1746.77062988 703.73626709 130.038360596 1455.60021973 647.011108398 -86.6755218506 1721.86560059 770.887268066 -67.9762878418 1383.93457031 581.692077637 -283.055206299 1598.53552246 732.610107422 -320.876678467 1328.30700684
0.0356221199036 8 679.809936523 5.86973762512 1597.77441406 702.786376953 252.095657349 1619.41491699 711.267883301 131.5234375 1746.34460449 703.730529785 133.913864136 1449.84216309 644.310119629 -81.2743835449 1729.85583496 771.740783691 -74.188583374 1380.98974609 582.283996582 -275.483428955 1626.07568359 736.032775879 -325.679077148 1327.77990723
0.0321319103241 8 679.342163086 6.09077358246 1596.72509766 702.64263916 252.414764404 1619.94030762 713.139465332 131.315261841 1743.78564453 710.184020996 135.759277344 1452.90234375 643.126098633 -84.4192657471 1728.7298584 771.725524902 -72.8301696777 1378.19934082 583.235107422 -281.720825195 1644.17895508 739.245117188 -322.823577881 1328.71923828
0.0322141647339 8 680.168334961 4.48012828827 1595.90063477 702.017578125 252.554351807 1620.51306152 711.301086426 130.752075195 1740.02868652 721.489074707 131.928909302 1455.41564941 637.31048584 -87.8290100098 1727.79663086 774.661621094 -76.411315918 1372.60327148 579.934448242 -283.006103516 1654.38098145 744.125183105 -320.496276855 1327.47705078
0.0362370014191 8 682.282226562 0.888983726501 1595.65246582 702.223876953 252.739990234 1620.92541504 702.626525879 133.746429443 1734.88659668 738.940856934 118.148643494 1452.5057373 627.016052246 -87.1000213623 1725.18261719 786.347167969 -78.2164230347 1375.30273438 571.289245605 -281.213378906 1661.46911621 754.043395996 -325.454223633 1328.4564209
0.0319468975067 8 679.90246582 2.5006377697 1596.02661133 702.10760498 253.322906494 1621.49450684 701.182922363 135.469314575 1734.99108887 734.302062988 119.764648438 1452.03210449 625.430908203 -86.5267333984 1726.86755371 786.017578125 -83.8193054199 1370.94689941 565.20904541 -266.646820068 1652.9934082 755.255859375 -326.817260742 1326.56530762
0.0320599079132 8 671.520263672 2.08952951431 1588.09545898 702.204040527 253.85774231 1621.5703125 702.905822754 138.432632446 1738.78759766 703.208190918 113.445335388 1418.15917969 634.490478516 -75.8639984131 1733.43603516 775.456359863 -93.877571106 1368.99694824 578.505981445 -247.22744751 1660.74780273 746.186950684 -334.194915771 1325.78527832
0.0358550548553 8 672.012695312 -2.44369792938 1583.79223633 702.419433594 253.742706299 1621.45031738 706.155273438 133.980453491 1719.7746582 706.517822266 100.997375488 1421.37988281 634.931762695 -68.5403137207 1732.60522461 774.248535156 -101.842910767 1367.28930664 579.496826172 -235.326385498 1663.0513916 745.233947754 -345.866577148 1324.43432617
0.0318570137024 8 676.799926758 4.86962413788 1592.90319824 702.027526855 254.023666382 1621.85876465 704.61151123 142.517486572 1725.44885254 731.199890137 122.342590332 1449.62219238 630.984802246 -68.5303192139 1735.25427246 780.159729004 -100.523513794 1368.80114746 597.140563965 -201.056564331 1593.65454102 749.606445312 -345.829528809 1324.4576416
0.0320479869843 8 674.309326172 19.4470214844 1606.67138672 701.181640625 254.449935913 1621.69824219 747.196289062 160.223419189 1742.95385742 669.875488281 190.144592285 1486.06469727 671.733459473 -52.8040008545 1749.25622559 736.02142334 -91.8511657715 1365.23681641 636.153747559 -186.843780518 1607.99328613 709.944274902 -362.061920166 1311.87341309
0.035973072052 8 663.111022949 30.2304401398 1595.84619141 700.715393066 255.569671631 1621.94726562 751.426818848 151.858016968 1742.63671875 666.988708496 205.83241272 1480.56762695 674.932739258 -61.3191986084 1747.46496582 736.484436035 -58.7348480225 1388.32006836 635.653076172 -198.747192383 1605.74975586 708.287658691 -349.918212891 1315.54016113
0.0320448875427 8 658.342407227 45.3957977295 1589.55810547 701.35369873 255.715866089 1622.14990234 759.805114746 147.509658813 1749.0814209 660.182556152 230.883651733 1481.11315918 685.633666992 -58.0503540039 1749.6763916 732.286254883 -26.7313995361 1410.44335938 645.713806152 -197.197753906 1611.3013916 694.718383789 -361.243713379 1309.21813965
0.0321500301361 8 670.647705078 46.5004272461 1581.95324707 702.489990234 256.214996338 1621.89990234 786.960144043 134.833847046 1729.76025391 623.967346191 239.867172241 1521.8840332 712.519470215 -70.384552002 1730.39770508 708.303710938 2.67854309082 1445.28857422 671.663574219 -211.979934692 1597.03820801 670.537475586 -331.660888672 1334.45593262
0.0354831218719 8 670.464294434 13.4526224136 1566.80822754 703.077209473 256.558654785 1621.91760254 740.891540527 82.4491577148 1726.37902832 693.87677002 179.504745483 1482.77404785 666.881530762 -122.949325562 1727.14526367 757.03717041 59.3535308838 1451.49133301 624.296142578 -266.701477051 1598.50244141 717.885192871 -279.590637207 1340.61022949
0.0320498943329 8 665.027404785 23.2940750122 1564.31469727 703.023071289 256.079986572 1621.71936035 737.324279785 89.7326202393 1732.43200684 686.788146973 197.956512451 1481.10632324 664.166259766 -116.017776489 1734.29187012 763.442443848 48.8570098877 1449.10803223 620.437316895 -268.578674316 1626.04248047 721.09362793 -283.47857666 1337.55786133
0.0318729877472 8 662.474609375 31.2343597412 1564.76660156 702.364562988 256.24786377 1621.49304199 733.86932373 97.823059082 1740.96740723 687.209289551 214.98059082 1486.0057373 661.061218262 -104.71182251 1738.0435791 766.853027344 32.4457550049 1441.32287598 620.012512207 -265.348419189 1647.91235352 722.663818359 -288.265319824 1331.79077148
0.0366711616516 8 680.831176758 -14.2537021637 1561.5098877 701.338500977 255.900970459 1621.4005127 753.976501465 117.541687012 1709.91088867 660.694641113 169.160812378 1458.08569336 689.022583008 -88.5314178467 1719.09680176 725.457519531 -28.4324951172 1416.92883301 653.497619629 -255.348052979 1654.90454102 690.71105957 -299.328094482 1340.45092773
0.0323247909546 8 668.304748535 -14.2464313507 1552.84301758 699.963134766 256.110412598 1621.92199707 738.388244629 122.285148621 1724.95019531 638.066223145 182.058380127 1435.6965332 693.826171875 -76.2635726929 1727.99926758 717.480712891 -52.3761444092 1401.93457031 656.265563965 -250.17199707 1672.47631836 688.133605957 -315.35736084 1338.2557373
0.0316891670227 8 666.592102051 -15.1068897247 1546.35058594 699.41027832 255.681518555 1621.92871094 735.090026855 119.035476685 1728.74304199 636.835021973 190.573867798 1433.37780762 689.406738281 -78.592376709 1732.7052002 720.384277344 -52.7950439453 1394.50061035 650.885131836 -258.338867188 1688.0736084 696.944152832 -286.008789062 1343.11865234
0.035719871521 8 668.74621582 -12.9555912018 1551.21936035 698.828552246 255.437805176 1622.14343262 739.254211426 118.607543945 1730.36816406 641.241149902 191.577285767 1442.66503906 687.08782959 -78.8168792725 1726.5177002 715.811950684 -51.1230163574 1394.52209473 654.082641602 -261.82611084 1698.65515137 688.432189941 -306.312927246 1331.9921875
0.0317809581757 8 668.472229004 -9.45710754395 1552.52368164 697.893188477 255.320739746 1622.01147461 742.28338623 123.222885132 1733.80859375 636.476867676 195.339675903 1438.72290039 690.154541016 -74.5057067871 1730.28625488 712.081115723 -49.3420257568 1394.1418457 654.561218262 -259.129760742 1706.52355957 693.229614258 -290.928039551 1342.27880859
0.0319361686707 8 670.414855957 -5.85594749451 1538.84057617 696.717102051 255.22052002 1621.88476562 742.250610352 113.546798706 1734.43310547 637.617919922 209.841674805 1438.47900391 686.397399902 -83.8691253662 1721.99633789 712.425415039 -35.2234649658 1397.27697754 649.977111816 -269.405639648 1712.2668457 681.596801758 -311.58416748 1313.24206543
0.0360560417175 8 669.674743652 -2.84691357613 1542.26660156 695.236022949 255.120483398 1621.80712891 745.231323242 112.308532715 1741.55200195 636.368286133 211.440963745 1434.30688477 685.999450684 -82.6223144531 1721.10949707 712.282165527 -32.0117492676 1398.60827637 647.616149902 -270.05847168 1718.68725586 682.313659668 -308.690368652 1311.76708984
0.0323150157928 8 670.267822266 -0.521634757519 1550.40429688 693.694091797 255.638641357 1621.42675781 747.650634766 112.74798584 1751.48449707 635.022583008 210.199829102 1433.7623291 685.795471191 -80.4540252686 1721.57519531 709.914978027 -31.5383453369 1399.60791016 647.145935059 -274.900634766 1732.89660645 693.634521484 -275.131713867 1343.62011719
0.0321178436279 8 669.93347168 1.01923930645 1554.69592285 692.462097168 256.23248291 1621.64855957 745.847839355 114.942253113 1755.62255859 635.163269043 206.729095459 1429.84741211 675.600158691 -53.4065628052 1720.43322754 709.612670898 -35.2924041748 1401.68395996 640.155639648 -269.991088867 1744.94958496 688.832275391 -296.785095215 1338.00292969
0.0359439849854 8 666.936218262 5.92574310303 1560.40478516 690.961608887 256.924346924 1621.71081543 744.449157715 120.091209412 1758.32055664 637.776672363 206.000213623 1428.75244141 672.694946289 -44.2146224976 1722.6595459 713.283996582 -37.6889801025 1403.61193848 628.475952148 -261.874969482 1754.38085938 691.554077148 -290.200012207 1339.60656738
0.0318930149078 8 667.111755371 9.05303382874 1571.78955078 689.587768555 258.129821777 1621.45446777 738.741821289 136.64201355 1759.26977539 639.415649414 196.591064453 1428.18994141 682.846374512 -45.6192932129 1732.06750488 715.291503906 -49.8892059326 1400.42932129 626.638977051 -241.524078369 1752.39465332 693.261291504 -298.889770508 1337.07910156
0.0361499786377 8 661.034118652 4.54868507385 1568.50524902 688.903686523 258.536743164 1620.97607422 733.235046387 138.973007202 1751.97265625 642.170227051 195.470123291 1426.60351562 670.766113281 -24.1712646484 1736.26159668 719.940917969 -53.9096221924 1397.25561523 622.597961426 -246.008087158 1757.33752441 679.05657959 -324.457336426 1297.08618164
0.0365459918976 8 659.790283203 7.90857315063 1568.36669922 689.214050293 257.626800537 1620.20922852 732.655456543 139.514251709 1751.78173828 631.946838379 203.11050415 1436.4909668 677.036071777 -32.6879882812 1758.60119629 722.461242676 -48.4025421143 1400.56811523 626.56842041 -266.323547363 1792.35668945 677.792663574 -312.898681641 1286.61413574
0.0312449932098 8 659.314331055 6.28127813339 1574.24755859 689.621582031 255.960037231 1619.15856934 736.74810791 141.619216919 1752.49328613 626.274719238 202.049453735 1445.14733887 669.560119629 -40.0190124512 1783.49145508 724.426696777 -38.7369689941 1418.15234375 626.352905273 -273.932098389 1785.22839355 693.930175781 -294.0546875 1337.86853027
0.0354151725769 8 655.825256348 -9.9355840683 1579.80993652 689.559997559 254.892242432 1618.47290039 739.288391113 140.531158447 1755.17150879 618.499084473 195.771438599 1450.77844238 668.965087891 -48.8251647949 1792.22814941 721.415100098 -39.428817749 1429.04748535 528.760620117 -328.953826904 1719.21838379 668.405395508 -390.619018555 1306.51855469
0.0310389995575 8 654.286071777 -18.870262146 1581.52331543 689.661437988 253.554321289 1617.65185547 731.876098633 124.520706177 1755.64123535 629.74230957 185.812896729 1461.52160645 635.785522461 -96.3560333252 1754.79052734 723.879882812 -36.7077026367 1436.82739258 424.334381104 -379.844665527 1563.0144043 673.159118652 -383.698699951 1308.0065918
0.0310668945312 8 653.329345703 -27.6574344635 1584.78430176 691.850341797 247.906982422 1611.40332031 722.318664551 106.777404785 1770.26574707 634.419006348 177.649002075 1463.42932129 613.794372559 -123.915283203 1733.22399902 727.185668945 -42.5053405762 1436.48010254 385.633605957 -361.048400879 1552.18139648 676.805297852 -388.574462891 1301.34777832
0.0364210605621 8 658.106079102 -31.2286777496 1594.7902832 693.99798584 243.118438721 1605.82788086 718.50982666 99.0315704346 1781.65405273 649.707214355 177.588470459 1485.89135742 606.104003906 -128.759414673 1730.76062012 732.475891113 -41.7449951172 1448.83239746 357.773162842 -336.474822998 1552.95300293 681.934692383 -392.843658447 1295.8470459
0.0306499004364 8 664.649291992 -38.1222686768 1598.20874023 694.260314941 241.608856201 1603.44580078 722.838684082 83.6753463745 1784.65283203 672.489685059 166.148925781 1492.40869141 597.914550781 -143.559112549 1695.84033203 729.020202637 -38.6917572021 1438.65222168 336.493377686 -320.208251953 1545.92675781 680.534362793 -372.070373535 1300.99304199
0.0316560268402 8 662.426086426 -37.9199714661 1605.23193359 693.952819824 240.733932495 1601.70910645 722.207702637 82.5047531128 1792.76965332 667.069030762 166.226745605 1497.76721191 592.405273438 -149.676147461 1688.86523438 729.056274414 -42.5049285889 1430.12390137 313.687927246 -296.783508301 1545.02990723 677.838439941 -393.147888184 1292.48913574
0.0369701385498 8 660.484619141 -36.7020263672 1608.3170166 692.428344727 243.02381897 1604.02587891 722.021240234 83.127822876 1799.10388184 662.956542969 169.028030396 1497.79846191 589.355957031 -150.86630249 1685.77282715 726.375305176 -44.5626678467 1426.5501709 305.014587402 -274.18862915 1545.64770508 676.08807373 -391.290466309 1291.77404785
0.0339579582214 8 654.887451172 -33.9712257385 1614.63354492 691.883117676 243.661773682 1602.76208496 718.236877441 76.7167892456 1816.90893555 658.05645752 176.272735596 1500.75878906 586.591064453 -158.640075684 1688.45678711 723.465209961 -38.9062042236 1431.45703125 291.572937012 -262.75592041 1543.48535156 674.229675293 -370.778503418 1296.70703125
0.0328898429871 8 654.503845215 -34.6866455078 1611.15600586 691.987243652 241.720855713 1599.50561523 715.73638916 74.0930175781 1818.97412109 654.571716309 177.129425049 1493.23901367 575.78729248 -159.151260376 1693.60974121 725.248535156 -37.7596435547 1432.49780273 276.691436768 -251.883010864 1539.84484863 677.179321289 -362.209228516 1297.96289062
0.0350341796875 8 655.883789062 -33.3665084839 1609.98937988 692.444458008 239.784729004 1596.45288086 713.853149414 76.7937316895 1814.57873535 655.980224609 174.276931763 1490.67297363 574.653869629 -155.970230103 1694.33654785 727.324645996 -39.0971984863 1432.21582031 272.752502441 -243.708587646 1536.4654541 677.285888672 -368.309844971 1294.15063477
0.0308117866516 8 655.276367188 -31.6169986725 1608.08337402 692.491882324 238.995880127 1594.02124023 713.069519043 78.8996429443 1811.11975098 653.899108887 173.534362793 1486.8873291 575.207763672 -151.303497314 1695.85131836 727.300231934 -32.808013916 1435.73474121 265.777832031 -240.562774658 1536.65441895 676.629394531 -366.228302002 1293.35046387
0.0308561325073 8 651.811889648 -27.8125915527 1602.89794922 691.653320312 238.967926025 1589.13012695 701.634094238 87.1793823242 1798.89782715 652.264221191 169.774841309 1480.09680176 576.214050293 -138.453231812 1703.91638184 735.077453613 -7.20062255859 1449.81286621 271.742797852 -235.558227539 1543.19091797 671.676879883 -379.741577148 1286.04931641
0.0394868850708 8 648.387451172 -24.664899826 1595.96398926 691.148376465 239.454620361 1586.18225098 692.414123535 101.029495239 1772.39709473 648.977233887 161.992965698 1477.53967285 577.097045898 -124.987304688 1711.89013672 733.127197266 -16.2642669678 1450.74755859 274.582366943 -228.314849854 1547.76855469 668.409179688 -386.080200195 1280.34362793
0.0284581184387 8 651.920593262 -66.013671875 1574.55249023 690.569824219 240.565383911 1587.20410156 687.098754883 51.1596984863 1731.71374512 670.610961914 79.3968811035 1439.74499512 577.93359375 -175.052627563 1675.6529541 700.88470459 -72.7057037354 1467.15734863 283.549468994 -278.1640625 1514.23205566 668.427612305 -317.326843262 1322.83679199
0.0321800708771 8 654.791442871 -81.9033508301 1566.85437012 690.965820312 239.216094971 1583.92285156 678.263671875 39.710647583 1726.41955566 680.125732422 58.3863067627 1423.75012207 567.931030273 -186.228118896 1672.73388672 707.23425293 -67.3507995605 1461.33520508 281.758331299 -289.534118652 1511.84033203 680.006713867 -289.084686279 1333.40966797
0.0402779579163 8 657.598693848 -88.2717895508 1565.81750488 690.831665039 238.799377441 1581.8536377 676.996337891 30.4315338135 1729.40869141 687.901855469 50.2986297607 1420.52929688 560.665466309 -192.488479614 1673.43347168 697.93548584 -188.571899414 1393.39562988 280.650512695 -301.791931152 1516.11621094 676.557800293 -305.057830811 1323.05065918
0.0317709445953 8 655.784423828 -99.1568908691 1564.55065918 690.237426758 237.451385498 1580.10327148 678.615783691 19.4631652832 1735.41052246 690.398010254 48.1485290527 1420.02404785 557.406738281 -202.780136108 1674.21032715 690.92956543 -198.735900879 1380.61535645 280.620513916 -309.160461426 1514.62182617 654.527832031 -450.007080078 1285.95080566
0.0307950973511 8 663.313232422 -106.64616394 1580.40539551 689.905395508 236.366958618 1581.09301758 678.902160645 9.99157714844 1762.20678711 714.499450684 53.1028137207 1443.44140625 553.413208008 -216.722320557 1698.33227539 698.089233398 -173.081832886 1384.32434082 270.522979736 -325.963348389 1514.71069336 659.840576172 -429.472045898 1287.59082031
0.033509016037 8 667.570251465 -120.914482117 1582.01013184 689.45135498 235.236999512 1581.89257812 678.447387695 9.5143737793 1752.41027832 712.236083984 43.6281356812 1451.2557373 549.781311035 -213.607406616 1699.96240234 689.50213623 -165.063476562 1380.03942871 276.21206665 -316.576171875 1514.4074707 652.04095459 -438.063476562 1287.04577637
0.031112909317 8 663.927429199 -126.970581055 1580.79150391 688.08380127 233.921905518 1580.43371582 675.109558105 5.80746459961 1755.10632324 712.057556152 41.7652587891 1449.06359863 552.218994141 -215.616470337 1711.93493652 692.554016113 -166.830932617 1380.77807617 270.965881348 -313.042541504 1512.33776855 654.082702637 -427.742614746 1285.27526855
0.0359439849854 8 666.409423828 -130.993118286 1576.80908203 686.367980957 232.539825439 1576.92626953 672.646179199 15.9046783447 1735.33349609 716.490905762 35.3011627197 1448.0234375 550.943725586 -210.536361694 1711.2824707 691.742004395 -161.840637207 1379.28076172 274.861480713 -299.717285156 1518.19885254 652.570129395 -430.113983154 1284.12744141
0.0320460796356 8 665.994934082 -132.423492432 1578.40270996 685.530639648 231.769348145 1576.52844238 672.627624512 18.2964782715 1738.61914062 714.468078613 31.7786636353 1440.13598633 551.429504395 -204.386993408 1716.06188965 691.044433594 -169.678314209 1380.33666992 271.78338623 -283.324829102 1518.86633301 654.780334473 -431.233520508 1283.46533203
0.0320239067078 8 665.566711426 -126.028045654 1564.94995117 684.715148926 231.039901733 1576.6751709 664.978820801 4.47265625 1738.16113281 724.655944824 40.6224060059 1439.37597656 543.141113281 -217.351852417 1703.01623535 698.524475098 -141.222045898 1383.31408691 272.102508545 -288.185882568 1528.86730957 659.416015625 -424.339691162 1287.84521484
0.0322499275208 8 663.76550293 -109.77306366 1540.0703125 684.08404541 230.992553711 1576.39587402 641.796508789 -7.81631469727 1722.38354492 745.625488281 52.0056304932 1434.04052734 519.527404785 -229.934249878 1701.48217773 724.457580566 -127.535186768 1389.74182129 241.962036133 -284.85043335 1518.48583984 679.947143555 -417.213195801 1296.11682129
0.0368220806122 8 658.124816895 -101.592079163 1530.57006836 683.274291992 230.720855713 1575.89868164 628.189697266 0.47785949707 1714.72265625 749.404174805 55.9542007446 1420.68994141 507.599487305 -225.873916626 1702.55444336 741.375854492 -129.518585205 1378.17346191 222.580322266 -268.144226074 1515.17199707 692.271911621 -418.645141602 1299.33605957
0.0349729061127 8 652.029296875 -97.3676071167 1526.74328613 682.572692871 230.59161377 1575.75708008 620.812316895 8.6431427002 1712.89440918 737.325134277 62.5644226074 1408.37438965 504.267211914 -221.032455444 1705.13537598 748.706848145 -132.338546753 1369.91845703 220.717987061 -244.793334961 1520.4786377 690.558654785 -423.674926758 1289.9107666
0.0279440879822 8 649.245300293 -97.0963821411 1533.53747559 682.13092041 230.649078369 1575.51647949 607.6796875 17.5391235352 1704.46520996 757.301879883 46.1167449951 1424.45544434 492.253967285 -212.661743164 1699.50292969 756.753356934 -135.901397705 1380.38757324 203.925415039 -221.788619995 1513.6237793 700.07409668 -425.800689697 1300.25317383
0.0359261035919 8 648.737365723 -104.98348999 1531.62817383 681.856506348 230.287094116 1574.51916504 619.278747559 4.42460632324 1712.81091309 752.77935791 51.8878250122 1430.47668457 502.141540527 -224.681335449 1695.49536133 743.605163574 -118.576698303 1376.55041504 214.417663574 -219.160125732 1525.09265137 692.570861816 -409.727416992 1287.82434082
0.0319209098816 8 655.398620605 -106.884925842 1550.05371094 681.479187012 231.003265381 1574.53320312 635.591186523 12.0089874268 1719.89135742 748.536499023 52.559967041 1453.74487305 516.997558594 -216.246612549 1703.41113281 723.606628418 -121.802993774 1371.94787598 204.373474121 -157.969223022 1514.53308105 652.52130127 -419.418823242 1201.14831543
0.0321478843689 8 654.26348877 -103.663490295 1548.2442627 681.439575195 231.625488281 1574.42810059 641.216125488 4.51638031006 1726.73266602 748.394348145 51.9156417847 1444.97021484 506.933837891 -217.72366333 1704.24157715 723.361755371 -113.822639465 1365.75744629 214.18359375 -171.552505493 1535.45410156 669.880310059 -408.257171631 1269.8302002
0.0359630584717 8 649.524230957 -96.4520645142 1547.7355957 681.598632812 231.840332031 1574.80639648 631.043518066 10.8543319702 1720.01269531 756.85760498 43.0914230347 1445.05834961 490.989196777 -195.640045166 1711.03063965 727.097473145 -124.144233704 1347.49621582 196.191711426 -149.876480103 1535.60070801 656.745117188 -409.347900391 1202.71838379
0.0320000648499 8 648.756286621 -92.3694381714 1557.52050781 681.667724609 231.895172119 1575.72387695 626.633056641 26.1535491943 1717.49328613 761.659057617 28.9452667236 1444.98620605 483.686218262 -174.625152588 1715.53393555 733.170227051 -137.725509644 1355.00683594 192.178344727 -119.339569092 1519.23901367 661.698486328 -417.65838623 1204.29431152
0.0320529937744 8 644.592102051 -87.5519866943 1552.69543457 680.895935059 232.503234863 1576.86450195 616.158325195 26.8173370361 1716.12512207 775.783935547 26.9780426025 1451.35681152 468.447570801 -170.244888306 1708.11950684 744.539367676 -143.901763916 1355.93432617 182.006225586 -114.9661026 1532.2746582 684.393554688 -435.569213867 1248.2677002
0.0395300388336 8 643.370178223 -87.905090332 1550.11364746 680.423583984 232.681259155 1577.20227051 617.242248535 26.1182174683 1715.73596191 775.522521973 28.8190383911 1449.98474121 468.264343262 -171.462524414 1705.77490234 739.926269531 -145.415130615 1352.1307373 184.650024414 -100.352058411 1546.47375488 683.658691406 -426.738433838 1257.72790527
0.02845287323 8 643.780517578 -93.386100769 1545.8605957 680.01159668 233.316131592 1578.47033691 625.650878906 12.9782409668 1723.45141602 771.166015625 39.9984130859 1450.14282227 478.65045166 -192.304199219 1708.45629883 727.675964355 -135.841003418 1343.56408691 200.454986572 -112.823631287 1554.37561035 676.844787598 -405.760162354 1249.91235352
0.0320839881897 8 639.54095459 -95.6835327148 1553.17797852 679.70880127 234.654571533 1580.12463379 639.245483398 15.3893280029 1729.83105469 753.062255859 38.5113677979 1440.71459961 493.846618652 -189.887191772 1718.66394043 711.713500977 -139.863037109 1333.51513672 214.023803711 -93.450378418 1565.10656738 664.575622559 -411.323883057 1247.03173828
0.036071062088 8 636.593017578 -100.949714661 1557.05749512 680.0 235.449676514 1580.99780273 646.605957031 17.9548110962 1731.91027832 746.526489258 37.7227859497 1440.88342285 500.087890625 -188.219818115 1720.92175293 702.023803711 -142.753662109 1331.18774414 221.487030029 -76.6800842285 1569.80725098 657.487854004 -413.155029297 1246.94628906
0.0317990779877 8 634.658935547 -102.374702454 1553.76953125 680.505004883 235.849517822 1581.22290039 642.265319824 15.3434906006 1735.08520508 744.75604248 44.8525695801 1439.78100586 492.962036133 -195.972610474 1718.43078613 710.24029541 -128.216369629 1350.30871582 222.831604004 -78.0742263794 1569.80895996 648.277282715 -417.789306641 1197.40759277
0.0399169921875 8 633.028442383 -112.096336365 1541.69543457 681.412475586 236.409393311 1580.71508789 637.917236328 5.78819274902 1717.94470215 730.555419922 44.960723877 1437.7442627 483.675628662 -194.299102783 1711.4675293 693.567993164 -132.792938232 1341.8416748 242.063476562 -51.3482208252 1567.4753418 651.37097168 -412.389434814 1267.50524902
0.0280148983002 8 635.165771484 -120.225074768 1538.20336914 682.685974121 236.901641846 1580.52856445 642.664306641 -3.46348571777 1712.16174316 725.2265625 41.1494750977 1439.21789551 449.483520508 -176.374282837 1696.50170898 686.39630127 -140.743347168 1339.64746094 197.193161011 85.2324676514 1595.07177734 641.718811035 -421.498779297 1271.48217773
0.0337419509888 8 635.124145508 -124.476203918 1535.60302734 683.839050293 236.69039917 1580.54638672 643.616088867 -8.17485046387 1707.08691406 722.780273438 37.4838562012 1440.26171875 429.28717041 -162.111557007 1689.65649414 683.513000488 -145.652587891 1339.69384766 224.988693237 11.7603149414 1581.37011719 639.453063965 -426.972625732 1268.99023438
0.0343182086945 8 626.99609375 -121.5258255 1538.8203125 684.968566895 237.209777832 1580.73046875 643.708557129 9.95223999023 1691.11413574 693.93170166 32.9698638916 1427.42126465 418.155029297 -100.27507782 1690.25048828 676.377929688 -191.322860718 1336.09899902 247.826904297 43.3743057251 1586.01062012 627.984985352 -477.047607422 1252.44750977
0.0319819450378 8 635.88861084 -130.09262085 1553.36621094 685.556640625 237.735427856 1580.72021484 640.576721191 22.8230209351 1678.16711426 686.873718262 1.01837158203 1414.83532715 405.850463867 -69.0579376221 1682.22290039 670.596313477 -215.661499023 1335.60351562 271.788909912 65.7279815674 1598.68981934 620.007385254 -504.738342285 1251.38293457
0.0320489406586 8 633.944091797 -131.488739014 1552.32250977 686.282775879 237.534362793 1579.69189453 622.766601562 25.7445755005 1671.38098145 684.020751953 -9.4679107666 1405.26672363 396.629577637 -50.3982467651 1681.02587891 672.041381836 -225.352279663 1333.18579102 257.963195801 103.598930359 1603.94873047 619.581298828 -519.228942871 1250.07312012
0.0359609127045 8 633.411010742 -131.232299805 1554.26501465 687.629272461 237.972732544 1578.34729004 610.450866699 29.3648223877 1667.65869141 682.460754395 -14.3471832275 1402.24951172 388.917938232 -39.0114440918 1680.8671875 676.362121582 -229.49571228 1335.08496094 261.692199707 121.633056641 1607.13000488 628.411071777 -520.783447266 1257.7331543
0.0319781303406 8 633.228088379 -130.168563843 1554.9465332 689.143798828 238.751281738 1576.86633301 603.175415039 35.117767334 1663.1472168 678.843139648 -15.5108642578 1397.7746582 381.302124023 -32.421913147 1678.5892334 681.522827148 -232.855804443 1338.18383789 272.424682617 99.4598312378 1612.25549316 609.827819824 -537.54296875 1283.02307129
0.0321950912476 8 634.756652832 -129.563766479 1557.35473633 690.320556641 239.115066528 1576.10449219 596.962585449 38.5229110718 1659.16723633 681.498596191 -17.9955596924 1397.93383789 373.157714844 -22.6513252258 1677.73266602 685.050842285 -232.833877563 1340.66699219 265.578125 126.008895874 1609.79492188 611.612731934 -538.895568848 1288.7746582
0.0412399768829 8 634.200744629 -127.8097229 1556.30664062 691.986694336 239.895599365 1576.02062988 596.583374023 42.7326202393 1657.08032227 676.338012695 -16.6270599365 1393.46313477 372.052185059 -13.9540939331 1679.42944336 686.590515137 -230.963943481 1343.23779297 266.888122559 125.005226135 1610.53479004 613.429931641 -540.660949707 1286.76745605
0.0322508811951 8 632.981262207 -123.238540649 1554.7434082 693.684326172 240.621780396 1575.55395508 597.029968262 51.6305618286 1653.01257324 670.480529785 -11.7803955078 1388.31188965 376.249755859 1.62800216675 1684.12841797 686.918518066 -227.889541626 1346.72192383 268.981933594 140.691055298 1614.42126465 613.531982422 -538.097290039 1292.60168457
0.0311970710754 8 630.949035645 -118.749641418 1554.57043457 695.60736084 240.634063721 1574.96948242 598.73651123 55.2085418701 1653.07617188 664.459411621 -9.41168212891 1387.46337891 363.151733398 24.5233001709 1674.26257324 684.216552734 -224.995941162 1347.43823242 262.905273438 160.315322876 1619.51025391 628.986022949 -529.980163574 1267.82055664
0.0353970527649 8 631.355102539 -118.692871094 1554.38049316 696.854858398 241.012161255 1574.15283203 598.14666748 57.6349945068 1651.92138672 662.960144043 -5.69996643066 1387.22094727 366.194396973 17.0605163574 1677.22521973 684.075378418 -220.606994629 1348.59094238 280.484863281 145.036682129 1623.32653809 633.337524414 -523.64465332 1267.26269531
0.0311698913574 8 630.946289062 -117.404502869 1553.57507324 697.481140137 241.813415527 1573.49194336 596.300048828 59.7837142944 1651.81665039 661.714599609 -3.61975097656 1385.18920898 365.840698242 24.5590057373 1678.98242188 684.008300781 -221.281494141 1349.12304688 284.094848633 153.400436401 1629.46862793 642.003723145 -515.865722656 1266.04699707
0.0315480232239 8 629.929626465 -115.570625305 1554.71032715 698.661376953 242.745574951 1572.86096191 594.431762695 61.6468276978 1651.9083252 660.177612305 -1.84901428223 1386.58508301 362.685180664 30.5515594482 1679.65185547 683.661437988 -219.909683228 1349.28967285 288.295166016 158.640594482 1630.19921875 649.291748047 -432.092071533 1278.16589355
0.0367460250854 8 633.613952637 -113.169891357 1558.74291992 700.404846191 244.079193115 1572.39929199 599.324584961 60.4779434204 1655.1307373 669.57824707 1.55497741699 1396.9876709 369.310516357 38.3923797607 1685.89941406 676.195800781 -214.68347168 1346.33544922 290.09387207 168.843231201 1634.78588867 643.092590332 -443.376037598 1276.59387207
0.0302000045776 8 636.219604492 -111.546333313 1561.35717773 701.59387207 245.336151123 1571.7578125 603.495788574 59.5188140869 1657.46350098 675.927307129 1.66491699219 1402.6842041 380.836639404 50.3025741577 1691.89733887 671.766296387 -207.233947754 1346.0135498 297.994537354 169.522476196 1639.91833496 639.076721191 -438.382751465 1275.68286133
0.0313529968262 8 643.4921875 -115.63130188 1563.85205078 704.910949707 247.667572021 1569.39074707 612.733886719 52.7560653687 1662.76501465 694.907592773 -5.88623046875 1407.65783691 394.261962891 41.5646286011 1699.71936035 662.276123047 -194.374389648 1343.43005371 303.885620117 155.929107666 1642.73547363 630.036682129 -424.60925293 1273.30773926
0.0356090068817 8 644.744750977 -121.00969696 1566.30725098 704.972229004 247.378387451 1569.4753418 619.604125977 50.9734649658 1668.30615234 701.292724609 -7.71234130859 1409.52685547 401.74822998 38.386100769 1706.40930176 653.93963623 -192.518417358 1340.43005371 310.033538818 176.999359131 1647.63293457 623.881469727 -418.046875 1270.84313965
0.0317029953003 8 645.241333008 -123.767288208 1564.1328125 705.473937988 247.634765625 1568.69445801 630.412475586 52.2370910645 1675.20349121 701.570922852 7.20016479492 1411.78918457 405.581787109 26.0783653259 1710.00305176 651.288574219 -176.374145508 1338.9432373 305.369689941 184.019760132 1648.71948242 620.95123291 -424.922729492 1271.72827148
0.0313680171967 8 645.282470703 -127.412322998 1565.55029297 705.903747559 248.392440796 1567.42504883 622.364562988 54.5298995972 1670.56774902 700.168395996 7.52861022949 1412.4642334 398.406494141 34.7770347595 1709.00854492 659.213623047 -181.360244751 1341.73168945 300.064758301 186.645874023 1645.41662598 627.866027832 -416.382751465 1274.79882812
0.0364289283752 8 642.840270996 -121.430595398 1563.82653809 706.540100098 249.317199707 1566.70983887 620.040100098 61.768989563 1671.87976074 693.33782959 22.2358093262 1413.60217285 396.29083252 51.2348899841 1715.51879883 661.75982666 -187.336044312 1341.2322998 304.726806641 207.884887695 1646.2467041 631.06652832 -398.661621094 1277.41796875
0.0314390659332 8 641.23449707 -115.9504776 1556.22937012 707.401550293 250.66784668 1565.8359375 618.217102051 64.6164779663 1671.20605469 687.774108887 29.9435272217 1404.89257812 396.534973145 69.4592132568 1718.39904785 664.293762207 -189.725631714 1341.24169922 296.159912109 235.118835449 1649.01989746 627.940856934 -466.47833252 1267.44226074
0.0321869850159 8 638.645812988 -111.896514893 1555.9354248 707.770812988 251.803619385 1565.01428223 617.280273438 70.6824188232 1673.74914551 682.606079102 37.3739776611 1402.77722168 393.032104492 78.4488525391 1717.34326172 669.770874023 -176.115356445 1339.41259766 315.32119751 219.51121521 1647.78820801 633.114746094 -434.437866211 1277.32519531
0.0358350276947 8 635.993530273 -109.34046936 1554.43591309 707.659667969 252.539260864 1564.21740723 614.454345703 75.1876907349 1674.00634766 676.868286133 41.0332870483 1397.81982422 386.731781006 92.9282073975 1710.04101562 671.389526367 -179.122833252 1340.46508789 315.92779541 225.008758545 1649.34533691 631.750610352 -469.967315674 1270.91821289
0.0322058200836 8 636.64453125 -107.918922424 1555.97424316 707.548706055 253.337982178 1564.04675293 617.697143555 75.2968444824 1679.99926758 677.359741211 45.7809295654 1400.96508789 387.754455566 91.0311813354 1703.29309082 671.221496582 -170.015762329 1343.57507324 309.649719238 226.21987915 1648.84790039 629.542663574 -467.680053711 1273.01843262
0.031907081604 8 637.422668457 -109.76751709 1556.06213379 707.962463379 253.804901123 1563.79467773 618.172485352 72.6958694458 1678.86181641 678.060546875 41.519859314 1400.48608398 397.595916748 108.953659058 1701.69226074 670.897766113 -170.676116943 1343.51806641 316.926177979 224.484970093 1649.62182617 628.578491211 -474.606903076 1271.68725586
0.0361559391022 8 637.191345215 -110.512611389 1556.59924316 708.414428711 254.274658203 1563.7578125 617.468566895 70.7392425537 1678.52075195 678.581115723 39.6024169922 1402.13745117 399.222229004 117.242736816 1702.3807373 670.434936523 -167.872817993 1342.93127441 312.630615234 234.015838623 1648.88452148 629.58416748 -470.317871094 1272.74597168
0.0332891941071 8 637.717041016 -111.077209473 1556.50476074 709.054382324 254.778045654 1563.38598633 617.94519043 67.9370422363 1678.0814209 681.203979492 38.2144470215 1404.71960449 392.712402344 125.745300293 1700.04821777 669.644470215 -162.34487915 1343.1151123 320.534667969 234.02734375 1649.35314941 625.600036621 -470.688690186 1272.64074707
0.0307159423828 8 635.559143066 -103.520004272 1552.0324707 709.419799805 255.759689331 1562.54736328 621.30078125 67.0035552979 1677.49743652 677.563598633 41.3471221924 1402.79406738 394.750762939 128.27444458 1702.11535645 666.224182129 -154.286819458 1342.12695312 321.556762695 247.153961182 1647.05883789 625.258117676 -461.53125 1271.96899414
0.0359029769897 8 634.807922363 -101.288795471 1550.28173828 709.211425781 255.64944458 1560.74633789 626.00213623 70.0814056396 1673.5 676.119567871 43.2773132324 1401.88378906 400.124450684 127.924346924 1702.5345459 664.108215332 -154.922927856 1342.30212402 309.545532227 266.971557617 1647.76501465 633.657287598 -398.170715332 1286.78662109
0.0320179462433 8 631.50793457 -100.278961182 1549.76062012 709.553710938 256.217529297 1558.61877441 620.320739746 76.4423599243 1671.27502441 666.079406738 48.0436935425 1398.34558105 398.299316406 137.228912354 1703.30627441 671.112121582 -157.969085693 1346.22973633 317.202758789 259.517272949 1642.4934082 640.845825195 -389.161437988 1291.20666504
0.0319149494171 8 634.20324707 -101.745071411 1550.84716797 710.431152344 256.095733643 1556.86022949 622.38848877 73.7597503662 1671.93029785 674.42767334 45.4687652588 1401.47277832 403.046264648 133.470336914 1704.21313477 668.303894043 -151.23538208 1346.20251465 314.784637451 273.700317383 1643.35021973 639.948852539 -375.94152832 1292.84008789
0.0377681255341 8 635.431091309 -101.449890137 1551.36193848 710.795043945 256.25112915 1555.04614258 624.568237305 72.4942321777 1672.00671387 678.961547852 43.2246704102 1402.68762207 407.593658447 132.758483887 1705.77294922 665.856689453 -150.737609863 1345.74108887 317.576171875 277.143859863 1647.07080078 639.992736816 -351.049072266 1295.89550781
0.0303039550781 8 637.817871094 -108.890060425 1553.15124512 710.835571289 255.87828064 1553.67700195 624.428405762 63.7483978271 1671.97180176 686.418884277 30.748916626 1404.01867676 407.786499023 125.55329895 1704.98388672 664.947387695 -142.206588745 1346.10180664 317.910827637 270.608581543 1645.47338867 638.656677246 -362.23147583 1293.40930176
0.0357599258423 8 637.692443848 -111.331886292 1552.46411133 710.911254883 255.678588867 1552.82202148 623.583190918 63.0172576904 1668.78295898 686.803283691 27.9098815918 1403.04321289 406.432037354 120.604064941 1704.36352539 662.771606445 -143.61289978 1345.74169922 313.960998535 270.629425049 1641.52099609 634.108581543 -417.371948242 1282.7409668
0.0319740772247 8 637.150817871 -105.804725647 1552.56018066 710.924133301 256.296508789 1551.57617188 624.214416504 69.5891113281 1667.25805664 683.395812988 34.8817596436 1403.71582031 406.90625 124.084091187 1703.67077637 663.800842285 -142.873931885 1345.93493652 317.717285156 272.575897217 1642.67675781 635.237915039 -408.543518066 1286.09216309
0.0320749282837 8 634.654724121 -103.65019989 1552.24536133 710.375915527 257.023925781 1550.42602539 622.668884277 70.6678009033 1665.04467773 676.149108887 36.1539916992 1403.96484375 405.150939941 123.920623779 1701.60107422 666.813842773 -138.705535889 1347.04174805 313.467498779 275.405670166 1642.65625 636.444885254 -410.280181885 1286.36657715
0.0361790657043 8 632.458190918 -100.973861694 1551.62524414 709.713928223 257.921661377 1549.6574707 621.030578613 74.09375 1664.27990723 669.811584473 38.5500488281 1401.26525879 403.324890137 127.814704895 1699.74597168 669.223266602 -146.864730835 1348.55505371 312.251800537 285.626159668 1640.4732666 638.044921875 -417.562805176 1287.1439209
0.0318970680237 8 633.206665039 -99.5624923706 1553.07336426 709.515808105 258.294342041 1549.15527344 621.974853516 76.0464172363 1665.34118652 672.244140625 38.5531463623 1401.51867676 405.3487854 129.013671875 1700.04467773 669.071166992 -152.004898071 1350.09106445 314.355407715 285.954162598 1640.02746582 637.4765625 -422.002929688 1285.93688965
0.0319600105286 8 633.383972168 -98.7690429688 1553.45251465 709.095703125 258.97668457 1548.25878906 622.860229492 75.7438735962 1665.78552246 673.553100586 38.6714401245 1402.85119629 407.200561523 128.618499756 1701.69238281 668.57598877 -147.860412598 1350.7791748 312.44519043 289.845153809 1641.18151855 637.555419922 -421.736999512 1287.08093262
0.0365350246429 8 633.519348145 -96.9524841309 1553.37744141 708.474731445 259.187561035 1547.33618164 622.86706543 78.7433776855 1664.82141113 674.503295898 41.0325012207 1402.76965332 409.585510254 133.140106201 1701.93359375 668.762145996 -146.441589355 1350.91320801 318.209716797 287.567138672 1641.34436035 636.571350098 -421.883148193 1285.38598633
0.0314159393311 8 632.595275879 -97.0044403076 1553.22717285 707.825012207 259.306335449 1547.046875 621.337036133 80.6945800781 1663.73632812 672.375732422 41.236328125 1400.83642578 410.349060059 134.900878906 1702.42504883 669.655517578 -146.907699585 1351.7467041 321.896453857 287.033325195 1640.265625 638.637023926 -422.711791992 1287.53100586
0.0322029590607 8 632.307495117 -95.3428344727 1552.69238281 707.143798828 259.445007324 1546.77026367 621.190429688 83.7274246216 1664.61230469 671.291381836 44.8893661499 1399.29418945 411.101928711 134.694152832 1703.83154297 670.513122559 -146.128631592 1353.05541992 313.566711426 292.329833984 1641.49035645 638.71887207 -421.775909424 1286.58105469
0.0360701084137 8 632.387573242 -93.7134933472 1552.61572266 707.104492188 259.749328613 1546.95849609 622.295959473 85.3429412842 1666.09729004 671.096618652 46.8917236328 1398.43127441 416.985412598 135.340393066 1708.29797363 671.009094238 -146.194641113 1354.32739258 320.635070801 279.59677124 1643.34936523 639.635314941 -421.515319824 1287.51989746
0.0319559574127 8 632.876098633 -92.5464782715 1552.37426758 707.486938477 259.858947754 1546.71240234 622.897644043 83.0753631592 1667.63195801 673.723327637 46.2421112061 1399.74353027 417.074401855 135.204055786 1707.82800293 670.805969238 -145.89855957 1354.92834473 315.411773682 291.187011719 1643.72680664 639.221435547 -421.031829834 1286.8963623
0.0342419147491 8 633.198303223 -91.7290802002 1552.37792969 707.435852051 259.721618652 1546.4654541 623.393737793 82.4235076904 1668.50219727 674.698547363 46.8669281006 1400.78979492 417.315246582 135.419830322 1708.31115723 670.708618164 -145.34614563 1355.64941406 312.241607666 297.840545654 1644.78894043 639.699829102 -420.44317627 1287.58044434
0.037013053894 8 632.879760742 -90.0145111084 1550.33178711 707.105102539 259.94720459 1545.77160645 623.469177246 82.6576538086 1668.68896484 673.69342041 50.1412658691 1399.98803711 419.998260498 135.483856201 1711.34179688 672.557861328 -143.543395996 1357.38354492 309.879333496 299.970672607 1644.44543457 640.348022461 -417.997497559 1286.3807373
0.0285449028015 8 633.293884277 -88.800163269 1549.16296387 706.807312012 260.447967529 1546.04443359 625.526245117 82.2834091187 1670.90942383 673.83190918 52.801902771 1399.30444336 421.088012695 136.28578186 1711.70715332 675.106994629 -141.808319092 1359.2755127 308.396362305 298.939880371 1643.89233398 641.766418457 -416.898406982 1286.9119873
0.0322329998016 8 634.847473145 -78.5159759521 1546.4765625 706.985107422 260.86706543 1546.06103516 626.129760742 91.7319641113 1671.80725098 683.044433594 74.1478271484 1408.13317871 420.371704102 146.816864014 1713.31311035 675.988342285 -135.01763916 1360.01940918 308.016357422 312.55480957 1646.02868652 643.864074707 -408.211914062 1289.95654297
0.0358281135559 8 637.793029785 -79.0291366577 1545.53466797 707.345275879 261.169555664 1545.95898438 628.943481445 88.0830230713 1671.5970459 692.150878906 70.0770263672 1408.75378418 422.352478027 143.660751343 1714.09838867 672.530944824 -136.907775879 1358.50219727 312.171783447 303.905212402 1647.82250977 640.290710449 -416.4168396 1286.61132812
0.0318739414215 8 635.911743164 -81.8762207031 1542.62512207 706.901977539 260.531188965 1546.49145508 628.925109863 83.9076690674 1668.98999023 688.03338623 67.5841217041 1406.80883789 422.261108398 140.669708252 1715.08105469 675.14251709 -135.803741455 1359.45532227 315.121154785 288.21496582 1646.2911377 642.775146484 -412.951599121 1287.28137207
0.0351679325104 8 636.385620117 -88.7607192993 1541.67175293 705.726745605 260.780517578 1546.33447266 626.268066406 80.3961486816 1668.57873535 686.766723633 67.1572723389 1407.60827637 421.598815918 139.539779663 1716.56835938 668.367980957 -142.133392334 1340.80480957 270.962646484 331.86529541 1661.1427002 633.165039062 -451.99230957 1278.05639648
0.0323350429535 8 635.029663086 -87.8571624756 1543.53979492 704.886657715 261.117431641 1546.17114258 625.20135498 79.9528503418 1669.28796387 682.763244629 63.2636413574 1405.86877441 406.944641113 147.836044312 1720.94055176 670.983154297 -138.974700928 1349.65710449 265.652984619 391.991699219 1673.95837402 629.718139648 -460.122344971 1277.78808594
0.0339059829712 8 628.305908203 -81.5665588379 1539.29125977 704.350646973 261.693572998 1546.39746094 618.52722168 93.5581054688 1667.51428223 663.042602539 70.6276855469 1388.17663574 387.87588501 153.0987854 1720.70739746 677.452270508 -149.293518066 1357.2199707 269.328430176 419.16293335 1675.55664062 637.013671875 -468.341400146 1280.1385498
0.0307250022888 8 623.56817627 -59.0683670044 1532.34240723 704.012878418 262.02432251 1546.08532715 609.04119873 122.491973877 1668.19177246 646.85723877 85.9630279541 1358.9822998 373.23840332 161.618041992 1724.17614746 692.892700195 -138.683670044 1363.85632324 273.608306885 452.784973145 1676.05700684 654.521118164 -472.792785645 1283.19812012
0.0355441570282 8 623.044555664 -51.8059768677 1531.51879883 703.820007324 261.62789917 1546.60253906 608.158508301 126.295837402 1668.31774902 644.883972168 86.8383331299 1355.57409668 374.29486084 146.719482422 1729.34399414 699.538024902 -103.590789795 1368.51086426 290.825042725 438.087677002 1680.62426758 656.430419922 -457.313476562 1285.95263672
0.0323398113251 8 624.518737793 -51.5474662781 1532.77331543 703.65625 261.719116211 1546.58837891 612.367675781 121.125961304 1669.60253906 648.488037109 86.9319381714 1362.6706543 379.586547852 130.284500122 1735.91687012 688.527893066 -122.020454407 1350.10339355 296.965576172 404.077209473 1681.43334961 655.518432617 -393.282043457 1284.98901367
0.0319540500641 8 637.015075684 -77.6965484619 1546.73632812 703.824401855 262.197784424 1545.92407227 635.446411133 58.1477355957 1684.33984375 682.88269043 53.1653442383 1411.96948242 400.60369873 35.3599624634 1749.44152832 671.461486816 -76.8539886475 1339.7097168 327.345275879 305.553741455 1682.10998535 643.683044434 -351.614074707 1290.93066406
0.037868976593 8 637.610290527 -75.2787094116 1547.11291504 703.590332031 262.570953369 1544.81396484 638.727050781 61.2528839111 1691.04638672 683.392333984 54.304107666 1404.03540039 414.41809082 -3.34799194336 1762.20825195 674.780639648 -84.8517303467 1347.86450195 329.695831299 262.439483643 1680.73388672 641.71270752 -384.547790527 1283.79162598
0.0332369804382 8 641.927734375 -70.2699127197 1545.73754883 703.690124512 263.420959473 1543.85949707 656.022766113 74.7826538086 1695.04675293 682.720397949 66.0819396973 1393.17224121 445.791137695 -45.9298858643 1769.93212891 686.572021484 -103.868865967 1350.66943359 326.86151123 211.342605591 1676.82299805 648.918518066 -380.083740234 1285.7232666
0.0285980701447 8 637.807800293 -60.6829566956 1547.02832031 703.963989258 263.729980469 1542.10205078 653.536499023 89.202255249 1698.13525391 667.864501953 86.6930236816 1395.62451172 457.353515625 -52.8785705566 1772.2232666 687.093566895 -118.352218628 1347.00048828 326.014190674 172.172134399 1670.16186523 653.405883789 -382.677612305 1290.20996094
0.0359580516815 8 641.382446289 -57.2918815613 1543.61254883 704.139892578 263.48034668 1540.63366699 660.952026367 82.0038833618 1702.58691406 666.642578125 88.4678039551 1391.37890625 466.060119629 -80.6787033081 1769.32080078 688.960388184 -109.212539673 1344.29833984 313.128845215 97.2847976685 1663.4552002 655.626159668 -379.236816406 1288.77600098
0.0319828987122 8 641.929138184 -59.2585525513 1541.66772461 704.100341797 263.449829102 1539.21716309 656.975097656 80.3649902344 1702.49829102 665.720825195 85.1026153564 1386.16430664 487.654541016 -105.670211792 1760.4810791 690.243286133 -110.646331787 1342.99902344 301.640716553 23.653793335 1645.94506836 657.078857422 -380.261138916 1288.36486816
0.0321249961853 8 646.52532959 -68.9543762207 1529.61950684 703.364257812 262.739929199 1537.8572998 662.689880371 73.8361358643 1705.70690918 641.116516113 77.0884552002 1355.5526123 506.47088623 -121.123672485 1758.3770752 688.703979492 -115.683853149 1341.77929688 304.229919434 -64.8740844727 1635.88635254 649.826782227 -424.096435547 1279.3215332
0.0398020744324 8 641.945800781 -76.7890167236 1526.16577148 702.687072754 261.713439941 1536.57226562 661.343566895 70.446395874 1702.78393555 625.824401855 70.8945465088 1349.5925293 521.186401367 -126.482833862 1755.46386719 693.043273926 -142.913955688 1339.52062988 314.011352539 -129.893554688 1631.35803223 644.075317383 -465.601806641 1277.14477539
0.0280160903931 8 634.684387207 -69.9470748901 1527.99072266 702.301208496 260.799224854 1535.75891113 656.834899902 83.311164856 1706.44299316 627.944885254 86.2182693481 1350.81628418 523.162658691 -141.67565918 1754.42077637 698.619018555 -140.077789307 1339.45458984 293.419677734 -185.906539917 1666.06176758 659.129394531 -452.529663086 1274.6027832
0.0337297916412 8 634.888916016 -66.2592544556 1528.56665039 701.451599121 260.182281494 1534.71325684 657.923278809 88.8374099731 1706.15209961 625.062805176 86.0866775513 1347.41430664 546.481628418 -163.150604248 1723.1739502 696.534912109 -145.571838379 1340.90612793 346.433044434 -289.517150879 1621.19604492 662.561218262 -447.921264648 1274.94018555
0.0343971252441 8 633.561035156 -66.1922454834 1529.39367676 699.306884766 259.448059082 1533.87646484 656.910461426 93.5037078857 1705.49841309 627.637756348 85.2468719482 1344.75378418 573.600646973 -153.189529419 1723.06738281 697.980834961 -147.5440979 1342.38037109 380.854553223 -335.199493408 1677.5880127 665.159118652 -440.979125977 1275.69006348
0.0322940349579 8 632.441711426 -63.0726165771 1530.25158691 695.532226562 259.195129395 1532.20251465 655.809875488 101.948944092 1705.01538086 627.589904785 90.3202819824 1343.79101562 574.896728516 -151.795578003 1726.02001953 694.0625 -135.275939941 1350.21923828 418.954406738 -367.289398193 1666.80126953 667.32623291 -370.887115479 1272.22106934
0.0317509174347 8 632.178283691 -62.4172363281 1529.41064453 681.009460449 260.853149414 1537.84436035 657.667907715 102.235771179 1706.31762695 625.094543457 93.1867752075 1342.88037109 577.069335938 -141.364715576 1732.28894043 689.109191895 -117.463920593 1353.2052002 462.118988037 -391.417907715 1655.72851562 660.312561035 -368.330657959 1271.45300293
0.0357871055603 8 651.669677734 -86.0133285522 1543.25805664 674.087097168 262.152557373 1542.18530273 668.209533691 44.1170501709 1705.32543945 692.161193848 64.2277832031 1404.47314453 586.831237793 -189.706954956 1733.85253906 679.85168457 -61.2554244995 1353.84631348 486.804107666 -458.97277832 1643.58630371 649.574401855 -306.063110352 1273.63061523
0.0318598747253 8 653.67401123 -86.924369812 1544.52307129 670.412475586 263.417816162 1545.02026367 671.376953125 49.2977905273 1709.69335938 694.658081055 72.0637054443 1405.98046875 605.361206055 -157.072860718 1735.90026855 681.291015625 -56.8171081543 1351.90002441 494.124298096 -444.331054688 1648.24694824 664.46081543 -276.299530029 1294.70410156
0.0359921455383 8 658.109436035 -84.7505722046 1560.33996582 668.886474609 263.791900635 1547.56018066 676.180358887 65.8776473999 1713.59680176 693.59588623 61.6437301636 1406.02722168 606.177612305 -133.371276855 1749.00891113 680.770629883 -69.6689682007 1347.96862793 505.08026123 -402.557525635 1637.75793457 662.759094238 -288.526855469 1292.88037109
0.0320727825165 8 657.492675781 -92.6729049683 1576.25183105 667.348388672 264.578460693 1549.49499512 676.398681641 81.5990524292 1712.12316895 691.824829102 46.2585067749 1406.81604004 617.508728027 -118.918037415 1766.34436035 688.827331543 -123.444984436 1337.88977051 510.5546875 -355.251251221 1635.94116211 658.182739258 -316.391387939 1286.46984863
0.0320801734924 8 658.707397461 -91.8547592163 1581.60961914 663.345214844 267.212799072 1554.51879883 674.858703613 89.8591308594 1711.5612793 692.531677246 45.4036407471 1407.87353516 620.095825195 -106.254821777 1771.15979004 689.806762695 -139.010681152 1339.82373047 514.158813477 -315.141296387 1625.90576172 646.866149902 -358.51449585 1256.97033691
0.0394108295441 8 660.729553223 -93.200668335 1590.49707031 660.665222168 268.130004883 1557.79418945 674.012634277 99.1975250244 1710.39746094 691.722961426 38.5334625244 1408.13720703 620.296508789 -90.4532012939 1771.49060059 689.187805176 -151.161239624 1343.87585449 520.138671875 -270.398132324 1615.24804688 654.616760254 -359.840911865 1277.58300781
0.0285542011261 8 663.105285645 -93.5466156006 1594.00402832 660.992431641 267.000640869 1557.25170898 674.445922852 103.115783691 1709.31054688 691.443603516 35.8685913086 1408.13061523 622.519165039 -81.2812042236 1773.70446777 687.658447266 -158.166244507 1342.60009766 670.241821289 94.714050293 1568.52099609 652.444580078 -371.64855957 1275.63464355
0.0319797992706 8 664.467163086 -93.4428787231 1590.08520508 659.048706055 266.453613281 1559.30908203 677.080932617 101.451538086 1707.69897461 689.941772461 37.4123382568 1405.14233398 623.185852051 -71.6831665039 1774.41113281 666.672668457 -184.723770142 1339.10766602 579.325683594 -80.022277832 1632.45483398 650.344787598 -373.50213623 1273.11499023
0.0359091758728 8 671.590759277 -99.5138168335 1572.22143555 659.482971191 265.624206543 1558.47668457 690.277099609 95.9336395264 1679.02624512 691.370483398 24.531463623 1387.34924316 624.08380127 -66.3232574463 1771.45825195 664.395996094 -200.671340942 1333.11804199 577.583557129 -95.5362701416 1636.24316406 652.218383789 -373.509429932 1270.80078125
0.0319459438324 8 662.601074219 -105.130897522 1558.1307373 657.374145508 266.219696045 1559.38769531 669.757751465 96.2502746582 1650.25598145 675.604064941 5.63841247559 1366.67883301 623.745666504 -58.6694641113 1767.2869873 663.257080078 -226.371871948 1334.13525391 573.538391113 -107.774459839 1638.73327637 652.08581543 -368.440124512 1267.703125
0.0359261035919 8 663.387084961 -101.100212097 1545.75341797 656.445495605 266.452209473 1559.15942383 665.692932129 90.0593109131 1656.77197266 686.882385254 11.2362976074 1356.80664062 620.136230469 -63.7029571533 1769.51940918 675.179260254 -168.01361084 1339.37536621 568.149963379 -127.331787109 1643.0090332 659.787841797 -326.379638672 1269.82470703
0.032007932663 8 647.081542969 -72.5826873779 1525.57446289 654.812011719 266.267669678 1560.70214844 621.852111816 85.3221282959 1652.25402832 728.173400879 10.7883300781 1357.96911621 575.88873291 -62.3066864014 1760.35913086 734.600158691 -55.6225280762 1386.08300781 524.809020996 -129.918304443 1646.49035645 707.324890137 -301.853057861 1280.60473633
0.0320019721985 8 650.579467773 -62.0401191711 1524.92980957 653.586914062 265.593292236 1561.64562988 616.971435547 83.6227722168 1652.44763184 737.98425293 17.0168533325 1367.70910645 570.30859375 -55.639465332 1754.74499512 734.823425293 -34.7298316956 1353.74914551 521.607788086 -129.341644287 1646.90136719 716.301696777 -283.825195312 1289.2635498
0.0319509506226 8 648.369873047 -55.2501907349 1529.18579102 654.01776123 264.257293701 1561.10595703 600.331054688 82.7166290283 1645.91564941 762.733398438 21.5422210693 1402.72521973 549.427307129 -47.4974060059 1736.62072754 757.161193848 -47.4814605713 1338.84631348 500.708435059 -136.573562622 1646.51220703 734.12121582 -289.482666016 1299.27893066
0.036052942276 8 649.120422363 -51.9657020569 1534.03442383 655.059265137 263.256256104 1560.9552002 598.19720459 82.4921112061 1648.47363281 767.61505127 26.7302398682 1417.69726562 538.41619873 -38.3574447632 1726.84094238 760.592956543 -46.1145935059 1339.03613281 498.844970703 -144.410247803 1658.56494141 736.351074219 -290.994415283 1299.96447754
0.0318729877472 8 649.163085938 -47.028213501 1534.74279785 656.573486328 262.718566895 1559.82836914 595.230651855 86.338470459 1648.18103027 771.211853027 33.7141418457 1424.52331543 533.798828125 -36.4983901978 1715.94311523 765.462036133 -46.280128479 1340.01879883 494.30291748 -150.865478516 1668.81811523 741.106811523 -294.345275879 1303.92126465
0.0322542190552 8 688.755126953 -62.3375320435 1547.17687988 657.64642334 262.215209961 1559.5168457 717.258911133 100.505599976 1677.76513672 714.51171875 66.1795349121 1382.24194336 602.949951172 -66.8455047607 1718.90246582 700.624145508 -28.5614013672 1297.90905762 566.247680664 -181.725036621 1720.58312988 675.019897461 -279.105957031 1266.52685547
0.0357389450073 8 693.562561035 -54.6690406799 1549.01611328 659.142578125 261.833496094 1558.57470703 718.334777832 114.045463562 1676.01733398 725.265441895 77.5830688477 1385.57861328 611.47644043 -55.6634902954 1697.94970703 695.034545898 -44.1101379395 1301.35205078 570.880981445 -177.002685547 1724.12573242 669.352600098 -294.769958496 1269.89648438
0.0353899002075 8 696.786437988 -50.9202079773 1553.25598145 661.633972168 261.130004883 1557.15515137 720.838623047 122.535430908 1676.49401855 727.491821289 82.6726150513 1388.74743652 617.815246582 -46.7219696045 1692.49157715 688.111633301 -58.6329269409 1299.74438477 574.788269043 -173.4947052 1721.22351074 663.251708984 -305.610687256 1271.48168945
0.0287110805511 8 686.162536621 -44.0002365112 1532.37133789 662.635070801 261.366485596 1556.77441406 732.739135742 108.286903381 1677.72265625 725.513671875 107.740608215 1384.33813477 633.075134277 -59.1880874634 1690.32873535 672.758850098 -50.8637161255 1296.75061035 589.290344238 -193.696868896 1724.18701172 648.484375 -294.721099854 1270.36914062
0.0359048843384 8 679.794128418 -44.9681358337 1525.50720215 670.324523926 259.885986328 1552.53747559 733.425964355 95.4270858765 1678.93847656 721.555480957 111.038742065 1383.9230957 636.688964844 -71.8034896851 1687.58508301 668.495178223 -43.1583099365 1295.72021484 595.239135742 -213.333129883 1728.6295166 645.732910156 -284.144989014 1271.57409668
0.0320529937744 8 664.072509766 -39.640171051 1524.23754883 674.63470459 258.985168457 1549.79589844 718.995788574 84.5867462158 1684.64794922 701.449157715 114.28931427 1386.07470703 629.230712891 -48.371887207 1683.76086426 675.355529785 -56.5039291382 1296.01538086 595.760681152 -206.145706177 1735.53833008 652.804382324 -297.977508545 1271.21679688
0.0321710109711 8 658.145996094 -33.8366546631 1518.08312988 677.992614746 258.118713379 1546.12719727 719.870056152 83.8212127686 1685.88183594 677.590759277 137.100357056 1390.75708008 635.120117188 -36.0774002075 1596.9810791 674.749206543 -54.9128265381 1297.61584473 596.824584961 -214.837219238 1755.25097656 653.725402832 -298.538269043 1273.18188477
0.0395040512085 8 640.070861816 -11.5942249298 1484.63586426 679.641601562 258.53515625 1544.79187012 673.637084961 163.10874939 1538.71740723 659.060424805 146.695724487 1388.9473877 653.574523926 -42.1960144043 1624.55407715 666.341552734 -55.6199188232 1300.06652832 607.813659668 -215.009109497 1750.74645996 644.487609863 -300.706298828 1273.00524902
0.0282530784607 8 642.189941406 -7.46029949188 1481.27429199 680.17767334 258.037902832 1544.40014648 683.42388916 166.648254395 1521.40063477 662.427429199 149.137023926 1388.04418945 653.907348633 -51.744934082 1634.80993652 671.308044434 -52.8403930664 1300.42700195 603.895202637 -224.201400757 1750.46130371 651.823730469 -291.762512207 1276.92431641
