0.0313670635223 8 626.425476074 -117.732711792 1534.64624023 614.703613281 261.461151123 1618.99597168 646.621459961 80.3939361572 1665.75134277 655.807495117 47.2141571045 1364.99963379 615.899047852 -74.4203033447 1732.37890625 671.924560547 -175.104919434 1315.20593262 539.421264648 -330.763793945 1767.75012207 610.317993164 -449.17779541 1235.58581543
0.0369210243225 8 626.013916016 -117.081611633 1534.93237305 614.987854004 261.297088623 1619.39758301 645.784729004 77.9877853394 1667.83349609 657.065246582 50.0195159912 1369.95117188 616.028808594 -80.6877670288 1737.56958008 671.6875 -173.630218506 1315.02819824 539.796386719 -336.046691895 1772.76501465 618.870666504 -442.031829834 1225.81286621
0.031998872757 8 624.681152344 -114.121124268 1536.49462891 614.597290039 260.798950195 1619.23132324 642.952392578 77.832359314 1669.07299805 661.845458984 50.2956924438 1374.18920898 615.511962891 -85.4090957642 1740.3494873 668.466064453 -160.148895264 1309.35290527 534.974121094 -331.078887939 1768.40002441 623.911560059 -436.498535156 1223.26574707
0.0320470333099 8 623.451965332 -112.477012634 1534.61315918 614.324157715 260.686218262 1618.83239746 640.838562012 75.9890365601 1670.61901855 664.362854004 52.9219894409 1375.58825684 621.549438477 -107.695304871 1765.21850586 682.926940918 -134.042907715 1321.91540527 528.834289551 -326.008666992 1761.63989258 630.299072266 -423.797332764 1224.51464844
0.0360169410706 8 623.658752441 -112.54209137 1536.8059082 614.320800781 260.223510742 1618.54650879 641.988830566 75.9334411621 1672.70349121 667.10369873 51.8390045166 1377.37341309 622.15802002 -97.7677001953 1759.93481445 680.385864258 -152.462890625 1317.95922852 531.34552002 -327.372497559 1767.84375 628.681030273 -431.548522949 1227.52709961
0.0318441390991 8 621.207092285 -114.289077759 1534.82067871 613.585144043 259.730834961 1618.15820312 638.16027832 72.1044235229 1675.40795898 667.206787109 49.680519104 1374.21923828 619.267578125 -87.9692611694 1759.63806152 688.793518066 -180.169158936 1324.95690918 530.112487793 -330.741699219 1770.12768555 630.033447266 -433.57635498 1227.72875977
0.032007932663 8 627.240234375 -121.132797241 1537.82299805 613.949707031 259.121063232 1617.4597168 645.190673828 63.0346908569 1680.35437012 657.700317383 43.2619171143 1374.72253418 629.225219727 -82.0905075073 1758.86120605 674.653076172 -180.019271851 1320.62744141 539.966003418 -326.974273682 1773.27966309 618.260864258 -442.37902832 1227.95141602
0.0357151031494 8 625.172546387 -124.273521423 1536.76757812 614.091918945 258.306915283 1616.98425293 644.696289062 62.5743103027 1680.58374023 658.94140625 43.2534637451 1373.14941406 622.638671875 -131.929504395 1749.19018555 673.043640137 -176.997650146 1319.01953125 539.561340332 -322.009216309 1778.21350098 618.332092285 -441.261413574 1229.77783203
0.0317659378052 8 623.500488281 -124.732521057 1531.77001953 614.201904297 257.319610596 1616.99658203 653.167785645 54.8089141846 1682.66723633 656.159118652 50.2908630371 1376.25268555 624.912841797 -135.314025879 1742.49682617 664.983276367 -166.694335938 1317.52429199 548.213195801 -335.166778564 1769.13293457 609.402587891 -433.141387939 1233.15551758
0.0348510742188 8 624.401184082 -126.252830505 1531.95837402 614.712890625 256.497009277 1617.19250488 652.116455078 55.4533004761 1683.32824707 658.244140625 49.775177002 1375.21960449 620.510681152 -128.433258057 1741.96350098 667.653320312 -172.359436035 1316.96179199 551.300415039 -343.076782227 1773.36193848 612.311462402 -428.091125488 1235.54248047
0.0330867767334 8 625.279418945 -130.350845337 1536.72790527 615.315185547 255.827911377 1616.83312988 651.072631836 43.941192627 1691.18225098 670.820556641 39.6116943359 1382.00866699 614.530212402 -127.932678223 1743.23083496 670.598632812 -165.578445435 1315.92700195 547.018066406 -353.174499512 1776.71850586 616.463623047 -430.231201172 1229.16662598
0.0319910049438 8 625.081604004 -126.163162231 1544.88208008 616.223693848 255.927261353 1616.33374023 651.831970215 55.7642822266 1689.79150391 665.798156738 35.1264953613 1380.14038086 613.953796387 -117.820755005 1740.45092773 669.524841309 -183.566879272 1318.42541504 594.856872559 -352.908691406 1847.54760742 618.422729492 -430.094604492 1221.83862305
0.0322041511536 8 625.74041748 -126.233596802 1552.68859863 616.111022949 255.854949951 1616.26489258 652.62487793 63.0981674194 1688.1496582 664.393920898 27.8372192383 1380.38891602 603.819396973 -123.691520691 1656.80053711 669.013671875 -195.206314087 1322.19995117 591.877807617 -343.42791748 1859.17272949 616.856567383 -438.837188721 1218.63696289
0.0358948707581 8 621.877624512 -120.725067139 1547.19580078 615.901000977 256.175720215 1616.40405273 639.136474609 83.0314025879 1664.80419922 655.065795898 28.3518676758 1367.4152832 601.411560059 -119.157989502 1663.99182129 672.555847168 -199.567214966 1324.31945801 584.674682617 -342.398986816 1857.39855957 628.372192383 -442.250671387 1217.30529785
0.0347290039062 8 619.545654297 -120.015068054 1552.52087402 615.489379883 256.585083008 1616.93591309 628.021850586 84.5983047485 1674.33984375 651.998046875 30.6937103271 1370.82836914 602.802001953 -116.536247253 1675.91833496 673.711486816 -201.286987305 1325.06335449 574.666748047 -335.805938721 1850.34924316 631.484069824 -442.500915527 1215.89501953
0.0293741226196 8 622.358825684 -121.729576111 1556.76196289 615.127075195 257.186828613 1617.82299805 635.569335938 81.5292358398 1678.49621582 653.316162109 29.2986602783 1376.37316895 602.454040527 -113.260559082 1682.21325684 688.773010254 -203.826843262 1310.0020752 562.930908203 -338.511505127 1842.63049316 679.559143066 -290.912536621 1264.79724121
0.0359869003296 8 621.98034668 -121.337852478 1554.63183594 614.522094727 257.53717041 1618.71069336 634.22857666 86.2424316406 1670.12072754 651.852600098 28.8396148682 1372.61047363 602.997558594 -110.841796875 1688.29602051 682.625854492 -207.530197144 1316.41101074 554.853027344 -337.763916016 1838.17492676 676.412719727 -277.942718506 1265.5324707
0.0319380760193 8 623.438476562 -121.908576965 1555.390625 614.624816895 257.580230713 1618.49963379 638.952209473 85.2764892578 1672.98474121 651.98223877 26.825881958 1370.84216309 601.150024414 -98.5338745117 1697.34240723 681.953430176 -211.573928833 1320.84411621 549.962097168 -336.536315918 1835.47497559 663.640869141 -329.502746582 1248.2956543
0.0360090732574 8 626.865234375 -119.940345764 1556.82922363 614.78527832 256.911346436 1618.81262207 639.226257324 85.4828338623 1674.60754395 655.565246582 23.6227416992 1370.3104248 600.367797852 -95.1763000488 1704.00195312 683.573364258 -215.716018677 1323.23620605 538.804504395 -343.651000977 1816.53149414 659.418640137 -313.454223633 1253.75244141
0.0347909927368 8 629.139343262 -119.783218384 1556.88122559 614.903076172 256.162902832 1619.17871094 640.841918945 83.784324646 1672.47595215 661.922485352 21.8033447266 1372.98596191 601.420227051 -94.6719589233 1709.61120605 681.945251465 -215.71534729 1323.3560791 459.790527344 -444.254669189 1611.26293945 635.078491211 -190.063674927 1280.22216797
0.0293228626251 8 631.454162598 -115.256202698 1532.70202637 614.969665527 256.326934814 1618.81396484 649.811706543 41.2721710205 1703.08862305 672.50604248 67.339805603 1395.43115234 608.20300293 -141.113143921 1717.84997559 672.096984863 -136.40423584 1299.95056152 457.523376465 -468.507751465 1613.13879395 666.527526855 -245.710891724 1258.29492188
0.0359990596771 8 631.999023438 -114.102531433 1548.12243652 615.01385498 255.679290771 1617.95019531 651.1484375 45.4370880127 1707.28088379 680.841186523 66.6615600586 1421.27624512 611.554382324 -162.346008301 1732.69165039 671.339050293 -128.394851685 1323.97973633 444.647766113 -452.574890137 1607.78173828 664.411010742 -222.523651123 1262.96936035
0.0324409008026 8 632.417236328 -112.66872406 1549.02929688 615.583435059 255.307098389 1617.51794434 650.549072266 44.2322998047 1710.27099609 686.33972168 71.2154998779 1429.76196289 607.967041016 -175.855285645 1739.61474609 674.960632324 -124.773040771 1336.87915039 427.6328125 -434.651947021 1598.34350586 648.970275879 -243.670669556 1259.2434082
0.0321021080017 8 632.583007812 -121.207641602 1550.35534668 616.793518066 255.165145874 1617.13879395 654.83416748 31.1499328613 1728.93798828 681.33392334 66.4602966309 1416.17651367 604.234924316 -203.145950317 1763.10961914 676.23260498 -133.739242554 1326.10412598 409.024597168 -417.829284668 1590.48388672 659.874816895 -260.307250977 1261.14355469
0.0383489131927 8 636.236328125 -125.353874207 1554.93481445 617.71697998 255.270996094 1617.3182373 653.916259766 25.3831176758 1735.62548828 688.781738281 62.9864654541 1422.83496094 602.065734863 -204.921081543 1764.50012207 682.385620117 -150.227798462 1321.04846191 387.360717773 -401.79095459 1577.33325195 661.02947998 -274.422515869 1258.15209961
0.0291051864624 8 638.661132812 -126.031265259 1558.98193359 618.927001953 254.832946777 1616.27307129 652.843505859 26.5950317383 1737.26000977 693.817749023 61.3479385376 1428.1159668 599.413391113 -239.015045166 1780.21191406 689.93145752 -155.615600586 1322.52075195 363.839569092 -390.528320312 1562.37011719 658.176330566 -293.201293945 1251.64672852
0.0319528579712 8 638.519470215 -134.970275879 1555.43774414 622.261535645 253.802200317 1612.82214355 655.129333496 17.5357666016 1736.29589844 696.61505127 57.8917922974 1430.24609375 582.4765625 -257.718719482 1750.39233398 691.604492188 -169.595367432 1324.33081055 347.055969238 -378.134552002 1552.68310547 658.211242676 -310.405212402 1250.2689209
0.036248922348 8 639.889526367 -134.123016357 1559.1973877 624.757324219 252.316696167 1610.66247559 651.762878418 20.2516479492 1734.73217773 698.995178223 50.8145980835 1428.46972656 550.727478027 -235.40977478 1736.34606934 684.352905273 -187.870880127 1330.69299316 335.674438477 -361.397521973 1544.44897461 657.215454102 -314.330047607 1252.19775391
0.0317871570587 8 645.140319824 -125.257980347 1569.34912109 628.450622559 249.658355713 1607.22192383 630.024353027 42.7316589355 1719.24694824 703.412536621 42.2962646484 1429.89147949 538.053833008 -216.862792969 1724.90258789 689.719909668 -187.609176636 1339.57849121 321.573577881 -344.428161621 1538.71813965 657.0078125 -321.860778809 1256.33813477
0.0318999290466 8 642.686584473 -124.787521362 1571.82043457 627.284301758 250.356201172 1607.7878418 633.77734375 45.3843002319 1716.60888672 697.261352539 38.601272583 1429.24658203 544.73638916 -207.664031982 1724.71118164 685.840881348 -186.70954895 1345.87731934 314.368591309 -332.065917969 1534.3638916 652.337036133 -330.070129395 1259.14343262
0.0359699726105 8 649.596313477 -128.798522949 1569.89123535 630.354125977 248.813293457 1603.78540039 645.836547852 34.7438583374 1717.44213867 696.897216797 32.6092071533 1427.61767578 550.17956543 -208.36126709 1726.73596191 679.30090332 -181.680984497 1348.78466797 310.818054199 -324.500854492 1524.81066895 650.16595459 -234.284835815 1294.67358398
0.0321431159973 8 651.215576172 -137.349243164 1573.07983398 634.029846191 247.226638794 1600.42028809 650.235717773 30.5007324219 1717.77539062 695.568603516 23.3961791992 1427.11669922 549.79888916 -207.87713623 1724.14624023 682.26373291 -48.0031890869 1417.18603516 304.872802734 -316.274291992 1523.67773438 641.378540039 -361.280090332 1254.48657227
0.0323739051819 8 650.552490234 -148.043014526 1576.5090332 636.997802734 244.223342896 1596.18139648 649.833862305 29.6384735107 1717.41503906 695.768310547 17.0342559814 1427.74462891 530.483154297 -217.660293579 1707.92700195 689.681396484 -84.8042984009 1401.7220459 289.73815918 -301.313171387 1512.33947754 630.369628906 -418.78717041 1233.98461914
0.0358180999756 8 646.374084473 -157.276565552 1565.75793457 638.513183594 242.913513184 1593.21728516 645.749572754 17.2723999023 1716.68615723 701.92364502 20.6288146973 1429.70251465 520.794372559 -232.228973389 1698.07519531 693.359069824 -71.2881698608 1400.81018066 277.711364746 -305.561767578 1512.46105957 636.765014648 -409.79876709 1239.18200684
0.0319588184357 8 640.04095459 -146.135574341 1570.13745117 637.763916016 244.098358154 1593.76867676 637.41027832 26.0095062256 1731.17236328 704.163208008 33.6028289795 1431.73339844 514.05682373 -240.487594604 1693.51647949 697.784484863 -67.3464355469 1390.81335449 261.402679443 -307.72177124 1502.87536621 641.243286133 -407.670959473 1239.91271973
0.0319480895996 8 638.985290527 -144.256942749 1570.890625 641.952148438 243.573760986 1586.02624512 636.297790527 24.903793335 1739.95288086 704.082092285 40.0775299072 1433.09375 511.638000488 -236.804702759 1688.41357422 698.068847656 -76.2978820801 1373.65856934 256.164123535 -307.517669678 1507.41638184 641.077758789 -412.945953369 1238.40515137
0.0360391139984 8 638.32409668 -143.594329834 1571.23620605 641.840148926 244.178741455 1584.91333008 635.513061523 24.1885681152 1742.76416016 703.272949219 42.5524902344 1434.44433594 496.045349121 -226.817565918 1684.69018555 714.026000977 -116.725509644 1354.98828125 244.999221802 -306.583862305 1495.37695312 641.624694824 -427.206787109 1238.83398438
0.0322208404541 8 634.113220215 -142.271179199 1566.17822266 641.114135742 244.527374268 1583.59106445 637.601867676 22.3212738037 1734.25158691 696.22869873 42.0422821045 1433.8079834 477.453399658 -217.901000977 1682.79528809 720.550842285 -148.498260498 1347.1697998 192.441375732 -285.759307861 1453.97705078 647.220397949 -432.795013428 1281.17736816
0.0319681167603 8 635.07800293 -142.23374939 1566.22351074 641.446350098 245.566619873 1582.25341797 639.726257324 19.6480712891 1739.60693359 695.399719238 44.8518371582 1433.37182617 472.09854126 -219.958816528 1680.82873535 719.852233887 -155.319061279 1345.83666992 196.840240479 -299.64654541 1452.85253906 642.229675293 -433.635467529 1277.89074707
0.0361478328705 8 632.41027832 -142.905044556 1564.78356934 640.962158203 246.934310913 1582.75708008 638.833374023 18.0059204102 1735.85107422 688.62109375 42.3479309082 1431.66894531 466.026428223 -214.206100464 1680.67089844 707.056945801 -176.249038696 1359.09716797 202.517486572 -312.270507812 1454.7578125 645.04083252 -441.104003906 1279.39770508
0.0345251560211 8 634.239868164 -149.006439209 1568.30065918 640.959716797 246.765701294 1581.64575195 634.369628906 21.1316986084 1732.37805176 697.172363281 34.5659637451 1433.35925293 467.978942871 -208.283050537 1679.59057617 717.083068848 -177.217803955 1356.8236084 195.53894043 -313.954101562 1450.06530762 647.859313965 -448.925445557 1281.94848633
0.0290369987488 8 632.404296875 -152.050018311 1561.45239258 643.395874023 245.225448608 1578.00634766 633.918273926 14.6052703857 1717.22460938 694.147033691 26.2523040771 1433.24365234 478.423522949 -221.593200684 1668.19836426 715.69720459 -182.026580811 1356.94555664 197.236022949 -307.830383301 1447.51306152 645.567321777 -457.865692139 1284.59631348
0.0360350608826 8 630.90435791 -152.746963501 1558.70251465 643.243835449 244.216110229 1578.26293945 634.120788574 12.3996124268 1718.02893066 689.49786377 27.9116363525 1429.86901855 475.722473145 -233.078140259 1665.41162109 716.214111328 -180.619720459 1358.65893555 200.844482422 -314.043762207 1443.61657715 640.983520508 -460.590148926 1283.09143066
0.0320408344269 8 629.930603027 -153.669967651 1556.88830566 642.461425781 243.12336731 1577.99853516 633.356201172 9.4066619873 1720.82019043 685.860717773 28.9216461182 1426.45959473 473.053283691 -242.230651855 1663.44165039 714.47052002 -180.945144653 1357.2644043 208.336669922 -312.449890137 1446.36853027 641.068786621 -456.792907715 1282.71533203
0.0319249629974 8 630.973083496 -156.419326782 1554.98413086 642.063598633 242.828018188 1577.74963379 634.299072266 6.63922119141 1722.91943359 689.323486328 31.6597290039 1428.40185547 474.395111084 -235.715240479 1669.91015625 705.469970703 -187.20375061 1344.14038086 197.731384277 -320.786590576 1443.78149414 636.557861328 -456.856140137 1279.50231934
0.038773059845 8 630.669433594 -154.349594116 1557.15844727 643.116821289 242.576156616 1575.18225098 633.58984375 6.91941833496 1733.85778809 690.165161133 37.995223999 1427.91931152 475.446777344 -241.382980347 1673.36584473 708.360717773 -178.924057007 1347.62097168 189.481964111 -326.891052246 1434.83056641 636.579833984 -450.10168457 1279.05712891
0.0291969776154 8 633.110534668 -150.369720459 1555.52258301 644.427185059 242.109939575 1573.6048584 634.454101562 4.03372192383 1730.06494141 693.297729492 34.1825256348 1426.58325195 479.114746094 -240.895401001 1677.4909668 702.420776367 -188.687973022 1341.47412109 212.834411621 -318.818054199 1442.66223145 660.853942871 -53.1771087646 1396.88098145
0.0319900512695 8 633.469543457 -147.938980103 1551.3795166 645.06439209 241.825698853 1573.58227539 634.820068359 0.666397094727 1726.33569336 692.965820312 36.9426116943 1429.01049805 485.268463135 -243.473297119 1678.20397949 701.810119629 -184.949111938 1344.82226562 221.081268311 -285.171508789 1456.76293945 690.911682129 20.4219055176 1385.62475586
0.035984992981 8 633.53125 -146.923660278 1548.50634766 645.557250977 242.182907104 1574.0222168 634.44128418 -0.237182617188 1725.17944336 694.267944336 40.1983108521 1430.06762695 495.695159912 -244.911621094 1668.39709473 703.667602539 -182.148529053 1347.71252441 217.194915771 -283.010498047 1460.30822754 650.501831055 46.2819671631 1537.57165527
0.0320880413055 8 635.030639648 -148.108688354 1550.26220703 646.543762207 241.987838745 1574.94360352 635.948608398 1.58158874512 1723.43188477 692.34362793 37.5463409424 1429.25268555 500.106231689 -240.254592896 1663.83349609 702.887207031 -183.01663208 1348.35827637 211.376190186 -281.198364258 1457.65930176 693.477844238 77.9232788086 1484.38513184
0.0319619178772 8 634.890441895 -148.789840698 1549.68469238 646.742553711 241.880233765 1575.92382812 637.267944336 1.75672912598 1721.4342041 691.083618164 36.5525360107 1428.61242676 499.300506592 -239.545944214 1669.26074219 691.282348633 -161.079986572 1349.47131348 213.771209717 -276.723754883 1463.35168457 644.474487305 -414.280944824 1279.5
0.0361511707306 8 633.587402344 -147.688415527 1547.1541748 646.626831055 242.028671265 1576.91162109 633.917724609 4.59288024902 1714.40637207 689.546142578 36.3036956787 1428.07995605 501.522766113 -236.541183472 1674.76245117 685.273498535 -148.545196533 1348.03686523 210.773498535 -273.787811279 1461.1048584 655.237426758 -401.817016602 1276.06994629
0.0318717956543 8 634.263061523 -148.245132446 1545.32971191 646.77722168 242.53414917 1578.07775879 634.477783203 3.11434936523 1713.61572266 690.879516602 35.367767334 1425.70141602 499.778045654 -237.87008667 1676.66442871 675.849304199 -123.152160645 1378.24597168 193.104614258 -265.340332031 1455.67858887 658.271606445 -385.321411133 1280.00952148
0.032231092453 8 634.525146484 -146.294311523 1541.30432129 646.188476562 242.233505249 1578.67724609 631.820007324 1.00482177734 1708.53271484 692.265930176 34.6561889648 1424.71655273 502.082214355 -239.715988159 1672.59472656 671.195373535 -112.219711304 1391.98010254 183.690795898 -313.67175293 1433.66503906 671.122009277 -346.708587646 1306.60693359
0.0357840061188 8 635.020874023 -146.335189819 1532.10449219 646.048583984 242.546920776 1580.04406738 631.773864746 -8.57125854492 1708.01940918 693.897033691 41.2788085938 1425.9432373 501.118438721 -247.578079224 1665.29663086 676.325561523 -108.486297607 1383.92236328 179.666625977 -306.279327393 1431.20654297 662.758300781 -357.044158936 1287.37805176
0.0320479869843 8 635.093994141 -148.295776367 1541.42297363 646.948791504 243.136703491 1581.22460938 632.835876465 -0.123336791992 1708.6114502 692.64642334 33.6866607666 1425.3092041 499.368896484 -238.524230957 1663.59936523 679.895263672 -126.086456299 1373.09936523 184.722991943 -310.674377441 1435.7442627 654.916748047 -396.396087646 1270.72717285
0.036003112793 8 633.944763184 -149.838409424 1540.84265137 647.010803223 243.576385498 1582.3614502 636.354003906 -0.956130981445 1708.77355957 688.156738281 34.8531036377 1425.41833496 500.954040527 -240.671020508 1666.69360352 676.980407715 -148.335662842 1356.74621582 181.016784668 -240.335220337 1452.9810791 646.099853516 -411.213867188 1265.42797852
0.0319550037384 8 633.567443848 -151.558639526 1543.00378418 647.30291748 243.47996521 1583.91906738 636.620239258 0.434936523438 1708.41552734 687.327758789 32.3797912598 1425.74755859 489.123931885 -243.262115479 1663.61230469 672.752807617 -108.368347168 1390.32641602 189.168670654 -245.931228638 1458.53820801 648.92565918 -405.598114014 1269.39404297
0.0320467948914 8 633.470214844 -153.198135376 1549.31896973 647.532287598 243.68572998 1585.49414062 635.395385742 -2.32835388184 1729.51025391 689.463012695 43.7030792236 1433.86694336 490.179534912 -248.095596313 1660.21325684 673.61517334 -100.725326538 1390.84484863 181.885375977 -247.487915039 1452.25671387 641.954467773 -411.824035645 1277.88293457
0.0358080863953 8 632.983825684 -154.95072937 1549.03747559 647.244445801 244.105758667 1586.92749023 637.657531738 0.650436401367 1721.0625 687.424499512 37.2506256104 1431.04956055 494.835998535 -243.730575562 1659.90136719 658.405700684 -112.057922363 1370.10668945 131.539031982 -353.755706787 1414.79467773 642.540039062 -413.029785156 1277.29711914
0.0320711135864 8 627.523620605 -147.229553223 1544.07763672 646.660644531 244.429702759 1588.37097168 627.508544922 -3.17123413086 1718.54882812 698.331665039 37.7805252075 1434.75878906 466.097381592 -227.469650269 1664.80932617 675.199401855 -135.744720459 1337.77758789 168.183288574 -235.425643921 1446.13452148 653.33581543 -411.398498535 1270.70910645
0.0320808887482 8 629.299865723 -138.592102051 1542.61865234 647.017883301 244.518615723 1590.16845703 627.885864258 -6.8044128418 1718.47314453 702.337402344 39.4898300171 1436.56542969 469.473144531 -239.015640259 1655.59509277 682.279541016 -143.893371582 1326.35095215 153.573150635 -255.780380249 1437.34887695 652.033447266 -410.12097168 1278.0814209
0.0358419418335 8 628.701049805 -137.544586182 1544.90698242 647.362976074 244.666015625 1591.36828613 629.533996582 -7.7924041748 1720.23742676 701.808288574 37.1274261475 1436.63781738 441.931030273 -258.710510254 1640.13476562 686.555297852 -154.297683716 1321.47790527 147.574066162 -344.956329346 1437.1126709 651.343261719 -408.478973389 1279.56176758
0.0320580005646 8 616.308837891 -152.283355713 1555.82775879 647.549804688 243.677200317 1591.9407959 623.160888672 -7.87655639648 1727.36633301 710.922973633 21.3312988281 1449.84655762 444.500610352 -253.060195923 1640.15942383 692.643798828 -174.190505981 1317.92663574 154.575866699 -212.008972168 1448.0267334 662.083618164 -407.972473145 1281.01611328
0.0322811603546 8 616.416320801 -149.346786499 1559.03967285 647.916015625 242.325622559 1591.92883301 623.448364258 -6.67340087891 1731.97973633 711.823730469 24.1211547852 1453.58886719 448.336791992 -260.244934082 1626.08251953 690.770019531 -177.09664917 1318.78491211 165.800140381 -288.183135986 1393.37939453 673.280456543 -386.347076416 1288.34362793
0.0356938838959 8 623.295959473 -141.407287598 1554.85205078 648.693481445 241.656646729 1592.01293945 627.443237305 -7.53303527832 1726.97106934 706.371948242 30.303855896 1449.12487793 452.09375 -263.083129883 1626.7298584 683.31842041 -170.375030518 1317.2902832 149.614135742 -293.654266357 1420.9263916 673.979309082 -366.124328613 1294.53649902
0.0320060253143 8 628.60357666 -145.756378174 1555.16772461 649.28326416 241.57901001 1593.91540527 636.271179199 -12.8670959473 1729.08337402 696.895568848 31.3486633301 1445.91955566 459.816040039 -259.944458008 1628.20080566 673.706970215 -166.984451294 1315.33032227 170.250823975 -188.674972534 1461.58825684 667.564331055 -335.473205566 1297.9744873
0.032243013382 8 629.062438965 -155.114273071 1552.45117188 650.266601562 241.280273438 1595.64477539 640.40435791 -15.0088195801 1713.72094727 688.742370605 20.2690734863 1445.46899414 453.821472168 -238.720748901 1630.06140137 667.921081543 -170.33895874 1334.17431641 172.352600098 -186.588729858 1457.88549805 667.585571289 -314.71472168 1307.34484863
0.0355398654938 8 623.208007812 -157.878921509 1540.98278809 651.682067871 240.809341431 1597.06237793 637.050537109 -12.2328948975 1704.71899414 668.095825195 10.7301483154 1407.67822266 453.613891602 -239.190811157 1630.73962402 665.15612793 -176.837051392 1346.70800781 168.783935547 -160.039703369 1470.7845459 673.570007324 -283.423065186 1312.43786621
0.0321011543274 8 622.344299316 -158.280899048 1541.67199707 652.981811523 240.095870972 1597.66137695 635.803344727 -12.3535919189 1713.40734863 665.299316406 15.6156463623 1404.25305176 451.151794434 -245.617889404 1630.99182129 669.509338379 -196.712051392 1330.68261719 169.064361572 -150.029724121 1477.61914062 695.476257324 80.025680542 1442.44445801
0.0319168567657 8 619.463500977 -153.589035034 1541.2253418 653.980651855 239.215011597 1598.98400879 629.076782227 -11.383895874 1715.82897949 669.646606445 18.3158416748 1404.36169434 442.214141846 -247.313308716 1631.81713867 680.659667969 -206.614593506 1323.98474121 164.505218506 -124.320861816 1480.92724609 706.526550293 84.4559020996 1437.70202637
0.0413031578064 8 621.870361328 -157.04750061 1541.79077148 654.432312012 238.653930664 1600.50915527 627.406555176 -6.03028869629 1711.27893066 665.75189209 13.2569732666 1398.14538574 439.944213867 -243.146820068 1632.484375 684.96307373 -215.235137939 1321.30078125 174.894622803 -205.005371094 1441.58166504 711.370727539 84.3588562012 1435.61682129
0.0414290428162 8 621.470214844 -155.852844238 1540.03112793 654.826538086 238.80708313 1601.63110352 628.453918457 -3.50357055664 1708.60009766 664.496032715 15.2936096191 1396.73999023 440.489318848 -237.586868286 1633.96923828 685.496520996 -214.229904175 1320.30932617 158.25012207 -134.887634277 1477.3013916 712.64251709 86.3131561279 1433.84973145
0.0182039737701 8 624.828857422 -158.249511719 1542.68249512 655.393920898 238.635253906 1603.01391602 626.863830566 -4.81674194336 1712.22387695 668.712585449 16.1722717285 1401.46826172 432.440216064 -231.409393311 1634.57775879 684.536193848 -209.196228027 1319.60266113 153.44342041 -107.167671204 1478.15905762 709.830078125 79.4739074707 1436.18981934
0.0364999771118 8 625.617614746 -162.810089111 1547.9942627 656.01739502 237.896362305 1603.6237793 624.617736816 2.41178894043 1708.30603027 669.358093262 8.22999572754 1400.2401123 428.742614746 -221.338806152 1634.41833496 683.959289551 -205.204391479 1332.31921387 155.867218018 -69.2687988281 1497.5135498 711.687805176 77.276260376 1435.15649414
0.0311079025269 8 622.446655273 -154.429275513 1540.61657715 657.267944336 236.984542847 1603.15063477 628.966247559 -0.80859375 1706.06567383 663.805603027 16.4103088379 1398.77636719 419.850708008 -216.598815918 1636.64208984 678.080200195 -183.884353638 1344.36315918 166.584793091 -70.3382568359 1492.42932129 707.529052734 95.6761322021 1439.65722656
0.0321280956268 8 622.33380127 -148.994613647 1539.83740234 658.989074707 236.148422241 1603.42529297 634.091369629 -3.54553222656 1709.14025879 660.397888184 20.8167419434 1399.57873535 416.263336182 -211.803070068 1637.0880127 683.085510254 -180.492935181 1341.19616699 169.019866943 -27.7286682129 1513.43530273 704.015258789 97.6780853271 1440.33874512
0.0361049175262 8 622.91607666 -140.288406372 1538.70385742 662.04284668 235.048522949 1603.49707031 636.602905273 -1.87873840332 1706.62878418 659.904174805 23.9823455811 1400.17419434 416.587463379 -208.427856445 1636.74487305 677.757019043 -181.669235229 1339.56201172 171.606796265 -20.2731323242 1512.62231445 697.555480957 98.3437347412 1455.06958008
0.0318050384521 8 628.877746582 -135.825668335 1544.62658691 664.623535156 235.43812561 1602.93981934 643.92364502 -0.320541381836 1707.96740723 679.594421387 33.0291900635 1425.5291748 423.871765137 -205.697906494 1638.05603027 672.415466309 -177.343215942 1338.09118652 173.459152222 -56.7118835449 1478.80249023 689.439147949 101.88432312 1468.26635742
0.0315248966217 8 633.237182617 -137.903991699 1553.55310059 666.461547852 235.854537964 1601.5246582 651.877807617 4.50230407715 1711.34680176 679.423461914 33.6408157349 1435.37854004 430.737121582 -194.498138428 1642.22900391 659.161865234 -180.856445312 1330.63146973 188.228881836 -6.96446228027 1518.13098145 670.847473145 90.9655151367 1478.10437012
0.0359621047974 8 635.453369141 -137.368423462 1554.07836914 668.374084473 235.810043335 1600.75256348 652.055114746 2.15075683594 1712.65991211 683.03692627 35.223777771 1440.77709961 405.45111084 -179.211502075 1639.16906738 652.595947266 -150.393890381 1333.74353027 189.611907959 12.3364868164 1523.08630371 679.946594238 99.1058807373 1458.02807617
0.0320069789886 8 632.807250977 -139.921661377 1550.10290527 670.941955566 235.262145996 1600.6472168 648.843933105 2.55126953125 1708.78027344 676.457946777 31.8213195801 1430.38110352 391.487915039 -166.110351562 1638.04174805 651.603942871 -136.748458862 1331.52075195 192.75112915 47.7479248047 1544.47229004 678.710571289 84.4790039062 1474.8671875
0.0320889949799 8 629.869689941 -146.353469849 1546.5880127 672.983886719 235.247619629 1600.80615234 643.841186523 -0.529266357422 1697.00476074 668.11706543 18.3300476074 1422.08215332 387.768890381 -149.043746948 1639.31958008 648.623168945 -139.929824829 1336.49743652 195.547561646 64.7135314941 1544.37792969 681.119262695 87.6318817139 1476.44384766
0.036052942276 8 629.389892578 -149.930648804 1545.1842041 674.338623047 235.937591553 1601.55395508 644.008422852 -0.292510986328 1686.77502441 663.46081543 8.74575805664 1417.45666504 390.73538208 -135.733688354 1640.90380859 650.94720459 -139.858230591 1349.52282715 196.534576416 90.3147125244 1547.58081055 694.070800781 88.6775817871 1456.8717041
0.0318892002106 8 628.714355469 -153.980514526 1545.33898926 675.123901367 236.446411133 1602.42980957 642.547790527 -2.41188049316 1681.55749512 661.87701416 0.477340698242 1415.86706543 394.266662598 -124.167251587 1643.76586914 648.524780273 -147.425796509 1347.9161377 203.839157104 103.422988892 1549.24829102 681.986999512 72.7969512939 1466.59313965
0.032283782959 8 625.727416992 -158.171310425 1540.96240234 675.767150879 236.179824829 1602.13830566 641.462158203 0.3095703125 1669.2220459 655.109619141 -8.48294067383 1404.78430176 395.428100586 -109.534584045 1644.41992188 639.427124023 -132.620285034 1386.57861328 202.707550049 124.224906921 1557.05725098 704.009277344 82.8976135254 1479.69348145
0.0355751514435 8 623.407897949 -164.49041748 1536.29675293 676.434143066 235.399932861 1601.5958252 640.909423828 5.54020690918 1650.59533691 651.849243164 -15.8241729736 1397.1192627 390.822357178 -80.7188796997 1646.30615234 656.045532227 -3.86277008057 1444.57543945 203.429138184 132.766265869 1553.40820312 683.247253418 33.2097511292 1380.13598633
0.0320298671722 8 630.63671875 -153.918106079 1539.07116699 677.285888672 235.69229126 1601.82434082 645.893432617 16.9214630127 1651.04492188 671.544067383 4.94429016113 1416.40722656 391.223327637 -46.0275192261 1662.10192871 647.914672852 -22.0185909271 1428.91174316 209.328948975 176.374847412 1574.33312988 629.509643555 -394.52520752 1283.68017578
0.0320479869843 8 630.421264648 -150.468139648 1538.74719238 678.314697266 236.225570679 1602.93225098 643.63873291 20.311630249 1649.72119141 674.049133301 11.8130645752 1422.91479492 388.221923828 -24.5300064087 1672.70178223 638.545349121 -118.351043701 1338.24926758 210.374069214 149.289642334 1559.00024414 623.737060547 -418.783508301 1271.86535645
0.035952091217 8 630.773071289 -146.992034912 1540.12280273 682.040527344 237.32850647 1603.40563965 641.86340332 22.2328338623 1650.34472656 674.181640625 13.788772583 1425.34375 386.195800781 -12.555847168 1678.23730469 633.173400879 -130.847396851 1328.57104492 226.027130127 238.725631714 1611.48730469 565.359313965 -493.858276367 1167.00146484
0.0321760177612 8 628.952636719 -144.344146729 1539.22802734 682.512512207 237.553192139 1604.05078125 638.921508789 24.318069458 1645.9395752 668.917236328 16.5971221924 1427.71789551 382.614990234 -5.11306190491 1680.8963623 633.862060547 -141.628616333 1322.3104248 221.690414429 236.827682495 1609.47290039 567.879577637 -495.627502441 1167.35461426
0.0359899997711 8 629.442443848 -146.877380371 1536.8236084 682.704956055 238.030593872 1604.74084473 638.776123047 19.1708831787 1641.4387207 669.061523438 9.43614196777 1424.57421875 383.104980469 -11.3246364594 1676.73449707 635.015319824 -141.316299438 1324.69348145 223.341445923 245.039901733 1613.39880371 626.595397949 -375.532531738 1279.77575684
0.0319540500641 8 627.991577148 -148.668670654 1536.58398438 683.140441895 238.511535645 1605.2623291 638.579956055 23.2187652588 1645.9375 666.170654297 18.4844818115 1426.04956055 384.726745605 -20.1185722351 1673.0592041 634.712158203 -133.496139526 1329.90112305 204.963027954 172.733963013 1565.72900391 595.647155762 -460.02557373 1248.56481934
0.0318069458008 8 629.532897949 -143.775665283 1537.66088867 683.947265625 238.6925354 1605.25036621 637.358154297 22.672164917 1650.29589844 669.305541992 17.5240631104 1424.28808594 385.005065918 -21.0194129944 1673.75622559 631.79876709 -123.106719971 1331.6439209 224.587142944 253.42175293 1618.55603027 591.102783203 -459.026245117 1248.67614746
0.0361349582672 8 630.156616211 -148.241531372 1535.56506348 684.495361328 238.932342529 1604.85742188 637.144287109 18.5202789307 1647.75769043 670.971557617 12.9292449951 1422.41149902 386.750701904 -11.5253391266 1676.35876465 630.314025879 -125.467071533 1329.09667969 231.410720825 238.332519531 1606.76501465 589.366821289 -458.399749756 1246.52185059
0.0323181152344 8 627.84161377 -147.511367798 1535.4354248 684.490600586 239.370544434 1603.53942871 632.175476074 20.7412872314 1650.87390137 669.341003418 17.1996612549 1422.28967285 378.913452148 2.17768859863 1675.27685547 627.987731934 -127.721359253 1326.24755859 220.268356323 239.247909546 1606.53662109 574.097839355 -470.508178711 1174.44421387
0.0319628715515 8 626.311401367 -144.39239502 1535.65795898 684.57635498 240.027191162 1602.84143066 628.648986816 22.9270935059 1653.15673828 666.556945801 20.160949707 1421.15991211 374.061645508 8.37226390839 1678.18115234 628.804016113 -128.848297119 1325.97766113 231.872436523 265.008026123 1617.00158691 582.112487793 -475.781402588 1168.80834961
0.0359070301056 8 622.14050293 -142.967193604 1527.1817627 684.946411133 240.173965454 1602.76049805 621.047912598 17.3293304443 1652.81506348 667.970153809 22.8180999756 1418.11828613 361.532806396 17.6846561432 1685.38659668 633.596374512 -124.911849976 1328.26586914 224.943435669 263.914398193 1617.4296875 583.773193359 -466.670715332 1172.84399414
0.0317850112915 8 618.886535645 -139.161819458 1529.51574707 685.330566406 240.310668945 1602.32763672 613.637329102 16.5271759033 1656.72827148 667.879760742 21.5793304443 1419.00927734 349.756713867 33.6448364258 1666.90026855 636.422546387 -126.87979126 1330.22766113 177.248825073 205.59979248 1574.78125 599.590026855 -454.55090332 1244.00952148
0.0321590900421 8 616.896606445 -140.029296875 1526.47375488 685.942626953 240.785629272 1602.18188477 609.80847168 14.5343933105 1658.69885254 664.823120117 25.7600097656 1418.58166504 344.291625977 44.2044754028 1659.35375977 634.438598633 -103.557022095 1357.62194824 226.550140381 290.193695068 1623.30297852 583.266906738 -475.336120605 1239.60351562
0.0359888076782 8 615.439697266 -139.832946777 1525.83935547 686.024169922 241.744400024 1603.44848633 606.545288086 15.0669708252 1661.07263184 662.59362793 29.0681610107 1418.08898926 341.01953125 59.3249320984 1660.73120117 637.895629883 -89.7635879517 1363.33239746 226.67414856 309.318786621 1634.77563477 597.643127441 -450.788726807 1254.3996582
0.031839132309 8 616.002258301 -138.589080811 1527.89147949 686.261108398 242.530273438 1604.68334961 605.830078125 16.1690063477 1664.73291016 664.727539062 32.9083557129 1423.04077148 341.601287842 63.7127876282 1661.99938965 642.540222168 -85.4754943848 1341.27038574 227.82019043 315.871551514 1634.13049316 636.80657959 -352.56652832 1287.25939941
0.0321259498596 8 617.300109863 -139.172424316 1525.66186523 686.457763672 242.73727417 1604.93029785 606.764038086 13.5082244873 1665.83508301 667.778808594 33.5596160889 1422.28601074 343.585235596 59.2764892578 1664.40124512 642.085144043 -89.3785171509 1345.63549805 227.175842285 327.900695801 1638.81738281 637.026489258 -348.030853271 1287.9284668
0.0361330509186 8 616.467346191 -137.55241394 1524.70349121 685.834350586 243.076141357 1605.77172852 605.305969238 14.4402160645 1666.81726074 668.366394043 34.9407958984 1419.94030762 344.95803833 59.2579231262 1666.63977051 641.940307617 -92.8943862915 1346.57836914 224.433929443 334.483459473 1641.15380859 603.611694336 -441.935974121 1256.30969238
0.0318689346313 8 614.689880371 -133.004486084 1523.06628418 685.390563965 243.304656982 1606.76293945 602.220214844 15.7929077148 1666.93505859 672.845947266 36.3076400757 1418.44433594 353.093261719 67.2063217163 1679.26306152 640.234191895 -94.3025588989 1340.85314941 223.674285889 319.73638916 1634.98352051 615.402770996 -433.08416748 1255.65441895
0.0321681499481 8 614.669006348 -129.299499512 1525.18664551 685.650024414 244.072341919 1606.03015137 600.260192871 17.6499176025 1670.73706055 680.136657715 35.1068954468 1417.15283203 353.473907471 79.8836975098 1686.07397461 652.497497559 -69.4168548584 1355.55541992 222.270874023 342.371673584 1642.02160645 612.353271484 -436.600402832 1256.85144043
0.0357577800751 8 616.224609375 -129.398803711 1526.04516602 686.177490234 244.681289673 1603.97265625 601.299255371 17.7688598633 1671.69116211 685.74432373 33.1912536621 1417.30053711 353.125335693 87.5585708618 1688.19592285 647.310546875 -81.3476486206 1349.26904297 222.561218262 350.408599854 1646.97680664 612.286193848 -437.021148682 1256.86218262
0.0319712162018 8 615.206970215 -128.518249512 1526.42077637 686.45526123 245.19052124 1602.5 600.269897461 18.3094024658 1671.69763184 683.938964844 33.8801498413 1417.84069824 348.412658691 97.5819015503 1686.99743652 645.970397949 -91.3390731812 1347.62365723 232.062789917 291.786102295 1658.38146973 613.386657715 -439.990875244 1258.98950195
0.032096862793 8 616.370910645 -132.519226074 1522.72924805 686.324768066 245.709365845 1601.62524414 600.766540527 16.8774261475 1672.88134766 688.139953613 21.2816925049 1395.0456543 349.989135742 90.8998794556 1687.91662598 653.026428223 -81.066192627 1357.15441895 220.7734375 365.675140381 1649.82446289 615.019348145 -432.475830078 1259.41052246
0.0359969139099 8 619.033996582 -134.72492981 1524.38354492 686.545227051 246.302947998 1600.49414062 603.885009766 15.6368103027 1672.31359863 692.670043945 21.957244873 1402.93395996 355.349365234 91.3379516602 1692.24194336 650.919555664 -67.0720443726 1360.47924805 224.739135742 367.450286865 1655.23730469 607.174926758 -437.871856689 1262.8515625
0.0320122241974 8 620.356384277 -135.18737793 1526.5177002 686.429077148 246.902908325 1598.77832031 604.934875488 16.0909118652 1673.32678223 695.80682373 23.2759399414 1408.73596191 357.67755127 95.3466644287 1694.92956543 650.221069336 -53.3179855347 1365.36120605 226.335769653 377.946533203 1658.69763184 640.810424805 -383.285095215 1288.88378906
0.0323758125305 8 619.533752441 -131.626846313 1527.70727539 686.417480469 247.945114136 1597.38464355 604.091247559 19.0368499756 1673.84204102 695.214782715 26.9268951416 1411.83422852 358.334289551 100.35496521 1697.60693359 652.374572754 -43.7989807129 1371.34899902 224.651260376 373.028137207 1658.79675293 642.994018555 -390.09765625 1290.93286133
0.035619020462 8 619.479675293 -131.54019165 1530.07470703 686.091552734 248.834991455 1596.34191895 604.280578613 21.5300750732 1675.2130127 693.592224121 27.0244598389 1411.36779785 358.247589111 102.584068298 1699.29711914 653.714538574 -34.5524711609 1377.30834961 223.591491699 389.401824951 1660.77294922 648.701416016 -358.539093018 1301.89013672
0.0320990085602 8 618.812988281 -131.522476196 1530.53649902 686.708984375 250.174209595 1592.91223145 603.02331543 22.747467041 1675.46630859 691.131958008 27.6593933105 1410.18554688 359.180114746 105.779922485 1702.48205566 658.008789062 -33.2235221863 1379.21789551 222.262496948 401.118469238 1667.03710938 649.397949219 -358.291015625 1302.3996582
0.0321230888367 8 620.041931152 -131.315597534 1532.58898926 686.792785645 251.302276611 1590.64892578 603.419250488 25.37840271 1677.19714355 688.386291504 29.7502593994 1409.59387207 360.450073242 108.153717041 1705.9954834 661.196716309 -31.8302268982 1381.65270996 229.288864136 393.75970459 1667.94763184 649.180725098 -360.83203125 1301.52709961
0.0360679626465 8 620.050170898 -130.75440979 1532.5324707 686.758239746 252.260284424 1589.04309082 605.024230957 25.987701416 1677.27197266 684.736999512 30.0860900879 1407.27490234 362.702819824 110.596572876 1708.01171875 661.781494141 -28.4269599915 1384.61767578 228.722854614 397.725585938 1670.31188965 647.644592285 -364.87487793 1300.15478516
0.0318739414215 8 617.849853516 -129.134063721 1531.09265137 686.226989746 252.380187988 1589.90454102 605.307067871 30.0164489746 1675.39538574 674.218444824 32.323600769 1400.46496582 362.874694824 115.299026489 1706.29418945 664.275695801 -27.6032295227 1389.0637207 219.087615967 399.934570312 1666.83300781 648.155761719 -370.760406494 1300.42089844
0.031788110733 8 609.071289062 -118.301696777 1533.2121582 685.477844238 252.932830811 1588.39709473 599.88873291 44.0630874634 1672.16369629 652.715393066 41.9033432007 1398.36486816 357.780670166 131.570739746 1702.55505371 681.008972168 -66.9418411255 1387.25695801 214.627639771 406.036712646 1665.91015625 654.416259766 -389.559753418 1302.70812988
0.0361850261688 8 608.224487305 -116.060340881 1532.94299316 685.341918945 253.513244629 1586.83251953 600.461425781 53.6462783813 1671.7232666 639.267089844 49.5378799438 1392.4642334 358.676422119 144.131408691 1702.81811523 685.652770996 -113.550621033 1377.44189453 214.205856323 425.566345215 1671.81115723 649.98828125 -417.6355896 1293.54528809
0.0317687988281 8 605.57019043 -113.842544556 1530.08520508 685.780151367 253.983108521 1585.5637207 597.999267578 59.8966598511 1671.15905762 630.075683594 52.5017166138 1382.18786621 355.919921875 152.709136963 1702.75256348 687.358764648 -143.334442139 1375.12878418 211.897979736 410.660919189 1664.98388672 632.619445801 -457.176605225 1270.95214844
0.0321981906891 8 606.000976562 -118.018623352 1526.94763184 686.825683594 253.575805664 1584.40185547 597.414489746 53.9562759399 1668.74890137 629.518493652 40.3303909302 1371.6114502 355.723815918 145.187866211 1701.1229248 688.704040527 -163.6378479 1353.46704102 213.672698975 404.438659668 1670.47021484 626.217712402 -456.495880127 1267.71887207
0.036092042923 8 607.419555664 -117.765281677 1528.07373047 687.178771973 252.386260986 1583.15783691 599.297668457 54.0729522705 1668.90539551 632.553039551 42.2288818359 1375.76428223 357.975769043 144.011032104 1702.55249023 682.147888184 -171.487960815 1346.65197754 212.499710083 406.137451172 1672.92407227 636.629638672 -440.384765625 1270.22192383
0.0318257808685 8 607.988952637 -121.863052368 1527.57788086 687.299255371 251.445327759 1583.02380371 601.018066406 51.4494628906 1667.71777344 629.360595703 35.6669616699 1371.2043457 358.072814941 141.449981689 1703.49633789 681.617431641 -164.352539062 1353.82043457 210.266265869 405.746856689 1678.68664551 635.991882324 -436.933227539 1271.4666748
0.0321800708771 8 608.054504395 -122.619338989 1527.3260498 687.866882324 251.736526489 1582.20397949 601.390258789 51.8472290039 1667.42077637 626.917114258 34.7316894531 1369.22961426 357.513183594 141.294891357 1704.24926758 678.934387207 -168.972045898 1356.80322266 217.124053955 388.355499268 1685.84936523 604.656921387 -465.581115723 1207.91430664
0.0359449386597 8 609.356018066 -125.526107788 1527.89135742 687.035339355 252.418228149 1581.69396973 602.706115723 47.8563919067 1667.6138916 628.556213379 34.0075683594 1373.59118652 361.027648926 123.496376038 1725.56982422 677.925109863 -168.70300293 1358.93884277 203.984771729 407.486724854 1700.61694336 638.823669434 -430.226989746 1276.04016113
0.0319972038269 8 609.665283203 -125.233940125 1528.07641602 685.975158691 252.522979736 1581.3536377 601.953491211 49.9061050415 1667.72338867 628.920166016 37.7545318604 1375.43676758 360.702728271 110.051956177 1734.13122559 678.946105957 -171.793624878 1359.03393555 209.925949097 382.005493164 1710.48620605 634.21862793 -438.737609863 1268.45056152
0.0355858802795 8 609.934814453 -125.878875732 1528.60119629 684.796508789 252.535903931 1581.02819824 601.440917969 50.5820617676 1668.10266113 627.584960938 36.9484863281 1374.17614746 362.525299072 88.9745025635 1736.5123291 681.131958008 -177.114562988 1356.86804199 221.595977783 356.946838379 1729.87341309 640.91973877 -435.45602417 1276.63684082
0.0359659194946 8 611.25213623 -122.575164795 1531.71496582 683.791564941 252.591247559 1580.6340332 598.475585938 54.7277145386 1669.34191895 627.903808594 40.117980957 1377.46032715 361.751037598 72.3137969971 1742.25305176 687.321716309 -180.086502075 1358.24780273 224.108154297 344.124572754 1740.90246582 654.208068848 -420.867004395 1294.80175781
0.0309460163116 8 610.882263184 -124.580963135 1531.79821777 682.971496582 252.898010254 1580.12878418 600.306762695 53.3862915039 1671.33056641 627.09362793 40.4813537598 1377.70361328 363.865966797 51.054599762 1745.84863281 690.998840332 -185.167190552 1357.49768066 231.658248901 308.741119385 1758.50170898 658.210632324 -395.947021484 1305.45556641
0.0351941585541 8 610.732299805 -127.328491211 1532.26574707 682.489257812 252.719009399 1578.5826416 601.069458008 52.2371826172 1671.79956055 626.601806641 37.9224853516 1376.55053711 379.965087891 18.5040245056 1764.00048828 689.305969238 -187.076980591 1358.6998291 235.005981445 268.907897949 1774.40148926 656.244873047 -416.524719238 1301.23034668
0.0307810306549 8 610.839599609 -129.944030762 1532.77075195 681.86340332 253.322311401 1576.73632812 603.648498535 50.3318634033 1671.59069824 626.124084473 35.2444000244 1376.88195801 392.174438477 2.00951766968 1772.19250488 688.988891602 -187.365997314 1359.13867188 232.895584106 248.715499878 1789.45227051 652.22454834 -423.324462891 1294.84606934
0.0312738418579 8 613.527770996 -121.29082489 1537.63330078 680.823181152 253.677001953 1575.42028809 603.462402344 52.9957580566 1672.28942871 629.51184082 29.0405731201 1377.15124512 407.363769531 -18.7808837891 1787.81201172 693.597229004 -199.633987427 1360.68103027 233.617889404 213.646911621 1802.24450684 643.687866211 -460.127746582 1276.36376953
0.0359871387482 8 616.155090332 -127.210372925 1536.9342041 680.239074707 254.305786133 1573.72705078 614.488952637 48.606590271 1670.90270996 630.862976074 24.3390197754 1376.68908691 422.392059326 -31.6553726196 1796.73278809 691.463195801 -213.32170105 1362.82189941 235.080215454 169.723846436 1809.19311523 645.02947998 -465.547119141 1276.06237793
0.0321438312531 8 623.463256836 -132.466537476 1547.32409668 679.401550293 254.88218689 1572.1517334 629.573059082 34.2732696533 1693.54907227 644.084655762 26.6777801514 1394.12744141 443.286956787 -74.0239562988 1797.45324707 686.850341797 -189.549987793 1363.33337402 231.933578491 116.642120361 1820.21057129 645.8515625 -437.336303711 1280.37023926
0.031839132309 8 635.502258301 -131.020965576 1557.31286621 675.972106934 256.88494873 1568.17736816 650.730651855 31.1512908936 1712.72302246 671.549255371 40.4290618896 1415.92810059 461.687988281 -115.750442505 1796.00524902 663.264831543 -142.23298645 1344.52722168 229.781799316 56.6676635742 1827.73962402 643.629821777 -415.622497559 1281.68896484
0.0360398292542 8 639.730834961 -131.683334351 1553.5793457 675.723693848 257.131439209 1568.15893555 652.146728516 31.2199249268 1715.27636719 679.587158203 49.3611373901 1417.66748047 466.076599121 -137.440368652 1793.51977539 664.838806152 -135.957977295 1343.49316406 219.05758667 -0.212982177734 1827.80664062 618.232116699 -435.38659668 1268.57446289
0.0321991443634 8 640.594421387 -131.420593262 1551.13562012 672.372009277 258.421234131 1567.25610352 651.679504395 30.4288024902 1715.8770752 683.162902832 53.3227767944 1418.78845215 474.148864746 -158.942733765 1785.39135742 675.249694824 -141.007904053 1349.42138672 219.36895752 -53.6127548218 1832.3359375 620.095703125 -429.503387451 1272.05639648
0.032016992569 8 641.486755371 -125.961837769 1547.9831543 669.882446289 258.856536865 1567.03308105 648.72857666 31.7929382324 1714.23144531 696.36907959 56.7939453125 1420.83789062 479.232177734 -194.729980469 1774.40441895 683.074157715 -143.560913086 1351.74060059 220.348266602 -105.482040405 1823.19396973 624.587097168 -422.713165283 1273.2130127
0.0357630252838 8 637.469116211 -126.304473877 1559.21252441 668.902709961 258.801574707 1569.02502441 646.964294434 39.9903106689 1714.06958008 676.710144043 42.6967010498 1412.16259766 479.779968262 -213.387649536 1774.12548828 682.13861084 -165.367111206 1347.74157715 222.548553467 -148.115203857 1815.73425293 575.798950195 -223.424545288 1364.71313477
0.0320918560028 8 633.764465332 -128.115127563 1571.33691406 666.464416504 259.000946045 1569.9753418 646.534301758 51.8261184692 1712.92749023 665.419555664 29.447052002 1407.74584961 478.276489258 -220.188842773 1764.18457031 679.019104004 -194.400482178 1340.40649414 229.972549438 -191.615600586 1810.20593262 565.408569336 -124.643569946 1437.74658203
0.0319871902466 8 633.963195801 -122.582969666 1578.66052246 664.285461426 259.21987915 1570.34106445 646.038085938 57.9861526489 1713.66760254 666.228271484 42.9751739502 1428.56896973 503.020202637 -239.480102539 1752.46240234 681.393981934 -174.248794556 1330.6619873 246.200195312 -235.624099731 1795.14379883 621.883728027 -366.144989014 1221.37719727
0.0358610153198 8 633.381958008 -116.23160553 1584.83483887 659.880126953 260.54473877 1571.29248047 647.197509766 63.3229675293 1713.86352539 664.40246582 43.6087188721 1434.60839844 507.648376465 -233.469238281 1754.27416992 676.929443359 -168.71647644 1320.02966309 261.421142578 -280.165618896 1786.26965332 592.57244873 -233.325241089 1346.80859375
0.032087802887 8 631.681640625 -109.995223999 1584.40698242 656.607055664 260.275421143 1570.85424805 643.752807617 62.9283676147 1714.47570801 664.853027344 38.112953186 1429.7142334 535.082519531 -207.242156982 1755.22253418 678.679748535 -177.56451416 1326.27319336 278.4190979 -323.347961426 1773.22155762 599.903259277 -236.990539551 1339.76367188
0.0319321155548 8 626.597595215 -112.21521759 1577.7557373 657.157470703 259.047149658 1570.8269043 642.690307617 56.1664428711 1716.04199219 669.956787109 40.5466156006 1427.69458008 537.502746582 -212.736602783 1757.04602051 677.743713379 -174.769226074 1329.55773926 302.033630371 -372.691192627 1758.84069824 613.646362305 -399.946289062 1192.35974121
0.0358200073242 8 620.909118652 -114.684997559 1573.95202637 656.856994629 258.307006836 1570.95678711 637.897827148 51.7842941284 1717.00817871 673.289306641 46.6145095825 1433.57897949 535.544921875 -216.240325928 1757.64086914 681.96282959 -171.49105835 1332.81542969 335.930114746 -414.064025879 1742.89770508 605.698425293 -424.254119873 1179.4967041
0.0321269035339 8 620.349914551 -115.851165771 1570.62634277 653.695800781 258.273010254 1571.21520996 635.244628906 50.6265335083 1717.69055176 681.026611328 46.180015564 1430.52307129 534.969665527 -216.093017578 1757.53918457 681.898803711 -166.58505249 1329.40551758 361.768066406 -442.973754883 1727.97973633 609.660827637 -407.638000488 1182.34057617
0.0319249629974 8 618.94128418 -116.168228149 1576.17431641 651.710266113 258.120727539 1572.44873047 634.49987793 55.8591384888 1718.47802734 684.087646484 39.8160934448 1429.50878906 537.616577148 -206.142669678 1762.03015137 682.194152832 -167.54083252 1328.1776123 384.399902344 -467.650054932 1719.47363281 609.332458496 -409.55682373 1182.09936523
0.0361421108246 8 617.531433105 -115.367645264 1573.70080566 647.130371094 258.25793457 1575.71838379 635.008117676 54.0985336304 1719.71557617 684.808288574 41.9914321899 1428.59204102 539.711242676 -206.129455566 1762.87109375 679.075500488 -163.447631836 1325.16113281 415.075927734 -457.073150635 1742.76098633 604.754150391 -406.387390137 1184.20837402
0.032016992569 8 616.34564209 -110.429527283 1557.67236328 640.923156738 259.306365967 1578.50244141 636.899841309 37.8737640381 1720.88476562 681.873840332 57.7517089844 1429.31396484 556.023376465 -204.178939819 1763.58789062 671.798339844 -136.853088379 1318.08984375 427.618530273 -497.440246582 1724.27087402 600.110412598 -394.057891846 1189.80065918
0.0321068763733 8 608.963012695 -111.484809875 1553.13000488 636.336486816 260.244354248 1581.54675293 632.288024902 36.5954666138 1720.94555664 687.653869629 58.7264175415 1428.75195312 558.248657227 -178.200622559 1737.2097168 675.882629395 -136.904174805 1318.53320312 425.41607666 -510.232177734 1730.08459473 602.940612793 -394.016204834 1186.31604004
0.035845041275 8 606.183898926 -117.475471497 1550.17126465 625.364257812 263.40335083 1591.03417969 635.85760498 34.4788818359 1724.09973145 679.302307129 57.7494888306 1415.36828613 563.840759277 -177.242767334 1722.71032715 670.432556152 -134.346923828 1311.48254395 470.852996826 -520.996032715 1747.5559082 595.936584473 -356.842590332 1201.6529541
0.0322051048279 8 609.727172852 -126.831321716 1549.31054688 622.798278809 262.158050537 1595.06799316 631.493896484 36.5082244873 1721.96557617 681.454101562 51.7480773926 1408.14355469 566.087524414 -183.444824219 1719.59521484 675.773193359 -140.487106323 1312.77575684 503.585327148 -505.544555664 1784.93969727 602.495727539 -396.058227539 1186.89978027
0.0319108963013 8 616.88092041 -136.586685181 1551.52990723 618.425292969 261.125091553 1597.53686523 637.224975586 42.1755981445 1709.78552246 671.573364258 42.4133605957 1401.92199707 601.043823242 -200.871109009 1741.1661377 667.515319824 -164.332122803 1306.78125 510.494995117 -495.007080078 1788.38232422 589.392822266 -408.462219238 1190.50512695
0.0360770225525 8 621.026489258 -142.516052246 1552.69421387 618.784423828 260.263580322 1598.77868652 634.999206543 45.3308105469 1702.63964844 675.527893066 39.8106079102 1405.20849609 608.205932617 -200.089767456 1749.01611328 677.352966309 -184.615310669 1313.21411133 508.80645752 -490.004516602 1794.05126953 594.212646484 -410.834075928 1190.13708496
0.0321381092072 8 621.172912598 -142.500305176 1553.11425781 618.824768066 259.25793457 1597.73193359 635.796142578 45.7331390381 1699.66027832 673.489624023 40.8337860107 1408.98547363 600.03527832 -190.567489624 1744.85144043 677.664794922 -187.005172729 1315.33044434 514.128479004 -487.769287109 1800.95251465 595.407897949 -412.120300293 1190.02185059
0.0316989421844 8 620.95123291 -142.858856201 1551.75146484 618.439819336 258.32220459 1597.43603516 634.773620605 45.8039703369 1698.36108398 670.360656738 37.9342498779 1402.91674805 605.215637207 -180.527404785 1770.50061035 674.048156738 -178.553192139 1310.80078125 512.927734375 -480.891326904 1796.51806641 599.784545898 -407.9453125 1194.57629395
0.0360379219055 8 621.716552734 -142.761184692 1552.87451172 616.157348633 258.500335693 1598.38830566 635.479797363 44.8076934814 1697.78063965 669.67388916 37.7627410889 1406.31188965 611.013061523 -177.159011841 1763.97937012 677.537536621 -187.420684814 1312.08703613 529.378662109 -248.061218262 1469.79296875 593.602783203 -428.871490479 1195.54870605
0.0318369865417 8 621.954101562 -141.852539062 1554.09228516 615.636291504 258.620513916 1598.60620117 635.791259766 44.8342590332 1697.49865723 668.503417969 37.4295349121 1408.14709473 621.144714355 -167.923095703 1754.01477051 676.649963379 -190.865005493 1313.84558105 535.707092285 -219.890289307 1487.01306152 601.501342773 -415.326293945 1199.49694824
0.0319390296936 8 620.312194824 -136.370040894 1554.59265137 614.42956543 259.358703613 1599.66894531 638.728942871 43.6871643066 1698.27502441 664.451721191 37.5026855469 1408.90637207 616.871276855 -158.682678223 1750.0234375 672.531555176 -190.262863159 1316.0111084 518.074829102 -275.544494629 1513.99487305 599.140258789 -417.475341797 1202.31274414
0.0358991622925 8 622.631713867 -135.572891235 1555.51220703 616.493774414 258.950256348 1597.63061523 641.054199219 43.3309020996 1702.33203125 664.37487793 39.676361084 1409.06298828 614.392089844 -159.315353394 1748.73461914 674.772277832 -184.880187988 1318.89575195 532.088562012 -243.252853394 1510.82739258 601.320861816 -418.106292725 1204.90942383
0.0321488380432 8 624.457946777 -135.124343872 1556.75085449 615.742675781 258.361694336 1597.55712891 641.969726562 43.3824615479 1704.44433594 664.103393555 37.7661895752 1406.67773438 607.313720703 -149.722717285 1739.5802002 674.276672363 -186.178924561 1319.41455078 532.901550293 -243.125991821 1511.20471191 601.973205566 -422.709411621 1203.61254883
0.0321049690247 8 624.226745605 -134.208328247 1556.19042969 615.335449219 257.674438477 1597.56652832 640.210510254 41.536819458 1707.03393555 667.347106934 38.2507171631 1406.87792969 603.02545166 -92.1288299561 1695.62939453 676.246459961 -184.586746216 1318.28662109 522.2578125 -261.335449219 1534.12841797 605.631530762 -421.260620117 1214.07434082
0.0358262062073 8 624.835693359 -135.632080078 1558.55700684 615.63659668 256.791992188 1597.72644043 640.666687012 36.2450256348 1715.87121582 667.954284668 38.0296325684 1408.48156738 599.948059082 -95.2942962646 1696.91674805 677.398925781 -184.224716187 1319.15258789 518.434020996 -253.330001831 1531.55053711 611.689697266 -423.269042969 1206.33837891
0.03209400177 8 623.75567627 -135.078536987 1558.81677246 616.713623047 256.061401367 1597.5736084 639.364624023 35.3040161133 1717.78125 668.76953125 38.5350036621 1409.23144531 587.35333252 -112.602584839 1706.61621094 681.062072754 -184.981674194 1320.77294922 519.714233398 -299.764770508 1630.8828125 612.793151855 -427.492462158 1210.41479492
0.0320618152618 8 624.646850586 -132.902908325 1560.91540527 616.989135742 256.152618408 1598.84753418 637.855773926 39.6251983643 1716.09875488 669.217224121 37.9324493408 1409.74938965 594.819274902 -139.936691284 1743.24023438 689.219421387 -175.394134521 1341.18701172 512.843505859 -295.458496094 1650.5456543 617.460693359 -426.034179688 1211.68554688
0.0358800888062 8 627.079711914 -128.243911743 1567.03869629 617.132263184 256.224914551 1600.60546875 636.949768066 46.1623458862 1715.50622559 670.373474121 35.4309997559 1412.46228027 586.612182617 -135.784667969 1736.10449219 689.453796387 -180.733627319 1334.41796875 509.510498047 -292.680725098 1660.1673584 618.797119141 -427.21270752 1211.70996094
0.0319769382477 8 627.379516602 -125.712440491 1575.0489502 617.704345703 256.022003174 1601.37963867 639.004882812 46.5188064575 1726.84606934 671.516723633 38.7595214844 1420.64001465 569.286071777 -103.900138855 1736.92016602 694.128295898 -178.306945801 1343.18933105 514.870361328 -308.514282227 1683.54443359 611.230224609 -430.04083252 1215.3425293
0.0360069274902 8 629.928222656 -124.095649719 1580.51782227 617.804931641 255.375701904 1602.01330566 643.342468262 44.7839202881 1731.31396484 679.497497559 41.9359436035 1434.17480469 563.19152832 -91.8213195801 1729.22753906 696.863220215 -172.292907715 1346.11572266 518.124572754 -326.46484375 1704.4675293 617.380249023 -430.198516846 1212.19799805
0.0319111347198 8 629.775268555 -123.309509277 1579.70544434 618.918701172 254.848754883 1602.46191406 647.73260498 42.7137908936 1732.93554688 679.131164551 43.2093048096 1434.09887695 562.567565918 -91.8501586914 1729.04150391 697.0703125 -163.765045166 1344.66894531 520.96081543 -340.391967773 1721.92553711 610.30480957 -431.878631592 1224.93640137
0.0322120189667 8 632.512573242 -112.59980011 1582.22961426 620.128417969 254.950561523 1602.85205078 648.979919434 55.1837158203 1737.99584961 683.777770996 61.3382720947 1441.50585938 565.998046875 -108.695404053 1735.5592041 695.549194336 -139.470718384 1343.61022949 521.831726074 -360.456420898 1737.21411133 619.418701172 -413.989135742 1205.38256836
0.0358998775482 8 634.831665039 -112.34047699 1579.97033691 621.22277832 255.203399658 1602.6776123 651.200561523 53.0888595581 1734.15466309 684.612304688 60.562828064 1442.00622559 573.17767334 -122.793052673 1743.55224609 694.889099121 -145.874755859 1345.21630859 523.149841309 -361.609069824 1749.17297363 654.135437012 -374.479614258 1192.98718262
0.0318651199341 8 632.479614258 -111.61125946 1573.30725098 621.689086914 256.095001221 1602.4074707 642.1875 57.192855835 1721.61242676 679.868530273 58.6763000488 1434.23864746 583.234741211 -156.477996826 1761.18005371 692.815124512 -147.237335205 1347.00756836 520.994567871 -354.754760742 1755.5994873 610.916992188 -425.77545166 1200.77856445
0.0322349071503 8 634.233032227 -109.301086426 1569.64123535 623.087158203 257.517028809 1602.45532227 642.394592285 58.5776062012 1720.87524414 676.151428223 63.8539428711 1430.42236328 587.034912109 -164.708618164 1764.01013184 689.340576172 -143.789520264 1348.78662109 524.149169922 -365.544036865 1767.23168945 609.323852539 -406.149139404 1202.57556152
0.0359401702881 8 639.768798828 -104.487419128 1561.81896973 624.122192383 256.969604492 1603.04870605 643.212463379 59.5571136475 1712.13269043 689.846984863 62.7601013184 1423.84338379 615.713623047 -159.957931519 1719.08251953 688.788208008 -132.485580444 1343.30993652 516.095214844 -388.309844971 1786.82189941 613.914001465 -381.389343262 1196.66760254
0.0320699214935 8 642.190307617 -99.2605361938 1565.16345215 624.831176758 256.678619385 1603.75805664 649.280822754 65.2861022949 1727.94262695 690.332580566 80.7655792236 1427.70068359 602.886352539 -183.82321167 1745.12695312 692.966247559 -122.729431152 1343.33520508 514.882751465 -399.038299561 1790.50170898 602.953063965 -398.805145264 1195.17419434
0.0320198535919 8 643.391235352 -107.187606812 1562.46325684 626.167114258 256.712524414 1603.59814453 656.579528809 51.9641723633 1727.0123291 690.579772949 75.0685119629 1431.55993652 597.299072266 -186.141098022 1753.74316406 696.084106445 -135.029815674 1345.52258301 518.17401123 -398.1875 1793.63391113 652.955200195 -346.472106934 1198.12768555
