0.0354461669922 8 579.794372559 -133.200820923 1444.65783691 571.528259277 265.318481445 1587.86132812 612.405639648 -13.1879730225 1636.33496094 596.038452148 69.11769104 1339.72875977 593.475402832 -254.85975647 1700.90380859 621.960632324 -115.546844482 1263.29760742 422.331298828 -427.320617676 1763.35131836 563.547912598 -373.483917236 1200.6328125
0.0328538417816 8 579.975646973 -134.263824463 1447.13293457 571.461791992 265.615844727 1587.63232422 612.531982422 -12.8397674561 1636.21520996 598.178955078 64.7845001221 1339.4095459 587.955932617 -253.371459961 1703.09753418 622.879272461 -117.965408325 1262.52282715 431.762786865 -439.127624512 1766.58837891 565.326782227 -377.74609375 1198.40942383
0.0295300483704 8 582.848205566 -136.021759033 1456.24816895 572.141845703 265.330688477 1587.74926758 630.700195312 -26.2686004639 1656.27600098 599.496826172 66.6031112671 1342.17468262 590.905273438 -195.556915283 1682.28540039 624.512268066 -115.169868469 1265.38085938 476.170471191 -346.247009277 1737.37658691 566.584899902 -370.322357178 1202.20288086
0.0360949039459 8 581.40802002 -135.704238892 1453.72644043 572.163574219 265.49395752 1587.68847656 621.504638672 -18.9242858887 1649.10668945 601.22668457 64.6399459839 1340.19995117 588.797119141 -196.858795166 1683.74023438 626.647216797 -121.107826233 1264.13708496 475.626739502 -356.133026123 1747.27355957 569.296447754 -371.115722656 1199.50830078
0.0322391986847 8 577.388549805 -136.719223022 1457.05773926 571.960571289 265.580688477 1587.51171875 604.553100586 -14.085357666 1652.96032715 621.724975586 58.8101196289 1338.9161377 568.344299316 -192.844680786 1684.69189453 645.575622559 -124.717895508 1261.21948242 457.137878418 -361.973388672 1754.00024414 588.913696289 -374.850280762 1196.33239746
0.0316410064697 8 575.920898438 -137.291732788 1470.83410645 572.027770996 265.445068359 1587.25305176 602.873596191 -7.74908447266 1667.23669434 628.19720459 52.0716629028 1338.58239746 559.886962891 -186.903823853 1684.35852051 651.473022461 -131.155975342 1259.23168945 453.74987793 -366.970916748 1756.64135742 595.179626465 -382.43536377 1194.90258789
0.0358319282532 8 576.670349121 -138.379470825 1475.95263672 571.964904785 265.725036621 1586.74536133 603.222412109 -1.21907043457 1666.89282227 628.191162109 46.8437652588 1338.06079102 552.4296875 -195.010848999 1679.09765625 651.979431152 -136.557785034 1258.48095703 457.083496094 -368.007476807 1758.78320312 595.887878418 -387.582519531 1192.9276123
0.0329189300537 8 579.321411133 -134.514862061 1504.03491211 571.979980469 266.262695312 1586.84814453 613.694702148 28.9420318604 1671.83703613 616.253417969 35.2378082275 1343.17053223 561.606933594 -170.648803711 1679.66381836 644.686096191 -149.799179077 1267.14758301 466.784851074 -352.817260742 1761.92346191 588.822570801 -408.698669434 1193.79577637
0.0316920280457 8 581.076721191 -126.639663696 1510.4173584 572.030395508 266.91293335 1587.44897461 615.28125 33.605682373 1673.72998047 621.046630859 54.1554794312 1371.7265625 543.866333008 -61.0038299561 1680.38684082 642.373535156 -137.61038208 1275.15319824 463.319519043 -362.826782227 1754.48657227 590.174194336 -410.211395264 1191.17919922
0.0359950065613 8 576.965637207 -123.842300415 1505.68908691 572.00604248 267.539794922 1587.66967773 614.519348145 28.181350708 1672.71679688 627.922302246 61.6968154907 1381.59863281 546.481933594 -94.859336853 1675.79370117 644.120788574 -128.305999756 1274.71655273 461.937438965 -359.597015381 1749.11975098 589.475097656 -407.280944824 1191.46081543
0.0314779281616 8 575.282958984 -125.566009521 1500.16186523 571.527709961 268.281799316 1588.23779297 610.860656738 31.1643981934 1668.27514648 632.656799316 58.5026473999 1370.08764648 551.486572266 -152.466598511 1666.47680664 649.019714355 -128.135803223 1268.02905273 453.8487854 -357.823974609 1749.84033203 593.128662109 -399.9737854 1191.94396973
0.0339071750641 8 574.937011719 -123.634544373 1498.22729492 571.303833008 269.687255859 1588.30383301 606.6640625 36.639831543 1664.91687012 635.828369141 59.1320037842 1366.43737793 549.696777344 -153.356903076 1670.07104492 650.669250488 -132.807098389 1265.43908691 450.589355469 -361.639282227 1748.6932373 596.038085938 -401.318634033 1189.52966309
0.0360429286957 8 574.590332031 -123.437324524 1497.07910156 570.682922363 270.402709961 1588.49560547 603.330688477 36.251663208 1664.52978516 635.8046875 56.906829834 1362.56103516 553.713500977 -155.929931641 1669.04748535 650.653564453 -141.64680481 1264.0859375 446.951721191 -361.114685059 1749.4876709 595.842163086 -403.074951172 1189.81628418
0.0313708782196 8 575.404663086 -122.678588867 1497.08520508 570.350036621 271.297912598 1588.41540527 601.17578125 37.2496032715 1664.92907715 636.428710938 56.8884963989 1361.27453613 553.950134277 -157.324462891 1670.94006348 652.42980957 -141.059967041 1263.39416504 440.382110596 -362.565338135 1751.2520752 597.044067383 -401.2137146 1191.9185791
0.0317351818085 8 576.703613281 -124.724937439 1497.25683594 570.339599609 271.513244629 1588.18945312 599.47454834 33.9199371338 1668.63134766 639.449645996 53.4895858765 1358.12207031 549.397399902 -163.919311523 1674.31201172 652.87878418 -139.742858887 1262.46008301 437.804016113 -366.122131348 1751.14660645 596.446594238 -400.775085449 1192.72790527
0.03502202034 8 577.967407227 -127.497825623 1497.25622559 570.867980957 271.768768311 1587.73608398 601.79901123 31.3889923096 1669.76782227 639.695739746 49.5001525879 1354.30664062 551.239196777 -170.792816162 1675.04760742 652.22277832 -139.107116699 1262.58557129 435.42779541 -371.159484863 1749.5168457 594.013427734 -401.369628906 1192.76611328
0.0317499637604 8 578.160949707 -129.33303833 1495.96765137 570.995605469 272.073669434 1587.55786133 603.004272461 30.1604766846 1669.7878418 638.911254883 46.5201797485 1348.81494141 556.249938965 -179.285873413 1680.89526367 651.315551758 -139.859069824 1262.26782227 432.666046143 -370.028076172 1749.46044922 593.67767334 -398.882080078 1189.45483398
0.0340900421143 8 577.343688965 -131.537307739 1493.93591309 570.892456055 272.04107666 1586.9765625 603.148681641 28.0282745361 1668.18530273 635.790649414 44.4777679443 1345.30004883 556.917053223 -181.516647339 1680.44909668 651.09765625 -139.772781372 1262.2520752 425.842773438 -374.762878418 1752.50427246 590.315979004 -403.460205078 1190.62036133
0.0360338687897 8 568.801818848 -132.486068726 1489.24121094 570.62677002 271.746948242 1586.52856445 600.138183594 39.2278594971 1639.70654297 622.820068359 35.6237640381 1341.15820312 565.551513672 -173.251312256 1679.46313477 640.246765137 -149.968734741 1261.78820801 434.475280762 -367.91192627 1753.47631836 581.415893555 -407.300048828 1185.8359375
0.0314700603485 8 570.255065918 -133.328613281 1488.95007324 570.143188477 271.778625488 1586.7767334 599.208251953 37.6842041016 1648.38037109 625.690429688 39.3896789551 1338.62695312 560.16217041 -176.622268677 1677.57678223 644.49822998 -146.500091553 1263.44848633 427.94039917 -376.84564209 1747.52661133 588.254394531 -403.563446045 1189.57739258
0.0318849086761 8 571.741943359 -131.988540649 1491.00866699 569.603393555 272.278320312 1587.05578613 600.264892578 36.4311981201 1655.09753418 627.865234375 43.6256561279 1342.30163574 564.107116699 -176.73046875 1677.94506836 647.131408691 -144.862838745 1264.29187012 438.4402771 -438.605224609 1605.83911133 587.114196777 -406.458557129 1187.48327637
0.0355911254883 8 571.723205566 -132.664825439 1490.96289062 569.492248535 272.393920898 1587.34155273 599.54510498 34.7484741211 1655.31677246 627.417785645 43.1768493652 1343.34411621 560.217102051 -168.383575439 1672.52893066 645.779663086 -141.824584961 1266.35241699 436.767883301 -436.657745361 1602.93261719 587.877258301 -402.481140137 1186.88781738
0.0315508842468 8 569.871826172 -131.510467529 1486.26135254 568.623779297 272.455871582 1587.0456543 596.491149902 38.4165344238 1644.9510498 620.772155762 42.2033081055 1337.94104004 558.531921387 -147.588943481 1646.29089355 645.486633301 -143.030685425 1266.05566406 425.405792236 -436.653198242 1611.48547363 587.890014648 -408.621154785 1183.4263916
0.0317749977112 8 570.824157715 -130.813858032 1486.58325195 567.420959473 272.419372559 1587.44384766 598.491516113 36.4328613281 1649.62182617 621.333679199 45.3597335815 1339.17163086 560.20123291 -148.10585022 1651.4342041 645.885864258 -137.806304932 1268.44482422 413.634735107 -421.125244141 1609.54187012 589.52166748 -403.964019775 1182.875
0.0356841087341 8 573.443725586 -124.41317749 1485.2487793 566.096679688 272.649230957 1587.91638184 598.438110352 31.4566955566 1652.66052246 624.636108398 51.2083969116 1345.66638184 559.59362793 -159.049179077 1656.60009766 644.586669922 -132.898468018 1267.63037109 396.316802979 -412.358825684 1605.81555176 590.440979004 -396.753753662 1184.23120117
0.0346200466156 8 574.042114258 -123.092262268 1486.00817871 565.730957031 272.734283447 1587.94445801 597.529846191 30.6839752197 1653.61499023 629.044006348 51.18359375 1348.55419922 559.364746094 -165.403625488 1662.22924805 643.326171875 -132.319244385 1266.43286133 383.390136719 -402.47454834 1604.10632324 591.390197754 -393.890075684 1181.33569336
0.0354659557343 8 576.08001709 -126.482925415 1488.47741699 565.476806641 272.139892578 1587.58117676 598.515380859 29.6251068115 1654.67321777 638.995239258 46.3911209106 1351.91101074 560.547058105 -170.5675354 1669.99951172 639.969604492 -131.492767334 1262.45581055 375.670043945 -392.632110596 1598.5345459 588.137145996 -387.918212891 1184.51940918
0.031867980957 8 578.037902832 -126.493782043 1487.37280273 565.39440918 270.97756958 1586.72290039 598.660766602 28.407043457 1655.24719238 647.55456543 43.0155792236 1349.40393066 558.33404541 -176.29397583 1675.38342285 641.97442627 -132.60975647 1261.19628906 360.553375244 -386.251403809 1588.67541504 589.530151367 -393.845031738 1183.4552002
0.0315978527069 8 579.249389648 -129.590057373 1488.65014648 565.221801758 269.532409668 1585.07214355 601.047790527 21.1645355225 1659.65637207 650.939758301 40.0913543701 1352.5838623 551.486877441 -197.412368774 1700.49414062 644.001159668 -135.678604126 1261.25927734 336.118469238 -379.365356445 1568.31567383 591.097351074 -395.206604004 1180.51647949
0.0357160568237 8 579.235168457 -139.738677979 1485.15869141 564.704101562 267.88180542 1583.21350098 600.873168945 -4.11756896973 1662.6862793 653.947265625 27.8108673096 1355.84277344 541.434875488 -234.076248169 1720.7043457 642.675415039 -153.904052734 1256.52514648 316.198669434 -361.793029785 1551.97277832 592.537719727 -406.462036133 1182.02246094
0.0317311286926 8 577.29473877 -141.050292969 1484.5814209 564.633728027 259.117980957 1575.02612305 596.959777832 -3.85450744629 1662.95141602 655.432189941 28.6105804443 1357.55761719 531.895080566 -237.905044556 1712.76208496 643.776245117 -153.910903931 1258.61499023 290.469848633 -355.849731445 1534.97265625 593.76184082 -405.662994385 1184.86425781
0.031103849411 8 578.570556641 -141.467178345 1488.61401367 565.341308594 254.699295044 1570.08850098 597.949401855 -5.09257507324 1667.51696777 654.655090332 26.836769104 1358.74938965 519.647399902 -240.05418396 1696.24365234 642.099731445 -154.232818604 1258.21142578 278.46975708 -346.553009033 1525.79223633 590.701782227 -409.130310059 1182.02355957
0.0377590656281 8 577.839416504 -141.729553223 1490.52709961 565.680358887 257.582336426 1574.51647949 597.843261719 -8.208984375 1671.05908203 651.823242188 26.69165802 1360.21801758 504.947509766 -241.528366089 1681.73937988 639.713684082 -150.428466797 1255.46508789 265.067901611 -340.997802734 1515.81835938 590.680419922 -404.280944824 1181.90673828
0.0319600105286 8 577.6171875 -142.243011475 1488.67858887 565.127746582 255.219070435 1574.58239746 597.239990234 -7.6838684082 1670.16381836 651.166503906 29.8366088867 1360.58789062 495.748657227 -243.721343994 1676.65026855 638.019165039 -146.402084351 1250.41247559 248.712020874 -344.233215332 1504.30322266 589.190429688 -401.050354004 1180.9453125
0.0317618846893 8 585.176513672 -150.639343262 1491.84606934 564.600708008 253.486465454 1573.9786377 601.375549316 -5.86228942871 1671.90722656 645.889221191 30.3267974854 1360.65893555 489.121368408 -239.261566162 1674.98876953 632.991882324 -145.646636963 1246.20922852 237.952438354 -340.311828613 1494.46435547 587.010437012 -397.258666992 1179.96191406
0.0352230072021 8 584.165710449 -147.800949097 1493.42895508 564.921447754 254.333251953 1574.34033203 602.184936523 -4.77783203125 1673.41259766 644.010742188 31.0451660156 1360.73706055 485.239379883 -231.220581055 1677.68994141 632.854980469 -144.24899292 1246.5513916 219.691101074 -337.486236572 1483.78686523 587.557067871 -397.906768799 1181.20288086
0.0316421985626 8 582.659301758 -145.574859619 1496.32067871 564.99987793 250.513427734 1570.39709473 601.022766113 -4.79203796387 1677.04675293 643.657409668 30.3337554932 1361.58239746 479.243865967 -223.897506714 1678.56652832 634.40057373 -145.437835693 1247.98974609 211.63848877 -329.060119629 1477.35632324 586.196899414 -404.906677246 1179.38317871
0.0315918922424 8 580.981933594 -141.926971436 1501.27062988 563.885498047 252.465957642 1570.10522461 598.678100586 1.20606994629 1679.45373535 639.240844727 27.451675415 1358.21032715 472.12197876 -214.637954712 1676.91235352 640.748474121 -152.273757935 1258.71740723 199.585693359 -320.460113525 1473.58483887 586.90612793 -409.682495117 1179.71765137
0.0377190113068 8 589.381530762 -141.562713623 1504.24682617 563.143310547 252.070159912 1566.68969727 609.184936523 2.35829162598 1679.1204834 628.315795898 25.9394989014 1355.5411377 469.17199707 -208.416595459 1672.80883789 617.102905273 -187.775024414 1241.67565918 210.601806641 -314.423950195 1472.40625 576.374084473 -407.507751465 1182.5222168
0.0323369503021 8 588.509216309 -138.662948608 1503.2421875 562.686462402 251.204452515 1562.12329102 604.490783691 10.4233093262 1675.46960449 626.802307129 25.617767334 1349.32678223 457.970458984 -200.469223022 1665.90100098 613.799072266 -197.586959839 1238.93798828 203.447479248 -305.597198486 1471.97241211 579.120239258 -411.715789795 1182.39367676
0.0314230918884 8 588.390258789 -137.964141846 1502.32385254 561.869934082 251.446014404 1559.74365234 601.391540527 11.6139373779 1673.8984375 628.629211426 28.6266021729 1351.96142578 451.319274902 -195.86491394 1657.57336426 618.129943848 -176.398376465 1242.33325195 182.842071533 -311.352752686 1460.77563477 581.317016602 -407.708587646 1184.46252441
0.0349888801575 8 586.00378418 -136.348617554 1499.11706543 560.050598145 251.726638794 1557.43200684 597.258239746 13.8327331543 1671.29125977 626.954284668 35.4344787598 1353.72558594 448.412384033 -192.890914917 1648.79431152 619.524536133 -160.930007935 1244.89123535 181.021942139 -313.449035645 1461.06787109 584.49407959 -401.652709961 1185.09362793
0.0314581394196 8 581.44744873 -134.720245361 1490.86706543 556.916992188 252.654296875 1549.47631836 592.836547852 8.40316772461 1671.34655762 629.289916992 44.2989883423 1353.57141113 438.55947876 -192.146209717 1638.54541016 625.159179688 -151.38092041 1247.40881348 161.46585083 -319.903594971 1455.54150391 595.907043457 -395.082946777 1186.89135742
0.0329358577728 8 578.789794922 -131.687667847 1486.3314209 557.624206543 252.24156189 1550.91992188 586.193969727 10.5289916992 1666.33508301 631.5 46.297088623 1351.33215332 423.294158936 -194.399093628 1629.29174805 628.681091309 -149.566711426 1247.76269531 146.279388428 -316.801147461 1447.28234863 593.454040527 -406.421813965 1189.14672852
0.0364170074463 8 577.895446777 -128.960464478 1483.96496582 554.839294434 254.172836304 1546.40527344 580.544067383 12.483581543 1663.1574707 630.303955078 46.1305541992 1347.14404297 418.649047852 -191.307052612 1626.59960938 631.788208008 -152.392700195 1248.56323242 144.628356934 -311.930358887 1443.17321777 597.758422852 -404.729980469 1190.52282715
0.0307741165161 8 572.969421387 -130.243835449 1484.10754395 552.170715332 256.164489746 1543.0859375 563.955810547 14.0342102051 1660.87109375 624.797607422 43.6815719604 1345.51977539 418.221618652 -191.54788208 1623.34851074 628.690856934 -154.544891357 1247.37878418 147.177459717 -311.24407959 1439.37060547 596.071289062 -406.721740723 1192.48498535
0.0323939323425 8 575.536132812 -130.4034729 1484.69152832 549.887878418 256.226623535 1539.53393555 568.859375 13.6079864502 1661.77392578 627.059570312 44.5955963135 1347.34985352 418.314361572 -192.00428772 1625.47705078 630.371704102 -152.20274353 1248.03515625 141.625457764 -320.197479248 1444.14477539 581.896484375 -414.426391602 1201.19934082
0.0357520580292 8 575.607116699 -127.542823792 1484.4642334 548.647827148 256.641693115 1536.56884766 569.644348145 16.0951080322 1662.24536133 626.859924316 49.0337753296 1348.56933594 416.787384033 -189.677597046 1625.89794922 633.380859375 -152.192871094 1249.75268555 144.615783691 -320.104553223 1443.53039551 583.94744873 -416.428100586 1203.49230957
0.0318269729614 8 579.362487793 -126.18888855 1487.18945312 547.243164062 256.740600586 1534.80065918 577.074829102 10.8432769775 1678.8338623 632.830566406 59.3455047607 1352.1751709 413.04876709 -199.85269165 1623.52160645 639.051269531 -140.740814209 1253.33850098 148.38848877 -330.109863281 1440.29492188 588.133666992 -407.748413086 1205.8347168
0.0320329666138 8 578.114196777 -124.724655151 1485.1907959 546.038818359 257.673309326 1534.94543457 572.089111328 14.1071624756 1676.04931641 631.124755859 62.228225708 1351.11572266 415.718475342 -200.01914978 1623.43395996 637.987365723 -138.794418335 1252.88879395 153.704559326 -329.364135742 1449.53601074 585.74017334 -409.003112793 1205.27416992
0.0360269546509 8 576.601196289 -124.323982239 1484.54846191 544.621276855 257.046813965 1534.34814453 567.246704102 16.0403137207 1672.20300293 628.436035156 61.1491317749 1350.69494629 419.593200684 -197.965194702 1623.7635498 637.41217041 -136.95135498 1253.20349121 156.610595703 -329.516326904 1455.0814209 582.365966797 -410.351806641 1203.04516602
0.0322051048279 8 576.613830566 -126.49546051 1483.25512695 543.418579102 257.256011963 1535.12841797 567.29284668 15.8855285645 1668.99902344 628.499023438 61.4291229248 1353.43847656 419.765075684 -197.634033203 1622.50354004 637.314758301 -139.21975708 1252.47045898 161.339660645 -324.485717773 1454.5579834 583.40411377 -412.276428223 1199.69580078
0.0318610668182 8 571.175354004 -127.017539978 1478.76708984 542.082336426 257.079101562 1535.59912109 556.112670898 13.2042694092 1666.91271973 634.150146484 64.3129882812 1357.4630127 413.930053711 -202.237045288 1620.24316406 643.505737305 -137.474624634 1253.02636719 145.028747559 -323.519714355 1453.71777344 595.062072754 -408.986328125 1191.02648926
0.0359969139099 8 571.644348145 -126.00982666 1480.74707031 540.596557617 256.928649902 1535.29699707 556.452453613 14.8390808105 1668.38671875 629.709289551 63.8249588013 1354.77441406 416.432922363 -202.628158569 1620.11547852 639.971679688 -140.658294678 1250.43322754 147.302825928 -319.245727539 1464.09594727 598.377197266 -372.689788818 1170.68383789
0.0317890644073 8 570.802612305 -125.957626343 1482.28295898 539.665039062 257.196838379 1535.2331543 555.417053223 15.7380981445 1668.90783691 627.941955566 62.4803466797 1354.33947754 418.347351074 -202.512176514 1620.80932617 637.097106934 -144.369018555 1240.93933105 154.871154785 -311.953216553 1475.00488281 584.58215332 -406.647521973 1182.61694336
0.0321779251099 8 569.176696777 -125.306098938 1485.32922363 538.790283203 257.541687012 1535.3572998 554.582641602 16.9038391113 1669.62561035 623.705322266 64.946395874 1361.90930176 418.696868896 -203.844146729 1619.96777344 637.120300293 -141.044815063 1243.08752441 154.063079834 -311.206665039 1478.56958008 581.901000977 -404.833984375 1179.3293457
0.0360720157623 8 567.960754395 -125.805763245 1485.88342285 538.51751709 257.813354492 1535.07043457 553.699890137 19.1850280762 1668.41479492 624.008605957 62.1454086304 1359.09033203 419.069091797 -201.707229614 1622.0291748 636.833496094 -140.47052002 1242.83740234 148.185974121 -300.515014648 1478.29248047 581.89855957 -400.398864746 1173.4420166
0.0318238735199 8 566.250732422 -122.558860779 1487.49731445 537.60559082 258.039520264 1535.48413086 555.063964844 21.3411407471 1667.53686523 623.628417969 59.2151489258 1357.44873047 418.579467773 -197.781173706 1623.49438477 637.051879883 -141.245117188 1242.44262695 159.259796143 -298.364959717 1486.87756348 581.94317627 -397.117858887 1163.03710938
0.032044172287 8 566.41394043 -122.365898132 1488.14172363 535.271606445 258.47946167 1535.85229492 557.483825684 21.3119354248 1667.5456543 621.302307129 57.7586669922 1356.03833008 420.885650635 -196.184448242 1624.85473633 631.618408203 -140.954544067 1237.35314941 151.689147949 -289.890014648 1480.79040527 574.787414551 -403.979309082 1157.984375
0.0386300086975 8 564.251159668 -121.774017334 1486.34936523 533.871887207 258.515014648 1536.20471191 558.73651123 24.5488128662 1662.04089355 616.929992676 55.5164718628 1351.8079834 420.578063965 -187.640808105 1632.90063477 632.097900391 -144.338165283 1239.55651855 147.431243896 -281.979278564 1483.31933594 579.040893555 -388.012145996 1153.47351074
0.0322949886322 8 563.97277832 -120.849693298 1486.03027344 533.176391602 258.860778809 1536.64672852 557.445007324 24.7988128662 1661.78942871 614.546203613 53.4503707886 1347.43273926 421.379821777 -188.472961426 1630.7064209 630.008850098 -145.963409424 1238.36120605 154.103637695 -279.349884033 1490.22631836 576.906677246 -380.915283203 1147.48083496
0.0314989089966 8 563.915100098 -120.664665222 1483.3782959 532.057495117 259.527557373 1537.52893066 556.79095459 30.1035003662 1661.82385254 612.601867676 46.8500671387 1327.83703613 421.174224854 -183.202224731 1630.23071289 623.4609375 -157.125061035 1240.42700195 158.943756104 -265.839477539 1492.58666992 574.98034668 -378.539611816 1142.52355957
0.0352931022644 8 565.387145996 -115.017570496 1487.34216309 530.993591309 259.947845459 1538.80444336 559.014587402 49.0939941406 1661.39477539 609.652038574 45.1993255615 1315.18310547 425.52722168 -166.512405396 1629.6373291 618.038818359 -173.050521851 1243.11157227 155.793914795 -236.772323608 1490.32324219 571.275268555 -391.272949219 1143.05236816
0.0316178798676 8 564.45324707 -114.543197632 1490.99499512 530.137634277 260.253173828 1539.98352051 558.810974121 48.2563400269 1660.05834961 608.295593262 41.3262405396 1320.9934082 424.906524658 -169.341400146 1628.42883301 616.452453613 -175.592010498 1243.57922363 154.448608398 -230.689453125 1490.94873047 570.630432129 -382.9140625 1144.66638184
0.0354681015015 8 564.570739746 -111.586784363 1489.5949707 528.757202148 260.06652832 1541.50720215 561.502258301 53.0996551514 1659.68029785 606.601257324 41.6983947754 1314.1036377 426.801452637 -165.189971924 1628.99829102 619.166564941 -177.304000854 1243.18054199 158.219024658 -217.23878479 1493.90466309 567.980041504 -388.338134766 1143.94250488
0.0320239067078 8 563.956970215 -120.275146484 1478.88842773 528.213745117 260.335388184 1542.61401367 568.467895508 56.844291687 1612.33227539 605.479858398 21.0939941406 1313.08886719 429.446228027 -147.299468994 1630.20678711 619.015808105 -197.997634888 1245.734375 162.142456055 -192.974456787 1494.82434082 564.655578613 -408.049072266 1143.13769531
0.0316269397736 8 562.998840332 -115.861175537 1478.11254883 527.009033203 260.947601318 1544.97143555 564.383117676 56.7639770508 1628.03442383 605.27911377 29.8930053711 1307.09790039 427.363037109 -154.434036255 1631.39587402 622.401123047 -193.764251709 1245.75036621 159.720489502 -188.592483521 1498.14477539 567.219543457 -394.38494873 1144.29516602
0.0354840755463 8 562.817565918 -115.511459351 1481.94006348 526.534973145 261.703674316 1547.76428223 562.220825195 53.4253692627 1640.18920898 605.749633789 32.9730987549 1309.62646484 425.780700684 -161.700744629 1631.56201172 623.81439209 -189.883773804 1243.22644043 154.561553955 -182.822402954 1497.86437988 568.827819824 -392.154724121 1144.80151367
0.0355880260468 8 562.688110352 -115.555160522 1488.0057373 526.258178711 262.453155518 1549.21496582 561.783813477 45.1993865967 1646.45935059 606.305297852 40.458114624 1330.81848145 421.65612793 -170.921905518 1631.52819824 624.751220703 -177.869049072 1240.75170898 157.26940918 -186.929458618 1502.54492188 568.096862793 -385.454467773 1144.77429199
0.0324048995972 8 557.70892334 -116.294647217 1479.73950195 525.910217285 262.670013428 1550.79211426 554.939575195 41.7761459351 1645.21240234 614.221557617 41.0064468384 1323.4128418 408.534240723 -173.534912109 1630.1295166 632.97869873 -177.100158691 1234.15551758 152.122802734 -175.983734131 1505.26086426 575.10333252 -387.937988281 1144.00378418
0.0352940559387 8 557.863586426 -116.919937134 1478.36889648 525.5234375 262.792175293 1551.92419434 554.229248047 38.2729721069 1649.00244141 615.068359375 42.1107254028 1321.36328125 398.053741455 -176.116027832 1629.76342773 632.296813965 -172.815826416 1236.21765137 152.655487061 -171.904647827 1510.9029541 577.617797852 -384.522583008 1145.28100586
0.0316791534424 8 555.858032227 -119.22151947 1477.52099609 525.891235352 263.595336914 1553.43798828 549.635498047 30.9051361084 1655.47497559 617.201782227 43.7413024902 1322.8458252 387.311035156 -174.866195679 1631.80834961 633.372802734 -168.983901978 1236.60681152 147.946044922 -164.514968872 1511.12524414 580.68951416 -378.996704102 1147.51269531
0.0311028957367 8 554.474243164 -120.504524231 1476.12475586 526.518310547 263.960784912 1554.62866211 549.324829102 28.629486084 1654.67138672 617.591552734 42.9004364014 1322.95361328 394.045593262 -175.880325317 1633.59985352 631.573913574 -171.100250244 1234.09863281 143.459701538 -154.180953979 1513.6607666 579.322692871 -380.561218262 1145.44714355
0.0355648994446 8 552.52947998 -121.553939819 1475.28430176 527.272705078 264.249267578 1555.9354248 547.105773926 24.1311798096 1661.88476562 617.975769043 47.8557662964 1323.32885742 393.244140625 -181.176681519 1633.72607422 624.358825684 -167.377410889 1229.50402832 143.037185669 -148.217041016 1516.19763184 580.738708496 -384.642883301 1144.8614502
0.0320100784302 8 550.861999512 -123.826622009 1472.89575195 527.822998047 264.527282715 1557.15783691 545.616699219 24.9761657715 1658.89013672 620.565551758 48.3173675537 1323.65893555 386.58807373 -182.91217041 1632.6229248 627.31262207 -163.910385132 1231.79382324 142.972091675 -144.145706177 1517.37609863 586.137695312 -379.260070801 1152.94689941
0.0311930179596 8 549.161560059 -128.462356567 1468.61621094 528.531555176 265.072692871 1558.49377441 542.255126953 22.4957275391 1656.26513672 622.540771484 49.5699157715 1323.81225586 379.780944824 -182.901077271 1632.05566406 628.672607422 -162.656921387 1231.54870605 130.954971313 -131.998764038 1522.33349609 590.773498535 -369.801055908 1148.69750977
0.0354940891266 8 543.73449707 -142.234085083 1470.58520508 528.964294434 265.25769043 1559.86743164 530.385253906 17.4134674072 1644.68188477 610.295043945 27.3480377197 1319.63208008 386.973022461 -161.249969482 1636.06677246 615.116271973 -184.450653076 1228.77429199 151.533126831 -103.475021362 1527.96032715 575.664245605 -401.837493896 1147.42895508
0.0316569805145 8 540.312988281 -146.315063477 1466.28552246 530.092346191 265.073547363 1559.60961914 522.626708984 14.5328369141 1630.70166016 605.452636719 15.9207458496 1315.7734375 350.848999023 -143.408859253 1631.97802734 610.408874512 -195.300415039 1227.42004395 148.049636841 -77.0075378418 1529.74597168 568.489562988 -427.263061523 1154.11889648
0.035346031189 8 537.166992188 -149.004241943 1462.79187012 531.046020508 265.025421143 1560.22546387 514.675720215 13.9873657227 1617.61291504 602.409973145 7.46780395508 1313.45495605 334.653930664 -136.548049927 1632.58227539 607.343200684 -203.986373901 1225.51855469 146.198120117 -58.0924072266 1531.07824707 569.731811523 -427.57623291 1148.45739746
0.0368809700012 8 535.953613281 -147.298065186 1460.94995117 532.647583008 264.808288574 1560.68884277 510.802337646 13.6757965088 1617.7590332 606.057861328 9.71299743652 1314.09228516 323.720275879 -137.255340576 1631.04943848 608.821838379 -201.417633057 1224.54064941 144.754821777 -53.6969528198 1534.44702148 570.16204834 -422.567321777 1150.09130859
0.0317358970642 8 538.73046875 -147.702514648 1462.66271973 534.214294434 264.825683594 1560.77038574 514.57244873 13.8453979492 1624.44873047 608.833435059 13.8359680176 1314.85546875 319.536102295 -137.636734009 1632.54760742 610.361206055 -195.494155884 1225.62780762 146.873962402 -52.9360351562 1535.96020508 571.065185547 -422.41973877 1148.71179199
0.0415380001068 8 542.419616699 -147.081466675 1469.96057129 535.791992188 264.939727783 1561.25683594 508.113891602 19.8673095703 1623.05053711 615.397094727 6.25970458984 1316.18774414 318.12677002 -133.843170166 1632.50842285 615.736633301 -201.592971802 1227.82397461 142.832778931 -39.1147537231 1538.98010254 572.624755859 -432.277526855 1154.57043457
0.035325050354 8 541.462341309 -149.287063599 1469.68591309 537.358093262 264.668640137 1561.12084961 507.046691895 17.5883483887 1625.03967285 614.08782959 6.92980957031 1316.4263916 315.716125488 -132.444900513 1632.64196777 612.292236328 -199.570541382 1224.93029785 137.717010498 -25.6673660278 1539.97485352 573.802734375 -428.150817871 1153.45324707
0.0292720794678 8 540.315979004 -150.7837677 1468.81359863 538.492492676 264.343383789 1560.85339355 506.319488525 14.3638763428 1627.50036621 612.482910156 7.77250671387 1316.29211426 313.49017334 -131.192489624 1633.15222168 610.73626709 -197.845077515 1223.8861084 155.074676514 -28.2137145996 1542.77648926 571.862731934 -426.306488037 1152.56860352
0.0366888046265 8 538.962463379 -151.643844604 1469.14672852 540.040283203 265.119873047 1559.8939209 503.666595459 11.5186157227 1629.36413574 611.732971191 7.77346801758 1318.05749512 279.241210938 -118.031173706 1619.79223633 607.729614258 -196.424484253 1222.7623291 144.707199097 -16.7541732788 1549.41235352 566.484069824 -429.176574707 1150.76867676
0.0331451892853 8 538.716430664 -153.344070435 1471.48901367 541.437194824 265.629699707 1559.42102051 502.091156006 12.3663024902 1629.24902344 611.805786133 6.09240722656 1320.07055664 266.250793457 -110.467849731 1616.63635254 606.932678223 -199.187683105 1223.45690918 165.852661133 -14.2263031006 1552.78857422 569.369812012 -372.159912109 1159.33984375
0.0297069549561 8 537.737121582 -154.522216797 1471.31140137 544.453552246 265.585693359 1557.71716309 501.890380859 11.7605285645 1629.07495117 610.609985352 4.90228271484 1319.33227539 270.55065918 -106.364013672 1619.2434082 604.413574219 -200.970626831 1223.21325684 169.659896851 -10.1725006104 1558.40881348 565.988586426 -374.777038574 1156.95800781
0.0308248996735 8 536.820983887 -155.848617554 1469.11047363 545.145751953 266.042602539 1557.63110352 503.795013428 11.5846862793 1627.56689453 609.122558594 5.11883544922 1317.13989258 271.373718262 -100.873817444 1617.6204834 601.20123291 -202.128051758 1222.34265137 170.676055908 -2.25170135498 1564.96728516 554.021362305 -445.577575684 1151.73120117
0.035208940506 8 536.370849609 -155.823394775 1467.28015137 546.071105957 265.868713379 1557.73657227 499.974151611 14.4317016602 1620.55908203 609.088867188 3.5729675293 1315.2578125 269.945068359 -92.4599151611 1617.30615234 599.064819336 -206.591567993 1222.45202637 169.076156616 11.0776901245 1565.27526855 552.514465332 -450.722961426 1148.53723145
0.0310111045837 8 536.775634766 -156.756622314 1467.20336914 547.832458496 265.67855835 1558.57409668 500.540527344 14.986328125 1619.93798828 608.948730469 3.04205322266 1314.25927734 267.455688477 -90.6458816528 1615.84375 598.848449707 -207.72593689 1223.48620605 165.189422607 26.8673782349 1563.31970215 548.562316895 -456.220825195 1150.87805176
0.0311760902405 8 533.138244629 -153.795654297 1450.13476562 548.774658203 265.511108398 1559.16174316 491.913146973 8.5002746582 1605.7989502 613.327636719 10.8017578125 1313.21081543 256.691436768 -91.0470581055 1619.63659668 602.877197266 -199.848144531 1224.92199707 150.152160645 30.1791915894 1564.64624023 564.389831543 -429.438232422 1149.64746094
0.0354659557343 8 533.197692871 -156.677322388 1453.76574707 550.360046387 265.371673584 1559.49072266 490.707580566 8.55387878418 1609.8482666 610.845214844 8.06007385254 1311.28430176 259.138885498 -88.4871520996 1623.18017578 600.355102539 -202.58215332 1224.73596191 152.298339844 43.3951416016 1565.96728516 560.794128418 -432.485534668 1149.91113281
0.0310280323029 8 533.442871094 -158.498718262 1456.87890625 551.954528809 264.860412598 1559.57971191 492.43762207 9.89288330078 1613.30322266 609.70526123 6.35424804688 1310.20483398 261.096160889 -86.8145217896 1625.77075195 599.080749512 -204.752883911 1225.78149414 164.419647217 46.816368103 1568.04553223 560.724487305 -432.14730835 1150.84069824
0.031378030777 8 531.67980957 -159.538192749 1457.63098145 553.674926758 264.679290771 1559.71252441 490.448760986 9.52793884277 1615.21923828 607.721435547 5.8716583252 1309.39233398 263.231689453 -83.3875961304 1628.80810547 598.091491699 -206.282791138 1226.36352539 163.380172729 52.2244338989 1571.39013672 554.085266113 -440.872924805 1152.43798828
0.0352289676666 8 530.10345459 -158.293624878 1456.91320801 556.181335449 264.706176758 1559.38439941 489.986419678 10.1067199707 1614.84558105 605.548522949 6.46469116211 1308.34191895 256.404052734 -52.3540725708 1625.47387695 596.875610352 -206.379592896 1226.05712891 150.854156494 78.5727157593 1569.56945801 557.458190918 -433.842681885 1153.37463379
0.0320618152618 8 528.592895508 -158.202438354 1459.11376953 558.066467285 264.711730957 1559.2644043 487.695343018 11.8945465088 1614.60021973 603.608520508 5.30680847168 1309.38391113 248.256988525 -40.4594116211 1622.21813965 596.276489258 -207.949905396 1226.6348877 149.502426147 93.4246520996 1571.57177734 559.754333496 -431.871826172 1150.47741699
0.0312490463257 8 527.86907959 -158.999801636 1465.26074219 559.689697266 265.145324707 1558.65234375 487.124084473 9.53053283691 1616.89233398 601.728820801 10.5650787354 1327.9753418 244.043411255 -33.3322982788 1624.92321777 595.262268066 -205.84475708 1226.03503418 158.753936768 96.9233932495 1573.89489746 562.642272949 -426.779663086 1150.11804199
0.0500121116638 8 527.457275391 -158.020675659 1468.62854004 561.247619629 265.369995117 1558.56103516 485.503723145 11.5830841064 1617.75878906 601.788757324 14.5404510498 1336.48144531 243.398513794 -27.2791061401 1626.80957031 594.804260254 -206.575744629 1225.75915527 161.856903076 102.981971741 1581.56689453 559.813720703 -429.718261719 1150.12719727
0.0317549705505 8 526.235900879 -157.424850464 1471.27526855 564.891479492 265.678039551 1559.38806152 484.140228271 13.7862854004 1618.72351074 600.393188477 16.4354858398 1340.5098877 241.302886963 -14.899641037 1631.7388916 594.123046875 -207.232650757 1225.61779785 162.461715698 112.245162964 1584.18469238 560.011047363 -427.476928711 1150.63342285
0.0280349254608 8 525.498779297 -156.047988892 1472.94189453 565.486633301 266.157348633 1559.98376465 482.472595215 16.1051025391 1619.57495117 598.426208496 20.6396484375 1344.67553711 239.92805481 -4.91197013855 1633.37524414 597.102050781 -200.621932983 1228.42480469 157.787277222 126.39074707 1586.29577637 553.073974609 -448.473083496 1144.74511719
0.0334949493408 8 525.095947266 -155.802902222 1472.29211426 565.859008789 266.883911133 1561.37145996 482.355133057 16.9061889648 1620.27612305 597.77557373 19.8115234375 1340.26293945 239.728851318 1.48321151733 1634.24108887 595.762145996 -202.439743042 1227.76269531 164.151611328 127.169708252 1591.04785156 563.93182373 -374.913208008 1161.99707031
0.0298662185669 8 524.020446777 -153.836959839 1474.13867188 566.856140137 267.465270996 1562.34399414 479.249053955 17.8376922607 1622.50817871 596.803894043 21.3338775635 1341.82116699 237.268997192 11.417798996 1639.4967041 595.136291504 -201.113250732 1227.62878418 165.906799316 134.234039307 1594.44970703 562.410766602 -380.489746094 1159.69567871
0.0346028804779 8 523.545227051 -153.499008179 1475.3067627 568.615478516 268.203186035 1563.68127441 478.367614746 19.5313873291 1623.86865234 596.37298584 22.5807647705 1342.10327148 248.117553711 21.8000354767 1660.76367188 595.19909668 -199.741836548 1227.48803711 165.469467163 144.26776123 1602.44433594 559.728088379 -378.884155273 1159.22692871
0.0311748981476 8 526.370056152 -148.878814697 1477.50097656 570.010131836 268.885192871 1564.79431152 477.554412842 24.5428009033 1625.11206055 600.308105469 25.2210540771 1341.59863281 252.090774536 21.4413127899 1665.69567871 599.888977051 -196.15284729 1230.4152832 170.04473877 136.016357422 1600.80175781 576.985839844 -403.77166748 1154.20373535
0.0315010547638 8 525.432861328 -149.886383057 1476.97460938 571.411621094 268.909973145 1565.43066406 478.183410645 24.0174865723 1625.5057373 599.056640625 25.8754882812 1341.97888184 253.643966675 31.0116653442 1670.22180176 599.271362305 -196.890396118 1231.50878906 168.135803223 147.29901123 1602.3873291 578.960754395 -396.775085449 1150.17822266
0.0350589752197 8 524.357666016 -147.131759644 1480.5065918 572.145751953 269.286315918 1565.63562012 477.112548828 26.4743499756 1626.53527832 596.050354004 32.0041656494 1352.18664551 249.697479248 36.700138092 1668.61413574 598.940734863 -198.530593872 1232.29516602 162.467651367 171.452056885 1605.41174316 580.06060791 -341.967224121 1255.36499023
0.0419001579285 8 524.370849609 -133.154769897 1474.56030273 574.161865234 270.102233887 1566.62426758 470.759368896 25.0497436523 1627.234375 603.374755859 42.6756973267 1356.00952148 242.914047241 31.5978832245 1665.44543457 611.610107422 -160.678985596 1254.87255859 153.077636719 169.656906128 1602.29602051 583.574707031 -346.488800049 1264.20983887
0.0324289798737 8 509.273498535 -113.126945496 1460.47753906 574.814941406 270.700439453 1567.07849121 447.91104126 24.1793823242 1612.88220215 624.854736328 41.8378448486 1368.4317627 217.745666504 44.3060951233 1650.87023926 639.112121582 -150.008621216 1274.88476562 130.797302246 180.932113647 1588.92175293 612.507324219 -385.821166992 1183.86584473
0.0325989723206 8 514.38482666 -114.592765808 1468.52770996 575.032958984 271.375762939 1567.81115723 456.296325684 25.987953186 1619.30981445 614.806335449 41.6507339478 1361.86962891 226.054351807 51.8585243225 1657.09887695 626.808654785 -161.27822876 1262.84350586 143.633239746 189.34664917 1600.25708008 589.000366211 -413.592773438 1170.50292969
0.0305280685425 8 516.592773438 -114.289321899 1469.15869141 575.263305664 272.092987061 1567.53942871 459.410736084 26.873550415 1622.61560059 611.959289551 45.409866333 1358.94445801 230.095809937 50.9522857666 1656.6673584 621.778198242 -164.071868896 1257.51330566 146.705276489 195.578353882 1603.48303223 587.419128418 -408.583282471 1182.8885498
0.0311858654022 8 517.462463379 -114.529190063 1469.32983398 575.718688965 272.295410156 1566.94433594 459.84173584 28.3937149048 1623.98791504 611.734802246 48.6417160034 1359.08361816 229.818527222 53.7897796631 1653.42578125 621.336364746 -154.867553711 1265.47607422 149.866592407 202.8855896 1601.76782227 586.992370605 -411.971557617 1183.6517334
0.0345010757446 8 518.880554199 -115.121360779 1470.74035645 576.883361816 272.883880615 1566.92785645 460.979095459 31.2300720215 1624.44445801 610.266784668 54.003616333 1363.77502441 230.506698608 64.6608581543 1650.7590332 622.123168945 -148.388534546 1270.44018555 157.873382568 196.07925415 1605.36535645 588.274108887 -415.300231934 1178.76379395
0.0311679840088 8 519.355285645 -116.656547546 1471.00317383 577.448974609 273.24786377 1567.01806641 462.573120117 32.4430084229 1623.87756348 609.68548584 56.4746627808 1367.60339355 232.706085205 83.6045837402 1643.97277832 621.134216309 -143.111053467 1272.11791992 160.95375061 206.675689697 1608.94750977 587.203857422 -415.090332031 1178.56921387
0.031779050827 8 522.346679688 -121.97505188 1471.50354004 578.080566406 273.320861816 1567.15283203 464.764160156 23.7637023926 1623.96398926 619.428344727 45.8014526367 1370.38024902 232.865036011 88.0530853271 1644.63220215 616.672424316 -134.594787598 1270.57556152 159.656112671 214.207473755 1611.17626953 589.13104248 -403.711151123 1171.21350098
0.0347888469696 8 521.890014648 -121.247573853 1473.39147949 578.47253418 273.337585449 1567.35998535 466.084991455 29.813873291 1625.92614746 614.686584473 52.5324630737 1371.46081543 232.142074585 102.116378784 1642.88293457 613.893188477 -136.187530518 1269.01757812 166.312164307 212.435195923 1612.16186523 590.339660645 -403.193511963 1179.25732422
0.0315539836884 8 521.280944824 -121.427864075 1473.34106445 579.05847168 273.140594482 1567.84020996 465.205749512 31.2055206299 1625.90637207 616.352355957 53.5854187012 1373.09460449 230.913803101 108.615249634 1640.20727539 611.399597168 -135.446395874 1273.18615723 171.972885132 210.489349365 1612.4128418 586.955627441 -407.484069824 1185.00756836
0.0316841602325 8 526.521484375 -123.560127258 1479.87475586 580.59185791 273.271362305 1567.71008301 473.154296875 32.2637634277 1630.92675781 613.799560547 48.9412689209 1367.7512207 239.31022644 111.321037292 1644.49462891 603.392089844 -138.269317627 1268.95019531 162.29624939 234.356536865 1614.51428223 574.771240234 -413.001373291 1179.88842773
0.0457248687744 8 527.829162598 -122.809280396 1480.34973145 581.475219727 274.10723877 1567.79553223 475.41217041 34.9166717529 1631.16699219 609.372009277 51.1140899658 1364.27954102 243.646713257 117.228546143 1650.00146484 603.016967773 -141.019775391 1268.19299316 160.279556274 243.447845459 1614.24584961 578.938476562 -412.757629395 1169.5769043
0.0323991775513 8 528.97833252 -123.141029358 1480.97241211 582.287780762 274.55682373 1567.80029297 476.611785889 36.3572540283 1631.12304688 606.503173828 51.1108779907 1361.16699219 248.011505127 119.982681274 1654.0715332 604.896789551 -149.425811768 1274.93664551 157.133056641 248.960388184 1616.18371582 585.098693848 -403.217712402 1175.27954102
0.0289499759674 8 530.763977051 -125.129005432 1481.13891602 583.330322266 274.9581604 1565.27770996 478.830444336 35.4170532227 1632.18847656 609.028442383 48.4290008545 1358.49975586 264.170532227 121.201454163 1663.8170166 607.002197266 -155.568588257 1274.9173584 159.208862305 247.467910767 1617.75134277 576.907897949 -403.4453125 1180.39172363
0.0346698760986 8 532.097045898 -125.50630188 1481.81738281 584.1796875 274.337219238 1563.5222168 480.523223877 36.4685211182 1632.70532227 611.08972168 46.2387237549 1355.61645508 272.809020996 119.512954712 1668.12683105 606.509216309 -159.483016968 1276.3046875 160.239746094 247.305236816 1619.16259766 617.309875488 -346.87713623 1198.2467041
0.0314140319824 8 533.309326172 -125.472198486 1480.72277832 585.010681152 274.549865723 1562.9666748 482.170593262 39.4234008789 1632.61132812 611.664916992 45.3695678711 1348.2487793 276.962524414 117.614929199 1668.69140625 606.440246582 -162.181777954 1276.75744629 169.573638916 244.528930664 1619.6081543 573.518066406 -348.974914551 1175.58544922
0.0306210517883 8 533.490783691 -125.819862366 1482.33251953 586.157653809 274.46875 1562.34289551 483.912963867 40.5590820312 1632.65759277 609.3515625 46.5949859619 1350.97106934 277.93548584 115.204170227 1670.44726562 605.992614746 -163.967926025 1277.14489746 161.054168701 250.47958374 1619.8416748 571.479003906 -370.055541992 1184.68371582
0.0352120399475 8 531.918395996 -116.581085205 1476.17138672 586.494812012 274.448822021 1561.79296875 478.342834473 36.0482254028 1629.39001465 615.016662598 52.5812911987 1357.34069824 272.097351074 107.937896729 1668.12353516 611.370605469 -153.988342285 1277.43041992 155.603103638 237.175979614 1615.98059082 572.231201172 -423.947937012 1174.75402832
0.0309879779816 8 531.584838867 -113.210083008 1472.98242188 587.531738281 274.096405029 1561.82006836 476.574432373 33.789680481 1628.22045898 616.125793457 56.5258407593 1359.94946289 270.325500488 103.458648682 1666.8347168 613.544555664 -149.311309814 1277.33056641 152.980499268 234.829101562 1615.0447998 574.097045898 -422.761688232 1176.64001465
0.0320148468018 8 535.722351074 -111.920295715 1477.63867188 587.947387695 274.296112061 1561.65332031 484.654785156 34.2318496704 1632.51416016 610.392089844 54.1337966919 1355.96191406 280.5050354 99.6073455811 1671.12280273 606.485229492 -128.077087402 1288.54187012 156.13092041 238.202346802 1622.4473877 574.992492676 -412.856079102 1172.99694824
0.0344669818878 8 535.828308105 -107.999313354 1480.95141602 588.483703613 274.292816162 1561.57214355 484.774047852 36.728012085 1632.82849121 610.622924805 51.8058624268 1356.50354004 278.837005615 103.014015198 1672.95092773 609.579223633 -127.672637939 1295.27026367 157.821960449 234.109741211 1627.265625 570.690429688 -360.326660156 1179.07312012
0.031327009201 8 530.492431641 -116.096992493 1482.85864258 588.724121094 274.653503418 1562.30859375 481.082336426 40.6550674438 1632.22802734 614.485290527 46.4355545044 1356.95336914 264.13394165 118.185516357 1682.32409668 613.513305664 -130.10836792 1297.48962402 82.341293335 388.686462402 1649.27502441 580.145629883 -409.175994873 1185.39953613
0.0317890644073 8 528.322998047 -118.96144104 1483.3458252 589.036254883 275.299987793 1562.4519043 478.51864624 42.1228408813 1631.34606934 615.664306641 45.270072937 1357.91784668 246.092285156 121.528770447 1685.66333008 613.555541992 -141.465881348 1288.03222656 91.4962463379 381.139923096 1650.45324707 578.860290527 -354.840209961 1182.83044434
0.0354409217834 8 525.925292969 -124.769622803 1484.19128418 589.614135742 275.801116943 1562.21313477 485.617767334 42.3102493286 1635.81298828 608.42388916 43.7016830444 1352.50634766 242.197021484 109.991004944 1693.63208008 605.249694824 -149.001281738 1280.9473877 114.268501282 374.688964844 1660.67700195 558.88269043 -429.989257812 1176.9453125
0.0310101509094 8 526.983886719 -123.910202026 1487.52282715 590.729370117 275.652954102 1561.48986816 483.789154053 45.1520233154 1636.62329102 609.987121582 42.1099395752 1352.51708984 234.023071289 97.4831466675 1701.05957031 605.745727539 -153.112548828 1279.16723633 126.330780029 366.334655762 1655.16577148 572.013183594 -377.025817871 1173.90405273
0.031229019165 8 527.667175293 -122.123672485 1488.32458496 591.30255127 275.773864746 1560.45568848 484.852355957 46.5436019897 1637.96691895 609.932128906 40.9445266724 1349.34313965 247.508041382 65.2061080933 1705.33044434 605.215637207 -157.068603516 1278.6126709 146.959350586 337.158416748 1655.79675293 574.707885742 -370.131103516 1178.11975098
0.0360350608826 8 529.368713379 -122.882736206 1489.8918457 591.686828613 275.829742432 1558.98937988 487.583892822 46.9163894653 1639.67907715 609.497192383 41.5498275757 1350.05163574 260.229644775 32.4635772705 1706.82653809 606.583007812 -156.862030029 1278.14685059 161.106964111 298.774963379 1647.24255371 578.560241699 -414.015838623 1170.92443848
0.031721830368 8 532.667236328 -125.038864136 1490.99060059 591.365783691 275.914855957 1558.31433105 497.852661133 44.0762786865 1639.98950195 610.058105469 38.6568450928 1352.32910156 267.534057617 2.13606262207 1716.44604492 607.720336914 -160.030776978 1279.85168457 169.195098877 260.687194824 1642.80126953 578.72442627 -356.653930664 1175.33251953
0.0317239761353 8 534.528259277 -126.067344666 1489.51745605 591.400634766 275.738769531 1557.31652832 505.943084717 44.1051101685 1636.87792969 608.899902344 39.4964599609 1353.32519531 284.495727539 -22.4784545898 1728.78857422 608.487121582 -166.00479126 1280.515625 178.245681763 222.632827759 1634.45788574 578.402160645 -370.994628906 1175.66381836
0.035539150238 8 536.724853516 -128.213577271 1489.13378906 591.331787109 275.797088623 1556.42736816 512.078491211 41.2766494751 1634.95031738 609.012390137 35.8191375732 1353.24914551 310.700439453 -54.0743255615 1732.78894043 607.572509766 -167.792007446 1277.50646973 177.099151611 175.080535889 1625.06481934 577.28112793 -375.809631348 1177.02624512
0.0321609973907 8 538.590148926 -128.575286865 1487.93347168 591.293701172 275.836395264 1555.41137695 517.726379395 40.8385848999 1633.21533203 608.758911133 35.4051361084 1352.17651367 325.912567139 -72.591178894 1730.74267578 606.01739502 -167.948501587 1274.74157715 171.693344116 108.529579163 1616.26977539 576.950500488 -379.196899414 1177.53820801
0.0335650444031 8 535.533752441 -121.914321899 1478.28442383 590.237060547 275.149291992 1553.75756836 513.459960938 36.8992004395 1629.92529297 615.541503906 39.5417480469 1350.86914062 342.372192383 -111.211715698 1725.13684082 611.627441406 -167.647644043 1261.3458252 168.216491699 27.9536590576 1611.60205078 583.077392578 -368.775512695 1180.48742676
0.035190820694 8 541.186950684 -115.884216309 1478.85827637 589.878356934 274.388671875 1552.80175781 528.815124512 37.5566635132 1642.26000977 624.374206543 52.0430679321 1355.25561523 347.114898682 -131.92791748 1717.22924805 619.873840332 -157.930450439 1258.9041748 153.357635498 -49.6297225952 1591.66247559 588.403259277 -412.878479004 1177.29675293
0.0313999652863 8 545.343566895 -112.495223999 1478.83044434 589.159606934 274.59487915 1552.18701172 538.92401123 37.2812576294 1649.6472168 628.725769043 59.5905990601 1356.00341797 372.280883789 -144.688262939 1701.25317383 627.171020508 -148.722229004 1265.44787598 148.282623291 -127.564407349 1587.73596191 597.24407959 -340.114990234 1192.4239502
0.0362792015076 8 555.032409668 -114.569015503 1483.71252441 588.537963867 274.98260498 1550.6003418 540.73046875 42.7655792236 1654.21704102 640.28515625 60.3739471436 1356.60058594 393.224884033 -147.801559448 1688.44580078 641.381225586 -154.836959839 1257.74304199 154.817550659 -211.338424683 1578.03540039 612.163146973 -334.368713379 1197.76220703
0.0315928459167 8 554.380859375 -116.473907471 1476.50695801 587.958679199 275.308441162 1549.04785156 544.342163086 38.1838684082 1656.1385498 639.991943359 62.7220840454 1346.71154785 410.1769104 -160.351287842 1661.39367676 642.085144043 -152.755767822 1251.75048828 154.801849365 -263.043212891 1633.89343262 611.07989502 -354.837799072 1196.36914062
0.031909942627 8 554.544250488 -111.577514648 1474.87792969 587.432434082 275.396789551 1547.79296875 547.253234863 36.2893753052 1655.98181152 639.258850098 65.5795822144 1347.77478027 435.893249512 -183.066955566 1653.64904785 639.318664551 -151.148132324 1249.65515137 236.025405884 -367.730895996 1610.29504395 599.025817871 -389.029602051 1169.35974121
0.036963224411 8 554.778198242 -116.431098938 1472.52148438 585.600280762 275.479827881 1547.64624023 547.044250488 34.4443664551 1652.96801758 638.856994629 60.235824585 1341.74023438 436.975921631 -185.86807251 1653.4564209 638.708862305 -149.841583252 1249.79968262 266.862854004 -394.606719971 1595.11486816 605.711669922 -374.326721191 1171.15319824
0.0316228866577 8 553.566162109 -111.711875916 1466.89648438 583.662841797 276.102416992 1547.87902832 551.501281738 44.5742263794 1649.38012695 633.203796387 62.7913284302 1322.20239258 449.604309082 -182.740447998 1650.46496582 642.517150879 -142.981964111 1256.75073242 298.147583008 -417.369445801 1599.11804199 596.136962891 -389.854919434 1157.48193359
0.0317649841309 8 555.900390625 -116.011032104 1472.94006348 581.919311523 277.361907959 1548.25927734 561.303649902 46.4576187134 1649.82653809 624.830871582 55.9022750854 1319.94152832 462.761016846 -185.777404785 1648.97595215 633.96295166 -149.540252686 1249.11230469 321.972961426 -438.187988281 1607.02490234 593.573364258 -366.472900391 1156.87902832
0.0353579521179 8 555.222351074 -124.008293152 1463.66821289 578.397094727 278.743621826 1548.36364746 568.959533691 42.1806182861 1638.7220459 619.43963623 55.7279968262 1315.2689209 471.943084717 -189.165878296 1650.3380127 634.042114258 -139.538253784 1232.48193359 345.592773438 -452.657653809 1607.33166504 580.047302246 -383.846435547 1144.23535156
0.0322670936584 8 554.340332031 -121.799293518 1458.75817871 572.587646484 281.767150879 1548.93725586 565.771118164 44.8917922974 1634.53466797 615.151000977 54.7237014771 1303.98193359 480.35369873 -175.017089844 1658.33032227 638.786499023 -139.70111084 1223.94775391 518.674316406 -341.516296387 1704.51940918 578.353088379 -390.102325439 1139.22717285
0.0318219661713 8 555.265869141 -120.484237671 1461.01855469 563.83380127 284.709960938 1552.24023438 565.592224121 45.2405548096 1637.58422852 615.937316895 54.5654754639 1304.73876953 494.687011719 -169.044174194 1662.87768555 636.431213379 -136.830932617 1213.31091309 518.399597168 -343.390380859 1706.25488281 575.615783691 -386.456604004 1138.81933594
0.0395541191101 8 556.590454102 -117.614723206 1459.62084961 562.972167969 284.477142334 1551.4543457 567.230285645 43.6527099609 1638.3371582 614.157287598 56.9828033447 1303.85913086 508.619934082 -166.443161011 1665.66027832 631.880004883 -138.343429565 1219.91357422 508.214447021 -345.838867188 1702.1583252 574.243591309 -377.303405762 1138.30664062
0.0333828926086 8 556.071472168 -114.050735474 1455.87548828 564.497619629 283.250091553 1550.94250488 571.925109863 43.1466674805 1633.89538574 611.708312988 58.5368347168 1301.69519043 515.756896973 -161.276062012 1664.1986084 625.966247559 -140.191589355 1215.44250488 502.120941162 -347.211730957 1699.31469727 567.250305176 -376.735473633 1132.88537598
0.0313239097595 8 555.708312988 -110.602409363 1453.12487793 565.289855957 283.14239502 1550.1529541 569.267883301 40.8869094849 1634.53344727 614.997619629 60.2695388794 1300.38476562 514.429016113 -160.346221924 1665.24304199 627.066894531 -138.887512207 1219.39782715 496.188903809 -344.136413574 1709.7467041 564.083251953 -377.197753906 1131.93493652
0.035441160202 8 555.454589844 -107.775596619 1448.98022461 564.77130127 283.413726807 1549.61010742 576.46295166 40.8601913452 1626.69104004 613.391662598 55.3806381226 1293.61462402 523.904724121 -153.298919678 1658.58093262 622.934753418 -140.161346436 1214.29418945 499.272644043 -331.828674316 1714.7208252 560.238037109 -379.632995605 1131.98779297
0.0312960147858 8 554.161804199 -102.83543396 1451.15771484 564.45324707 283.803344727 1549.43164062 572.354309082 38.8186798096 1631.36328125 617.992858887 57.4702301025 1299.17553711 527.09564209 -150.978378296 1652.43701172 624.823059082 -135.9090271 1213.87817383 491.893798828 -325.905883789 1717.01745605 560.323364258 -373.408691406 1131.14575195
0.0313398838043 8 558.369934082 -102.804878235 1452.67016602 563.698608398 284.732147217 1549.10839844 562.999511719 41.4828643799 1632.49108887 625.64050293 55.4620361328 1299.03991699 519.793518066 -139.919006348 1648.75109863 632.487915039 -138.229278564 1217.86437988 481.487518311 -317.893249512 1719.74377441 566.307189941 -374.322631836 1131.45300293
0.0357940196991 8 551.886535645 -99.9552536011 1450.77062988 562.989990234 285.486480713 1548.95690918 564.523864746 50.1886825562 1631.32189941 602.722229004 63.9964828491 1290.03088379 558.008666992 -84.1762466431 1656.41577148 629.544555664 -143.601196289 1214.45556641 474.08291626 -313.876800537 1723.49487305 561.631774902 -385.269470215 1128.75854492
0.0314660072327 8 554.629394531 -101.006759644 1450.50305176 562.584716797 286.230773926 1549.32714844 567.053771973 62.8495254517 1610.67932129 596.918762207 55.2238998413 1287.82751465 566.417419434 -85.7402267456 1656.20373535 617.140930176 -145.033447266 1215.80004883 484.875823975 -312.520263672 1729.41040039 550.243225098 -381.163024902 1128.55786133
0.031506061554 8 556.976257324 -105.60723114 1460.02209473 561.591186523 288.026031494 1549.03796387 574.90826416 64.8037414551 1619.13867188 596.150939941 48.244430542 1288.34057617 567.305236816 -84.0771026611 1656.57104492 612.626525879 -147.898376465 1213.15795898 488.634429932 -307.523681641 1732.68017578 546.001098633 -387.086303711 1127.37548828
0.0356669425964 8 558.296325684 -106.097518921 1461.80151367 561.934570312 288.662719727 1548.44458008 578.488891602 61.8280563354 1622.8347168 597.72668457 47.7580947876 1290.59350586 593.271850586 -124.652290344 1681.54333496 611.134887695 -143.680053711 1211.92797852 484.800170898 -309.259216309 1734.57409668 544.94708252 -388.498779297 1125.5625
0.0315659046173 8 559.64654541 -107.22164917 1462.69714355 562.214111328 289.119384766 1547.31604004 585.031555176 62.9035797119 1618.9699707 596.70501709 46.89503479 1292.74731445 595.67767334 -124.999649048 1681.7142334 609.187255859 -141.099700928 1209.69177246 485.713867188 -311.788482666 1738.16369629 546.184631348 -382.736297607 1126.38342285
0.0318901538849 8 560.808410645 -106.099143982 1461.09814453 562.430480957 288.605377197 1546.36022949 589.0390625 64.5801239014 1617.04418945 590.801147461 50.8732910156 1291.66479492 594.670654297 -118.834030151 1678.18908691 609.212097168 -139.668563843 1208.46240234 481.696502686 -310.425415039 1731.20739746 548.660339355 -382.305603027 1124.98876953
0.0354299545288 8 562.679992676 -104.795883179 1460.27856445 563.104309082 288.53717041 1544.80065918 593.409118652 64.7610397339 1617.16809082 588.170349121 52.8558425903 1290.56018066 593.123596191 -117.652885437 1676.68371582 609.608215332 -133.557556152 1206.67504883 480.085723877 -310.521087646 1724.10559082 550.827392578 -383.55090332 1124.83166504
0.0358939170837 8 563.343261719 -101.734436035 1462.58276367 564.608581543 289.036560059 1543.63952637 592.004882812 67.3169708252 1621.03527832 585.418579102 59.5578765869 1295.23718262 593.715209961 -113.992935181 1675.8527832 609.382873535 -125.726455688 1204.19018555 476.097961426 -303.076843262 1726.36901855 553.504577637 -382.61114502 1125.39147949
0.0332009792328 8 558.601257324 -72.9651947021 1472.54443359 568.220825195 290.452026367 1539.36938477 578.361572266 94.1953582764 1636.31921387 587.494995117 101.980911255 1318.54968262 586.78918457 -112.651412964 1682.35388184 612.6484375 -96.2318572998 1204.6015625 469.653411865 -303.243408203 1730.30761719 556.781860352 -378.213012695 1124.3729248
0.035539150238 8 558.077514648 -52.1775588989 1459.33825684 573.365539551 290.572357178 1533.35412598 586.563964844 104.318145752 1609.82824707 581.742797852 118.186965942 1323.81872559 590.273620605 -94.5659179688 1683.84460449 607.327148438 -90.5718536377 1206.97009277 478.236480713 -288.027832031 1739.04199219 552.62677002 -383.499511719 1123.47045898
0.0308899879456 8 557.91796875 -44.0287437439 1449.12109375 573.040893555 290.756195068 1533.68029785 589.853027344 111.450927734 1599.65014648 577.880126953 125.867385864 1312.77734375 596.309936523 -77.9683532715 1686.71850586 603.598876953 -97.9869995117 1208.65722656 485.848114014 -274.059570312 1740.82043457 551.946533203 -391.600006104 1124.55175781
0.0314629077911 8 561.935302734 -43.645362854 1449.53027344 573.104125977 290.494720459 1532.7902832 614.755615234 97.6995544434 1621.67211914 587.239746094 137.316757202 1311.64038086 582.045593262 -69.1231689453 1678.5213623 610.993041992 -89.8104248047 1212.1973877 481.201080322 -273.866577148 1744.96679688 561.165649414 -395.008605957 1119.68981934
0.0356681346893 8 560.15222168 -46.6282157898 1448.76477051 579.602722168 290.954528809 1526.48193359 610.277832031 94.0751037598 1621.63659668 590.39855957 137.037506104 1316.30041504 579.264892578 -73.7343292236 1675.89929199 613.600280762 -82.2930603027 1215.32116699 475.02230835 -269.272460938 1727.24060059 567.758178711 -386.741516113 1120.82202148
0.0313959121704 8 561.09576416 -34.4800224304 1446.65539551 581.045593262 290.065246582 1525.7611084 607.431640625 106.64781189 1617.06445312 588.671142578 149.342483521 1317.99975586 580.497802734 -82.8983917236 1673.1060791 612.678466797 -70.5477294922 1218.26879883 463.751342773 -271.438934326 1717.60620117 568.264465332 -374.751525879 1124.39648438
0.0320398807526 8 555.54498291 -28.0871124268 1442.91760254 582.915588379 291.506713867 1524.92431641 605.641967773 122.573303223 1619.50512695 566.303955078 157.886016846 1295.64331055 576.878845215 -56.2156066895 1680.08740234 611.428466797 -86.4546813965 1217.64306641 450.094024658 -244.966903687 1715.47473145 569.446350098 -397.367950439 1123.13598633
0.0353200435638 8 557.280822754 -24.3919773102 1445.20031738 584.317626953 292.14944458 1525.17175293 611.556152344 120.194747925 1627.83129883 565.285766602 160.642242432 1293.86108398 572.79095459 -51.8688354492 1677.27429199 613.044677734 -82.8993835449 1220.00939941 431.930755615 -235.48600769 1714.47595215 570.546936035 -401.868988037 1118.22546387
0.0322370529175 8 559.010986328 -23.2142181396 1442.92602539 585.304077148 291.941650391 1525.45068359 612.437255859 119.397872925 1628.28015137 564.194335938 163.002914429 1291.78015137 568.62890625 -45.3022918701 1676.32922363 613.33026123 -80.3731842041 1221.20349121 426.728515625 -232.017074585 1716.83605957 575.161560059 -393.392333984 1123.18518066
0.0312979221344 8 571.731872559 -26.6934719086 1443.95483398 588.417907715 292.43536377 1524.25317383 625.542602539 120.804641724 1628.27966309 556.422241211 156.502929688 1286.37414551 570.098083496 -31.8943939209 1674.39025879 607.974243164 -86.9297332764 1221.45825195 446.254547119 -226.431030273 1700.078125 568.193115234 -397.354492188 1131.02099609
0.0359890460968 8 580.411376953 -37.1516609192 1447.91491699 589.290466309 291.825317383 1525.10742188 633.663696289 114.154815674 1627.0234375 579.213989258 141.598617554 1287.1159668 573.061035156 -29.4512634277 1677.03979492 603.783691406 -82.3435211182 1222.7088623 454.240234375 -214.967391968 1720.93835449 561.934692383 -399.464599609 1131.61975098
0.0315470695496 8 574.14642334 -33.8667488098 1440.35083008 592.034729004 291.716796875 1524.95678711 632.948242188 116.655914307 1624.62158203 571.396362305 145.21484375 1273.04052734 562.935668945 -0.456848144531 1668.69592285 607.191772461 -81.5830383301 1222.83557129 446.506561279 -200.038009644 1720.17114258 568.112670898 -394.879364014 1129.06933594
0.0355789661407 8 572.27142334 -31.3828601837 1442.27087402 594.884033203 291.889312744 1524.6998291 638.642456055 113.768791199 1625.86962891 580.175415039 144.216583252 1274.08935547 476.924377441 -71.9664077759 1692.24243164 613.426452637 -80.3942108154 1222.85498047 357.065429688 -290.185180664 1747.65063477 569.746276855 -413.989196777 1123.79296875
0.0318078994751 8 558.866271973 -21.4472732544 1435.94030762 596.943603516 291.559112549 1524.34301758 625.418273926 123.736846924 1630.44091797 572.692077637 157.17741394 1259.19140625 532.395263672 24.8624725342 1651.80114746 625.43182373 -90.3509063721 1220.57263184 418.523254395 -178.874465942 1716.2109375 587.776367188 -400.303344727 1119.89135742
0.0353810787201 8 561.181335449 -28.3512897491 1425.28222656 599.643005371 290.784820557 1524.39379883 627.476196289 114.998352051 1629.42456055 567.960083008 167.926879883 1257.80908203 603.124206543 -75.4948883057 1655.00976562 622.797180176 -81.0442199707 1223.65466309 410.467254639 -179.771240234 1704.6159668 584.337585449 -392.56161499 1122.02990723
0.0370199680328 8 561.074035645 -26.2283000946 1423.03320312 603.928039551 290.51159668 1525.1574707 623.485839844 115.139770508 1630.85778809 571.394897461 170.413635254 1254.81677246 589.511352539 -135.606155396 1663.25146484 632.017456055 -71.4884033203 1230.3605957 377.080566406 -261.99420166 1726.30969238 587.951721191 -394.402862549 1119.9354248
0.0319411754608 8 561.116699219 -21.02501297 1417.25964355 607.015441895 289.966247559 1526.10864258 620.265258789 111.708435059 1631.78674316 574.513549805 177.339538574 1251.09509277 554.696594238 -131.924942017 1669.47839355 641.880065918 -52.9243774414 1239.21166992 570.068115234 120.80682373 1700.58300781 590.847167969 -390.63659668 1121.70397949
0.0312438011169 8 562.454711914 -23.0571060181 1422.2130127 608.833190918 289.734191895 1527.03918457 632.818725586 105.471206665 1645.77368164 573.843139648 178.126312256 1246.58374023 518.178466797 -121.86656189 1661.65698242 641.982727051 -54.7476959229 1240.62365723 530.188293457 129.961196899 1700.58874512 592.40020752 -392.595397949 1121.16589355
0.035581111908 8 561.671630859 -19.1004924774 1434.77624512 609.922180176 289.024475098 1528.31323242 643.215942383 120.473861694 1645.40283203 561.626098633 165.219406128 1243.67358398 575.84362793 -16.6753540039 1651.09790039 631.506347656 -68.8256225586 1242.3951416 578.292053223 274.889984131 1713.27111816 580.814147949 -405.196380615 1123.33642578
0.0313789844513 8 561.887939453 -16.8740768433 1437.38354492 611.749511719 288.442565918 1530.71337891 646.91015625 123.905410767 1644.41918945 556.947509766 161.990509033 1242.71850586 568.235473633 0.992141723633 1647.72119141 625.297668457 -79.3286132812 1238.99438477 568.806030273 208.645889282 1715.2052002 577.401367188 -412.373413086 1124.37133789
