0.0314080715179 8 -320.703399658 -82.60962677 1493.1418457 -339.05847168 251.273178101 1570.15551758 -360.024047852 30.1060562134 1378.54284668 -327.569824219 36.9495773315 1607.34533691 -315.763397217 -244.310180664 1281.65197754 -243.094512939 -120.905982971 1361.64367676 -291.616271973 -347.535919189 1254.84057617 -214.037063599 -471.009887695 1236.46179199
0.0374960899353 8 -319.038574219 -82.6300811768 1493.97351074 -338.474456787 252.503372192 1570.63964844 -355.492675781 30.611579895 1378.20007324 -327.093322754 36.0508651733 1609.75842285 -308.11819458 -246.420501709 1282.42578125 -245.483337402 -118.36051178 1363.00805664 -288.248748779 -350.891082764 1252.97351074 -212.521530151 -470.599456787 1238.81713867
0.0314009189606 8 -318.027832031 -83.1429595947 1496.73718262 -338.30279541 253.442840576 1571.32250977 -351.20123291 32.1569747925 1377.4630127 -327.328674316 33.1083297729 1619.29382324 -305.108520508 -242.797607422 1278.9354248 -248.972808838 -117.80884552 1363.25268555 -262.981506348 -399.944580078 1245.54846191 -207.221038818 -474.69418335 1240.08288574
0.0321879386902 8 -317.49331665 -83.6143875122 1498.56933594 -338.053131104 254.067382812 1571.98120117 -349.068786621 33.352180481 1377.31518555 -327.100646973 30.3333053589 1626.25830078 -302.822784424 -240.430328369 1278.92407227 -256.401977539 -111.854316711 1366.68847656 -238.578643799 -427.794219971 1243.82214355 -208.637069702 -484.597015381 1246.60778809
0.0359749794006 8 -317.151611328 -84.2286987305 1500.78649902 -337.961212158 254.035064697 1572.78198242 -350.390716553 33.0690002441 1377.57458496 -324.008453369 28.7265014648 1632.0838623 -303.243377686 -240.556518555 1277.5970459 -251.794006348 -113.101837158 1366.03271484 -226.134490967 -446.285766602 1247.2286377 -314.434936523 -494.17590332 1269.9942627
0.0320091247559 8 -316.665161133 -85.3083724976 1504.3996582 -338.24887085 254.080551147 1573.42932129 -348.453643799 31.3336257935 1376.81311035 -324.853179932 29.5042037964 1637.23547363 -292.403839111 -243.840698242 1273.86999512 -253.380157471 -112.774879456 1370.52368164 -214.925872803 -446.845336914 1253.99206543 -321.48260498 -492.528106689 1279.59191895
0.0327949523926 8 -316.208099365 -84.7974395752 1505.90673828 -338.693664551 254.414428711 1574.22766113 -340.462524414 34.0525131226 1375.39599609 -329.112365723 29.3367538452 1642.1184082 -289.883392334 -243.666748047 1274.99047852 -256.527038574 -110.555183411 1379.49902344 -271.190551758 -289.294555664 1258.51660156 -158.590270996 -463.840606689 1259.33752441
0.0385558605194 8 -316.866851807 -79.6835784912 1509.7869873 -339.077209473 255.365783691 1574.36828613 -330.193725586 52.3785858154 1375.49475098 -339.73614502 34.4311523438 1658.47253418 -275.733886719 -239.274093628 1273.37207031 -260.223693848 -108.867630005 1386.41784668 -244.596115112 -287.190216064 1211.32202148 -152.549667358 -456.434143066 1263.07800293
0.0329070091248 8 -321.46786499 -84.5986022949 1510.61254883 -339.081542969 256.739074707 1574.11132812 -313.504547119 54.2844543457 1377.07568359 -359.75680542 29.8235626221 1661.03076172 -278.664550781 -201.558837891 1270.31274414 -284.303924561 -94.5352401733 1353.63903809 -228.319122314 -291.849304199 1209.15588379 -163.493682861 -435.971801758 1272.0847168
0.0303070545197 8 -321.512939453 -87.474105835 1511.17541504 -338.873046875 258.094909668 1573.2824707 -316.073120117 51.7840652466 1377.36633301 -358.869934082 27.4807815552 1661.89782715 -285.636657715 -178.580688477 1266.26293945 -282.625701904 -102.771385193 1364.20349121 -147.074615479 -380.496948242 1278.92114258 -439.788024902 -483.195526123 1329.90332031
0.0350580215454 8 -319.783660889 -87.8231735229 1510.92822266 -339.074798584 258.516357422 1573.09509277 -319.390014648 51.2825622559 1377.19104004 -355.813659668 25.9832458496 1662.54040527 -281.052459717 -179.490753174 1264.08032227 -298.687591553 -95.8340911865 1360.34265137 -146.755432129 -353.413360596 1281.47668457 -109.406616211 -433.626342773 1290.72558594
0.0312061309814 8 -319.008056641 -88.9248504639 1511.56420898 -339.588775635 258.318969727 1573.64160156 -320.031005859 51.649017334 1378.49023438 -355.299682617 26.5088806152 1662.65649414 -282.652923584 -179.430465698 1257.27990723 -308.869781494 -92.2733764648 1356.07409668 -133.580368042 -337.324951172 1291.92932129 -96.002166748 -414.074249268 1299.71679688
0.0318648815155 8 -317.759796143 -89.8505859375 1511.47619629 -339.934417725 258.186401367 1573.87121582 -323.554199219 50.8814239502 1379.95214844 -352.501098633 24.334854126 1662.77880859 -286.571289062 -175.120361328 1252.39526367 -306.257049561 -89.2637786865 1350.13146973 -86.5596618652 -357.973968506 1308.84765625 -273.152374268 -491.854003906 1290.78918457
0.0420060157776 8 -318.19317627 -93.7024230957 1514.34912109 -340.399993896 257.774475098 1573.73498535 -326.466522217 47.2556152344 1385.44018555 -352.505706787 22.1293640137 1662.54125977 -286.490600586 -168.777633667 1248.0291748 -310.630065918 -94.6957168579 1343.53625488 -71.622177124 -343.816497803 1320.68249512 -268.918365479 -493.802124023 1291.6817627
0.0317339897156 8 -315.58114624 -103.85974884 1506.9654541 -340.995544434 257.268920898 1574.16064453 -329.995605469 52.8992462158 1389.98291016 -348.920837402 11.7771606445 1661.82910156 -278.679473877 -130.793457031 1238.23132324 -277.446624756 -182.498046875 1482.75195312 -52.4004669189 -323.81854248 1332.78015137 -115.988372803 -325.68371582 1308.67736816
0.0314218997955 8 -315.016052246 -107.650238037 1503.42578125 -341.063293457 257.248352051 1574.3034668 -332.42755127 54.0361328125 1388.43225098 -343.837158203 10.3242797852 1661.28845215 -281.423187256 -124.121765137 1237.89196777 -258.808410645 -191.266921997 1450.43676758 -38.9421234131 -311.918884277 1347.11962891 -98.5866546631 -321.221923828 1319.42102051
0.0376172065735 8 -316.756439209 -108.655937195 1500.72460938 -341.259399414 257.281188965 1573.93310547 -336.798187256 55.479598999 1387.82678223 -339.127838135 9.30279541016 1660.95397949 -279.680450439 -118.342285156 1240.97802734 -255.195144653 -190.123336792 1432.08337402 -19.8052978516 -304.502258301 1361.9675293 -64.6830444336 -313.817565918 1330.12463379
0.0283699035645 8 -315.780700684 -106.634986877 1499.9810791 -340.096282959 257.213775635 1574.44384766 -335.560455322 56.7596206665 1386.94921875 -331.733673096 13.3920135498 1658.73999023 -269.352294922 -115.491355896 1245.83410645 -279.788879395 -173.493484497 1460.7722168 -35.970489502 -295.555450439 1370.33337402 -1.0188293457 -336.042419434 1363.63146973
0.0310928821564 8 -316.184814453 -104.623794556 1500.93017578 -339.805267334 257.475585938 1574.55761719 -334.401672363 58.3313446045 1386.30700684 -333.097961426 15.2486419678 1660.20788574 -263.862915039 -115.159576416 1249.08789062 -285.16986084 -171.190170288 1465.36425781 -81.7024688721 -253.44241333 1348.79821777 11.7177734375 -332.311523438 1374.88562012
0.0356960296631 8 -316.521240234 -103.91733551 1502.40380859 -340.001220703 258.306030273 1575.3001709 -332.768341064 58.4938659668 1385.97827148 -336.867095947 16.4706268311 1661.42944336 -262.048095703 -114.714874268 1252.62524414 -277.966644287 -165.77281189 1461.97814941 -42.9490356445 -276.518585205 1337.41430664 21.5525512695 -326.1484375 1386.11853027
0.0315320491791 8 -317.047729492 -103.339179993 1504.40991211 -339.734191895 258.711547852 1575.98291016 -333.669219971 58.842880249 1389.03173828 -340.605255127 15.7881469727 1662.98242188 -258.241851807 -111.865936279 1257.36560059 -281.732971191 -164.173583984 1474.2557373 -34.9902801514 -265.526062012 1346.47717285 36.0780029297 -325.111816406 1397.64074707
0.0342259407043 8 -317.176879883 -101.136245728 1506.79003906 -339.910705566 259.621032715 1576.36425781 -335.061126709 61.1637420654 1392.36108398 -343.844696045 17.3529205322 1664.91772461 -255.554153442 -111.414245605 1260.76623535 -280.039855957 -165.274703979 1499.64257812 -21.6890106201 -246.730072021 1383.81262207 39.4927062988 -310.358093262 1404.12316895
0.0323309898376 8 -319.064910889 -99.1607055664 1510.41064453 -339.30859375 260.238555908 1575.94616699 -337.983825684 68.0722122192 1395.60266113 -349.937988281 18.6815414429 1673.70739746 -256.375976562 -101.641426086 1267.91040039 -272.384216309 -155.661193848 1510.68115234 -16.0418548584 -238.316986084 1390.17199707 60.1379699707 -319.092498779 1420.50061035
0.0319950580597 8 -316.471832275 -99.9459838867 1511.23034668 -338.906280518 260.908935547 1575.57507324 -335.065917969 68.1020812988 1398.67822266 -348.660827637 17.150177002 1674.03808594 -249.307983398 -96.274307251 1274.76318359 -266.141815186 -154.766281128 1514.01843262 -14.8065948486 -226.853652954 1393.98193359 67.7342529297 -320.308197021 1425.70788574
0.031641960144 8 -315.048095703 -104.344795227 1510.01965332 -338.456756592 261.315582275 1575.5579834 -332.592407227 67.9661102295 1398.30737305 -349.015380859 16.7308044434 1673.31542969 -228.307769775 -99.3728485107 1286.8112793 -264.742553711 -146.343963623 1540.64855957 -9.24295043945 -221.642211914 1397.92675781 71.1142883301 -312.988922119 1428.9173584
0.0361649990082 8 -314.427001953 -105.371833801 1512.125 -338.595062256 261.974884033 1576.21691895 -332.586761475 71.1500167847 1407.94482422 -347.941986084 17.0790863037 1674.0690918 -217.576660156 -98.3852462769 1292.50598145 -266.318572998 -130.903594971 1534.56298828 -0.384033203125 -215.412368774 1396.74230957 79.9192199707 -309.921020508 1432.74841309
0.0322961807251 8 -311.908569336 -105.45401001 1514.3203125 -337.054595947 262.490600586 1577.44702148 -329.712677002 76.1585769653 1413.48571777 -342.261749268 17.7628479004 1679.74133301 -176.354446411 -105.507118225 1327.78881836 -261.90536499 -137.525634766 1527.41833496 -4.16354370117 -201.554107666 1393.72094727 87.804107666 -313.582183838 1435.54919434
0.0317199230194 8 -310.077606201 -105.191375732 1516.06201172 -335.468292236 263.080352783 1577.79968262 -324.305633545 75.7504653931 1417.44458008 -341.250396729 18.5862884521 1678.46655273 -140.933532715 -101.924537659 1343.41601562 -260.651306152 -140.336639404 1545.6953125 19.5969390869 -212.356933594 1403.67956543 115.871368408 -327.222351074 1447.49804688
0.0361769199371 8 -309.385559082 -105.637107849 1515.6661377 -333.139984131 264.251861572 1578.1652832 -324.02041626 74.8737564087 1413.83398438 -341.018951416 18.6062774658 1679.1628418 -124.182800293 -102.349510193 1352.30493164 -263.326416016 -143.953903198 1578.5657959 94.1097106934 -243.620758057 1445.84094238 29.8073730469 -249.994689941 1407.83642578
0.0371329784393 8 -307.952514648 -105.364273071 1517.5670166 -328.360107422 266.818664551 1579.20739746 -319.879394531 75.4156494141 1417.39990234 -340.103027344 18.8736877441 1680.01220703 -117.949707031 -99.8059692383 1356.71838379 -261.463012695 -149.107559204 1608.84960938 105.477218628 -252.323257446 1451.0078125 36.3441162109 -267.876098633 1421.54504395
0.0282251834869 8 -307.835998535 -105.05758667 1518.90490723 -324.576446533 267.981964111 1579.44494629 -318.22454834 75.9528503418 1419.55786133 -338.650695801 19.7221679688 1680.84033203 -111.251296997 -102.746398926 1363.88586426 -256.334350586 -144.177566528 1641.49145508 101.018341064 -248.33442688 1443.72668457 33.4039306641 -271.687561035 1430.81604004
0.0356528759003 8 -307.124664307 -105.050064087 1519.95581055 -322.950805664 267.968597412 1579.93322754 -315.600524902 76.2300415039 1421.41333008 -337.125854492 19.7752990723 1681.70751953 -106.886245728 -107.622924805 1368.24609375 -254.141174316 -143.997238159 1658.39685059 105.778564453 -256.717803955 1445.73852539 33.4286499023 -271.722106934 1442.61669922
0.0315301418304 8 -305.304199219 -103.749786377 1521.86914062 -314.14175415 269.628723145 1582.08166504 -311.851165771 76.2984466553 1422.12792969 -335.956817627 20.8402252197 1682.94799805 -95.5034637451 -116.78074646 1373.88952637 -251.939971924 -144.486953735 1678.64868164 101.703277588 -252.478790283 1440.3001709 26.2535705566 -268.738647461 1456.11865234
0.0314128398895 8 -304.661254883 -101.922370911 1523.04394531 -314.942321777 269.387939453 1582.60754395 -310.71875 76.7454147339 1421.93530273 -335.060119629 22.3367462158 1683.72216797 -94.9328460693 -117.445365906 1374.1640625 -250.33404541 -146.233230591 1687.03015137 100.235641479 -251.168395996 1438.75158691 25.7333374023 -265.171783447 1458.17431641
0.0381140708923 8 -300.718170166 -97.0632019043 1525.85864258 -316.703186035 268.965026855 1582.76379395 -306.372161865 79.6329498291 1421.75854492 -330.667449951 28.7537078857 1685.11816406 -92.5018615723 -96.8274078369 1367.21655273 -249.971496582 -147.650558472 1676.32128906 108.078155518 -252.966842651 1445.7980957 36.6987915039 -249.621688843 1412.61914062
0.0299990177155 8 -300.792297363 -90.6130371094 1529.79748535 -317.418334961 268.558776855 1583.65966797 -305.414489746 95.1993865967 1422.21496582 -330.564025879 39.4219818115 1698.10168457 -95.7621459961 -90.2927398682 1366.78308105 -244.264343262 -161.583007812 1666.83129883 100.58732605 -236.35005188 1444.64074707 37.261932373 -258.519592285 1412.73925781
0.0358028411865 8 -300.483459473 -90.6845626831 1529.25073242 -312.635955811 269.323577881 1586.02600098 -306.736114502 95.2967224121 1422.27380371 -329.241485596 39.432144165 1697.52111816 -96.6419067383 -94.9873504639 1366.92553711 -245.261138916 -163.63293457 1655.03063965 103.061447144 -235.093536377 1444.94470215 39.6713867188 -258.914672852 1412.45373535
0.0317821502686 8 -299.220031738 -90.1686630249 1530.87792969 -314.084960938 268.423828125 1585.0826416 -306.009460449 93.7230377197 1422.46704102 -328.137268066 40.7818908691 1697.10375977 -94.3161773682 -102.692764282 1366.93835449 -239.64630127 -158.562225342 1638.46411133 103.594467163 -236.003845215 1445.59265137 33.8736877441 -252.324264526 1410.98376465
0.0321459770203 8 -296.911376953 -89.251991272 1533.30603027 -315.178222656 268.791748047 1584.14135742 -304.203430176 92.732711792 1423.65905762 -327.62713623 42.867767334 1696.99816895 -83.9403533936 -112.993469238 1385.34594727 -236.477355957 -151.981002808 1619.27185059 92.7034759521 -226.950408936 1440.70983887 31.0089111328 -252.340515137 1409.50231934
0.0359308719635 8 -296.575042725 -89.329208374 1533.91552734 -315.406188965 268.749725342 1583.84619141 -305.379180908 91.7801208496 1423.76989746 -326.148712158 42.8306884766 1697.2232666 -78.1052398682 -118.654388428 1389.96826172 -210.260955811 -105.487518311 1479.51635742 24.8120193481 -175.827636719 1391.53771973 99.7474365234 -310.356964111 1440.02868652
0.0321290493011 8 -295.335205078 -88.4277267456 1533.88085938 -314.924316406 268.892913818 1583.35546875 -304.000915527 93.4884338379 1424.5847168 -323.469177246 43.3006744385 1698.10766602 -82.9205322266 -115.356369019 1382.57556152 -183.473770142 -90.2610168457 1465.84118652 17.6439361572 -173.230392456 1388.65588379 104.789871216 -306.395385742 1445.13330078
0.0323441028595 8 -293.565948486 -89.8859558105 1533.76989746 -314.482696533 269.220123291 1583.39208984 -304.469604492 93.6710739136 1425.20556641 -322.597351074 43.4044876099 1698.05395508 -78.1454315186 -115.209098816 1388.74597168 -168.567016602 -81.2598114014 1457.31921387 17.1512069702 -170.957702637 1386.66125488 104.11831665 -302.426025391 1451.06506348
0.0439569950104 8 -292.268890381 -90.6580352783 1533.4263916 -313.477294922 269.240539551 1583.95031738 -305.270874023 93.9386444092 1425.98681641 -321.84375 42.1750640869 1698.55981445 -95.3500976562 -104.489120483 1367.23681641 -161.437042236 -82.1467971802 1449.67504883 100.01763916 -217.414154053 1461.0625 28.1512145996 -255.00112915 1403.39038086
0.0281410217285 8 -291.528991699 -92.6226501465 1533.16638184 -312.562194824 268.957275391 1584.69836426 -305.503753662 92.9446105957 1426.34448242 -321.654876709 40.853515625 1698.44824219 -90.407623291 -106.967987061 1373.02685547 -157.57862854 -81.4164581299 1446.52600098 113.154251099 -218.41506958 1468.37121582 64.827331543 -284.716552734 1390.51745605
0.0313558578491 8 -290.766967773 -94.25415802 1533.23034668 -311.675567627 268.339111328 1585.92431641 -304.446655273 90.0886077881 1425.27600098 -322.74395752 39.4042053223 1697.35388184 -87.9396514893 -109.978988647 1374.64074707 -154.072982788 -81.1528320312 1469.08117676 119.674545288 -204.217254639 1477.58032227 79.3029174805 -279.281555176 1390.59606934
0.0358221530914 8 -290.648468018 -96.0489273071 1533.45263672 -311.202087402 268.864959717 1587.12451172 -304.773101807 86.424079895 1424.38806152 -322.123809814 37.2369155884 1696.65588379 -88.1775970459 -111.651145935 1374.24462891 -155.014389038 -84.9685745239 1502.20678711 127.830093384 -197.573669434 1489.89257812 73.5626525879 -237.595214844 1381.86621094
0.0310118198395 8 -290.860809326 -97.8801193237 1532.95568848 -311.354095459 268.662353516 1587.43981934 -304.283203125 83.198890686 1422.66491699 -320.368530273 36.3945388794 1694.92346191 -87.8327331543 -112.818244934 1373.8963623 -157.677444458 -87.8462219238 1535.80895996 120.017333984 -176.865753174 1495.14819336 46.4364318848 -193.815643311 1423.62182617
0.0348961353302 8 -290.430938721 -99.1356582642 1529.64562988 -311.498260498 268.475646973 1587.75830078 -303.036834717 77.8751525879 1410.08654785 -317.217987061 35.069442749 1694.13781738 -82.9006958008 -109.466262817 1370.27026367 -160.411300659 -94.7907409668 1567.09228516 119.511108398 -161.095825195 1491.65112305 51.1448059082 -180.067596436 1425.66125488
0.0315799713135 8 -291.632202148 -104.566001892 1523.2487793 -311.863800049 267.504760742 1587.89147949 -304.739898682 76.0470428467 1405.98999023 -315.028167725 33.1321716309 1687.67041016 -80.5107116699 -108.656021118 1363.90600586 -160.601272583 -101.912780762 1591.67407227 122.73638916 -140.707214355 1492.37561035 59.8441009521 -162.898651123 1432.83569336
0.0330259799957 8 -294.097351074 -99.5951080322 1523.24291992 -312.453094482 266.649261475 1587.8807373 -305.911468506 78.4577026367 1408.97497559 -323.028961182 42.9719543457 1677.31188965 -78.9527740479 -108.197769165 1358.78125 -161.58026123 -103.946075439 1615.49230957 118.006500244 -120.367904663 1490.5090332 77.3500518799 -158.850158691 1442.14697266
0.0302119255066 8 -295.630828857 -99.4105911255 1520.62341309 -313.122528076 266.973022461 1588.00415039 -306.438842773 73.3711395264 1400.87280273 -327.633300781 42.6960449219 1672.5847168 -72.5054779053 -110.786819458 1350.06774902 -162.607620239 -104.202728271 1636.65673828 124.460418701 -114.766891479 1500.41674805 89.25831604 -139.693847656 1455.91064453
0.0425190925598 8 -295.255004883 -100.010635376 1518.65234375 -312.921417236 266.821960449 1588.34753418 -305.627319336 72.3128204346 1396.46118164 -323.980102539 38.7323760986 1675.68432617 -69.3412475586 -100.003921509 1343.56994629 -163.608795166 -103.448486328 1661.72680664 125.239364624 -98.7856140137 1496.7322998 97.659362793 -125.742424011 1477.38500977
0.0311410427094 8 -295.685913086 -100.29460144 1517.36621094 -313.321044922 266.671844482 1589.13195801 -305.673919678 72.0754776001 1394.19482422 -323.743133545 35.9005050659 1677.51049805 -66.5880432129 -91.3302078247 1340.70422363 -162.860961914 -102.777275085 1685.3482666 124.064880371 -78.7358627319 1504.78601074 97.6354980469 -113.183685303 1486.68237305
0.0302019119263 8 -296.43347168 -101.211349487 1517.84863281 -313.58972168 266.932281494 1589.27307129 -306.360321045 69.1368865967 1397.55444336 -326.477752686 35.9462127686 1672.35766602 -65.835357666 -87.526260376 1340.57348633 -170.961425781 -96.0050506592 1693.45861816 122.422561646 -50.0519943237 1506.39453125 100.359588623 -121.229927063 1518.00939941
0.0366880893707 8 -296.923400879 -100.105690002 1517.21716309 -313.840576172 266.634368896 1589.18115234 -306.756408691 67.8999252319 1395.87182617 -326.33392334 34.9356002808 1671.96289062 -56.2521514893 -74.7897872925 1341.50439453 -159.037261963 -90.0378036499 1673.63574219 120.017929077 -43.7022399902 1513.7565918 82.5818481445 -63.9753990173 1472.43835449
0.0331819057465 8 -297.036376953 -97.9992446899 1517.26953125 -314.138763428 266.928863525 1589.09521484 -306.063751221 70.2873764038 1398.77429199 -326.692108154 33.6349105835 1672.94909668 -28.1546630859 -29.2261352539 1350.08605957 -153.371231079 -87.2578811646 1673.37023926 121.172958374 -16.4420394897 1519.33349609 46.8494415283 -40.9427185059 1420.38891602
0.0276210308075 8 -299.762817383 -95.3835754395 1514.5378418 -314.817260742 267.519714355 1588.01757812 -308.376953125 73.327507019 1401.13256836 -327.169433594 29.4186172485 1672.87866211 -31.2247924805 -18.3876113892 1346.59082031 -146.133590698 -77.5581588745 1694.01367188 118.765609741 6.83217811584 1523.61254883 32.8336181641 -28.6837425232 1411.01391602
0.0352230072021 8 -300.046203613 -95.9099807739 1513.84155273 -316.203887939 267.671844482 1586.95825195 -308.204193115 72.131729126 1398.44519043 -327.860076904 28.6812744141 1672.97790527 -63.1724700928 -1.08075714111 1327.31982422 -153.217926025 -66.5917739868 1706.11364746 118.89289856 28.0998935699 1519.27880859 37.8377838135 -16.6210098267 1412.0411377
0.0315871238708 8 -300.192657471 -95.8319396973 1513.39587402 -317.55090332 267.03704834 1585.3651123 -307.557861328 71.5493774414 1396.82849121 -328.402893066 28.2319030762 1672.99279785 -58.573425293 5.71685791016 1331.2434082 -150.279495239 -61.2643966675 1711.39770508 127.355911255 35.4892120361 1536.45458984 34.7346954346 -2.72971343994 1414.30517578
0.0316548347473 8 -299.84967041 -99.3430557251 1513.61999512 -318.340362549 267.081878662 1584.3371582 -306.565551758 69.0438308716 1395.59448242 -327.012084961 29.861000061 1671.41064453 -52.1413726807 7.46251678467 1335.13818359 -146.394134521 -54.7522735596 1701.53417969 128.341720581 47.7661514282 1512.93835449 50.1829223633 11.9143676758 1425.11279297
0.0396630764008 8 -297.650848389 -99.2967987061 1513.4921875 -319.841217041 268.11428833 1584.60705566 -305.152038574 68.7463989258 1396.5447998 -319.934204102 32.4824829102 1668.76379395 -47.5032958984 10.4639472961 1338.84570312 -128.388687134 -49.5241775513 1685.61437988 -71.2565917969 90.370300293 1445.21118164 24.8853302002 21.6374893188 1408.70410156
0.0281670093536 8 -302.150177002 -100.656349182 1515.28930664 -323.778930664 268.41897583 1585.7467041 -319.198150635 67.9457244873 1397.34448242 -321.201934814 37.1849975586 1667.81860352 -45.5140686035 13.5051040649 1345.49816895 -113.923675537 -44.7441864014 1670.42980957 -63.6472320557 105.912445068 1448.04626465 20.3368377686 39.7119750977 1407.32958984
0.0320498943329 8 -302.360626221 -86.4289016724 1517.05517578 -323.289825439 268.773895264 1585.90710449 -324.320220947 93.7615814209 1403.72814941 -317.297027588 61.9089050293 1670.56994629 -48.6939086914 29.8951873779 1347.41699219 -102.234191895 -48.5118637085 1656.28295898 120.541122437 100.078018188 1527.4342041 -12.6320877075 50.5216598511 1392.56872559
0.0359990596771 8 -301.428894043 -81.2872543335 1516.94189453 -323.377960205 269.590179443 1586.56677246 -326.433410645 98.4965438843 1402.15380859 -313.554443359 68.5598678589 1670.31298828 -60.5190429688 52.0688056946 1341.01293945 -94.6049346924 -52.8958435059 1640.74047852 119.477798462 120.792175293 1532.68798828 -15.0437850952 54.2363510132 1398.87243652
0.0363659858704 8 -299.429840088 -80.391708374 1513.51721191 -323.569885254 270.724151611 1587.29492188 -319.104888916 87.0231781006 1399.59277344 -315.117828369 54.4533233643 1665.05737305 -72.8029937744 60.7332229614 1331.44616699 -33.2772216797 75.4043579102 1554.62365723 127.255279541 127.315406799 1542.29077148 -18.9366664886 56.4174346924 1390.42321777
0.0317161083221 8 -295.299591064 -74.4605865479 1506.42272949 -323.98449707 271.750701904 1587.1394043 -324.630462646 93.4169921875 1400.44958496 -308.597198486 49.3066711426 1663.83435059 -76.1242523193 68.2404632568 1334.98339844 -27.6817626953 64.0613021851 1558.10083008 122.11505127 151.324996948 1553.00683594 -21.774848938 62.6279678345 1392.60083008
0.0344688892365 8 -297.444396973 -76.8041915894 1509.98681641 -323.812347412 272.570495605 1586.80749512 -325.173278809 93.2579803467 1403.79248047 -311.895568848 53.2093200684 1664.4375 -65.5964660645 79.3541870117 1343.95007324 -31.8244628906 65.0765609741 1567.82958984 126.674743652 167.60647583 1554.25671387 -5.28512191772 86.226020813 1405.77758789
0.0313460826874 8 -296.608856201 -76.0689697266 1510.9074707 -323.770904541 273.314880371 1588.24768066 -321.869812012 92.3982391357 1404.00366211 -312.818664551 52.7501068115 1664.50024414 -54.9235229492 97.9940032959 1352.91113281 -34.0267028809 63.3528060913 1574.84753418 131.465515137 165.54725647 1569.16467285 30.6260299683 112.669166565 1435.51159668
0.0312960147858 8 -295.154785156 -76.3023986816 1511.38220215 -323.319244385 273.188293457 1588.3651123 -316.010375977 95.3759689331 1407.28540039 -312.726623535 55.1202163696 1663.5793457 -41.2835083008 110.609336853 1360.88110352 -64.8283691406 84.1696853638 1594.95751953 75.5495681763 205.218536377 1484.921875 52.0996551514 105.952354431 1430.19812012
0.0352458953857 8 -295.857971191 -75.7868118286 1511.90307617 -321.954650879 274.39263916 1588.42810059 -317.839874268 96.7141342163 1408.91845703 -314.12197876 57.2024154663 1662.98583984 -83.0033569336 128.930206299 1357.73693848 -66.0111083984 87.4146652222 1594.86230469 132.391647339 189.498977661 1562.20202637 50.026260376 119.051773071 1432.38183594
0.0319170951843 8 -297.143585205 -75.8695297241 1512.48779297 -321.395355225 275.865509033 1589.34692383 -320.785522461 96.5208969116 1410.52160645 -316.85559082 57.2643661499 1662.69226074 -67.38331604 150.475097656 1363.5793457 -67.1287384033 90.3818969727 1596.515625 132.200271606 195.747573853 1573.55358887 64.9661254883 136.807113647 1440.72009277
0.0360128879547 8 -296.705535889 -75.8414764404 1513.87683105 -321.772735596 275.26751709 1589.38757324 -318.244659424 97.3481216431 1414.74145508 -318.971710205 56.3904647827 1663.22680664 -41.3648986816 147.139877319 1389.56323242 -63.0698699951 98.359161377 1605.64831543 132.949707031 212.766845703 1576.92932129 53.8559112549 149.6796875 1444.79833984
0.0320880413055 8 -297.050720215 -75.2672729492 1515.0690918 -322.352508545 274.308441162 1589.64135742 -317.907928467 98.67578125 1416.30749512 -321.539825439 56.6021728516 1664.92199707 -31.1324157715 153.499237061 1398.3338623 -62.9206848145 107.100234985 1617.72827148 132.987823486 207.871551514 1578.40380859 57.3368377686 163.133651733 1460.58239746
0.0317089557648 8 -292.235107422 -72.975479126 1518.35571289 -321.677276611 275.953979492 1590.94665527 -323.746887207 97.8408050537 1418.08435059 -315.111328125 59.4358673096 1667.25012207 -35.7637939453 157.028076172 1403.11706543 -48.8692932129 116.70425415 1630.34265137 123.3724823 243.74446106 1582.58166504 59.2248001099 165.188903809 1452.91027832
0.0360751152039 8 -292.592346191 -71.5604934692 1520.92297363 -321.819946289 275.60067749 1591.77685547 -316.243591309 97.5135116577 1418.28686523 -318.040588379 59.9160690308 1668.38818359 -31.8304443359 167.664337158 1400.91430664 -47.0875854492 123.18182373 1641.5144043 126.132247925 261.297119141 1580.23706055 58.084815979 181.817230225 1467.01965332
0.0320720672607 8 -289.311706543 -71.6495819092 1520.33325195 -321.771240234 275.79776001 1593.12683105 -302.30090332 98.8217010498 1414.05895996 -317.424804688 60.1826324463 1669.84387207 -22.8164672852 180.090881348 1394.65429688 -42.7969055176 129.494186401 1652.83813477 128.527908325 246.539779663 1589.6661377 58.1786270142 193.270477295 1463.11035156
0.0318880081177 8 -289.854064941 -73.1604919434 1520.68701172 -321.820465088 276.268798828 1594.03259277 -303.827362061 98.2911987305 1414.00109863 -319.283660889 59.3944702148 1670.80700684 -24.5142211914 182.168060303 1394.75402832 -29.7013549805 169.99609375 1709.78356934 136.106155396 247.056884766 1589.49707031 59.3972396851 193.6743927 1464.82519531
0.0360059738159 8 -287.941467285 -77.0307388306 1519.75268555 -321.67010498 276.464202881 1594.31335449 -296.575378418 98.3817214966 1409.35412598 -319.781311035 60.2093582153 1672.01379395 -24.0946350098 190.542449951 1390.48681641 -29.5484619141 170.715377808 1711.60974121 124.983398438 266.280822754 1579.83630371 43.5176467896 207.542266846 1471.04968262
0.0370888710022 8 -286.803100586 -75.5000534058 1519.33874512 -321.127655029 277.757110596 1594.22839355 -292.026855469 98.6824188232 1405.97851562 -320.569030762 60.7993164062 1672.63525391 -21.7235412598 223.082107544 1387.98962402 -34.5710144043 175.788269043 1712.14196777 70.4829711914 268.286743164 1500.19824219 60.7124176025 217.461029053 1482.88928223
0.0398499965668 8 -280.626037598 -71.341758728 1521.64562988 -321.558013916 277.649169922 1593.29602051 -271.154724121 107.875518799 1412.14685059 -320.484375 67.4931182861 1674.40319824 -18.3189086914 207.831298828 1390.57373047 -37.189239502 185.38053894 1719.03833008 68.2366867065 265.403686523 1492.6583252 32.4833679199 204.312835693 1468.97900391
0.0237529277802 8 -282.884063721 -70.7074127197 1521.8371582 -321.381958008 278.870361328 1593.75561523 -277.94644165 104.201271057 1409.08227539 -321.562957764 65.4571762085 1674.4621582 -8.24948120117 218.384246826 1424.98510742 -39.4545593262 183.777923584 1720.8861084 68.2412414551 268.033599854 1482.04956055 39.5924987793 221.407791138 1476.11376953
0.0344240665436 8 -286.19909668 -67.3721466064 1527.66918945 -321.458831787 281.246276855 1595.52819824 -288.33416748 109.944641113 1429.21923828 -323.585021973 67.2358703613 1674.7109375 -108.002349854 195.864837646 1431.66906738 -36.966796875 185.033782959 1720.89025879 134.57862854 294.772888184 1595.87365723 62.6890258789 238.704925537 1488.12036133
0.0287179946899 8 -288.191925049 -66.2431335449 1529.60192871 -321.382873535 281.892822266 1594.58215332 -295.487976074 112.741592407 1435.80725098 -325.356262207 69.1575164795 1675.1072998 -64.3442840576 194.170257568 1417.06311035 -35.4800415039 187.435546875 1718.8515625 90.0556030273 291.752502441 1498.30554199 103.80480957 227.357406616 1433.02954102
0.0383291244507 8 -284.121917725 -62.8682556152 1529.00317383 -321.787109375 282.840515137 1593.69604492 -285.574890137 116.264663696 1428.78015137 -325.774414062 73.8383026123 1676.35266113 -41.0740509033 200.535263062 1422.96899414 -37.1699523926 186.848022461 1719.75 82.9975128174 288.8465271 1494.83081055 139.471099854 242.852386475 1437.6295166
0.0304720401764 8 -284.001922607 -58.648853302 1530.34228516 -321.505523682 283.299682617 1593.50854492 -287.044281006 121.160263062 1429.90136719 -325.93460083 79.0388565063 1677.69506836 -28.0428771973 203.63949585 1425.77478027 -36.1220092773 187.077423096 1716.60009766 84.3967666626 298.233154297 1503.8404541 140.373519897 255.394073486 1441.18762207
0.0317199230194 8 -282.923675537 -59.5575256348 1529.83886719 -321.317687988 283.316864014 1593.40966797 -283.792419434 120.823272705 1428.4765625 -325.929931641 77.3356323242 1678.91308594 -24.3840026855 209.8671875 1429.04492188 -32.8797912598 185.702636719 1713.95568848 80.5458221436 310.200317383 1505.7208252 146.811401367 270.101287842 1442.35058594
0.0418319702148 8 -283.269165039 -60.9243125916 1529.12121582 -320.654785156 285.169433594 1596.61499023 -283.267669678 119.605728149 1423.33837891 -324.136566162 76.8512802124 1681.20336914 -14.2753601074 219.950393677 1428.13415527 -27.6174621582 182.96862793 1710.63220215 86.0939407349 327.283111572 1510.28808594 150.211303711 268.846954346 1445.10388184
0.0267889499664 8 -281.511535645 -59.4972686768 1529.29455566 -320.458496094 283.412414551 1595.83398438 -276.747192383 122.521965027 1422.63647461 -322.199401855 79.6165542603 1682.66210938 -16.8235168457 222.205932617 1427.82421875 -22.5238952637 182.361694336 1707.63366699 151.007354736 350.281433105 1614.65808105 151.270217896 268.970031738 1448.76513672
0.0315110683441 8 -275.166778564 -59.5963287354 1527.60571289 -319.827545166 282.964050293 1594.69299316 -256.018310547 121.123352051 1413.57507324 -320.208190918 79.0298156738 1685.0333252 -18.5528717041 226.964736938 1426.48730469 -18.5156555176 180.660415649 1708.08728027 144.751251221 364.705322266 1602.78869629 186.177810669 277.950256348 1462.60217285
0.035383939743 8 -271.4715271 -59.2965011597 1526.49938965 -319.286224365 281.863525391 1594.55090332 -245.981369019 119.038200378 1408.47277832 -319.518371582 77.3070297241 1685.91833496 -14.4318084717 239.558105469 1428.78466797 -16.5507202148 178.881744385 1707.98364258 144.130111694 367.700439453 1607.26428223 172.845611572 280.964050293 1462.16003418
0.0320961475372 8 -273.193664551 -58.9508323669 1526.58947754 -319.496795654 280.816467285 1594.75354004 -252.702072144 119.738731384 1409.69665527 -319.424285889 77.9198150635 1685.15515137 -10.9155883789 244.493484497 1433.33435059 -17.0573120117 180.18800354 1708.31311035 68.4768981934 399.652832031 1550.22485352 172.82131958 284.46383667 1460.48706055
0.0319249629974 8 -272.781738281 -59.1107368469 1526.85778809 -319.052429199 281.433959961 1593.08117676 -252.364883423 119.901664734 1410.97521973 -318.87487793 76.8727111816 1685.8392334 -9.35092163086 249.667205811 1437.70629883 -15.4065246582 178.83795166 1707.33398438 143.814727783 387.425628662 1556.25354004 174.590637207 286.826904297 1462.85070801
0.0359258651733 8 -272.897338867 -58.7549705505 1526.95324707 -318.569519043 282.133300781 1592.9230957 -254.43699646 121.252227783 1411.91174316 -319.041809082 77.5680999756 1685.90222168 -8.97972106934 253.590637207 1437.83129883 -15.7028198242 180.006958008 1707.33129883 143.322875977 388.535583496 1558.60668945 173.5730896 290.152099609 1461.98168945
0.0321180820465 8 -270.184295654 -58.3994674683 1526.87487793 -319.28515625 282.103179932 1597.48413086 -248.382339478 120.194328308 1409.32653809 -318.627441406 77.095664978 1686.50939941 -9.06042480469 258.348999023 1439.99609375 -15.928527832 179.6484375 1708.56738281 142.48588562 402.996856689 1598.24658203 169.358276367 300.23916626 1464.02441406
0.0385499000549 8 -267.800689697 -56.2310333252 1528.08703613 -319.960296631 283.810852051 1602.40124512 -244.953292847 123.690422058 1413.91723633 -317.962554932 77.9498672485 1687.4855957 -7.32537841797 263.738342285 1445.18347168 -15.8056945801 180.575195312 1709.13562012 154.644714355 397.257019043 1608.33239746 168.433288574 305.820251465 1462.88769531
0.0449631214142 8 -267.778991699 -53.216342926 1530.69445801 -318.735076904 284.889587402 1601.79443359 -248.650985718 129.479110718 1419.0559082 -315.922241211 81.1018371582 1691.46655273 -8.56541442871 273.169494629 1448.41015625 -10.7440490723 176.209960938 1703.77368164 159.247360229 422.463409424 1616.38342285 169.855270386 307.448272705 1465.03112793
0.0305988788605 8 -271.670349121 -51.6918411255 1528.42590332 -317.396850586 285.836212158 1603.18383789 -267.815551758 127.970222473 1408.23034668 -317.060394287 83.3006668091 1691.0826416 -35.5398254395 270.566131592 1441.2557373 -11.4663085938 173.391723633 1698.82421875 172.030578613 418.127868652 1579.02575684 167.958831787 310.643676758 1466.34912109
0.028596162796 8 -267.64163208 -43.2574958801 1526.7890625 -316.686157227 286.545776367 1603.81567383 -262.909637451 139.342086792 1405.10839844 -314.326507568 96.5549926758 1689.40625 -32.0777130127 265.137359619 1447.85534668 -22.4026489258 196.910705566 1608.78588867 161.262145996 402.136657715 1613.3338623 174.958724976 331.016357422 1501.57287598
0.0340378284454 8 -260.203704834 -29.4579811096 1530.60009766 -315.635070801 286.579986572 1604.59899902 -253.728561401 158.868087769 1405.79370117 -301.768737793 118.139602661 1696.65039062 -38.7415771484 294.111572266 1437.08911133 -32.8367614746 165.602905273 1610.00866699 179.890014648 449.432861328 1610.10827637 173.024017334 298.372253418 1507.11950684
0.0324909687042 8 -256.363250732 -33.5902786255 1532.42382812 -314.609161377 288.007476807 1608.55151367 -246.277679443 147.745834351 1407.34655762 -298.275909424 108.009521484 1696.1973877 -45.3492889404 297.21685791 1426.20080566 -64.2368164062 191.124908447 1496.25915527 199.606445312 393.558044434 1620.05810547 187.302017212 294.639221191 1547.40002441
0.0282261371613 8 -242.960586548 -28.5033130646 1524.25537109 -312.877532959 289.723297119 1613.54931641 -214.615524292 143.758148193 1414.36157227 -280.154418945 127.074584961 1654.51049805 -195.223327637 283.166259766 1477.77880859 -46.1664886475 200.118240356 1494.4921875 183.131195068 435.473449707 1605.75976562 148.549667358 359.060302734 1603.78088379
0.0355050563812 8 -234.023452759 -19.9456653595 1522.14343262 -312.093261719 290.270355225 1618.8684082 -204.048873901 153.454620361 1418.25097656 -258.67364502 143.196777344 1642.7121582 -280.078765869 319.858734131 1546.75964355 -35.6455078125 201.36491394 1494.5111084 201.740570068 413.095489502 1508.50744629 176.651687622 314.367004395 1633.94958496
0.0305268764496 8 -233.724838257 -11.4185600281 1528.08374023 -313.118530273 288.864074707 1616.48425293 -202.196121216 168.272338867 1433.52966309 -264.068450928 151.291915894 1649.85412598 -318.169067383 342.612945557 1578.4708252 -26.5448455811 215.365661621 1490.0435791 198.054077148 391.168792725 1499.82519531 184.533920288 325.475341797 1630.13989258
0.0315301418304 8 -234.763168335 -14.5620746613 1528.15820312 -313.305969238 289.504852295 1619.52001953 -205.259597778 161.513031006 1427.9119873 -267.024597168 142.341247559 1655.6842041 -336.948791504 352.789855957 1590.85461426 -30.3638458252 215.706741333 1491.61645508 197.30871582 384.88079834 1501.24719238 201.344650269 326.036682129 1632.96350098
0.0357999801636 8 -246.228897095 20.8399238586 1534.7545166 -314.301818848 288.502349854 1622.91699219 -255.314849854 221.264526367 1469.23303223 -267.714660645 202.327301025 1640.33117676 -359.256988525 285.105072021 1605.53967285 -42.537322998 246.828231812 1465.60302734 -373.80480957 22.3772583008 1435.06408691 136.524291992 418.620727539 1577.5682373
0.0315279960632 8 -253.09828186 49.1124343872 1543.89672852 -315.585235596 287.109863281 1620.71838379 -279.558349609 229.554229736 1505.46887207 -283.350494385 203.5990448 1643.67053223 -18.1748352051 219.022369385 1421.34802246 -76.2528533936 239.283691406 1468.1763916 -380.711303711 142.205322266 1511.91772461 146.900482178 403.74621582 1610.6895752
0.0315790176392 8 -259.583343506 56.0433197021 1551.3659668 -314.832183838 288.355133057 1622.40856934 -294.438171387 230.455749512 1533.40283203 -284.742614746 207.534210205 1642.87988281 -29.3591918945 197.996765137 1404.46716309 -78.2380065918 235.050842285 1477.58581543 -305.343811035 61.8210144043 1433.82507324 82.4387054443 414.020812988 1604.83398438
0.0354228019714 8 -263.215301514 61.1164360046 1547.25830078 -303.947265625 295.213195801 1615.94470215 -299.355102539 234.240631104 1533.76855469 -288.604980469 214.408966064 1632.796875 -28.8273620605 198.97819519 1406.04492188 -70.637588501 222.233169556 1489.4375 -369.7706604 188.457321167 1503.26989746 148.527435303 392.53604126 1634.70825195
0.0315480232239 8 -267.812042236 70.6682510376 1538.99621582 -309.169219971 291.168457031 1616.34973145 -310.643951416 247.1847229 1505.60949707 -289.470062256 224.46383667 1638.92224121 -25.3244018555 190.732574463 1402.33166504 -77.5855255127 233.171676636 1492.96020508 45.5637283325 322.714233398 1517.74206543 145.07611084 419.490783691 1632.84130859
0.0355751514435 8 -268.342834473 62.2354469299 1539.01733398 -310.404663086 290.213348389 1617.75708008 -310.094055176 230.522644043 1505.59899902 -293.075622559 204.93182373 1640.04504395 -23.8443908691 185.032302856 1400.08068848 -73.8473358154 237.893966675 1526.50268555 75.0142288208 313.137054443 1513.42199707 138.520446777 425.622497559 1635.8203125
0.0316979885101 8 -266.315979004 62.1952171326 1536.75061035 -304.101379395 292.701446533 1617.79650879 -309.266296387 227.390075684 1507.51208496 -287.969940186 207.954620361 1627.71374512 -25.1269836426 191.517883301 1394.58679199 -55.310836792 238.073303223 1522.5814209 75.3650970459 310.440765381 1505.00219727 135.382522583 421.131408691 1626.85644531
0.0321199893951 8 -266.73638916 56.6685066223 1533.23571777 -307.252258301 291.130371094 1620.78076172 -315.018432617 216.400482178 1502.83215332 -286.744384766 199.137481689 1623.08093262 -25.1042175293 195.725448608 1388.04394531 -79.0103302002 270.887451172 1662.3314209 86.8611373901 318.326599121 1504.42749023 63.3926696777 401.211273193 1587.27050781
0.0393459796906 8 -266.142974854 44.834438324 1533.66625977 -301.48638916 292.629547119 1620.57543945 -319.501953125 206.755523682 1505.03308105 -284.92175293 193.074279785 1620.60192871 -26.5489196777 195.661209106 1381.97460938 -75.0817260742 263.10748291 1673.26318359 229.841278076 337.791870117 1583.09460449 116.345108032 429.737243652 1631.56103516
0.0281879901886 8 -263.174133301 45.3211898804 1532.74633789 -301.835571289 289.778381348 1622.19958496 -315.24520874 208.182281494 1500.83752441 -281.898284912 193.185073853 1622.40686035 -24.4312133789 189.716018677 1380.2064209 -70.9920349121 263.876708984 1681.66516113 185.4503479 330.991088867 1518.37414551 90.8639678955 413.109863281 1614.91174316
0.0367588996887 8 -261.566589355 37.5613899231 1527.6661377 -303.592681885 289.360656738 1621.95410156 -317.983795166 204.880889893 1501.22363281 -275.104156494 188.503570557 1622.06494141 -26.3194885254 190.068145752 1381.61462402 -67.2384490967 256.977050781 1667.75891113 194.138977051 348.6824646 1560.72119141 154.095489502 379.162506104 1602.15637207
0.0363759994507 8 -266.701568604 38.2331886292 1522.30212402 -304.15246582 289.041717529 1621.89074707 -326.548065186 213.071228027 1488.97998047 -277.145050049 196.253601074 1623.20214844 -33.1914672852 222.343521118 1408.90393066 -83.057800293 212.516876221 1483.25085449 154.3359375 369.608825684 1569.00976562 163.675857544 359.922180176 1614.18652344
0.0313241481781 8 -270.423919678 55.2029571533 1530.22888184 -304.891937256 288.772949219 1621.46240234 -334.174346924 240.905883789 1478.47631836 -283.816833496 210.586669922 1660.24658203 -37.653137207 239.045623779 1416.29455566 -79.1731414795 204.791305542 1478.61315918 247.132171631 321.722412109 1614.2208252 118.969421387 347.915710449 1567.3404541
0.0352699756622 8 -278.852508545 50.5015487671 1535.51293945 -304.766357422 288.299804688 1620.47839355 -341.828887939 230.41355896 1479.19580078 -309.498809814 186.072113037 1677.59545898 -44.5284729004 235.370239258 1420.89746094 -103.457504272 207.880157471 1455.98291016 177.97265625 406.689544678 1600.57983398 183.28666687 297.863922119 1574.11047363
0.0314660072327 8 -278.791534424 36.6315994263 1533.70678711 -303.343383789 286.455963135 1614.14562988 -338.020019531 212.316345215 1471.01782227 -306.187316895 163.59211731 1680.10888672 -50.7173461914 250.741744995 1418.45263672 -106.510360718 196.111785889 1455.03808594 128.258178711 394.949157715 1581.89782715 190.864944458 269.093261719 1568.1550293
0.0315229892731 8 -281.539703369 35.151638031 1534.77636719 -302.120666504 288.25 1614.93701172 -339.763519287 213.067855835 1472.72070312 -308.739044189 163.877822876 1681.69433594 -55.4495849609 236.297027588 1408.97741699 -109.729034424 206.5809021 1453.08374023 139.892044067 397.908355713 1564.14624023 186.356658936 285.49597168 1563.62780762
0.0316648483276 8 -282.547302246 35.1401596069 1536.68908691 -301.06060791 288.968292236 1614.54760742 -340.681854248 213.616729736 1472.70117188 -312.082672119 165.034698486 1683.60083008 -59.075958252 215.700057983 1398.86132812 -125.689056396 181.386154175 1441.17333984 127.40246582 382.983459473 1572.84460449 170.14175415 279.458526611 1570.98742676
0.0351111888885 8 -284.757324219 32.1837654114 1537.97668457 -301.820373535 288.133270264 1613.44360352 -343.353912354 211.634170532 1470.62597656 -313.602081299 165.467834473 1684.86279297 -64.6430969238 196.07321167 1387.02075195 -37.974609375 147.594863892 1576.17443848 171.475662231 346.427734375 1558.21069336 113.986404419 301.876159668 1543.56481934
0.0316710472107 8 -281.346313477 31.2508926392 1526.69482422 -302.419128418 287.211364746 1614.52380371 -335.142242432 205.801086426 1440.67651367 -304.780670166 174.166854858 1667.3605957 -53.9228820801 191.19960022 1362.46374512 -36.1059875488 133.000656128 1576.49536133 133.217407227 346.428222656 1482.32714844 108.050003052 270.510803223 1546.85766602
0.0313949584961 8 -267.601623535 -14.8174362183 1521.60180664 -302.632568359 286.661102295 1614.68432617 -291.147674561 165.809494019 1398.0300293 -285.068878174 130.461212158 1686.0390625 -51.6909332275 213.848815918 1356.28833008 -21.3393554688 93.8082885742 1599.1652832 115.806991577 346.854614258 1535.51098633 92.1681594849 215.696685791 1539.4420166
0.0358858108521 8 -260.640045166 -20.0845165253 1520.95861816 -303.177825928 286.198150635 1614.65270996 -289.183929443 160.06578064 1409.88818359 -261.600982666 117.332084656 1684.42529297 -53.3074493408 209.906387329 1350.24719238 -29.642578125 94.4709854126 1600.26538086 67.8209152222 321.43536377 1521.09973145 -20.3612747192 141.463989258 1407.88806152
0.0363171100616 8 -266.708312988 -36.7238578796 1517.02307129 -305.860687256 283.838684082 1612.15686035 -325.531036377 133.892700195 1421.43713379 -244.683197021 89.1881256104 1676.29626465 -77.9058227539 181.998550415 1318.05114746 -31.8224029541 90.7883300781 1600.10766602 53.9515228271 279.602508545 1507.49707031 -48.3428955078 96.949508667 1372.67138672
0.031317949295 8 -253.096008301 -60.5323944092 1512.78051758 -307.661651611 280.991638184 1610.15148926 -311.941711426 95.0638656616 1429.39562988 -199.232345581 45.5348892212 1655.86975098 -76.7065124512 113.958366394 1287.87902832 -50.5495147705 114.900337219 1585.49084473 67.4987792969 208.768753052 1488.88818359 -81.2527084351 106.572975159 1371.3840332
0.0353829860687 8 -254.545425415 -63.8066902161 1514.83227539 -310.130065918 274.893737793 1606.82849121 -314.410614014 92.094909668 1431.57556152 -203.826782227 42.2080688477 1659.77844238 -108.340026855 72.8085784912 1262.51599121 19.5216674805 32.176940918 1445.09020996 56.0511169434 163.425079346 1461.36450195 -145.626098633 49.1029129028 1416.91113281
0.0320060253143 8 -274.653320312 -81.2538375854 1515.56018066 -309.875732422 274.622283936 1605.2722168 -325.404388428 88.282623291 1436.34460449 -282.624633789 48.4718780518 1659.43908691 -134.764678955 41.9219436646 1260.19726562 8.32818603516 14.9059524536 1446.88464355 1.23570251465 119.379547119 1438.80273438 -131.102905273 56.8850708008 1397.63513184
0.0316770076752 8 -273.718322754 -84.8518981934 1515.68078613 -312.508453369 271.511901855 1601.12133789 -319.668518066 87.158454895 1428.88037109 -281.619689941 43.8315658569 1666.05200195 -139.097000122 1.67721557617 1265.66540527 -14.6522216797 -4.908203125 1448.18603516 38.5895996094 37.7017021179 1422.00354004 -176.174713135 -87.4643936157 1186.3782959
0.0356850624084 8 -276.596069336 -86.1488647461 1519.06567383 -313.041534424 271.028564453 1600.02770996 -325.677154541 86.8511428833 1430.52502441 -283.844207764 37.060508728 1677.00354004 -160.622817993 -35.8115615845 1256.54492188 -23.2178344727 -43.8982849121 1446.92907715 40.8928833008 -26.8895568848 1413.87011719 -178.054962158 -111.490066528 1183.59863281
0.0307819843292 8 -281.186401367 -96.8142852783 1516.93725586 -315.316040039 267.961975098 1598.33068848 -332.796569824 65.6800308228 1429.58605957 -289.533508301 20.1973800659 1668.38659668 -171.551712036 -85.0837020874 1250.48095703 -80.5802307129 -104.792701721 1422.54882812 42.0826263428 -111.135505676 1432.9152832 -230.210250854 -131.325927734 1249.54541016
0.0319929122925 8 -281.044281006 -108.569709778 1518.44482422 -316.3487854 266.052215576 1596.97424316 -333.793792725 61.2441482544 1421.51550293 -293.407012939 21.1861724854 1673.44543457 -188.718444824 -119.000495911 1248.57287598 -197.278167725 -137.954025269 1500.27978516 26.0973358154 -45.9493637085 1454.6673584 -161.402236938 -125.759170532 1262.4206543
0.0352861881256 8 -285.231323242 -122.974594116 1512.73706055 -316.551147461 264.00402832 1595.77587891 -336.128082275 48.6257019043 1408.57788086 -287.578948975 9.0905456543 1672.23510742 -221.508758545 -147.645935059 1233.29870605 -191.347259521 -131.953140259 1497.44396973 -139.540802002 -123.443618774 1320.96887207 -24.0643920898 -238.303375244 1297.22277832
0.0314919948578 8 -280.492858887 -122.941177368 1509.20471191 -316.362487793 262.32434082 1594.7791748 -315.408996582 43.4542770386 1384.85510254 -289.477355957 13.4752960205 1669.45251465 -237.676177979 -144.37097168 1226.21520996 -194.142776489 -123.564956665 1491.1541748 -16.3091430664 -281.570220947 1280.13305664 -59.9860687256 -255.412460327 1278.6114502
0.0317068099976 8 -279.661712646 -114.357849121 1521.33630371 -317.648071289 259.397094727 1590.95593262 -313.352203369 29.4440460205 1385.73693848 -295.267486572 20.0254974365 1669.31921387 -246.386138916 -156.31262207 1227.09436035 -173.772949219 -101.821678162 1388.02172852 -32.6145782471 -367.211364746 1279.18103027 -37.0672454834 -361.298309326 1258.82702637
0.0408370494843 8 -279.670806885 -107.803596497 1530.20239258 -318.122161865 259.898468018 1590.77722168 -313.807220459 24.1923446655 1387.84521484 -297.325714111 27.4116439819 1672.53662109 -248.027191162 -167.312957764 1228.6652832 -217.933135986 -98.1419525146 1381.61047363 -123.272827148 -316.70135498 1290.08203125 -76.4315795898 -385.469787598 1250.59594727
0.0326359272003 8 -281.21307373 -105.940834045 1535.29284668 -319.089447021 259.992034912 1590.24755859 -315.584960938 16.8940124512 1390.32287598 -297.637145996 27.1578826904 1674.22180176 -254.776931763 -171.752059937 1230.61621094 -223.283721924 -81.6847686768 1366.97485352 -155.67539978 -316.930297852 1253.54772949 -104.452606201 -412.131469727 1242.79052734
0.0334501266479 8 -291.853851318 -103.883598328 1544.88598633 -319.767120361 257.64239502 1586.3939209 -330.139862061 1.26592254639 1391.98144531 -284.368865967 35.0338516235 1673.52539062 -302.73739624 -179.316986084 1231.16015625 -231.657592773 -60.9528579712 1378.88537598 -191.168411255 -348.973754883 1250.94812012 -116.257751465 -426.750183105 1230.74609375
0.0322730541229 8 -295.430236816 -102.074317932 1545.89038086 -319.312042236 258.688201904 1585.78710938 -333.606048584 -1.63480377197 1390.58276367 -288.731170654 34.3625106812 1676.2980957 -322.417755127 -195.686187744 1245.17749023 -238.68019104 -61.4705505371 1390.44226074 -205.688049316 -367.988037109 1245.03442383 -142.946304321 -427.460632324 1229.05786133
0.0318238735199 8 -295.50769043 -97.7256393433 1549.6607666 -319.73739624 257.465576172 1582.55810547 -335.21282959 -9.14281463623 1390.44238281 -290.403625488 41.4962692261 1673.61743164 -331.825073242 -209.964202881 1252.26489258 -238.733413696 -58.3231201172 1386.98803711 -229.738006592 -370.673217773 1245.80981445 -181.114212036 -403.57131958 1227.98205566
0.0313711166382 8 -297.011016846 -97.2915802002 1551.54821777 -320.627624512 256.426025391 1580.70007324 -338.323791504 -14.9852218628 1390.20507812 -293.922973633 42.2961044312 1674.09863281 -331.7628479 -232.829162598 1241.15844727 -238.600402832 -57.4248352051 1386.56005859 -264.95324707 -342.568572998 1253.97900391 -212.751342773 -383.6847229 1228.75012207
0.0355138778687 8 -297.746734619 -95.8768157959 1552.95092773 -321.697692871 256.965026855 1580.35192871 -340.400634766 -14.4308700562 1392.9979248 -293.684631348 43.6274337769 1673.61560059 -336.968780518 -227.115661621 1248.42163086 -239.374572754 -58.0179519653 1386.7635498 -282.723510742 -346.34552002 1252.8927002 -248.452606201 -417.477722168 1247.19592285
0.0361540317535 8 -300.758911133 -92.1725997925 1555.09973145 -323.202545166 257.812347412 1578.13586426 -343.561187744 -13.3158187866 1394.93688965 -300.655303955 47.3602981567 1674.4029541 -337.180236816 -245.610107422 1258.7767334 -240.215484619 -59.8264312744 1386.97302246 -295.60067749 -351.390625 1262.42248535 -240.571868896 -405.004699707 1239.60876465
0.0271029472351 8 -303.492828369 -89.4604949951 1558.46459961 -325.620544434 258.775024414 1573.57910156 -351.176757812 -14.7955932617 1397.61975098 -302.294555664 51.2724342346 1676.41638184 -338.581970215 -254.806488037 1263.59020996 -243.829803467 -57.6396217346 1384.18908691 -296.850250244 -358.156341553 1270.0826416 -430.338439941 -406.649719238 1349.58984375
0.0351510047913 8 -307.990234375 -85.1942977905 1559.77453613 -328.10760498 258.05355835 1571.09765625 -354.596343994 -4.7878036499 1397.07312012 -307.005767822 56.5763626099 1682.28723145 -357.063964844 -235.957397461 1280.27453613 -247.613922119 -64.8067855835 1390.29846191 -315.918457031 -331.893005371 1279.95068359 -289.459350586 -429.202606201 1257.66271973
0.0318520069122 8 -310.230285645 -84.3076171875 1561.26245117 -328.094390869 258.039611816 1572.11999512 -351.966125488 -0.722145080566 1396.49279785 -308.433532715 55.7607803345 1688.75842285 -367.393096924 -231.133758545 1288.67626953 -255.913024902 -43.5714797974 1400.38049316 -319.59854126 -300.498657227 1278.40820312 -299.689727783 -355.133422852 1250.92993164
0.0355231761932 8 -313.913391113 -84.2378234863 1563.74243164 -328.797241211 258.808990479 1572.07446289 -355.395263672 3.16752624512 1399.9395752 -313.615905762 54.7049865723 1693.69152832 -363.012969971 -234.391220093 1284.31750488 -255.664154053 -54.1924819946 1399.29992676 -323.079223633 -321.444122314 1303.75073242 -289.343780518 -426.165466309 1250.72875977
0.0317847728729 8 -324.072845459 -87.6766204834 1558.78967285 -329.380981445 259.215698242 1572.05993652 -358.203796387 -3.81043243408 1399.27416992 -345.245300293 47.7966690063 1680.61962891 -364.786743164 -250.47177124 1287.3996582 -262.736053467 -47.0227432251 1394.47070312 -460.686767578 -407.067199707 1357.72619629 -294.742523193 -356.713897705 1247.7890625
0.0489270687103 8 -339.471160889 -84.2536468506 1527.55419922 -330.550048828 259.796386719 1572.54211426 -330.832824707 38.5929946899 1398.10900879 -372.001403809 -1.58028411865 1682.5670166 -335.746154785 -207.511505127 1282.88317871 -292.561798096 -121.99017334 1390.28723145 -435.042266846 -371.413208008 1352.37487793 -318.401092529 -459.248443604 1247.8034668
0.0327091217041 8 -341.129241943 -83.3736724854 1527.45556641 -331.580993652 259.926574707 1572.42993164 -335.526550293 38.085105896 1399.13317871 -369.895324707 -6.34658050537 1683.9473877 -336.571075439 -206.468383789 1281.36791992 -295.428863525 -133.748718262 1389.91918945 -443.262481689 -361.87890625 1366.52758789 -342.532409668 -462.900482178 1261.15588379
0.0282919406891 8 -336.539306641 -82.7739105225 1527.1072998 -332.336212158 259.692840576 1572.58239746 -347.374298096 34.7157669067 1399.72265625 -342.37789917 -2.40969085693 1680.91113281 -347.123199463 -208.09286499 1280.19042969 -278.263580322 -162.216827393 1385.57824707 -445.576324463 -380.170532227 1360.63354492 -313.274688721 -479.257385254 1251.15771484
0.0295629501343 8 -334.648712158 -80.3470840454 1524.77624512 -333.78326416 259.32232666 1569.68066406 -364.082519531 36.1697044373 1401.49035645 -322.474975586 -0.245559692383 1676.68908691 -357.696746826 -209.882553101 1282.20471191 -234.228149414 -202.576828003 1396.70251465 -446.921417236 -375.725280762 1347.28063965 -327.197387695 -494.087036133 1261.74389648
0.0349740982056 8 -337.06741333 -78.9908065796 1526.50256348 -334.079101562 259.709594727 1568.48779297 -371.21282959 37.9813613892 1402.58117676 -324.493835449 -1.09770965576 1681.35583496 -360.977233887 -206.563964844 1286.15917969 -216.805236816 -212.486053467 1401.83850098 -314.815460205 -277.287628174 1292.37084961 -322.96661377 -479.671234131 1259.65466309
0.03102684021 8 -335.898010254 -78.4917907715 1523.43103027 -333.965179443 259.559509277 1568.34692383 -374.343261719 36.1796875 1401.33886719 -316.838562012 1.1011505127 1674.54638672 -361.545257568 -210.262908936 1288.87854004 -204.983673096 -216.663009644 1408.10754395 -298.380554199 -350.262908936 1260.67724609 -322.562316895 -477.314941406 1259.96484375
