0.0302848815918 8 599.033081055 -132.49382019 1522.59985352 572.83996582 266.062988281 1579.48291016 599.567199707 46.6250915527 1677.90698242 659.88861084 26.0922851562 1357.21777344 596.026977539 -140.844726562 1691.74194336 669.519165039 -182.972244263 1262.71228027 532.343322754 -335.90802002 1758.90441895 623.70880127 -422.060180664 1173.29614258
0.0325701236725 8 599.328186035 -131.988739014 1524.17211914 572.946105957 266.521789551 1578.23852539 601.038513184 48.372467041 1680.05627441 661.065734863 25.010925293 1355.73059082 591.923095703 -142.081375122 1691.04626465 668.227844238 -184.783660889 1261.34863281 532.189941406 -348.682769775 1763.32849121 598.431396484 -443.521820068 1201.16137695
0.0358259677887 8 598.880126953 -132.846984863 1522.94335938 572.934997559 266.807617188 1577.96679688 600.991760254 48.2285308838 1678.63293457 660.41583252 23.1256561279 1352.89050293 591.167419434 -144.408340454 1686.8807373 666.178466797 -187.761611938 1258.9387207 528.703063965 -355.522033691 1766.69592285 600.377685547 -443.939819336 1198.04663086
0.030858039856 8 596.075012207 -130.078964233 1510.24072266 572.527648926 266.716918945 1577.89758301 607.141540527 43.9622116089 1677.4354248 650.427429199 34.7188568115 1342.15026855 596.920227051 -149.583679199 1687.78320312 655.7890625 -181.500564575 1256.42492676 532.797668457 -366.937927246 1770.34912109 635.353759766 -380.234375 1172.95959473
0.031308889389 8 597.711425781 -132.003646851 1505.83520508 572.41003418 266.66998291 1577.77612305 606.788024902 38.2268371582 1674.80786133 651.250305176 37.2663269043 1344.29931641 597.210205078 -155.546401978 1687.61999512 657.799377441 -173.663833618 1257.3449707 531.632446289 -378.178894043 1772.2109375 596.189208984 -430.678710938 1191.31079102
0.0356500148773 8 599.673217773 -139.830627441 1506.72839355 572.059631348 266.395263672 1577.3572998 602.830505371 42.0898284912 1662.44665527 651.511779785 27.7114105225 1343.64660645 598.49029541 -150.697921753 1689.80895996 659.320739746 -180.386108398 1257.8770752 530.196472168 -377.184814453 1773.20349121 591.106811523 -437.489379883 1200.66186523
0.0312821865082 8 600.101196289 -138.319030762 1506.5802002 571.863464355 266.499450684 1577.35180664 606.517150879 40.8227081299 1665.83886719 648.407897949 30.3142547607 1343.10058594 603.719360352 -155.205703735 1693.6282959 655.102966309 -174.482025146 1252.20568848 528.624389648 -379.203552246 1775.53991699 591.578308105 -435.223632812 1191.12353516
0.0314788818359 8 597.701782227 -136.330291748 1502.1262207 571.87121582 267.076873779 1576.92785645 606.24420166 45.6483459473 1657.1151123 641.249084473 30.5468444824 1336.39611816 609.376831055 -154.55569458 1695.76330566 651.276916504 -177.492828369 1253.45739746 530.666503906 -377.519714355 1778.72265625 588.968688965 -435.671325684 1190.1463623
0.037889957428 8 594.420471191 -134.434280396 1495.88842773 571.750915527 268.005279541 1576.27416992 611.713562012 45.8060455322 1652.03710938 632.818664551 35.6547393799 1332.29321289 611.505249023 -140.627075195 1693.60253906 644.58972168 -174.056900024 1252.40466309 539.137084961 -372.731262207 1779.62731934 584.061279297 -432.91229248 1187.9630127
0.0428431034088 8 592.966369629 -135.827514648 1492.77038574 571.054260254 268.229064941 1574.78210449 616.469604492 38.3935699463 1657.62194824 630.75012207 41.5986175537 1334.10778809 610.171142578 -106.098358154 1689.72570801 640.930664062 -167.405487061 1250.45849609 546.293762207 -336.882263184 1789.68457031 578.91583252 -428.937896729 1188.24621582
0.0329718589783 8 588.30291748 -137.151245117 1479.41418457 571.106811523 268.666931152 1573.04919434 614.118774414 29.5015716553 1651.36804199 629.720458984 50.6149673462 1334.37561035 543.584594727 213.753036499 1630.35791016 639.217895508 -158.160308838 1248.67785645 557.226135254 -364.284973145 1762.6328125 577.795593262 -422.546905518 1187.18664551
0.0299592018127 8 589.13470459 -138.77633667 1474.38037109 570.740661621 268.479553223 1571.94677734 614.39453125 24.0009765625 1650.6550293 625.388427734 44.9336242676 1322.25 553.958312988 178.814788818 1645.71472168 635.268249512 -156.298019409 1243.03955078 556.803649902 -328.688293457 1752.19152832 573.631530762 -420.694824219 1186.09790039
0.0310428142548 8 588.988342285 -134.960342407 1476.67504883 570.394775391 267.939605713 1571.09143066 615.665405273 24.4445037842 1655.00268555 625.938476562 46.5233917236 1322.98486328 546.952575684 164.164764404 1644.98364258 635.510192871 -158.30897522 1244.13342285 545.680786133 -304.49508667 1758.82714844 575.62298584 -419.22869873 1185.59729004
0.0349080562592 8 586.629943848 -133.767532349 1475.01403809 569.63269043 267.87677002 1570.89257812 612.18737793 23.65675354 1652.0802002 628.424072266 47.4491043091 1326.0111084 543.037780762 137.975036621 1648.18530273 636.679382324 -158.506011963 1244.20593262 530.265258789 -297.878997803 1752.64172363 576.425292969 -418.333129883 1184.27893066
0.0306560993195 8 582.755432129 -130.864334106 1472.28515625 568.914001465 268.46762085 1571.38317871 607.822143555 22.4726867676 1652.38378906 630.152587891 49.5405960083 1324.69213867 544.04888916 105.026809692 1650.74804688 640.084106445 -155.724975586 1244.52441406 523.143554688 -309.130493164 1743.88452148 583.769226074 -409.594146729 1181.09143066
0.031133890152 8 581.114624023 -128.750808716 1472.19116211 568.05065918 269.392822266 1571.33032227 611.799072266 16.4080657959 1669.61523438 630.32421875 65.7262802124 1328.15649414 631.043945312 -164.908279419 1677.4798584 638.465270996 -139.225128174 1245.42175293 567.536010742 -393.112518311 1767.49206543 589.408081055 -385.427612305 1172.60766602
0.0346810817719 8 583.156311035 -120.732902527 1484.87805176 567.434814453 269.419616699 1571.32714844 619.825500488 5.07319641113 1696.61694336 636.533874512 78.356300354 1345.16577148 626.076293945 -180.433792114 1679.6763916 639.35144043 -117.060020447 1249.16088867 562.028442383 -399.684509277 1762.87805176 593.426086426 -369.375854492 1174.9765625
0.0416140556335 8 584.368774414 -121.828636169 1487.35693359 566.830627441 269.387695312 1571.43737793 619.070556641 5.47027587891 1695.74206543 637.958618164 77.2563018799 1351.9798584 620.487243652 -175.166183472 1678.76538086 640.83026123 -111.370941162 1250.17956543 561.416259766 -394.973205566 1762.10119629 596.586975098 -366.683319092 1175.20446777
0.0317499637604 8 587.014465332 -126.994361877 1448.90344238 566.664733887 269.150512695 1572.06188965 624.828613281 -25.2973175049 1678.20556641 625.317382812 104.308326721 1352.03442383 627.788879395 -202.940292358 1671.80603027 629.894897461 -88.671836853 1257.83642578 559.202941895 -417.562133789 1752.24536133 583.16204834 -340.504486084 1183.32299805
0.0320868492126 8 582.716491699 -123.420669556 1445.63720703 566.670715332 268.813232422 1572.7454834 613.667297363 -24.0793914795 1671.69470215 632.422058105 99.8774871826 1347.67810059 618.268859863 -199.83140564 1674.92248535 636.559997559 -94.4771270752 1256.17272949 544.061157227 -414.369445801 1751.75830078 588.063415527 -345.670196533 1182.73181152
0.0306251049042 8 582.621337891 -125.094009399 1445.01867676 566.831726074 268.48727417 1573.11291504 613.840393066 -23.3803100586 1670.02624512 631.05682373 97.745880127 1345.2935791 615.114501953 -201.241546631 1674.34619141 634.787963867 -97.4586334229 1254.30334473 526.412719727 -440.91204834 1753.32922363 586.671630859 -346.559387207 1181.66687012
0.0308680534363 8 585.004699707 -126.592819214 1459.36022949 566.904663086 268.288146973 1572.97375488 615.321716309 -9.33338928223 1673.6439209 628.565490723 83.6435394287 1338.9876709 613.406921387 -189.923751831 1680.23742676 631.973388672 -112.797241211 1248.20080566 529.010803223 -427.067138672 1759.4543457 575.982910156 -366.193603516 1185.15637207
0.035099029541 8 587.493164062 -126.66003418 1462.55883789 567.420654297 268.78704834 1572.81628418 614.503845215 -3.39688110352 1672.42443848 628.785583496 78.7411804199 1335.78234863 608.866210938 -187.45300293 1682.66137695 632.225524902 -118.553848267 1246.60583496 520.783081055 -432.106231689 1760.34533691 572.754455566 -374.190246582 1184.86474609
0.031397819519 8 583.230224609 -126.475700378 1464.13427734 567.040771484 269.440948486 1572.4708252 600.760437012 2.03842163086 1672.93505859 642.960632324 73.6159439087 1334.45532227 590.436401367 -184.488601685 1683.39990234 646.822753906 -122.546958923 1245.7911377 497.079528809 -439.704406738 1753.60119629 588.697692871 -375.855865479 1184.18603516
0.0313971042633 8 580.560241699 -120.906982422 1477.66796875 566.726745605 270.292907715 1572.16882324 597.025695801 13.8220672607 1678.76489258 651.159729004 62.1556854248 1334.95556641 581.147216797 -171.264465332 1676.3614502 653.334350586 -130.070800781 1243.80419922 484.53894043 -435.725189209 1740.69116211 596.046020508 -382.626251221 1181.93505859
0.0393378734589 8 579.057373047 -124.184486389 1483.81359863 567.040283203 270.456481934 1572.02441406 598.004821777 18.2206573486 1683.84960938 651.722473145 58.3110275269 1335.26098633 576.837402344 -168.562866211 1675.58959961 653.796875 -133.52633667 1243.08874512 403.271453857 -505.465270996 1631.1159668 594.893981934 -386.857574463 1179.98681641
0.0394270420074 8 581.463317871 -123.935348511 1486.89758301 566.89666748 270.539459229 1572.10705566 597.279724121 16.5630645752 1686.30725098 662.182067871 60.3005599976 1347.98815918 571.477722168 -170.951843262 1673.40649414 655.356689453 -130.948120117 1244.18371582 360.312133789 -539.684326172 1540.58911133 596.340881348 -386.135375977 1182.72705078
0.0261490345001 8 581.678222656 -122.900642395 1486.85656738 566.887329102 270.493347168 1572.75036621 596.751159668 17.1192474365 1688.24499512 658.572937012 60.7290649414 1342.78210449 565.654296875 -176.127044678 1679.83557129 655.058410645 -130.246734619 1244.2845459 347.936767578 -521.788452148 1538.47473145 596.102355957 -386.965057373 1181.95263672
0.0340330600739 8 583.782775879 -124.059196472 1488.47851562 566.633666992 270.614685059 1572.98461914 591.629272461 19.0074768066 1689.7401123 660.790649414 58.3552093506 1340.72644043 534.338806152 -196.43057251 1700.33459473 658.965393066 -133.386871338 1245.74316406 325.839355469 -503.240966797 1530.99938965 601.022827148 -384.799377441 1182.10327148
0.0301289558411 8 586.008361816 -129.227722168 1481.2154541 567.015441895 270.901062012 1573.83996582 590.367980957 13.3265533447 1686.6751709 660.321228027 62.9685821533 1339.46691895 524.806396484 -209.084518433 1693.09521484 660.007507324 -129.573699951 1246.4552002 303.562805176 -495.0859375 1520.26721191 599.878723145 -383.027191162 1181.35754395
0.0308399200439 8 585.400817871 -128.883346558 1476.58557129 567.588562012 270.314025879 1574.36755371 586.245666504 11.2444152832 1684.671875 663.77154541 64.9751663208 1337.97338867 513.274414062 -222.177444458 1668.84899902 663.862915039 -128.320587158 1246.79528809 281.022979736 -481.908813477 1511.796875 605.722167969 -378.093444824 1180.59313965
0.0356459617615 8 583.804016113 -129.733535767 1474.78051758 568.398254395 269.439331055 1574.7878418 582.624694824 6.39625549316 1688.47412109 662.66595459 67.0595321655 1336.0324707 502.030761719 -238.052200317 1659.13464355 663.56072998 -125.580757141 1247.0526123 262.923522949 -470.632263184 1499.8046875 608.575805664 -372.913635254 1181.70361328
0.0313282012939 8 582.618652344 -132.103530884 1479.97900391 569.041503906 268.963317871 1574.7434082 587.472229004 10.3885192871 1693.93835449 653.195861816 57.8605651855 1321.74279785 500.311035156 -237.277801514 1653.94189453 656.617675781 -133.307174683 1243.8380127 251.018692017 -449.729095459 1495.76843262 602.445007324 -379.191711426 1179.62756348
0.0316870212555 8 582.148803711 -133.268463135 1489.62634277 571.576049805 266.093322754 1573.67419434 596.440246582 17.7598571777 1695.3203125 647.205749512 51.4012756348 1325.34448242 490.99798584 -214.382522583 1655.05627441 649.588256836 -138.805740356 1260.12731934 237.53918457 -433.156646729 1484.01135254 591.376098633 -379.057006836 1181.60375977
0.0358948707581 8 583.17980957 -132.264434814 1499.15698242 571.450744629 265.877380371 1572.84460449 604.758605957 28.7515258789 1696.0213623 638.237854004 41.8507995605 1320.83166504 502.320495605 -209.209518433 1654.30847168 640.343444824 -148.324752808 1251.17834473 238.516784668 -406.895080566 1478.72009277 589.247924805 -387.300018311 1177.1739502
0.0318689346313 8 583.111694336 -132.022613525 1501.89892578 570.93737793 265.895202637 1571.79553223 603.117980957 28.0207519531 1698.27856445 635.283874512 42.5391159058 1324.73974609 500.655517578 -208.987243652 1650.515625 636.006164551 -148.070281982 1247.51855469 222.515197754 -395.313232422 1469.69384766 588.914794922 -385.116638184 1176.42004395
0.0314540863037 8 583.912719727 -127.689712524 1508.12036133 570.433227539 265.721191406 1571.3013916 601.983093262 30.9137268066 1700.82312012 637.868347168 50.33984375 1340.75769043 485.855255127 -214.973388672 1646.1114502 634.81463623 -147.284057617 1251.16821289 208.521362305 -380.395874023 1458.68225098 581.391235352 -391.329589844 1184.47167969
0.0360250473022 8 582.322814941 -118.000701904 1504.03686523 569.772216797 264.698181152 1570.88317871 589.295532227 23.2436218262 1706.86645508 645.599121094 60.5780639648 1345.15258789 465.844543457 -213.441726685 1633.09240723 641.578674316 -135.079681396 1251.15222168 186.600189209 -380.655853271 1451.7442627 597.32598877 -381.122314453 1178.9173584
0.0318188667297 8 583.683288574 -119.757003784 1506.27490234 569.118469238 264.356872559 1570.18566895 593.074035645 25.9801025391 1705.5982666 645.080383301 61.1117324829 1349.51330566 461.89263916 -211.751907349 1631.88232422 638.761230469 -139.322906494 1250.24487305 174.648223877 -369.611480713 1444.890625 587.39453125 -387.359375 1185.69372559
0.0318360328674 8 582.590393066 -122.281074524 1505.97509766 568.325805664 264.211029053 1570.3482666 589.630615234 24.4579772949 1706.78808594 643.561157227 60.12940979 1348.12451172 455.367553711 -209.126434326 1626.36340332 640.01373291 -138.394958496 1251.22106934 166.153808594 -355.889709473 1442.09240723 595.910766602 -390.092529297 1183.67004395
0.0358400344849 8 579.323974609 -128.534454346 1498.9498291 567.519104004 264.111755371 1570.03442383 577.695495605 17.8643188477 1699.23498535 644.029968262 53.1325912476 1342.87390137 443.704925537 -208.554718018 1621.77844238 642.583190918 -142.540588379 1251.84326172 148.08682251 -345.510772705 1437.51599121 598.405151367 -394.7109375 1182.77526855
0.0318920612335 8 571.04095459 -133.176864624 1492.83850098 566.540710449 263.547821045 1569.39416504 559.143676758 19.3361663818 1674.15344238 636.795410156 40.4038162231 1345.11242676 439.798339844 -193.142501831 1620.71350098 636.389038086 -161.396270752 1251.12463379 144.436187744 -318.708251953 1435.19909668 589.866516113 -413.93170166 1183.23962402
0.0434858798981 8 568.223571777 -128.822097778 1484.26184082 565.833435059 263.766387939 1569.43603516 553.193725586 35.4711914062 1653.94091797 636.009643555 46.8659057617 1340.91625977 433.646331787 -191.502944946 1617.01489258 638.915100098 -155.317764282 1254.47485352 134.72644043 -311.143829346 1431.29846191 579.003723145 -420.005065918 1189.79650879
0.0339210033417 8 567.338378906 -128.915161133 1482.24353027 564.929321289 263.696716309 1569.1907959 548.743347168 34.4376678467 1650.3729248 635.296569824 44.8019256592 1339.06018066 431.4012146 -186.762832642 1617.37158203 637.611755371 -156.071090698 1254.29016113 130.273681641 -303.496185303 1430.41369629 584.7734375 -424.615966797 1183.92358398
0.0289280414581 8 566.283691406 -128.826477051 1481.32275391 564.007507324 263.610961914 1568.8125 545.427612305 32.9394073486 1651.25708008 637.000488281 46.5751190186 1340.91503906 425.660949707 -185.243057251 1615.81738281 641.038757324 -139.16104126 1258.70397949 129.7237854 -299.703063965 1430.37744141 577.258789062 -419.324127197 1191.30529785
0.0308439731598 8 562.945556641 -130.02116394 1480.58068848 562.442932129 263.652709961 1567.93273926 542.493164062 29.4916687012 1654.58056641 641.738525391 43.9762268066 1340.38354492 414.635986328 -184.858535767 1611.49707031 645.360473633 -142.85383606 1258.94384766 116.945526123 -299.802001953 1425.8112793 600.789367676 -355.602416992 1191.07849121
0.0423250198364 8 562.114746094 -130.257736206 1480.8125 561.007019043 263.489379883 1567.62573242 540.738220215 29.7504425049 1654.49169922 640.477844238 42.6056060791 1338.68017578 411.509277344 -184.79196167 1612.2355957 644.392456055 -142.82862854 1259.29968262 123.534088135 -302.217254639 1429.95654297 582.636474609 -418.894470215 1191.05322266
0.0294630527496 8 557.243530273 -132.272323608 1473.5670166 560.144226074 263.125671387 1566.79504395 536.446655273 26.930557251 1645.69091797 634.178588867 44.5021514893 1338.52441406 415.36618042 -184.491439819 1616.09533691 637.973144531 -141.452987671 1256.89660645 123.333984375 -305.394805908 1426.1751709 577.931274414 -421.680358887 1184.54846191
0.0347321033478 8 554.539550781 -134.349136353 1470.33483887 558.225341797 263.414123535 1564.80090332 529.118469238 24.5159606934 1633.52758789 630.922973633 34.7931518555 1335.90014648 414.271942139 -178.056411743 1617.7331543 637.300109863 -141.690170288 1256.62683105 127.781341553 -297.370239258 1424.93261719 588.678405762 -398.47833252 1166.57556152
0.0311598777771 8 553.921936035 -132.961196899 1468.21887207 556.460571289 264.233032227 1563.84216309 527.310119629 26.5189208984 1627.40625 630.192443848 32.9950561523 1333.59326172 412.505950928 -173.566757202 1618.10168457 635.38458252 -147.541778564 1254.9822998 130.976470947 -290.565643311 1425.06335449 572.711425781 -431.300476074 1181.5369873
0.0311329364777 8 552.624694824 -133.082733154 1463.80407715 553.830383301 265.354492188 1562.93530273 526.320739746 22.8756561279 1621.74267578 628.774169922 30.2220306396 1331.54541016 408.790771484 -175.407546997 1620.20605469 631.829040527 -152.908126831 1252.30786133 132.346954346 -290.322235107 1424.17529297 578.327270508 -433.387878418 1170.8404541
0.0372841358185 8 547.877685547 -137.983169556 1455.23608398 553.014526367 265.737976074 1561.84692383 516.223449707 25.9952392578 1612.93676758 637.077941895 26.2809753418 1321.74072266 397.055175781 -173.578979492 1618.6184082 625.979980469 -175.170288086 1245.64562988 128.847229004 -282.088287354 1424.30688477 601.495483398 -401.797241211 1167.3782959
0.0284349918365 8 545.12322998 -135.397949219 1451.36083984 551.17401123 265.88848877 1560.3861084 515.682617188 30.7614898682 1609.41772461 625.465332031 27.1316986084 1307.87915039 398.706176758 -168.637542725 1617.05529785 635.260559082 -184.155395508 1264.4029541 124.915466309 -280.264434814 1430.64599609 594.52911377 -420.666290283 1168.08093262
0.0311789512634 8 546.99407959 -137.235595703 1457.23193359 547.998291016 266.580566406 1558.45214844 515.483337402 31.1843566895 1610.49316406 628.854064941 24.4903564453 1315.84277344 393.747802734 -173.182739258 1614.6229248 628.265869141 -190.635345459 1262.6138916 121.915924072 -276.74395752 1428.23962402 594.258300781 -419.912811279 1171.67663574
0.035003900528 8 546.423034668 -137.704116821 1458.22399902 546.88104248 267.05871582 1558.80627441 517.99041748 34.1361999512 1611.64697266 619.128356934 24.1164245605 1308.54370117 397.632293701 -169.05065918 1616.05700684 622.85369873 -196.02911377 1259.35021973 116.047058105 -275.000701904 1423.60522461 588.073486328 -425.512878418 1159.0567627
0.0319039821625 8 544.237121582 -138.576248169 1459.03930664 546.406555176 267.329162598 1559.16442871 517.310119629 29.2389831543 1613.21374512 612.660095215 25.5770263672 1314.02624512 394.427093506 -173.901535034 1615.04785156 621.584472656 -194.495544434 1257.10290527 127.904174805 -271.086853027 1428.70043945 584.754455566 -423.338928223 1157.81982422
0.0315010547638 8 545.267089844 -140.501022339 1460.28283691 544.743469238 267.973571777 1558.94689941 519.545349121 27.091506958 1615.31262207 615.77923584 23.3188934326 1315.45812988 395.417541504 -175.20690918 1615.11816406 618.500366211 -195.216415405 1252.99609375 132.614501953 -268.187988281 1429.72009277 583.807067871 -423.783966064 1158.38476562
0.0351660251617 8 544.66784668 -141.951004028 1457.53173828 544.493347168 267.974151611 1558.91564941 522.618896484 22.407119751 1617.42822266 615.854309082 25.9268951416 1316.76171875 401.150299072 -177.913116455 1616.32751465 624.120788574 -174.671066284 1240.44287109 134.912200928 -261.775878906 1435.19470215 577.851135254 -418.352355957 1149.15270996
0.0314009189606 8 548.234802246 -146.259292603 1461.86791992 544.104003906 267.961456299 1557.8380127 517.050598145 22.7888183594 1617.15344238 622.179870605 20.528503418 1319.11877441 394.251464844 -175.989700317 1615.11364746 612.386962891 -170.886642456 1237.11425781 126.155761719 -247.778137207 1435.91650391 601.074523926 -394.091949463 1157.88464355
0.0317900180817 8 547.312683105 -145.807006836 1461.41748047 543.609313965 267.071350098 1556.62988281 519.715637207 21.9163513184 1617.3449707 619.145812988 18.880065918 1316.76513672 395.031280518 -178.974487305 1614.70166016 612.547607422 -180.744338989 1234.80566406 128.231170654 -243.5184021 1441.8894043 578.332519531 -409.268310547 1145.56323242
0.0357210636139 8 544.471862793 -143.763092041 1455.54040527 543.079589844 266.569335938 1555.52856445 512.262329102 29.0613708496 1593.85852051 615.587646484 16.0859985352 1316.15441895 397.336914062 -178.56451416 1615.91662598 607.272399902 -184.202362061 1227.77453613 129.06552124 -231.187072754 1446.11376953 570.542297363 -412.515380859 1134.84899902
0.0319309234619 8 544.916931152 -145.487258911 1457.76086426 542.844787598 266.218505859 1554.9675293 515.856872559 24.4362792969 1603.69519043 614.93927002 14.8067626953 1314.86901855 393.751953125 -181.506195068 1614.3548584 604.460021973 -190.073623657 1217.36584473 127.248443604 -224.065475464 1447.32189941 565.873168945 -427.793518066 1135.86242676
0.0317361354828 8 545.771179199 -145.989883423 1458.78796387 542.368286133 266.07220459 1553.56787109 517.92565918 21.7309265137 1608.89379883 615.577880859 14.8040771484 1314.87915039 386.712860107 -189.862060547 1612.62866211 603.498352051 -192.817459106 1210.8873291 125.879486084 -215.16998291 1450.92370605 566.106140137 -419.929382324 1128.03271484
0.0357818603516 8 543.543762207 -141.290039062 1459.55639648 542.286010742 265.865631104 1553.09765625 514.660766602 31.0736236572 1614.60571289 612.762573242 27.0417022705 1313.07446289 387.546264648 -198.830245972 1612.79382324 607.836975098 -178.619308472 1221.47106934 121.071502686 -216.982177734 1449.23608398 562.111450195 -408.096130371 1140.97851562
0.0318660736084 8 543.879638672 -143.555786133 1458.78198242 542.370605469 265.715789795 1552.41760254 516.700256348 27.5155029297 1613.86975098 609.974914551 20.2781066895 1307.63244629 387.005462646 -191.617340088 1612.87792969 610.110168457 -184.260681152 1226.09326172 122.455047607 -205.17741394 1452.45153809 552.371826172 -438.426635742 1134.5402832
0.0356969833374 8 546.466796875 -140.406478882 1463.84777832 542.164978027 265.418792725 1553.0489502 513.458190918 29.1538543701 1614.15393066 614.375183105 12.7649993896 1307.77355957 373.717163086 -188.896652222 1610.79724121 612.244567871 -192.484817505 1227.85119629 125.673339844 -196.089645386 1456.24060059 554.883178711 -446.29498291 1135.07067871
0.047012090683 8 546.684509277 -136.725646973 1469.35583496 541.819030762 265.886474609 1554.0201416 510.566009521 28.7453460693 1634.08349609 616.302062988 18.7076873779 1305.60522461 373.818115234 -193.555404663 1609.45141602 614.690979004 -186.380783081 1231.79089355 116.25793457 -188.655502319 1454.1829834 560.233703613 -425.908325195 1142.26281738
0.0297570228577 8 536.775085449 -134.484573364 1457.94165039 541.715087891 265.953979492 1554.8458252 509.33694458 23.6642913818 1632.8503418 616.704406738 27.3298797607 1303.71972656 374.766052246 -198.750076294 1610.1583252 614.149597168 -178.731903076 1231.6184082 120.487991333 -186.632995605 1459.20849609 560.676696777 -429.069152832 1134.41381836
0.0294489860535 8 538.993652344 -131.885437012 1460.06835938 541.311889648 266.418029785 1555.62878418 513.518859863 27.3339233398 1634.46472168 612.957824707 29.679901123 1302.46179199 373.815063477 -199.389938354 1614.25585938 609.684448242 -177.196273804 1229.87243652 115.911560059 -175.561828613 1458.25927734 556.814453125 -417.805175781 1132.63452148
0.0331020355225 8 540.806640625 -131.177856445 1462.77099609 540.718322754 266.512512207 1556.93249512 514.172058105 32.6243743896 1641.46008301 616.514892578 38.3455352783 1304.65563965 371.921325684 -207.236755371 1616.32861328 611.144592285 -169.330871582 1229.1192627 129.289291382 -190.638748169 1465.03515625 559.806518555 -416.857849121 1132.94250488
0.0308198928833 8 543.847595215 -118.164726257 1472.20739746 540.420715332 266.987731934 1558.27380371 519.374694824 33.5838165283 1671.23876953 627.23828125 56.1857528687 1311.31005859 373.011077881 -207.927536011 1628.42480469 620.496032715 -151.528625488 1235.05236816 110.852020264 -191.482910156 1462.11535645 582.589233398 -375.925598145 1132.63330078
0.0312860012054 8 544.870727539 -117.254806519 1477.34936523 540.683898926 268.685333252 1561.6270752 520.781066895 35.7030944824 1682.81481934 631.042785645 59.1114807129 1311.03088379 375.615936279 -203.179412842 1633.94433594 623.851989746 -147.64855957 1235.13391113 114.248657227 -196.118240356 1467.46936035 578.785461426 -322.783874512 1158.47155762
0.03457903862 8 543.97869873 -119.215766907 1474.44519043 540.328491211 269.110778809 1562.14599609 519.170532227 37.5633850098 1675.14819336 629.030822754 57.9871368408 1310.609375 379.398620605 -197.786376953 1634.52697754 621.068664551 -150.518432617 1235.46044922 113.734924316 -182.032501221 1467.80419922 572.104736328 -393.211120605 1147.91894531
0.0310859680176 8 544.317382812 -121.920028687 1474.91687012 539.782104492 269.220031738 1562.67199707 519.71875 34.6758728027 1681.38452148 627.270751953 62.8258285522 1311.38085938 381.058288574 -200.239624023 1635.11584473 619.27734375 -147.462402344 1233.95874023 150.241989136 -202.971389771 1491.65258789 567.309143066 -394.612548828 1150.43200684
0.0317211151123 8 544.071899414 -123.748199463 1478.83215332 539.916137695 269.424835205 1562.95251465 520.714416504 33.9658660889 1684.12475586 624.119140625 64.5135040283 1318.47509766 382.68637085 -199.055541992 1633.67053223 619.834777832 -145.37979126 1233.70922852 102.481933594 -163.381439209 1474.05627441 568.730773926 -391.789001465 1150.43408203
0.0357849597931 8 545.336181641 -123.184524536 1481.2286377 540.284912109 269.922119141 1563.14892578 522.049316406 34.3601989746 1684.54321289 624.587524414 64.9312133789 1323.01635742 378.495330811 -199.341567993 1631.5880127 620.916381836 -142.61177063 1236.15148926 83.4571533203 -135.726394653 1473.92749023 582.343322754 -363.775085449 1216.97717285
0.0316128730774 8 547.408569336 -123.4998703 1481.93054199 541.141784668 270.387329102 1563.7142334 523.791870117 35.4687652588 1686.02319336 626.662109375 64.7280578613 1321.39477539 375.318969727 -197.885452271 1630.54162598 621.257324219 -144.379974365 1236.49694824 24.4593200684 -69.8057098389 1402.76086426 589.76348877 -362.759399414 1245.36169434
0.0313971042633 8 550.92388916 -123.397819519 1483.6953125 542.169311523 270.017425537 1564.67675781 532.788269043 33.5562286377 1691.76501465 630.558166504 66.0469665527 1322.37097168 372.775756836 -199.11756897 1630.9720459 623.333740234 -144.418991089 1234.97192383 72.9349975586 -110.33631134 1462.00817871 571.97277832 -390.245300293 1153.7421875
0.0409309864044 8 553.520690918 -121.806625366 1483.95239258 542.629089355 269.782409668 1565.86181641 539.798583984 32.8230895996 1693.76855469 632.665161133 66.0184020996 1320.92041016 371.180175781 -195.816390991 1632.40246582 624.670837402 -145.115814209 1234.41125488 75.8829956055 -106.567703247 1473.37268066 614.40826416 -333.96572876 1163.04907227
0.0338959693909 8 554.797058105 -123.450309753 1484.33203125 542.819946289 270.083862305 1567.85949707 543.194519043 34.8505859375 1691.90136719 634.258117676 63.6453170776 1320.13696289 369.201385498 -195.966781616 1632.18017578 625.568359375 -150.046051025 1234.68005371 71.5632324219 -86.4766693115 1482.71850586 571.768005371 -392.04486084 1151.23828125
0.0303881168365 8 552.151611328 -124.212989807 1480.96313477 543.520812988 271.006225586 1569.31494141 540.275634766 35.2165985107 1687.28466797 631.442504883 64.3070449829 1318.78857422 371.111328125 -196.906066895 1631.01062012 623.505859375 -149.660919189 1234.33081055 79.9208679199 -80.0444717407 1487.64501953 570.15802002 -388.49810791 1150.96594238
0.0350389480591 8 553.566162109 -118.460762024 1480.34692383 544.386108398 271.252655029 1570.8182373 546.37713623 46.3449249268 1693.09680176 635.334289551 79.7295227051 1317.52868652 368.092651367 -209.746353149 1628.6842041 626.833557129 -134.677429199 1233.86328125 80.3223266602 -81.8606185913 1481.00170898 570.299194336 -376.531311035 1146.48706055
0.0311779975891 8 551.985595703 -119.624885559 1479.84863281 544.990112305 272.088104248 1572.50744629 544.157836914 41.8801116943 1689.96789551 633.954467773 76.0918579102 1320.87902832 372.002868652 -202.539733887 1624.70629883 623.798522949 -140.375732422 1234.74365234 126.044799805 -107.508880615 1491.72302246 568.937561035 -386.362365723 1143.77392578
0.0356750488281 8 537.72277832 -142.623138428 1462.97509766 545.721618652 272.210235596 1573.25744629 513.156494141 11.1088256836 1636.11755371 614.571166992 17.9515991211 1312.89050293 359.23727417 -142.42199707 1616.75537109 604.142333984 -198.499237061 1227.55273438 85.6405944824 21.6431884766 1477.05456543 550.247558594 -439.281494141 1140.11633301
0.0314269065857 8 536.045959473 -147.355957031 1458.30041504 546.920898438 271.691955566 1573.1270752 501.906768799 14.0104064941 1612.80664062 616.42779541 4.98303222656 1311.984375 315.779602051 -124.780990601 1606.91418457 608.378967285 -205.563308716 1227.50927734 78.9742126465 51.3272705078 1476.21289062 554.467895508 -454.966430664 1129.96643066
0.031455039978 8 531.110595703 -155.155532837 1452.83544922 548.064453125 270.694702148 1574.04406738 496.826660156 8.10838317871 1603.81762695 614.253417969 3.80583190918 1317.02416992 280.261199951 -106.189498901 1594.76904297 606.443481445 -212.03326416 1224.71630859 79.0339355469 65.1348114014 1477.27685547 554.278137207 -450.672027588 1124.73022461
0.0357110500336 8 526.549743652 -154.197387695 1441.62268066 551.579528809 269.243469238 1574.01672363 492.839324951 -3.70639038086 1602.04211426 613.190063477 11.4042053223 1320.84216309 267.690490723 -104.72039032 1593.11352539 607.56237793 -205.498123169 1223.6685791 82.2135467529 68.8999862671 1489.97790527 551.40234375 -452.931152344 1120.1953125
0.0313239097595 8 524.528320312 -158.001876831 1443.41381836 554.868835449 267.354614258 1574.88537598 483.973236084 -3.62919616699 1601.4173584 612.760253906 5.81282043457 1317.63366699 258.58782959 -95.1253890991 1589.24633789 607.429382324 -212.205535889 1221.1282959 77.5416564941 88.6938858032 1479.48852539 560.26763916 -379.863861084 1141.13330078
0.0318109989166 8 523.885314941 -160.044006348 1449.22717285 555.39465332 267.476379395 1574.0604248 481.808410645 1.5128326416 1601.92028809 610.733642578 2.25758361816 1317.6907959 256.258209229 -83.4511489868 1588.82080078 605.227661133 -218.645751953 1218.6081543 82.077545166 97.5185470581 1488.42419434 557.310241699 -393.140380859 1136.47106934
0.035304069519 8 525.523498535 -155.600128174 1453.37280273 557.950195312 266.529846191 1573.89978027 484.288604736 5.79406738281 1603.75097656 612.022399902 2.96923828125 1320.19726562 251.044570923 -73.7548370361 1581.37487793 607.677124023 -219.014587402 1219.23547363 83.6981964111 112.858032227 1504.62817383 557.175720215 -395.456787109 1135.3137207
0.0315728187561 8 529.444763184 -154.09576416 1455.97143555 560.080505371 266.09765625 1573.65234375 493.96762085 11.3354797363 1609.3572998 611.882568359 11.1776123047 1321.65075684 252.320037842 -79.032371521 1580.14233398 606.479614258 -210.397277832 1222.48779297 93.6278533936 92.3583450317 1498.58996582 556.855773926 -388.281982422 1138.4822998
0.0316860675812 8 526.857177734 -152.024475098 1447.93200684 560.889038086 265.921783447 1573.32800293 486.253234863 5.73968505859 1604.60717773 615.640075684 12.9351196289 1321.47558594 246.219116211 -76.4369506836 1578.87768555 610.113037109 -208.706039429 1224.4822998 94.1630096436 93.2988128662 1509.41625977 563.312011719 -443.952331543 1130.05859375
0.0356459617615 8 526.779785156 -150.996780396 1448.74572754 563.055725098 265.560577393 1574.49243164 485.735656738 6.94075012207 1604.63110352 614.253845215 12.672164917 1320.33276367 248.609329224 -68.8534240723 1582.33459473 609.078979492 -209.007537842 1223.76831055 90.2548217773 97.8939666748 1516.54504395 569.400390625 -439.655151367 1129.83081055
0.031571149826 8 526.875671387 -150.342803955 1450.77819824 563.427429199 265.527954102 1574.82531738 485.354431152 8.99012756348 1605.6295166 613.256652832 12.3436126709 1319.7767334 252.884597778 -62.3274688721 1591.42822266 608.876953125 -208.481246948 1225.17297363 93.4508209229 107.51083374 1523.21020508 558.546447754 -381.81552124 1141.37145996
0.0358719825745 8 528.01361084 -146.063781738 1457.05700684 565.279663086 265.308959961 1575.09399414 478.970428467 13.8980255127 1604.20861816 616.223205566 7.03773498535 1321.31604004 249.051696777 -56.1647109985 1590.8717041 608.831604004 -198.413162231 1235.94921875 92.0889587402 123.261436462 1526.81396484 567.647888184 -461.283447266 1139.49304199
0.0371408462524 8 531.751525879 -147.661102295 1460.32409668 566.920654297 265.007263184 1575.52990723 482.69229126 12.802520752 1607.79772949 609.881103516 8.4079284668 1320.88928223 255.814605713 -52.1534881592 1599.40551758 605.359680176 -201.851226807 1229.74938965 96.2697753906 141.094512939 1538.70959473 569.053466797 -447.673400879 1144.43701172
0.0312130451202 8 530.123291016 -147.435379028 1461.07592773 568.534484863 265.084960938 1575.89318848 480.904205322 12.7986297607 1608.1854248 611.782043457 9.33375549316 1325.08337402 255.752502441 -33.5293617249 1609.69360352 612.382019043 -188.529815674 1235.68286133 93.6837615967 149.124435425 1541.77172852 572.90057373 -449.716705322 1141.53735352
0.0315079689026 8 534.019714355 -142.714508057 1467.23852539 571.428344727 264.474700928 1576.44042969 483.732299805 12.5802612305 1613.58520508 613.215515137 17.766418457 1340.60302734 259.650024414 -32.7070732117 1615.32080078 616.575317383 -156.605941772 1239.18164062 101.768890381 153.884796143 1545.4901123 568.751586914 -455.971923828 1137.87219238
0.035717010498 8 533.597839355 -143.321304321 1469.72436523 573.487365723 264.528259277 1577.31640625 483.589111328 12.6524810791 1616.04223633 612.490478516 22.556930542 1349.31689453 260.321899414 -30.4118881226 1618.09277344 616.225891113 -144.865493774 1247.69274902 97.1167907715 176.240112305 1558.57543945 571.627563477 -446.29675293 1142.62780762
0.0457780361176 8 533.451477051 -142.137329102 1472.67102051 576.057128906 263.964782715 1578.14709473 480.791503906 14.4130096436 1615.02124023 612.96875 23.2334747314 1354.88232422 257.064300537 -29.9820365906 1616.96289062 612.222473145 -139.536972046 1262.59448242 63.9571685791 257.277038574 1593.7331543 580.614196777 -422.447387695 1137.18615723
0.0303771495819 8 532.844787598 -141.996841431 1476.1607666 577.434692383 263.678955078 1577.93823242 479.908538818 16.5114746094 1615.10412598 611.233947754 22.7223815918 1358.0291748 254.546203613 -22.1089782715 1619.30053711 612.873413086 -136.645812988 1264.59741211 64.507232666 269.166137695 1597.77526855 575.311584473 -470.735717773 1112.44567871
0.0306129455566 8 543.477722168 -137.491622925 1502.68115234 579.898254395 264.1796875 1577.72412109 494.613098145 34.7734451294 1619.62280273 593.32611084 2.93872070312 1349.27709961 266.844970703 0.794345855713 1623.67407227 597.938171387 -152.624710083 1261.94763184 123.965164185 202.239059448 1570.17919922 558.711425781 -422.014343262 1142.27758789
0.0303099155426 8 543.303161621 -134.420196533 1503.96972656 581.924621582 264.847900391 1577.0670166 490.956878662 34.9641265869 1621.12683105 594.554321289 5.42420959473 1352.39855957 263.036773682 3.8371925354 1623.95178223 613.501403809 -156.691864014 1287.88659668 124.532546997 199.989746094 1569.97558594 570.055114746 -481.998535156 1106.92614746
0.0306799411774 8 543.220825195 -133.827041626 1501.96508789 582.789794922 264.863525391 1576.21166992 489.909088135 32.0606307983 1620.98913574 596.769897461 4.48037719727 1351.86120605 258.597717285 8.39001464844 1624.45703125 615.647827148 -153.518829346 1290.20373535 108.737258911 232.684860229 1583.66101074 596.658935547 -359.227600098 1244.30114746
0.0350069999695 8 538.210510254 -132.036575317 1492.39782715 583.537536621 264.988586426 1575.61413574 484.907287598 25.9526824951 1621.14086914 599.572937012 14.3217926025 1353.86816406 251.692321777 18.9209289551 1631.56860352 616.948181152 -142.662094116 1287.2175293 116.420181274 201.806411743 1573.41333008 571.983032227 -405.949462891 1151.89697266
0.0313639640808 8 537.807739258 -132.636581421 1489.17810059 585.028625488 265.475158691 1575.28869629 484.564239502 27.2745361328 1625.35388184 603.77154541 22.967956543 1353.58215332 251.650146484 17.7720794678 1631.43762207 622.052124023 -138.49520874 1288.57922363 117.113525391 178.402770996 1569.83654785 572.203125 -449.962341309 1123.28027344
0.0418481826782 8 540.503540039 -132.679580688 1482.36108398 585.775512695 265.800140381 1575.02893066 483.126403809 22.2945556641 1625.61572266 605.612976074 30.705657959 1352.37255859 251.41897583 12.4252138138 1632.91027832 621.24810791 -142.450592041 1271.2935791 105.204971313 227.554992676 1587.62585449 574.260375977 -380.20324707 1158.72949219
0.0331268310547 8 537.242431641 -130.823410034 1484.19567871 586.140563965 266.052093506 1575.71557617 482.586608887 25.6788787842 1626.38061523 605.160705566 28.6848602295 1351.3762207 251.453567505 16.2277088165 1634.8248291 614.460205078 -145.386032104 1259.89807129 108.406188965 234.009735107 1592.04663086 582.861572266 -465.414367676 1116.70996094
0.0299110412598 8 536.445617676 -134.290771484 1477.06213379 586.341491699 266.632385254 1577.07531738 480.443908691 28.7648620605 1621.31872559 604.495605469 21.0061645508 1329.46350098 249.044967651 19.340965271 1632.83691406 617.12512207 -178.842514038 1248.35620117 118.065078735 205.750183105 1575.63452148 600.641235352 -332.312805176 1244.80175781
0.0282511711121 8 535.550170898 -131.842941284 1480.01123047 586.141357422 267.201904297 1578.12084961 481.70602417 29.2160949707 1623.74304199 604.274536133 25.7057800293 1338.75476074 250.563919067 17.5226860046 1636.06689453 618.400695801 -158.093734741 1261.78320312 122.434127808 206.596939087 1581.1505127 579.672180176 -407.7706604 1142.38110352
0.0455479621887 8 535.119140625 -133.864593506 1478.41430664 586.245483398 267.545684814 1579.23937988 480.56161499 28.1772155762 1623.66821289 604.940917969 27.0427856445 1338.53393555 250.663589478 17.6983299255 1640.45825195 595.298095703 -153.441223145 1268.79125977 119.380752563 210.538223267 1584.93774414 579.251220703 -408.967407227 1151.0637207
0.029326915741 8 533.047546387 -131.920318604 1475.67675781 586.26776123 267.616577148 1580.68835449 476.857666016 25.6108398438 1625.32824707 608.223999023 30.7932128906 1340.61486816 228.360290527 31.686498642 1642.13525391 590.774230957 -152.24357605 1266.83752441 127.133911133 210.039627075 1584.58508301 578.377319336 -407.077453613 1146.32788086
0.0278940200806 8 529.84362793 -129.939941406 1470.17712402 586.247009277 267.568450928 1581.2109375 470.451507568 21.8484649658 1624.13269043 613.151611328 35.0930023193 1343.31750488 217.084213257 41.8523216248 1639.64160156 604.113586426 -147.916992188 1264.48962402 114.42401123 236.49810791 1581.48693848 582.895690918 -407.221710205 1151.86914062
0.0347969532013 8 528.336547852 -125.151496887 1477.03491211 586.431335449 268.193328857 1581.90222168 470.858734131 29.7641830444 1626.55517578 609.530334473 30.0255050659 1339.24316406 221.177505493 64.1694869995 1643.36169434 607.441467285 -154.910583496 1263.72998047 98.6927261353 290.449615479 1603.80871582 573.137756348 -434.753417969 1151.15576172
0.0315020084381 8 529.382751465 -125.742958069 1482.93200684 586.601196289 269.010253906 1582.98120117 468.924072266 34.0087738037 1627.30541992 612.703979492 29.115447998 1344.74365234 221.972305298 75.1506729126 1643.6427002 611.397216797 -157.329315186 1266.47631836 103.875427246 264.277801514 1586.4654541 574.428588867 -429.116027832 1153.73840332
0.0299620628357 8 529.475097656 -124.423423767 1482.99291992 586.837036133 270.014099121 1583.2565918 470.583435059 34.3582839966 1629.45849609 612.330322266 30.8590774536 1344.59350586 223.399551392 78.6300430298 1644.21594238 614.434570312 -178.649871826 1262.43652344 98.6656188965 321.36605835 1602.52197266 581.934265137 -369.068847656 1166.69287109
0.0351319313049 8 530.632019043 -124.807861328 1481.60742188 586.701477051 270.572631836 1582.29638672 471.072235107 32.982963562 1629.87097168 612.331848145 30.0210342407 1340.9642334 225.226196289 80.6645355225 1645.44165039 610.551696777 -171.773498535 1264.28466797 99.5168151855 326.439361572 1607.07434082 582.540283203 -370.636535645 1165.4810791
0.0308179855347 8 530.219055176 -123.510238647 1483.34020996 586.244262695 271.247375488 1581.19909668 470.189239502 33.7543487549 1634.02832031 612.060241699 33.9211273193 1343.4831543 228.333587646 76.9998016357 1645.53259277 608.772705078 -161.160476685 1264.80895996 101.668701172 280.076171875 1604.71191406 583.373901367 -368.571777344 1164.36376953
0.0312371253967 8 531.475341797 -124.201751709 1485.0390625 586.079223633 271.470153809 1579.77038574 472.183654785 31.6479415894 1635.2734375 615.319152832 32.5372085571 1348.00585938 231.582763672 75.0333938599 1645.84289551 606.725952148 -157.047088623 1263.11279297 114.671737671 292.211364746 1610.12207031 580.819702148 -368.818054199 1162.52600098
0.0354490280151 8 530.159851074 -128.219955444 1488.00939941 585.832702637 271.436004639 1578.93347168 473.798858643 32.2364883423 1639.30688477 616.732971191 31.625213623 1351.01171875 235.190155029 77.0487518311 1649.01489258 602.328613281 -161.803863525 1257.4152832 109.106719971 302.38659668 1608.92333984 577.684509277 -375.671203613 1163.53149414
0.0316159725189 8 531.209472656 -123.570953369 1487.71789551 584.873474121 271.919250488 1578.65380859 473.070159912 32.4781723022 1638.73571777 615.944274902 34.9940261841 1352.75476074 235.443756104 83.7859954834 1650.64367676 602.992370605 -157.808929443 1258.61328125 112.892944336 308.655761719 1610.06542969 575.614440918 -377.91015625 1165.01989746
0.034078836441 8 531.291320801 -122.245788574 1490.91271973 584.300109863 272.991973877 1579.13623047 472.081298828 34.143951416 1640.54443359 617.615844727 35.4786376953 1356.65820312 238.701416016 99.6449966431 1657.64611816 603.356994629 -157.780532837 1258.92663574 112.109703064 303.013885498 1607.04492188 576.440124512 -374.518341064 1163.96789551
0.0438921451569 8 531.364929199 -120.465797424 1491.42626953 583.041687012 275.449310303 1580.68115234 471.765930176 34.5056991577 1641.70874023 617.453674316 38.7306442261 1359.52392578 240.847000122 96.5535125732 1656.4987793 603.58782959 -155.212921143 1257.82727051 117.775161743 302.895935059 1616.50634766 566.801635742 -427.015472412 1154.0513916
0.0303919315338 8 531.091674805 -119.479347229 1491.86425781 582.635009766 276.469146729 1580.72106934 470.912506104 34.6152038574 1642.01660156 616.597106934 40.8920440674 1361.93261719 241.06161499 105.982704163 1659.10546875 603.562744141 -153.015716553 1258.34936523 114.987289429 308.303833008 1609.5567627 577.272094727 -363.138549805 1163.43981934
0.0345180034637 8 530.309265137 -118.36946106 1491.8380127 582.233215332 277.054992676 1580.96264648 469.330444336 37.018081665 1641.77587891 614.99597168 41.7069549561 1359.36621094 241.02796936 111.736251831 1659.80212402 606.28515625 -154.3565979 1258.68469238 85.7987976074 427.630126953 1663.20703125 574.399536133 -418.769805908 1144.66125488
0.0305769443512 8 529.296447754 -116.3462677 1490.38293457 582.012268066 277.315063477 1580.89025879 466.35446167 38.4331893921 1642.39819336 616.455505371 45.3610305786 1358.92553711 238.944030762 111.672714233 1659.90197754 610.183532715 -152.885437012 1259.37231445 122.525382996 285.274169922 1606.33459473 575.72454834 -345.26461792 1167.03540039
0.0308520793915 8 525.88470459 -113.122566223 1480.89978027 581.399291992 278.458831787 1580.73913574 457.152740479 32.9120025635 1636.36804199 624.087524414 51.5892944336 1364.93981934 230.574890137 109.953071594 1656.40686035 620.904052734 -150.573516846 1263.87231445 96.6351470947 340.961090088 1619.12609863 585.627197266 -344.445800781 1172.80554199
0.0358099937439 8 522.817993164 -110.868896484 1470.98657227 581.224182129 280.179840088 1580.43261719 446.892272949 30.0089263916 1629.06518555 635.188659668 58.9845733643 1375.47363281 221.142730713 107.429367065 1649.35827637 630.753967285 -143.011154175 1271.69396973 85.9318084717 334.953460693 1611.39111328 596.425415039 -341.099182129 1179.11889648
0.0315148830414 8 522.869018555 -110.281723022 1469.1328125 580.01361084 280.777923584 1579.35986328 445.709228516 31.1782531738 1627.50744629 636.720336914 60.2834777832 1374.30432129 221.336593628 109.540100098 1649.12963867 632.019165039 -141.694839478 1273.48913574 83.8939056396 335.787445068 1609.97912598 589.784118652 -417.939331055 1175.40869141
0.0313470363617 8 523.193603516 -109.971153259 1467.07373047 579.345275879 281.283996582 1578.29663086 444.126464844 31.4169464111 1626.23461914 638.523620605 60.1335449219 1370.44189453 221.292526245 108.427558899 1647.7701416 633.461669922 -142.259567261 1273.91589355 62.6367340088 417.492279053 1639.95080566 597.899963379 -406.492370605 1181.41772461
0.0351650714874 8 523.514343262 -109.800552368 1465.94970703 579.076660156 281.563751221 1577.66491699 443.844512939 30.2545547485 1626.44384766 639.873535156 57.9603805542 1365.76074219 222.580856323 109.166069031 1646.43664551 632.731689453 -140.757049561 1274.85534668 63.4708862305 425.042663574 1647.06958008 598.155151367 -407.154449463 1183.84960938
0.0331230163574 8 523.780822754 -109.756233215 1464.40869141 579.194396973 281.591522217 1577.23046875 440.865783691 29.6647186279 1625.31616211 642.918823242 57.8997802734 1364.90063477 220.918701172 111.812591553 1645.38208008 635.578369141 -140.568328857 1276.43908691 88.3732757568 314.761291504 1601.38684082 602.240234375 -345.024414062 1187.828125
0.0297830104828 8 522.874450684 -109.576133728 1463.95043945 579.768676758 281.511138916 1576.44067383 440.610748291 31.0696258545 1624.13220215 644.560852051 55.7573242188 1363.63122559 221.488616943 113.062522888 1645.80541992 638.151000977 -142.004272461 1278.28771973 90.5375671387 303.831420898 1599.12451172 604.815917969 -347.025024414 1193.85119629
0.0352840423584 8 523.966247559 -108.192420959 1462.37316895 580.387329102 281.160522461 1574.82958984 442.550720215 34.6815414429 1620.21459961 647.199523926 55.5513534546 1362.58911133 225.451934814 111.90524292 1645.01147461 641.127746582 -139.867462158 1280.80090332 57.9955291748 426.320220947 1640.50683594 605.794616699 -397.452026367 1193.80163574
0.0303769111633 8 525.173828125 -108.018844604 1460.5769043 580.412109375 280.660095215 1573.24475098 444.949493408 37.707359314 1615.76904297 648.820800781 55.5353469849 1361.99658203 226.892562866 110.713790894 1644.95739746 641.618225098 -140.823699951 1281.90563965 57.600982666 421.903381348 1642.42358398 605.237304688 -400.18447876 1193.11743164
0.0311179161072 8 524.626098633 -112.501190186 1459.60046387 580.215270996 280.195678711 1572.07824707 446.189422607 35.3799514771 1617.8026123 647.971862793 53.8592453003 1358.80847168 229.288879395 110.100234985 1646.63110352 640.08984375 -148.851043701 1282.38745117 56.531829834 414.821411133 1639.5513916 604.744506836 -336.176635742 1191.81628418
0.0358951091766 8 522.950439453 -114.879905701 1457.63012695 579.975708008 279.869262695 1571.32568359 447.777191162 34.325958252 1619.63220215 646.848266602 54.4257965088 1356.91809082 232.537734985 110.641372681 1650.1262207 639.002624512 -153.403396606 1279.18591309 58.3125762939 414.797607422 1644.00805664 601.539978027 -402.176086426 1194.88049316
0.0321679115295 8 523.557983398 -120.364936829 1466.23168945 579.858886719 279.237030029 1570.52514648 454.808898926 39.1480407715 1625.06506348 640.40020752 48.8187408447 1351.67346191 245.315338135 115.796936035 1660.63037109 634.724853516 -159.761886597 1273.51403809 93.8104095459 304.50869751 1612.5657959 603.639770508 -391.484436035 1190.11279297
0.0324311256409 8 524.791015625 -122.331184387 1468.59765625 579.916809082 279.747314453 1571.23449707 457.338806152 42.0788116455 1624.65307617 639.032775879 47.4895324707 1350.0925293 251.33732605 117.356491089 1670.77636719 634.000915527 -163.843917847 1274.0324707 95.7602996826 297.560424805 1617.57763672 607.50958252 -386.397338867 1184.80749512
0.0354709625244 8 525.026245117 -121.873207092 1466.89111328 579.552612305 280.151916504 1571.90002441 456.320159912 39.926322937 1624.12194824 638.578430176 49.8937606812 1351.89929199 246.215515137 114.864471436 1666.11254883 639.17956543 -171.256744385 1287.75671387 61.5611724854 390.167022705 1639.57141113 632.204772949 -337.780578613 1232.25219727
0.0333790779114 8 522.630615234 -118.952705383 1466.14355469 578.629272461 280.049072266 1571.72607422 453.440979004 36.9928436279 1623.2800293 630.066101074 57.320526123 1360.3918457 242.645370483 112.470329285 1669.8248291 650.66003418 -152.279754639 1302.6776123 67.185836792 392.28805542 1643.47888184 603.389892578 -389.297485352 1195.13671875
0.0312528610229 8 523.266601562 -117.13621521 1464.94140625 578.761352539 280.097045898 1570.39123535 451.101501465 35.3306732178 1623.99108887 635.064025879 56.930770874 1360.28601074 236.498275757 110.079948425 1673.88049316 654.649108887 -157.018539429 1297.80395508 73.8855743408 386.454742432 1648.20288086 600.724609375 -386.31072998 1199.94311523
0.0512189865112 8 521.557006836 -115.660751343 1467.93164062 579.173583984 280.172119141 1569.22314453 449.533355713 33.5099334717 1624.27575684 631.557556152 60.1124725342 1373.66418457 221.436691284 99.2608642578 1687.27319336 658.168518066 -148.161849976 1298.11877441 83.7513885498 369.992889404 1649.95910645 643.785766602 -320.868988037 1245.65734863
0.0319540500641 8 518.559265137 -106.738815308 1477.61962891 580.019348145 280.458496094 1567.87866211 445.4503479 41.5511398315 1622.83422852 632.341918945 56.0923233032 1382.95385742 213.859024048 89.6405258179 1696.16308594 664.09576416 -149.893859863 1302.48474121 90.5603485107 348.272338867 1647.12304688 651.59387207 -334.446472168 1234.02783203
0.0335209369659 8 521.60546875 -104.324638367 1475.20349121 580.340026855 281.271911621 1565.87524414 445.786376953 39.9320068359 1623.20251465 638.319946289 53.8349761963 1376.07995605 212.445419312 66.7245407104 1703.3026123 665.816589355 -145.3256073 1305.99694824 97.9723205566 310.773345947 1639.51037598 621.733642578 -389.964416504 1203.51818848
0.0312490463257 8 525.075927734 -105.174003601 1474.24206543 580.458312988 281.511383057 1563.76257324 451.019165039 34.4560775757 1625.77099609 643.3828125 49.7063827515 1374.45483398 213.691879272 34.0267181396 1712.14660645 663.390258789 -153.849334717 1303.47387695 95.4604873657 273.686401367 1631.39343262 625.730773926 -387.666015625 1205.40429688
0.0298471450806 8 527.424133301 -108.60496521 1471.94848633 580.811157227 281.325073242 1560.29431152 461.290222168 30.0821914673 1627.75402832 647.151062012 45.9141769409 1373.59973145 231.740661621 -4.05321121216 1724.90270996 664.551574707 -156.183349609 1304.15002441 101.358398438 199.068893433 1615.92932129 629.833007812 -390.272827148 1205.74145508
0.0301418304443 8 533.989440918 -106.919700623 1473.8380127 581.407531738 281.006774902 1555.73461914 481.825744629 33.1525878906 1639.02697754 655.78918457 52.4910736084 1376.97888184 245.542816162 -46.8439178467 1716.33056641 668.222961426 -159.017791748 1293.24182129 95.3174743652 125.651016235 1590.15869141 643.547973633 -368.720703125 1221.20410156
0.0334241390228 8 534.420410156 -109.14629364 1471.23400879 584.061950684 280.386016846 1547.79699707 484.884490967 29.6299133301 1639.23303223 660.394104004 51.3062286377 1380.00964355 269.330871582 -77.2621307373 1726.43530273 671.831115723 -158.277587891 1299.15698242 86.9474182129 40.4821395874 1569.78198242 644.778137207 -379.651062012 1224.35070801
0.0312159061432 8 535.718444824 -113.545631409 1467.15600586 586.602478027 277.990509033 1537.23181152 485.199859619 25.1245269775 1634.86816406 659.479248047 51.1245117188 1380.69262695 330.440490723 -122.203079224 1747.30603027 671.212280273 -157.963195801 1301.79162598 100.403488159 -53.7143859863 1560.89233398 643.211608887 -388.763580322 1216.9432373
0.0311710834503 8 537.382263184 -115.391044617 1466.94909668 588.175048828 276.44241333 1531.63024902 490.124298096 25.5607299805 1633.84326172 657.784484863 53.2652816772 1383.20751953 357.062255859 -156.068710327 1733.94897461 670.369689941 -155.958190918 1304.1862793 108.739089966 -138.126708984 1555.38806152 640.564453125 -395.786529541 1218.05493164
0.0448219776154 8 537.616149902 -113.673294067 1468.64196777 589.360534668 275.938537598 1528.11730957 492.726593018 27.5498733521 1632.94213867 656.569396973 51.3582687378 1381.64624023 379.280578613 -148.480957031 1725.59484863 667.71472168 -155.63369751 1304.11303711 158.602722168 -220.586334229 1567.86120605 632.532653809 -407.554748535 1224.86877441
0.0329070091248 8 538.625671387 -114.396141052 1473.20373535 590.924560547 275.317382812 1526.28991699 498.833129883 30.3659744263 1634.71020508 650.60144043 48.8665237427 1376.0925293 395.838684082 -151.092437744 1720.60180664 656.088317871 -152.822784424 1297.17126465 192.471008301 -262.497253418 1619.8125 626.022888184 -414.454772949 1213.16308594
0.0286848545074 8 539.959350586 -114.989448547 1471.67382812 590.996337891 275.932739258 1528.70153809 501.534942627 31.0205230713 1632.79125977 651.724243164 48.8414001465 1374.60571289 430.784179688 -191.593688965 1666.78881836 655.534423828 -154.128921509 1293.12280273 212.793548584 -346.614013672 1566.53271484 623.474365234 -406.714111328 1221.23779297
0.0334889888763 8 540.892700195 -115.273590088 1469.28588867 589.647949219 276.342895508 1532.11767578 502.747833252 30.1751098633 1632.66442871 653.477905273 49.8041687012 1372.45227051 429.229125977 -199.612945557 1662.06591797 655.920043945 -155.075241089 1290.57373047 242.168792725 -333.348358154 1625.62585449 627.520812988 -406.151062012 1213.8203125
0.0318531990051 8 549.524902344 -123.644233704 1473.65820312 588.222900391 276.540008545 1534.78369141 527.621032715 30.3567047119 1640.31030273 639.677001953 46.9284133911 1352.22265625 448.434326172 -210.879760742 1660.06872559 649.548950195 -169.617370605 1277.39782715 293.365814209 -444.851104736 1578.07495117 613.703796387 -407.634338379 1201.97314453
0.0309269428253 8 555.929321289 -125.029495239 1474.24975586 586.587219238 277.05557251 1536.06213379 546.340515137 30.8344116211 1646.17578125 640.173034668 45.9523544312 1341.53857422 477.727996826 -235.910736084 1645.359375 651.951843262 -174.421264648 1270.6887207 321.8074646 -487.88671875 1580.86462402 614.096313477 -401.153808594 1198.95935059
0.0351409912109 8 558.48815918 -125.239227295 1474.29309082 578.747924805 279.189819336 1539.29553223 556.013366699 35.1070709229 1648.20092773 638.80291748 45.1732559204 1331.21923828 479.079864502 -229.553695679 1644.68395996 648.54675293 -170.828460693 1264.8548584 371.045227051 -510.946716309 1592.99035645 611.88104248 -393.062255859 1190.17651367
0.0312309265137 8 561.527526855 -123.615135193 1473.02709961 575.246459961 280.799163818 1542.8092041 564.667480469 40.2072753906 1648.68762207 639.034667969 46.191696167 1321.82336426 486.041748047 -210.731277466 1642.34216309 646.881103516 -168.897537231 1258.96020508 369.31741333 -487.907348633 1630.9128418 618.058288574 -373.669189453 1175.40820312
0.0346591472626 8 561.496337891 -124.265655518 1472.05053711 569.931152344 281.939819336 1547.6060791 566.763793945 41.9866867065 1648.04455566 635.67565918 43.4958572388 1313.95227051 483.756317139 -201.176300049 1644.5904541 642.235778809 -173.459594727 1248.77050781 356.259796143 -451.366027832 1654.03027344 612.274047852 -364.062744141 1159.61096191
0.0310399532318 8 562.59967041 -122.512420654 1469.86633301 566.344726562 282.865600586 1551.59765625 569.885681152 43.465461731 1646.59960938 632.455383301 44.8134384155 1308.74926758 485.39541626 -193.633789062 1642.31958008 640.710327148 -174.067260742 1242.09350586 360.551086426 -434.226074219 1663.13134766 602.489074707 -370.892059326 1147.58422852
0.031270980835 8 563.737365723 -120.736854553 1468.29760742 562.428466797 284.028869629 1558.06713867 572.80090332 47.8778839111 1641.85229492 627.187744141 46.5987548828 1305.18041992 488.882507324 -184.868499756 1642.30627441 638.705749512 -171.60043335 1234.07275391 376.536224365 -421.24432373 1676.73803711 589.769348145 -380.489959717 1135.26904297
0.0355598926544 8 564.37109375 -116.678291321 1462.03088379 561.62878418 282.969299316 1559.4699707 575.659423828 57.4747085571 1626.23144531 622.034423828 48.9160842896 1298.71508789 537.166137695 -101.139701843 1676.66711426 635.207763672 -166.227539062 1229.00317383 382.972351074 -427.580718994 1681.99584961 581.033813477 -377.261566162 1128.09289551
0.0318310260773 8 562.450805664 -109.601753235 1449.3951416 560.835083008 282.847015381 1561.00415039 570.711608887 59.8627166748 1600.30297852 613.389831543 44.6256103516 1290.71679688 566.022888184 -75.0217285156 1532.90039062 629.688171387 -169.699493408 1227.37817383 523.584594727 -293.694335938 1758.23754883 570.553588867 -380.712860107 1123.96960449
0.0461850166321 8 565.145507812 -106.45475769 1451.57653809 560.847839355 283.864715576 1562.45361328 575.203125 62.1292800903 1601.59423828 610.438964844 46.2062606812 1291.35717773 569.967407227 -77.2437057495 1534.27270508 623.098388672 -166.780853271 1225.36010742 529.597473145 -294.910491943 1759.21130371 560.19329834 -384.137634277 1118.69299316
0.0318291187286 8 566.829345703 -108.037315369 1453.79309082 561.210693359 284.403930664 1563.84606934 578.460632324 61.4846801758 1604.89611816 612.042053223 45.14793396 1291.94348145 573.409545898 -69.8594055176 1515.69482422 619.899230957 -165.40145874 1224.04174805 529.192321777 -289.061462402 1754.44189453 554.99029541 -380.252197266 1117.27722168
0.0208380222321 8 569.182922363 -105.651260376 1462.01953125 561.815368652 285.128540039 1564.57910156 586.257263184 52.8044509888 1637.01184082 618.758117676 53.0403671265 1293.55187988 565.33770752 -69.2457733154 1539.54309082 618.190917969 -149.776000977 1219.93664551 531.282104492 -295.272949219 1751.11303711 552.988647461 -368.651794434 1119.34387207
0.0317919254303 8 571.340881348 -107.267906189 1465.04980469 563.31262207 284.96182251 1563.93371582 591.993652344 49.250328064 1643.25183105 621.228027344 50.5303573608 1293.90222168 566.922973633 -76.2011032104 1556.85009766 618.915344238 -153.620513916 1220.35681152 527.626647949 -296.84753418 1760.75439453 548.982666016 -374.456848145 1118.19763184
0.0355570316315 8 571.362060547 -108.515617371 1464.7244873 564.369445801 284.861175537 1563.46350098 592.882385254 50.4920043945 1636.27612305 620.889099121 44.9239959717 1293.90307617 568.469177246 -78.2563323975 1571.8079834 617.223754883 -159.863510132 1221.29382324 522.799438477 -288.772827148 1768.29418945 543.593322754 -380.139526367 1118.10583496
0.0338368415833 8 567.997192383 -109.839599609 1466.67932129 565.764099121 284.672973633 1563.19763184 590.287841797 58.1266937256 1627.47766113 617.583007812 38.6849517822 1293.33728027 572.639221191 -77.0805053711 1584.91113281 611.478637695 -163.432037354 1218.34204102 521.085571289 -281.499633789 1774.15576172 536.263977051 -385.937744141 1119.96435547
0.0324029922485 8 567.832580566 -109.988822937 1468.0559082 567.273803711 284.83380127 1562.72497559 593.298400879 56.9352722168 1629.96276855 616.71270752 38.2978973389 1293.8494873 573.753845215 -79.5682830811 1597.21496582 608.153564453 -159.985565186 1215.00317383 517.896118164 -281.106536865 1778.56152344 534.48651123 -387.143920898 1120.79736328
0.0353541374207 8 569.108459473 -108.909919739 1468.02246094 572.081787109 285.794311523 1562.11450195 598.91986084 57.0509719849 1629.59960938 617.751403809 39.4778213501 1294.37353516 576.746276855 -75.8041915894 1604.67370605 609.899902344 -140.685089111 1209.27148438 513.54888916 -284.828216553 1778.77160645 534.044067383 -389.725036621 1122.86474609
0.0314159393311 8 568.852844238 -108.311309814 1468.42675781 575.674316406 286.721191406 1561.48925781 599.161682129 59.1146240234 1630.50842285 616.660827637 39.8847351074 1292.4354248 577.17578125 -78.1766662598 1599.48864746 611.607543945 -151.751464844 1213.63452148 509.960723877 -287.281219482 1780.83276367 536.799560547 -391.29876709 1124.55358887
0.0318660736084 8 566.070068359 -104.506492615 1465.40124512 581.605651855 287.433044434 1559.62805176 597.88293457 66.2497558594 1631.57641602 606.93359375 45.5151824951 1282.07714844 577.448059082 -91.46434021 1584.7779541 613.802246094 -158.372787476 1215.89233398 499.048614502 -279.509368896 1777.86437988 542.285095215 -396.042114258 1123.95617676
0.0353689193726 8 567.41003418 -104.507759094 1466.58056641 582.468994141 288.377380371 1559.37719727 598.776428223 63.4270629883 1632.40881348 611.125549316 45.6829681396 1287.0904541 586.25012207 -104.992630005 1614.40930176 614.043945312 -154.603637695 1219.10510254 493.090270996 -284.362670898 1770.81091309 545.132995605 -392.395629883 1123.4621582
0.0328540802002 8 571.006408691 -107.486946106 1472.85961914 587.82409668 289.540649414 1555.28222656 596.481628418 69.1832733154 1633.00842285 616.822937012 40.3606872559 1289.69030762 580.294494629 -100.012832642 1618.36364746 618.989868164 -160.098373413 1221.18591309 483.484863281 -280.044830322 1766.70556641 556.479431152 -388.710571289 1125.40759277
0.0316598415375 8 574.59362793 -100.837783813 1481.47753906 588.12890625 289.737182617 1554.07507324 604.5 81.21043396 1637.82897949 620.584228516 41.2356109619 1291.2623291 580.693786621 -97.4220123291 1628.78503418 620.17590332 -159.630599976 1221.60449219 482.693084717 -279.786895752 1773.234375 561.566833496 -385.730529785 1125.56726074
0.0360321998596 8 577.495117188 -99.4873962402 1481.50952148 591.14465332 290.597717285 1551.40429688 607.53125 78.7637634277 1638.56689453 631.485473633 50.8031921387 1303.0703125 579.043212891 -100.405181885 1639.30566406 618.103881836 -150.834793091 1222.46130371 486.386413574 -292.391601562 1770.83618164 561.80078125 -386.391418457 1121.79907227
