0.0302848815918 8 -432.481018066 -155.045410156 1478.9005127 -400.183074951 243.18157959 1651.21948242 -467.841094971 113.710357666 1406.28710938 -368.489837646 -21.1260986328 1717.06762695 -468.592559814 -156.070068359 1271.61645508 -368.490234375 -312.452514648 1717.06762695 -404.157867432 -456.472106934 1214.36877441 -368.48449707 -603.778625488 1717.06762695
0.0325701236725 8 -432.871124268 -154.351043701 1478.78540039 -399.963104248 244.369445801 1652.6270752 -466.682800293 114.701751709 1406.53710938 -369.944396973 -21.2188720703 1717.67578125 -468.80078125 -159.073913574 1270.67468262 -369.944793701 -312.545288086 1717.67578125 -403.921539307 -459.576751709 1214.47497559 -369.939056396 -603.871398926 1717.67578125
0.0358259677887 8 -432.718414307 -155.637664795 1477.72607422 -400.804748535 241.598144531 1653.29125977 -469.985809326 113.683456421 1408.29602051 -366.862518311 -23.9143829346 1716.58874512 -469.462738037 -158.260421753 1271.04089355 -366.862915039 -315.240783691 1716.58874512 -404.607788086 -458.734680176 1214.65319824 -366.857177734 -606.566894531 1716.58874512
0.030858039856 8 -432.121826172 -155.469787598 1478.79125977 -399.719207764 243.229034424 1653.14807129 -468.85546875 113.563041687 1407.94213867 -366.429321289 -22.6305541992 1717.08935547 -469.181518555 -158.823455811 1271.02514648 -366.429718018 -313.956970215 1717.08935547 -404.662445068 -459.252685547 1214.01538086 -366.423980713 -605.283081055 1717.08935547
0.031308889389 8 -432.431945801 -154.432495117 1477.42370605 -399.605773926 243.686935425 1653.08227539 -467.208526611 114.991706848 1407.06799316 -367.949737549 -22.6370849609 1716.63269043 -469.51675415 -159.166778564 1270.59375 -367.950134277 -313.963500977 1716.63269043 -404.720245361 -459.6534729 1214.20446777 -367.944396973 -605.289611816 1716.63269043
0.0356500148773 8 -432.01776123 -154.757049561 1477.63427734 -399.012176514 243.785308838 1653.03601074 -468.924621582 114.552429199 1407.92700195 -364.79119873 -22.8083496094 1716.00195312 -469.186981201 -158.101226807 1271.18225098 -364.791595459 -314.134765625 1716.00195312 -405.373474121 -458.657806396 1214.05883789 -364.785858154 -605.460876465 1716.00195312
0.0312821865082 8 -431.633514404 -155.324615479 1477.96142578 -398.820861816 243.172988892 1652.99169922 -472.232147217 113.679267883 1409.16931152 -361.513885498 -22.9424285889 1715.24206543 -468.619659424 -158.226074219 1271.2734375 -361.514282227 -314.268859863 1715.24206543 -404.807159424 -458.769470215 1214.07092285 -361.508544922 -605.594970703 1715.24206543
0.0314788818359 8 -433.358642578 -152.235321045 1474.46142578 -398.132873535 244.174316406 1653.4597168 -474.713867188 117.517845154 1409.15710449 -360.039245605 -22.5007629395 1712.23254395 -469.219665527 -158.230010986 1271.24499512 -360.039642334 -313.827178955 1712.23254395 -403.818695068 -458.581512451 1214.85839844 -360.033905029 -605.153320312 1712.23254395
0.037889957428 8 -432.387145996 -152.114578247 1472.96166992 -398.182006836 243.908615112 1652.69055176 -476.269836426 117.552955627 1408.95422363 -356.970397949 -22.5799407959 1710.18835449 -468.610473633 -155.274353027 1272.26135254 -356.970794678 -313.90637207 1710.18835449 -403.930175781 -455.725830078 1215.56604004 -356.965057373 -605.23248291 1710.18835449
0.0428431034088 8 -432.41418457 -152.221252441 1474.54846191 -397.718383789 244.250106812 1653.32543945 -473.929870605 117.629364014 1409.72619629 -359.199829102 -22.8664245605 1712.56530762 -468.262176514 -154.726715088 1272.3503418 -359.20022583 -314.192840576 1712.56530762 -405.269622803 -455.441833496 1215.17114258 -359.194488525 -605.518920898 1712.56530762
0.0329718589783 8 -433.900939941 -151.487304688 1474.34619141 -398.136749268 244.472793579 1653.64013672 -471.427459717 118.90222168 1409.37255859 -363.00869751 -23.3307800293 1713.70092773 -469.014099121 -153.741394043 1272.5690918 -363.009094238 -314.657196045 1713.70092773 -405.841217041 -454.442169189 1215.49462891 -363.003356934 -605.983276367 1713.70092773
0.0299592018127 8 -433.373046875 -155.942337036 1472.9387207 -400.377502441 240.890640259 1651.78137207 -475.481994629 113.709014893 1407.74633789 -361.222290039 -26.1453552246 1711.01904297 -469.597076416 -152.731689453 1272.49377441 -361.222686768 -317.47177124 1711.01904297 -406.019287109 -453.38583374 1215.61523438 -361.216949463 -608.797851562 1711.01904297
0.0310428142548 8 -432.176147461 -155.665054321 1474.72412109 -398.761047363 242.245895386 1652.36230469 -476.469299316 113.600242615 1409.33813477 -357.98248291 -24.8740386963 1711.64233398 -468.999450684 -157.883544922 1271.41601562 -357.982879639 -316.200439453 1711.64233398 -405.039916992 -457.766998291 1211.1048584 -357.977142334 -607.526550293 1711.64233398
0.0349080562592 8 -431.936157227 -155.993682861 1475.79296875 -399.13885498 241.859451294 1652.16772461 -475.366455078 113.083572388 1409.03723145 -359.356445312 -24.3896331787 1712.76940918 -469.107940674 -158.51612854 1271.7701416 -359.356842041 -315.716064453 1712.76940918 -405.889007568 -458.633239746 1211.79284668 -359.351104736 -607.042175293 1712.76940918
0.0306560993195 8 -432.469055176 -156.133239746 1479.0168457 -399.369232178 242.274047852 1652.57983398 -471.999359131 112.740287781 1409.1619873 -363.469207764 -23.1824493408 1716.29016113 -469.341827393 -158.802185059 1272.06054688 -363.469604492 -314.508850098 1716.29016113 -406.656524658 -458.934234619 1211.57434082 -363.463867188 -605.834960938 1716.29016113
0.031133890152 8 -432.166625977 -154.64855957 1481.0949707 -398.317718506 244.617538452 1653.3026123 -469.153106689 114.001579285 1409.00854492 -365.70010376 -20.5953521729 1718.4753418 -469.954864502 -159.548156738 1272.1270752 -365.700500488 -311.92175293 1718.4753418 -406.727142334 -459.567810059 1211.63293457 -365.694763184 -603.24786377 1718.4753418
0.0346810817719 8 -432.107696533 -156.377960205 1479.81469727 -399.579589844 241.949996948 1652.16967773 -468.532073975 112.271743774 1407.39489746 -367.157318115 -22.2794647217 1717.60290527 -470.831848145 -158.731643677 1272.52294922 -367.157714844 -313.605895996 1717.60290527 -407.770629883 -458.69543457 1211.57177734 -367.151977539 -604.932006836 1717.60290527
0.0416140556335 8 -432.17401123 -156.310821533 1479.32739258 -399.661773682 241.63873291 1653.11315918 -468.768341064 112.58581543 1407.89624023 -366.980377197 -23.0771484375 1717.54101562 -470.248077393 -160.858428955 1271.68566895 -366.980773926 -314.403564453 1717.54101562 -408.790863037 -461.157806396 1210.76464844 -366.975036621 -605.729675293 1717.54101562
0.0317499637604 8 -432.784729004 -153.908325195 1478.92797852 -398.588378906 243.794647217 1654.56347656 -467.294372559 115.661933899 1409.02746582 -367.075256348 -22.5654144287 1718.04431152 -469.302612305 -160.550201416 1271.59533691 -367.075653076 -313.891845703 1718.04431152 -408.420227051 -460.980194092 1210.73010254 -367.069915771 -605.217956543 1718.04431152
0.0320868492126 8 -432.948425293 -154.596374512 1477.97802734 -398.34866333 243.282104492 1652.7800293 -469.368988037 114.84677124 1408.55407715 -365.072418213 -23.0194396973 1716.36071777 -469.183929443 -156.917938232 1272.28283691 -365.072814941 -314.345855713 1716.36071777 -406.810821533 -456.876312256 1210.6229248 -365.067077637 -605.67199707 1716.36071777
0.0306251049042 8 -430.994812012 -155.128112793 1479.59509277 -398.568634033 243.937408447 1653.39855957 -469.398193359 113.753097534 1409.07397461 -364.296020508 -22.0826568604 1717.49316406 -467.428344727 -158.071426392 1271.18676758 -364.296417236 -313.409057617 1717.49316406 -402.433624268 -457.671936035 1210.55175781 -364.290679932 -604.735168457 1717.49316406
0.0308680534363 8 -434.618621826 -152.674118042 1477.56945801 -398.578155518 245.123840332 1653.65820312 -465.242034912 116.977096558 1406.39453125 -373.384124756 -21.2864532471 1717.78442383 -467.306274414 -158.83644104 1270.17712402 -373.384521484 -312.612854004 1717.78442383 -396.522766113 -457.434570312 1211.37719727 -373.37878418 -603.938964844 1717.78442383
0.035099029541 8 -433.031433105 -153.077285767 1476.87109375 -398.426330566 244.706466675 1652.84204102 -465.435760498 116.599571228 1406.47949219 -370.746002197 -21.9384307861 1716.98339844 -465.216094971 -159.028076172 1269.15759277 -370.746398926 -313.264831543 1716.98339844 -387.004943848 -456.148956299 1212.68237305 -370.740661621 -604.590942383 1716.98339844
0.031397819519 8 -432.056152344 -153.73046875 1474.79577637 -398.198150635 244.22416687 1652.89819336 -467.819732666 116.21081543 1407.09802246 -366.699371338 -23.9574890137 1714.83312988 -462.46081543 -158.606170654 1268.42004395 -366.699768066 -315.283905029 1714.83312988 -375.299194336 -453.689483643 1214.89343262 -366.694030762 -606.609985352 1714.83312988
0.0313971042633 8 -430.286499023 -152.865264893 1473.58813477 -397.874298096 244.321975708 1653.45556641 -466.372680664 117.313148499 1406.95117188 -366.267150879 -24.0643005371 1714.52612305 -457.698120117 -157.42565918 1268.54052734 -366.267547607 -315.390716553 1714.52612305 -363.501739502 -450.66394043 1216.70898438 -366.261810303 -606.716796875 1714.52612305
0.0393378734589 8 -428.863342285 -154.961303711 1473.99658203 -398.505096436 241.58052063 1653.23864746 -463.89956665 115.126701355 1406.41052246 -368.326629639 -25.7857208252 1715.64123535 -451.092254639 -158.055999756 1267.86352539 -368.327026367 -317.112121582 1715.64123535 -347.098388672 -448.430114746 1219.24816895 -368.321289062 -608.438232422 1715.64123535
0.0394270420074 8 -428.959472656 -151.318054199 1466.9597168 -397.678894043 243.550918579 1653.52062988 -469.31262207 119.498214722 1405.80871582 -363.739196777 -26.1289215088 1709.41271973 -443.558807373 -159.207992554 1267.58776855 -363.739593506 -317.455322266 1709.41271973 -331.525482178 -446.55645752 1218.71105957 -363.733856201 -608.781433105 1709.41271973
0.0261490345001 8 -428.716064453 -149.936523438 1460.41003418 -397.569580078 242.842636108 1651.6385498 -474.455841064 121.186546326 1404.75061035 -358.069976807 -27.5756072998 1702.76306152 -434.217193604 -156.158782959 1269.06945801 -358.070373535 -318.902038574 1702.76306152 -313.453918457 -439.967834473 1220.38244629 -358.06463623 -610.228149414 1702.76306152
0.0340330600739 8 -425.606079102 -149.193054199 1458.09838867 -397.666870117 242.441345215 1652.27075195 -470.117767334 122.382575989 1403.44470215 -359.667144775 -28.6047210693 1702.70495605 -421.403381348 -154.10055542 1271.97717285 -359.667541504 -319.931152344 1702.70495605 -292.105163574 -434.516448975 1225.65759277 -359.661804199 -611.257263184 1702.70495605
0.0301289558411 8 -420.303314209 -154.426818848 1466.97729492 -398.202362061 240.16847229 1651.12255859 -464.89364624 115.20589447 1403.70263672 -359.379119873 -26.5697937012 1709.12353516 -406.381866455 -156.543365479 1273.12866211 -359.379516602 -317.896209717 1709.12353516 -265.104705811 -432.141204834 1235.28552246 -359.373779297 -609.222290039 1709.12353516
0.0308399200439 8 -418.546569824 -156.276031494 1479.80688477 -398.734985352 241.502838135 1656.52246094 -456.121124268 112.278495789 1408.22119141 -366.474761963 -23.3345489502 1721.20532227 -391.951202393 -166.14453125 1270.10131836 -366.475158691 -314.660949707 1721.20532227 -222.480560303 -425.102111816 1256.07226562 -366.469421387 -605.987060547 1721.20532227
0.0356459617615 8 -418.133483887 -158.009124756 1488.99230957 -397.56854248 243.016159058 1658.29223633 -451.321136475 109.351722717 1410.97241211 -369.146087646 -20.5018615723 1728.49707031 -379.651245117 -172.452819824 1270.18408203 -369.146484375 -311.828277588 1728.49707031 -188.179412842 -416.65411377 1271.99829102 -369.14074707 -603.154418945 1728.49707031
0.0313282012939 8 -419.926116943 -159.029800415 1495.12255859 -396.946746826 243.035263062 1659.19299316 -448.28427124 107.460342407 1412.27966309 -373.967376709 -18.3423614502 1733.40637207 -366.052825928 -173.111618042 1273.26135254 -373.967773438 -309.668762207 1733.40637207 -159.302688599 -405.369995117 1285.56542969 -373.962036133 -600.994873047 1733.40637207
0.0316870212555 8 -425.337524414 -160.008148193 1497.04614258 -397.660858154 242.51222229 1659.08740234 -443.738220215 106.347686768 1411.16748047 -383.696411133 -18.4298706055 1735.54345703 -353.428497314 -170.410430908 1277.75830078 -383.696807861 -309.756286621 1735.54345703 -136.494888306 -392.355773926 1296.77624512 -383.691070557 -601.082397461 1735.54345703
0.0358948707581 8 -430.062133789 -158.512313843 1497.15344238 -397.455108643 243.035171509 1660.0670166 -440.482391357 107.938995361 1410.17980957 -392.13381958 -17.1460876465 1736.41589355 -340.162567139 -169.594421387 1282.52612305 -392.134216309 -308.472503662 1736.41589355 -116.273147583 -383.847167969 1306.35461426 -392.128479004 -599.798583984 1736.41589355
0.0318689346313 8 -432.163269043 -158.0965271 1496.67077637 -397.111022949 241.783447266 1660.53637695 -434.158691406 108.31678772 1408.97473145 -400.211547852 -16.9382171631 1736.92956543 -327.635467529 -167.18598938 1287.8939209 -400.21194458 -308.264648438 1736.92956543 -98.1860809326 -374.497589111 1316.99121094 -400.206207275 -599.590759277 1736.92956543
0.0314540863037 8 -432.37588501 -155.839675903 1498.19396973 -395.804901123 242.447097778 1660.8392334 -437.587097168 110.548980713 1410.37060547 -396.727294922 -14.3603210449 1737.81030273 -314.690979004 -164.516967773 1293.13293457 -396.72769165 -305.686737061 1737.81030273 -80.7600250244 -364.843994141 1327.36608887 -396.721954346 -597.012817383 1737.81030273
0.0360250473022 8 -432.178771973 -156.732955933 1499.15380859 -395.195770264 242.604415894 1660.46838379 -431.673583984 109.281311035 1410.0324707 -401.430847168 -14.5478210449 1739.03833008 -305.403747559 -161.159667969 1297.75671387 -401.431243896 -305.874237061 1739.03833008 -69.6719360352 -357.590087891 1335.72644043 -401.425506592 -597.200317383 1739.03833008
0.0318188667297 8 -435.905792236 -154.542785645 1497.83203125 -394.312194824 242.361557007 1660.8203125 -436.725311279 111.422210693 1408.46118164 -403.371307373 -12.1077880859 1737.37158203 -297.158355713 -159.002075195 1302.09606934 -403.371704102 -303.434204102 1737.37158203 -57.7887268066 -349.184570312 1343.31555176 -403.365966797 -594.760314941 1737.37158203
0.0318360328674 8 -437.182006836 -154.66293335 1500.12670898 -392.80657959 242.304336548 1660.98254395 -433.036804199 110.869758606 1409.58959961 -405.727478027 -11.6291351318 1739.44628906 -288.653839111 -155.895996094 1306.77490234 -405.727874756 -302.955566406 1739.44628906 -47.3126525879 -342.480316162 1350.44238281 -405.722137451 -594.281677246 1739.44628906
0.0358400344849 8 -440.456604004 -154.673736572 1499.52160645 -391.484954834 241.258331299 1661.0435791 -430.698272705 110.227600098 1407.60888672 -413.620391846 -10.5573730469 1738.74194336 -280.492584229 -154.332305908 1310.1114502 -413.620788574 -301.883789062 1738.74194336 -38.0126953125 -338.808776855 1358.44091797 -413.61505127 -593.209899902 1738.74194336
0.0318920612335 8 -436.930847168 -157.676055908 1500.39868164 -390.634368896 239.762832642 1660.59619141 -423.766296387 106.891677856 1407.90625 -413.708068848 -13.0089263916 1739.68212891 -274.417755127 -152.563186646 1313.29919434 -413.708465576 -304.335327148 1739.68212891 -31.0771179199 -334.649047852 1360.93518066 -413.702728271 -595.661437988 1739.68212891
0.0434858798981 8 -437.819580078 -154.39352417 1498.42236328 -387.140808105 241.491577148 1660.87121582 -421.292724609 110.219749451 1406.57897949 -416.182617188 -10.3683776855 1738.25012207 -265.90625 -151.683410645 1316.88049316 -416.183013916 -301.694793701 1738.25012207 -20.7350158691 -330.736053467 1366.42602539 -416.177276611 -593.020874023 1738.25012207
0.0339210033417 8 -428.210357666 -159.290283203 1507.95947266 -384.986083984 242.109344482 1660.52648926 -410.584594727 103.775741577 1411.98339844 -409.463378906 -11.3462677002 1745.62963867 -265.266479492 -147.306289673 1322.25341797 -409.463775635 -302.672668457 1745.62963867 -17.8862609863 -324.581665039 1366.68530273 -409.45803833 -593.998779297 1745.62963867
0.0289280414581 8 -423.780334473 -162.85093689 1512.71936035 -385.019104004 240.422576904 1663.85168457 -410.528137207 100.232070923 1416.09289551 -403.17565918 -14.3032989502 1749.85681152 -256.84967041 -148.977218628 1325.46166992 -403.176055908 -305.629699707 1749.85681152 -5.51736450195 -320.430114746 1370.24316406 -403.170318604 -596.955810547 1749.85681152
0.0308439731598 8 -420.401306152 -163.149017334 1515.32055664 -382.868286133 241.198974609 1665.50622559 -412.059936523 100.127975464 1418.68920898 -395.657775879 -14.5814056396 1752.04321289 -253.094848633 -146.834060669 1327.54467773 -395.658172607 -305.907836914 1752.04321289 -2.1272277832 -319.314788818 1370.75195312 -395.652435303 -597.233947754 1752.04321289
0.0423250198364 8 -419.706665039 -164.674743652 1515.49597168 -381.770111084 238.818984985 1666.35473633 -409.615264893 98.7664642334 1419.43212891 -395.819549561 -16.6994171143 1752.69702148 -252.772644043 -144.572341919 1327.0369873 -395.819946289 -308.025817871 1752.69702148 -1.74351501465 -317.381591797 1368.74707031 -395.814208984 -599.351928711 1752.69702148
0.0294630527496 8 -417.834350586 -164.159500122 1515.90991211 -379.349334717 239.286361694 1667.7902832 -407.234008789 99.5910644531 1420.72375488 -393.319641113 -17.0842285156 1753.61828613 -251.673797607 -145.196884155 1325.66784668 -393.320037842 -308.410644531 1753.61828613 -1.34184265137 -319.106323242 1367.1048584 -393.314300537 -599.736755371 1753.61828613
0.0347321033478 8 -416.22479248 -164.455825806 1516.97802734 -376.88293457 239.365341187 1667.97546387 -410.348205566 99.2817382812 1421.39196777 -387.205566406 -16.9157104492 1753.87194824 -251.87651062 -144.844711304 1324.72644043 -387.205963135 -308.242126465 1753.87194824 -0.990036010742 -317.922088623 1366.35705566 -387.20022583 -599.568237305 1753.87194824
0.0311598777771 8 -415.768493652 -165.979797363 1518.09936523 -375.44821167 238.321563721 1667.59008789 -412.250061035 97.5609588623 1421.83459473 -383.777038574 -17.7841644287 1754.20910645 -252.85168457 -143.705612183 1324.30944824 -383.777435303 -309.110595703 1754.20910645 -2.27137756348 -317.181518555 1366.16552734 -383.771697998 -600.436706543 1754.20910645
0.0311329364777 8 -414.016082764 -167.090438843 1518.81640625 -373.18661499 237.8934021 1664.90625 -411.436584473 95.9543762207 1421.15722656 -380.085876465 -17.658203125 1753.88134766 -252.60585022 -143.747055054 1323.8659668 -380.086273193 -308.984619141 1753.88134766 -2.17956542969 -317.264678955 1366.48071289 -380.080535889 -600.31072998 1753.88134766
0.0372841358185 8 -413.479003906 -166.893127441 1519.10058594 -372.068634033 238.497406006 1666.06469727 -411.697692871 96.4806213379 1422.30090332 -377.213745117 -18.2783203125 1754.3404541 -251.60774231 -144.61114502 1323.39770508 -377.214141846 -309.604736328 1754.3404541 -0.510314941406 -317.051452637 1366.42858887 -377.208404541 -600.930847168 1754.3404541
0.0284349918365 8 -412.630310059 -167.596252441 1520.08959961 -371.609802246 238.305511475 1666.63720703 -411.510040283 95.7143707275 1423.0994873 -376.446868896 -18.7122344971 1755.17541504 -251.905899048 -143.578231812 1322.55505371 -376.447265625 -310.038635254 1755.17541504 -0.655258178711 -315.707885742 1365.94897461 -376.44152832 -601.364746094 1755.17541504
0.0311789512634 8 -411.21661377 -166.825683594 1520.34545898 -370.393615723 238.902908325 1667.42895508 -411.438354492 96.6975708008 1423.92932129 -373.680969238 -18.3848571777 1755.49914551 -250.544326782 -142.757339478 1321.25512695 -373.681365967 -309.711273193 1755.49914551 1.17137145996 -314.066589355 1365.19348145 -373.675628662 -601.037353516 1755.49914551
0.035003900528 8 -410.10043335 -166.654785156 1520.0 -371.188293457 239.232116699 1667.3182373 -413.044342041 96.9209899902 1423.7878418 -371.342803955 -18.1228942871 1754.89135742 -250.139541626 -141.444030762 1319.72900391 -371.343200684 -309.449310303 1754.89135742 2.76324462891 -311.19342041 1362.85766602 -371.337463379 -600.775390625 1754.89135742
0.0319039821625 8 -409.917602539 -166.202194214 1521.11962891 -372.009216309 239.265396118 1667.27062988 -412.657226562 97.3239059448 1424.75341797 -372.36517334 -17.5148162842 1756.11328125 -250.192138672 -139.014343262 1317.55981445 -372.365570068 -308.841247559 1756.11328125 5.29852294922 -304.4637146 1361.85437012 -372.359832764 -600.167358398 1756.11328125
0.0315010547638 8 -409.390167236 -166.999603271 1521.27563477 -372.476837158 238.825927734 1667.22131348 -416.524414062 96.6237335205 1425.4498291 -368.495422363 -18.3190460205 1755.69543457 -249.163024902 -136.860824585 1314.82873535 -368.495819092 -309.645446777 1755.69543457 7.98101806641 -298.888427734 1362.01782227 -368.490081787 -600.971557617 1755.69543457
0.0351660251617 8 -409.779449463 -168.842956543 1521.51171875 -373.306121826 237.803924561 1667.21435547 -418.564483643 94.9696884155 1426.32556152 -366.494476318 -20.5720062256 1755.7701416 -250.339019775 -132.688018799 1311.28894043 -366.494873047 -311.8984375 1755.7701416 8.08044433594 -291.748687744 1361.49963379 -366.489135742 -603.22454834 1755.7701416
0.0314009189606 8 -409.423217773 -169.681213379 1520.28442383 -373.177520752 237.287521362 1667.69873047 -421.296020508 94.2372894287 1425.73791504 -363.511474609 -21.5565643311 1754.13122559 -249.153518677 -127.998474121 1307.1817627 -363.511871338 -312.882995605 1754.13122559 9.7745513916 -284.452911377 1362.55090332 -363.506134033 -604.209106445 1754.13122559
0.0317900180817 8 -410.553161621 -167.493347168 1520.47851562 -373.308837891 238.431808472 1671.43786621 -419.794921875 97.1865539551 1427.79248047 -367.025634766 -21.3882141113 1756.04248047 -246.716552734 -122.267089844 1303.34155273 -367.026031494 -312.714630127 1756.04248047 13.4271850586 -274.652770996 1363.94152832 -367.020294189 -604.040771484 1756.04248047
0.0357210636139 8 -411.754455566 -164.374938965 1521.89306641 -375.319335938 240.695602417 1677.31481934 -420.958557129 101.019447327 1431.25585938 -368.626403809 -20.120010376 1758.67285156 -243.926818848 -114.641929626 1299.74682617 -368.626800537 -311.446411133 1758.67285156 16.1991271973 -265.175598145 1364.9675293 -368.621063232 -602.772521973 1758.67285156
0.0319309234619 8 -411.351013184 -163.749969482 1520.54907227 -375.656677246 239.424377441 1676.22937012 -423.953216553 101.871803284 1431.01086426 -364.732269287 -19.9765319824 1756.95324707 -240.925628662 -104.630104065 1296.3026123 -364.732666016 -311.302947998 1756.95324707 18.9814758301 -253.996246338 1365.10510254 -364.726928711 -602.62902832 1756.95324707
0.0317361354828 8 -409.793762207 -163.892669678 1520.99267578 -374.966491699 240.18888855 1675.66296387 -427.617095947 101.667694092 1432.21618652 -358.755645752 -19.8751220703 1756.31262207 -237.636703491 -94.2637939453 1292.73168945 -358.75604248 -311.201538086 1756.31262207 22.4369049072 -240.480285645 1367.28051758 -358.750305176 -602.527648926 1756.31262207
0.0357818603516 8 -409.66192627 -163.112121582 1520.48364258 -374.924072266 240.679840088 1674.88305664 -431.828308105 102.321762085 1432.31152344 -354.478393555 -18.7525787354 1754.65478516 -234.701797485 -84.1098175049 1289.15087891 -354.478790283 -310.078979492 1754.65478516 26.426864624 -226.053222656 1368.09936523 -354.473052979 -601.405090332 1754.65478516
0.0318660736084 8 -408.705810547 -163.814208984 1521.31933594 -374.531433105 240.862182617 1674.45849609 -437.039093018 101.264068604 1433.90649414 -348.177398682 -18.6512145996 1753.64355469 -232.055618286 -73.4966278076 1286.62670898 -348.17779541 -309.977630615 1753.64355469 29.2637176514 -213.071807861 1369.19116211 -348.172058105 -601.303710938 1753.64355469
0.0356969833374 8 -407.447021484 -164.23097229 1520.53881836 -374.602874756 240.444503784 1674.2713623 -439.961517334 100.598098755 1433.796875 -344.252655029 -18.5897674561 1751.86352539 -230.182220459 -63.0799255371 1284.02807617 -344.253051758 -309.91619873 1751.86352539 31.958404541 -198.057067871 1371.38818359 -344.247314453 -601.24230957 1751.86352539
0.047012090683 8 -406.170471191 -165.246154785 1521.65258789 -376.541290283 240.04838562 1677.64379883 -444.217102051 99.558807373 1437.15393066 -339.631774902 -19.9781799316 1752.25891113 -227.292892456 -54.2031097412 1282.01989746 -339.632171631 -311.304595947 1752.25891113 34.8515472412 -186.788421631 1373.05029297 -339.626434326 -602.630737305 1752.25891113
0.0297570228577 8 -405.422729492 -164.703277588 1521.82543945 -377.343475342 239.263656616 1679.84863281 -447.007293701 100.219337463 1439.34765625 -337.794342041 -20.1797180176 1752.59667969 -227.358428955 -43.8228378296 1279.97290039 -337.79473877 -311.506134033 1752.59667969 34.3034667969 -175.997314453 1373.09069824 -337.789001465 -602.832275391 1752.59667969
0.0294489860535 8 -405.084014893 -163.23324585 1522.00317383 -377.300750732 239.962036133 1681.41821289 -451.074310303 101.689605713 1441.90771484 -334.064727783 -19.2659301758 1752.09960938 -228.022689819 -35.6163635254 1278.54260254 -334.065124512 -310.592346191 1752.09960938 35.4638824463 -162.99130249 1373.12646484 -334.059387207 -601.918457031 1752.09960938
0.0331020355225 8 -405.25592041 -161.812942505 1520.98095703 -378.551971436 240.209747314 1681.68566895 -455.413452148 103.189735413 1443.70581055 -330.496154785 -18.6981201172 1750.42138672 -229.273803711 -26.0851211548 1277.00927734 -330.496551514 -310.024536133 1750.42138672 34.5548095703 -151.449005127 1373.38867188 -330.490814209 -601.350646973 1750.42138672
0.0308198928833 8 -403.992248535 -158.660461426 1522.10095215 -378.117248535 242.448959351 1685.85168457 -455.011383057 106.761032104 1446.78601074 -328.809783936 -16.9717559814 1752.30944824 -230.56350708 -17.9638519287 1276.21191406 -328.810180664 -308.298156738 1752.30944824 32.5549621582 -143.012664795 1374.95776367 -328.804443359 -599.624267578 1752.30944824
0.0312860012054 8 -403.742370605 -158.364776611 1521.13342285 -377.491516113 242.191009521 1683.92504883 -455.903167725 107.025611877 1446.45007324 -326.827484131 -16.6986999512 1750.79724121 -230.443069458 -10.1739425659 1275.03894043 -326.827880859 -308.025115967 1750.79724121 33.854598999 -130.394744873 1376.48596191 -326.822143555 -599.351196289 1750.79724121
0.03457903862 8 -404.182678223 -157.569122314 1521.20056152 -377.588775635 243.123931885 1683.44372559 -458.814056396 107.366279602 1446.6640625 -324.64755249 -14.9376831055 1749.37084961 -228.171157837 -1.9808883667 1273.96044922 -324.647949219 -306.264099121 1749.37084961 35.9264678955 -118.877212524 1379.68359375 -324.642211914 -597.590209961 1749.37084961
0.0310859680176 8 -404.21697998 -155.917205811 1521.77001953 -377.718353271 243.801116943 1686.71801758 -456.274658203 109.711486816 1447.86328125 -327.927124023 -15.0012817383 1752.10351562 -226.446548462 4.07792663574 1266.99572754 -327.927520752 -306.327697754 1752.10351562 27.3318939209 -130.824798584 1377.06628418 -327.921783447 -597.653808594 1752.10351562
0.0317211151123 8 -404.554748535 -156.513427734 1520.64013672 -377.651702881 243.466583252 1684.33654785 -459.156524658 108.71887207 1447.1463623 -325.363189697 -14.8160400391 1749.51037598 -228.00743103 12.1239242554 1263.51220703 -325.363586426 -306.142456055 1749.51037598 21.0001525879 -129.603271484 1373.58435059 -325.357849121 -597.468566895 1749.51037598
0.0357849597931 8 -404.851623535 -156.786422729 1519.96362305 -377.458587646 243.413528442 1683.15454102 -460.868225098 108.166290283 1446.50976562 -324.410339355 -14.5111999512 1748.04345703 -231.610076904 19.8969802856 1267.34790039 -324.410736084 -305.837615967 1748.04345703 28.3037414551 -102.205436707 1372.35949707 -324.404998779 -597.163696289 1748.04345703
0.0316128730774 8 -404.399353027 -157.357147217 1518.80285645 -377.61807251 242.474609375 1682.55944824 -462.023925781 107.419197083 1445.95568848 -323.029602051 -14.9412078857 1746.46643066 -231.862960815 27.5862045288 1269.31274414 -323.029998779 -306.26763916 1746.46643066 34.0401763916 -77.1787185669 1377.19543457 -323.024261475 -597.59375 1746.46643066
0.0313971042633 8 -404.649841309 -156.336639404 1518.25195312 -378.143341064 243.043899536 1682.7767334 -462.548187256 108.570098877 1446.08898926 -322.672149658 -14.3826599121 1745.98913574 -230.281616211 34.4063568115 1270.02954102 -322.672546387 -305.709075928 1745.98913574 37.5970458984 -61.8468093872 1381.66748047 -322.666809082 -597.03515625 1745.98913574
0.0409309864044 8 -404.797058105 -153.498596191 1519.94116211 -379.250457764 246.112457275 1686.88110352 -461.254638672 111.613754272 1447.39453125 -325.908996582 -12.0278778076 1749.06542969 -230.308120728 41.3299331665 1270.2421875 -325.909393311 -303.354309082 1749.06542969 38.7075958252 -44.9283065796 1387.37353516 -325.903656006 -594.680419922 1749.06542969
0.0338959693909 8 -404.034057617 -152.504364014 1520.28686523 -377.290496826 247.067001343 1684.44140625 -457.988464355 112.484268188 1445.45446777 -326.30291748 -10.0280303955 1749.17224121 -231.497848511 46.2550354004 1264.68078613 -326.303314209 -301.354431152 1749.17224121 29.2057952881 -54.0462265015 1386.27185059 -326.297576904 -592.680541992 1749.17224121
0.0303881168365 8 -403.87109375 -153.873504639 1521.13720703 -377.760498047 245.853561401 1683.23596191 -455.320953369 111.016433716 1444.23522949 -329.450164795 -10.7216339111 1750.69543457 -234.136657715 51.2151565552 1263.421875 -329.450561523 -302.048034668 1750.69543457 22.4055786133 -53.4028701782 1389.07409668 -329.444824219 -593.374145508 1750.69543457
0.0350389480591 8 -403.613647461 -153.246139526 1523.84692383 -379.200256348 247.148345947 1686.63696289 -451.541381836 111.989349365 1445.88562012 -334.169494629 -10.6676940918 1755.30749512 -234.509155273 57.6848907471 1263.28430176 -334.169891357 -301.994110107 1755.30749512 17.7506866455 -47.9172134399 1395.03295898 -334.164154053 -593.32019043 1755.30749512
0.0311779975891 8 -402.337738037 -153.255325317 1526.27856445 -380.840637207 247.115783691 1687.86230469 -448.588470459 111.662750244 1446.24145508 -337.649505615 -9.72640991211 1758.53222656 -232.876480103 66.6123352051 1266.56945801 -337.649902344 -301.052825928 1758.53222656 24.0757904053 -17.7458648682 1402.10949707 -337.644165039 -592.37890625 1758.53222656
0.0356750488281 8 -403.055114746 -154.908859253 1525.87011719 -382.006164551 245.067840576 1687.96948242 -445.490264893 110.341835022 1444.84899902 -342.188995361 -11.8354492188 1759.42663574 -229.922348022 74.3367233276 1270.91491699 -342.18939209 -303.161865234 1759.42663574 28.9019317627 5.69085693359 1411.29711914 -342.183654785 -594.487976074 1759.42663574
0.0314269065857 8 -402.024261475 -154.979980469 1526.28125 -380.733947754 246.494812012 1685.02758789 -445.95022583 109.625854492 1443.93261719 -338.388153076 -10.1628112793 1758.02612305 -224.348693848 81.391204834 1274.59912109 -338.388549805 -301.489227295 1758.02612305 35.4264221191 26.2945365906 1419.20532227 -338.3828125 -592.815307617 1758.02612305
0.031455039978 8 -403.204559326 -153.449554443 1527.74804688 -381.568206787 247.628814697 1688.04077148 -441.56741333 111.669403076 1444.35424805 -346.305084229 -9.53610229492 1761.76928711 -222.759963989 86.7395095825 1278.28930664 -346.305480957 -300.862518311 1761.76928711 36.2977142334 38.2684020996 1427.01867676 -346.299743652 -592.188598633 1761.76928711
0.0357110500336 8 -402.373413086 -154.601928711 1528.12915039 -381.394683838 247.612976074 1686.08886719 -439.781097412 110.081420898 1442.88989258 -347.054412842 -9.40832519531 1761.75537109 -219.133560181 93.9222793579 1280.87023926 -347.05480957 -300.734741211 1761.75537109 36.5884552002 44.7068824768 1435.32824707 -347.049072266 -592.060852051 1761.75537109
0.0313239097595 8 -402.461456299 -153.11819458 1527.13195801 -382.726806641 247.34161377 1687.59179688 -442.094970703 111.986175537 1444.23413086 -345.327636719 -9.36993408203 1761.21655273 -215.933258057 100.054634094 1283.40917969 -345.328033447 -300.696350098 1761.21655273 38.299407959 55.6727371216 1441.89599609 -345.322296143 -592.022460938 1761.21655273
0.0318109989166 8 -400.878967285 -155.700500488 1528.1730957 -382.912689209 245.438232422 1688.31970215 -445.002746582 109.090194702 1446.5859375 -341.150817871 -11.7697906494 1761.48461914 -215.616455078 105.751281738 1286.12963867 -341.1512146 -303.096191406 1761.48461914 37.4201049805 62.3449516296 1446.9675293 -341.145477295 -594.422302246 1761.48461914
0.035304069519 8 -399.962463379 -153.324462891 1529.15405273 -382.516601562 248.616088867 1689.20959473 -444.917694092 111.292167664 1447.40600586 -339.643585205 -8.99159240723 1762.08227539 -217.474075317 110.038703918 1288.35827637 -339.643981934 -300.317993164 1762.08227539 37.5034790039 73.2142791748 1447.72790527 -339.638244629 -591.644104004 1762.08227539
0.0315728187561 8 -399.696502686 -155.230926514 1529.64575195 -382.150543213 246.790557861 1689.1628418 -442.068450928 109.293807983 1446.24072266 -342.468963623 -10.3374176025 1763.00439453 -216.931167603 115.757522583 1291.72351074 -342.469360352 -301.663818359 1763.00439453 36.5578460693 85.1826095581 1454.7130127 -342.463623047 -592.989929199 1763.00439453
0.0316860675812 8 -400.717132568 -152.995101929 1529.34301758 -382.969268799 248.672592163 1689.13684082 -443.991638184 111.525291443 1446.36462402 -341.77166748 -8.14007568359 1762.30627441 -213.862808228 122.091873169 1293.67785645 -341.772064209 -299.466491699 1762.30627441 37.9777526855 94.5793762207 1459.82006836 -341.766326904 -590.792602539 1762.30627441
0.0356459617615 8 -401.510192871 -153.208435059 1529.32543945 -383.321807861 247.935195923 1688.62561035 -444.037597656 111.441268921 1446.36010742 -342.146789551 -8.56123352051 1762.31616211 -212.567062378 126.245674133 1296.94189453 -342.147186279 -299.887634277 1762.31616211 38.3244171143 102.058906555 1465.08398438 -342.141448975 -591.213745117 1762.31616211
0.031571149826 8 -401.255187988 -149.871704102 1530.06811523 -383.415893555 251.136016846 1689.36962891 -444.720123291 114.901008606 1447.98327637 -340.983123779 -5.69207763672 1763.11633301 -213.059570312 131.560791016 1299.96154785 -340.983520508 -297.018493652 1763.11633301 37.9956054688 109.790000916 1468.24841309 -340.977783203 -588.344604492 1763.11633301
0.0358719825745 8 -401.043518066 -150.423736572 1530.39648438 -383.929473877 251.010253906 1689.24060059 -444.106109619 114.134292603 1447.40979004 -342.241241455 -5.63941955566 1763.44616699 -212.373764038 137.878509521 1303.82849121 -342.241638184 -296.965820312 1763.44616699 36.876739502 120.404312134 1475.22375488 -342.235900879 -588.291931152 1763.44616699
0.0371408462524 8 -403.028625488 -149.98147583 1530.40380859 -384.111999512 251.240829468 1689.16931152 -441.057495117 114.871353149 1445.9934082 -346.883239746 -5.3509979248 1764.17358398 -212.131256104 143.842773438 1306.36242676 -346.883636475 -296.677429199 1764.17358398 34.3757171631 129.361633301 1481.9239502 -346.87789917 -588.003540039 1764.17358398
0.0312130451202 8 -408.35635376 -147.521514893 1517.08203125 -385.841369629 247.448562622 1688.92053223 -433.279663086 119.12802124 1433.95068359 -365.536193848 -7.07672119141 1755.98779297 -208.712585449 151.681060791 1309.82922363 -365.536590576 -298.403137207 1755.98779297 35.7168121338 138.066177368 1488.38134766 -365.530853271 -589.729248047 1755.98779297
0.0315079689026 8 -409.291107178 -150.628585815 1524.73828125 -387.209136963 247.016937256 1689.49804688 -427.002563477 115.351028442 1437.62988281 -371.014892578 -7.99644470215 1763.14550781 -197.621185303 160.361175537 1318.15332031 -371.015289307 -299.322875977 1763.14550781 43.7985687256 149.217956543 1500.89074707 -371.009552002 -590.648986816 1763.14550781
0.035717010498 8 -409.75592041 -153.378204346 1529.10791016 -386.722869873 246.848968506 1689.33544922 -423.651733398 111.915893555 1439.09020996 -373.267822266 -8.79373168945 1766.68200684 -195.160400391 167.815078735 1322.45861816 -373.268218994 -300.120147705 1766.68200684 44.3065795898 153.853927612 1507.58239746 -373.262481689 -591.446289062 1766.68200684
0.0457780361176 8 -409.271118164 -155.447433472 1531.48388672 -386.088653564 246.781860352 1689.26538086 -424.64755249 109.524658203 1440.61743164 -371.192169189 -9.94415283203 1768.30102539 -194.264266968 174.524017334 1326.29040527 -371.192565918 -301.270568848 1768.30102539 43.5514068604 159.509674072 1513.48706055 -371.186828613 -592.596679688 1768.30102539
0.0303771495819 8 -409.301452637 -157.287658691 1532.56005859 -386.687164307 245.827590942 1689.22033691 -425.239440918 107.467025757 1441.08068848 -371.343322754 -11.1471405029 1769.03405762 -195.865631104 181.366729736 1329.68713379 -371.343719482 -302.473571777 1769.03405762 42.112197876 168.481536865 1516.86474609 -371.337982178 -593.799682617 1769.03405762
0.0306129455566 8 -407.047851562 -156.932540894 1533.53808594 -385.926544189 246.383087158 1689.7097168 -425.339019775 107.528335571 1441.62634277 -368.779327393 -10.0879364014 1769.5345459 -196.531143188 186.410461426 1333.51171875 -368.779724121 -301.414367676 1769.5345459 42.8069000244 181.795028687 1519.16796875 -368.773986816 -592.740478516 1769.5345459
0.0303099155426 8 -407.624450684 -156.514465332 1534.11669922 -386.491394043 246.322525024 1691.97314453 -425.826751709 108.234436035 1442.99401855 -369.629852295 -10.4586791992 1770.65637207 -196.403930664 191.750976562 1338.36157227 -369.630249023 -301.785095215 1770.65637207 42.0425109863 191.015609741 1525.28063965 -369.624511719 -593.111206055 1770.65637207
0.0306799411774 8 -406.645050049 -155.861572266 1533.33972168 -385.334442139 246.117935181 1693.578125 -426.076385498 109.444541931 1444.11218262 -367.294830322 -11.2908630371 1770.56872559 -196.771774292 198.199768066 1342.42504883 -367.295227051 -302.617279053 1770.56872559 41.0043792725 200.035827637 1530.24560547 -367.289489746 -593.943359375 1770.56872559
0.0350069999695 8 -407.08380127 -152.649230957 1533.72973633 -386.986938477 251.709640503 1687.89233398 -427.192108154 111.307434082 1440.76123047 -367.783966064 -4.61947631836 1768.81176758 -196.955734253 204.505615234 1346.6940918 -367.784362793 -295.945892334 1768.81176758 39.1302032471 208.599456787 1536.6159668 -367.778625488 -587.271972656 1768.81176758
0.0313639640808 8 -411.830871582 -148.001708984 1519.21264648 -388.87286377 248.026763916 1690.80114746 -401.794036865 117.22820282 1430.91149902 -400.591644287 -4.97468566895 1759.3416748 -195.316375732 210.272216797 1350.40222168 -400.592041016 -296.301086426 1759.3416748 41.0843505859 219.795303345 1539.69873047 -400.586303711 -587.627197266 1759.3416748
0.0418481826782 8 -415.039367676 -144.65625 1512.62915039 -390.108520508 243.571044922 1700.02758789 -388.469085693 121.927825928 1431.73327637 -418.431976318 -7.44580078125 1756.51281738 -174.71031189 224.64352417 1366.38366699 -418.432373047 -298.772216797 1756.51281738 57.5642700195 224.159820557 1560.64733887 -418.426635742 -590.098327637 1756.51281738
0.0331268310547 8 -417.037597656 -151.541503906 1525.85241699 -389.999267578 243.242584229 1698.56384277 -393.502075195 113.84262085 1439.1550293 -413.772521973 -10.2619018555 1767.77954102 -162.054824829 233.973754883 1378.83007812 -413.772918701 -301.588317871 1767.77954102 68.9647674561 219.171966553 1573.70507812 -413.767181396 -592.914428711 1767.77954102
0.0299110412598 8 -409.141174316 -162.334106445 1530.5925293 -387.932281494 238.806793213 1690.27050781 -408.564361572 101.81427002 1438.15344238 -389.129547119 -16.0035095215 1768.30407715 -171.717910767 236.793243408 1376.06359863 -389.129943848 -307.329925537 1768.30407715 61.8535766602 224.994171143 1568.3996582 -389.124206543 -598.656005859 1768.30407715
0.0282511711121 8 -406.839782715 -160.623153687 1533.4609375 -388.071807861 239.3072052 1699.03063965 -418.813537598 105.025993347 1445.58349609 -378.331848145 -17.687713623 1772.61010742 -189.456268311 235.000671387 1371.83618164 -378.332244873 -309.014129639 1772.61010742 48.6913909912 231.526702881 1558.71838379 -378.326507568 -600.340209961 1772.61010742
0.0455479621887 8 -406.52947998 -159.728027344 1534.47070312 -388.103088379 238.768569946 1701.58422852 -421.359924316 106.730880737 1448.7010498 -374.226379395 -18.637008667 1774.52648926 -197.457702637 235.750442505 1372.39025879 -374.226776123 -309.963439941 1774.52648926 43.4407653809 240.420272827 1555.72766113 -374.221038818 -601.289550781 1774.52648926
0.029326915741 8 -406.552368164 -161.512420654 1534.35742188 -389.163818359 236.58303833 1702.85546875 -424.967895508 105.34967041 1450.1472168 -371.546508789 -21.4645080566 1774.78881836 -199.360824585 239.340011597 1375.17895508 -371.546905518 -312.790924072 1774.78881836 42.5234985352 250.903762817 1557.02526855 -371.541168213 -604.11706543 1774.78881836
0.0278940200806 8 -406.162963867 -161.180419922 1534.98156738 -390.89730835 237.000106812 1703.50769043 -426.587982178 105.565856934 1450.62976074 -370.430877686 -20.7888793945 1775.18908691 -204.091537476 241.391860962 1376.4029541 -370.431274414 -312.11529541 1775.18908691 38.7400512695 260.185913086 1556.41760254 -370.425537109 -603.44140625 1775.18908691
0.0347969532013 8 -421.268066406 -150.008392334 1514.7019043 -391.978820801 237.802200317 1700.41906738 -390.865509033 116.017913818 1439.58154297 -430.510345459 -14.3345336914 1757.28149414 -206.340957642 246.665466309 1374.94274902 -430.510742188 -305.660949707 1757.28149414 36.7397155762 275.311676025 1553.2154541 -430.505004883 -596.987060547 1757.28149414
0.0315020084381 8 -423.187255859 -146.189788818 1513.65698242 -393.221282959 237.275085449 1703.71252441 -374.875793457 119.513092041 1443.54919434 -447.396606445 -12.8582458496 1757.55041504 -181.511184692 265.978637695 1392.4395752 -447.397003174 -304.184661865 1757.55041504 59.1206207275 284.834289551 1575.17272949 -447.391265869 -595.510742188 1757.55041504
0.0299620628357 8 -423.622711182 -152.012023926 1527.64160156 -391.544677734 238.441390991 1707.73828125 -384.708496094 114.36680603 1451.8223877 -433.021179199 -17.5975494385 1772.72375488 -171.92779541 275.631225586 1401.28771973 -433.021575928 -308.923950195 1772.72375488 67.5417175293 289.173797607 1586.19116211 -433.015838623 -600.250061035 1772.72375488
0.0351319313049 8 -418.379730225 -154.069580078 1535.9855957 -390.258270264 239.840911865 1710.60119629 -396.5675354 112.742446899 1454.49841309 -415.301422119 -17.0687408447 1779.9654541 -182.986358643 273.450378418 1398.73657227 -415.301818848 -308.395141602 1779.9654541 57.6449279785 298.487365723 1580.70959473 -415.296081543 -599.721252441 1779.9654541
0.0308179855347 8 -416.169555664 -154.973297119 1540.12304688 -391.079772949 240.122009277 1712.74584961 -404.664520264 112.428489685 1457.50354004 -403.933074951 -17.9285125732 1784.11340332 -192.590835571 271.726348877 1397.71472168 -403.93347168 -309.254943848 1784.11340332 48.503692627 312.553527832 1575.73425293 -403.927734375 -600.581054688 1784.11340332
0.0312371253967 8 -411.994750977 -155.158813477 1542.61425781 -390.901672363 241.420791626 1714.30554199 -412.17779541 112.368850708 1459.22424316 -392.023193359 -17.3943328857 1785.81652832 -199.074829102 272.324035645 1397.8770752 -392.023590088 -308.72076416 1785.81652832 42.7136383057 320.196655273 1573.54846191 -392.017852783 -600.046875 1785.81652832
0.0354490280151 8 -409.70123291 -156.146087646 1543.57177734 -392.374847412 240.27142334 1715.18078613 -416.985443115 111.610404968 1460.77929688 -386.222991943 -18.6421661377 1786.76489258 -204.386352539 272.613525391 1398.80773926 -386.223388672 -309.968566895 1786.76489258 37.4560241699 328.339172363 1572.22766113 -386.217651367 -601.294677734 1786.76489258
0.0316159725189 8 -406.671203613 -157.276763916 1545.10791016 -393.117462158 239.62789917 1715.6595459 -417.752532959 110.435218811 1462.25109863 -382.385406494 -19.5102081299 1788.18933105 -208.103713989 273.501861572 1400.92810059 -382.385803223 -310.836608887 1788.18933105 33.2712402344 335.423614502 1573.04614258 -382.380065918 -602.162719727 1788.18933105
0.034078836441 8 -405.426635742 -157.093109131 1546.60742188 -392.192443848 240.675125122 1715.90600586 -416.417999268 110.540496826 1463.27319336 -380.11050415 -18.9584655762 1789.44750977 -210.86555481 275.713592529 1403.01538086 -380.110900879 -310.284881592 1789.44750977 30.7115020752 344.125213623 1572.42199707 -380.105163574 -601.610961914 1789.44750977
0.0438921451569 8 -405.733825684 -156.527954102 1547.21447754 -392.21875 240.612930298 1718.02075195 -419.310119629 111.324371338 1464.8873291 -377.975158691 -19.0497436523 1790.18859863 -211.125778198 279.468261719 1406.11767578 -377.97555542 -310.376159668 1790.18859863 31.2914733887 345.618804932 1575.37658691 -377.969818115 -601.702270508 1790.18859863
0.0303919315338 8 -405.869689941 -155.306137085 1548.18481445 -392.597595215 241.321792603 1721.08166504 -421.328338623 112.819999695 1467.03967285 -376.995391846 -18.6983337402 1791.53649902 -215.404525757 280.622619629 1407.57080078 -376.995788574 -310.024749756 1791.53649902 27.3444976807 350.967102051 1574.67810059 -376.99005127 -601.350830078 1791.53649902
0.0345180034637 8 -405.27722168 -157.810577393 1547.5123291 -395.696533203 238.764373779 1719.61694336 -421.180480957 110.259109497 1466.2265625 -379.177124023 -21.0964813232 1791.13085938 -217.85508728 281.633789062 1409.57800293 -379.177520752 -312.422912598 1791.13085938 24.1210479736 357.648620605 1575.2947998 -379.171783447 -603.749023438 1791.13085938
0.0305769443512 8 -404.276062012 -158.370147705 1547.54833984 -395.928039551 238.678009033 1719.88171387 -419.827789307 109.649757385 1466.01147461 -379.325286865 -21.4917907715 1791.20141602 -219.374298096 282.373504639 1411.26147461 -379.325683594 -312.818206787 1791.20141602 21.2431030273 364.476959229 1576.02246094 -379.319946289 -604.144287109 1791.20141602
0.0308520793915 8 -413.702789307 -146.517593384 1527.42480469 -395.628845215 240.259017944 1718.1706543 -387.695892334 121.675979614 1455.4050293 -426.130157471 -15.1792449951 1773.16259766 -220.082901001 286.030822754 1411.24560547 -426.130554199 -306.50567627 1773.16259766 20.9531707764 367.346191406 1575.89038086 -426.124816895 -597.831787109 1773.16259766
0.0358099937439 8 -411.405639648 -154.399978638 1540.04492188 -396.970275879 239.034622192 1719.49609375 -395.787750244 113.673065186 1462.10351562 -413.99697876 -20.0846862793 1785.26904297 -198.237838745 305.37020874 1424.27160645 -413.997375488 -311.411102295 1785.26904297 42.4723358154 373.172149658 1594.80224609 -413.991638184 -602.737182617 1785.26904297
0.0315148830414 8 -423.152069092 -143.649902344 1522.76757812 -396.522155762 240.634780884 1718.97253418 -372.077056885 122.211471558 1456.15441895 -456.088226318 -11.6250152588 1766.10510254 -208.05960083 301.601226807 1420.87219238 -456.088623047 -302.951416016 1766.10510254 33.3764190674 374.665039062 1588.41345215 -456.082885742 -594.277526855 1766.10510254
0.0313470363617 8 -419.753234863 -148.819213867 1538.09375 -394.934387207 242.484710693 1720.73876953 -382.070251465 117.961585999 1463.88232422 -436.336181641 -14.9707183838 1782.85742188 -193.161560059 316.611206055 1430.97192383 -436.336578369 -306.297119141 1782.85742188 48.0431976318 380.863006592 1602.36791992 -436.330841064 -597.62322998 1782.85742188
0.0351650714874 8 -413.237121582 -153.144119263 1546.3996582 -397.894104004 240.43649292 1723.89746094 -397.399871826 114.720252991 1467.94348145 -414.723968506 -18.4659423828 1791.38415527 -201.855072021 311.103179932 1427.75976562 -414.724365234 -309.792358398 1791.38415527 39.2748413086 383.51260376 1596.00463867 -414.71862793 -601.118469238 1791.38415527
0.0331230163574 8 -409.928771973 -157.225631714 1548.16015625 -401.32019043 237.53213501 1724.80871582 -407.758209229 111.267593384 1469.07727051 -402.068695068 -22.8407745361 1793.57141113 -212.160186768 303.606231689 1425.37695312 -402.069091797 -314.167175293 1793.57141113 29.1184082031 385.226409912 1589.05627441 -402.063354492 -605.493286133 1793.57141113
0.0297830104828 8 -409.699157715 -157.507171631 1548.56799316 -402.640319824 237.32963562 1724.45605469 -411.120178223 111.114685059 1468.75048828 -398.928649902 -22.8374938965 1794.08569336 -219.422821045 299.017608643 1423.53186035 -398.929046631 -314.163909912 1794.08569336 20.73046875 388.873168945 1584.58410645 -398.923309326 -605.489990234 1794.08569336
0.0352840423584 8 -407.142425537 -158.983001709 1549.34240723 -403.492431641 237.578125 1723.25463867 -415.206787109 109.509597778 1469.01330566 -392.426635742 -23.7167205811 1794.48083496 -221.268875122 297.961853027 1422.43054199 -392.427032471 -315.043151855 1794.48083496 18.6818695068 385.832580566 1585.11364746 -392.421295166 -606.369262695 1794.48083496
0.0303769111633 8 -405.647033691 -158.577209473 1550.75439453 -402.936279297 238.433151245 1725.171875 -418.532043457 109.885604858 1470.65234375 -387.169128418 -23.2347564697 1795.69506836 -223.879089355 295.702453613 1420.83813477 -387.169525146 -314.561157227 1795.69506836 14.7663574219 385.989898682 1584.23193359 -387.163787842 -605.887268066 1795.69506836
0.0311179161072 8 -415.381286621 -149.739807129 1532.16918945 -405.548156738 237.652328491 1723.87207031 -387.682830811 119.457855225 1464.88208008 -433.395904541 -22.214263916 1779.50537109 -225.575012207 294.576843262 1416.30895996 -433.39630127 -313.540679932 1779.50537109 12.3496704102 385.365814209 1580.55126953 -433.390563965 -604.866821289 1779.50537109
0.0358951091766 8 -424.914733887 -141.424926758 1518.39331055 -406.652435303 236.424819946 1724.31176758 -371.16796875 126.167938232 1460.59155273 -467.610839844 -15.7127380371 1763.76953125 -206.265182495 310.493713379 1423.60766602 -467.611236572 -307.039154053 1763.76953125 28.9340667725 390.059967041 1596.75048828 -467.605499268 -598.365234375 1763.76953125
0.0321679115295 8 -440.344696045 -129.020568848 1504.90161133 -406.67956543 237.442596436 1723.86206055 -354.277862549 132.605773926 1463.37072754 -508.769836426 -2.55841064453 1743.45202637 -191.745697021 319.17300415 1427.71569824 -508.770233154 -293.88482666 1743.45202637 40.1066741943 390.148834229 1608.82263184 -508.76449585 -585.2109375 1743.45202637
0.0324311256409 8 -433.805053711 -130.229003906 1509.68188477 -405.698242188 238.015167236 1723.65563965 -352.838745117 133.336364746 1463.82946777 -497.614135742 -4.61053466797 1751.08068848 -180.49710083 324.401916504 1432.00817871 -497.614532471 -295.936950684 1751.08068848 49.7778778076 385.070831299 1618.75891113 -497.608795166 -587.263061523 1751.08068848
0.0354709625244 8 -437.27331543 -127.309181213 1504.70214844 -402.629425049 241.291931152 1721.50012207 -350.983886719 135.079193115 1458.71691895 -503.730987549 0.142028808594 1745.01037598 -196.367019653 317.325744629 1414.1965332 -503.731384277 -291.184387207 1745.01037598 34.584564209 346.187255859 1597.51538086 -503.725646973 -582.510498047 1745.01037598
0.0333790779114 8 -430.922821045 -143.984008789 1529.83984375 -400.20401001 241.60836792 1718.82348633 -368.271209717 119.893173218 1462.94970703 -469.883880615 -9.53010559082 1771.57348633 -205.476089478 308.196228027 1400.52197266 -469.884277344 -300.856506348 1771.57348633 14.0989227295 328.341522217 1587.90246582 -469.878540039 -592.182617188 1771.57348633
0.0312528610229 8 -425.803283691 -152.120635986 1541.52905273 -401.96875 240.881164551 1718.73413086 -386.788238525 113.312278748 1463.74633789 -444.040252686 -14.7743988037 1784.0793457 -211.356582642 296.009277344 1388.26940918 -444.040649414 -306.100830078 1784.0793457 -1.0218963623 314.665344238 1585.54418945 -444.034912109 -597.426940918 1784.0793457
0.0512189865112 8 -415.438201904 -156.751052856 1546.77636719 -402.82409668 238.947509766 1719.63806152 -403.007171631 110.186561584 1465.5357666 -414.876068115 -19.462020874 1790.00866699 -218.786010742 282.969848633 1376.00854492 -414.876464844 -310.788452148 1790.00866699 -15.0682525635 299.105377197 1579.73486328 -414.870727539 -602.114562988 1790.00866699
0.0319540500641 8 -411.860656738 -158.367614746 1548.87353516 -401.987121582 238.493438721 1720.21228027 -411.804382324 108.937538147 1466.18139648 -400.793579102 -20.565826416 1792.13989258 -219.659347534 270.109069824 1365.46862793 -400.79397583 -311.892242432 1792.13989258 -18.7309265137 277.438781738 1574.1159668 -400.788238525 -603.218383789 1792.13989258
0.0335209369659 8 -410.799591064 -156.252700806 1550.70898438 -399.905487061 240.767227173 1720.16247559 -414.989593506 111.00504303 1466.72192383 -394.079986572 -17.6141815186 1793.60449219 -224.191268921 253.604705811 1350.87646484 -394.080383301 -308.940612793 1793.60449219 -33.8000946045 255.574859619 1568.97875977 -394.074645996 -600.266723633 1793.60449219
0.0312490463257 8 -410.698394775 -158.507965088 1551.4576416 -398.499511719 239.143386841 1719.66162109 -416.879669189 108.571632385 1466.37145996 -392.078765869 -19.0197296143 1793.95715332 -229.986053467 230.850646973 1333.11743164 -392.079162598 -310.346130371 1793.95715332 -49.5771179199 226.726669312 1560.20056152 -392.073425293 -601.672241211 1793.95715332
0.0298471450806 8 -413.091400146 -156.32901001 1550.67004395 -399.44342041 240.791229248 1718.9041748 -416.622161865 110.768211365 1465.16955566 -396.637115479 -16.7558288574 1793.38928223 -232.965393066 201.971862793 1316.73486328 -396.637512207 -308.082244873 1793.38928223 -57.2724456787 187.136703491 1547.35632324 -396.631774902 -599.408325195 1793.38928223
0.0301418304443 8 -410.541992188 -155.697494507 1550.57641602 -400.169586182 243.665557861 1713.96923828 -422.750427246 110.31023407 1462.58569336 -388.961791992 -13.2153625488 1791.16943359 -243.685012817 163.610427856 1295.02087402 -388.962188721 -304.541778564 1791.16943359 -65.8116607666 143.543502808 1523.65307617 -388.956451416 -595.867919922 1791.16943359
0.0334241390228 8 -406.412078857 -154.756439209 1550.55078125 -398.653137207 247.954986572 1708.77819824 -433.683532715 109.768417358 1461.94519043 -371.161254883 -9.1944732666 1787.48425293 -258.270355225 117.518539429 1273.91992188 -371.161651611 -300.520874023 1787.48425293 -79.1485443115 91.4798431396 1500.76123047 -371.155914307 -591.846984863 1787.48425293
0.0312159061432 8 -404.157989502 -153.522491455 1550.1472168 -399.004821777 249.243850708 1710.21508789 -445.50088501 110.454971313 1465.63476562 -359.428924561 -8.39356994629 1785.67407227 -279.030395508 70.4695281982 1254.86132812 -359.429321289 -299.719970703 1785.67407227 -96.1664428711 33.3519210815 1476.68334961 -359.423583984 -591.046081543 1785.67407227
0.0311710834503 8 -400.918487549 -155.248962402 1546.49975586 -397.269165039 246.801055908 1707.63720703 -460.820587158 107.053359985 1468.81640625 -340.004241943 -9.37455749512 1777.66186523 -305.249389648 25.5506210327 1240.99084473 -340.004638672 -300.70098877 1777.66186523 -111.238815308 -21.9804878235 1448.37756348 -339.998901367 -592.027099609 1777.66186523
0.0448219776154 8 -402.225524902 -157.545898438 1547.60803223 -396.359954834 245.931518555 1706.11425781 -446.619445801 106.009262085 1463.96240234 -353.26171875 -11.8534393311 1781.71337891 -330.917938232 -18.0084228516 1233.43945312 -353.262115479 -303.179870605 1781.71337891 -125.760910034 -85.708442688 1422.75964355 -353.256378174 -594.505981445 1781.71337891
0.0329070091248 8 -402.918518066 -155.177124023 1537.3704834 -396.063690186 245.270935059 1701.55981445 -439.654571533 110.051254272 1454.60681152 -359.256439209 -12.6483612061 1774.69934082 -351.078857422 -58.4214935303 1232.78344727 -359.256835938 -303.97479248 1774.69934082 -140.60925293 -156.85043335 1400.31286621 -359.251098633 -595.30090332 1774.69934082
0.0286848545074 8 -404.743255615 -151.692245483 1523.71606445 -396.54888916 243.884674072 1698.79418945 -440.25112915 115.692131042 1447.18139648 -361.470184326 -15.274887085 1764.81933594 -368.596038818 -96.1628494263 1236.38598633 -361.470581055 -306.601318359 1764.81933594 -158.171524048 -231.57043457 1376.75952148 -361.46484375 -597.927429199 1764.81933594
0.0334889888763 8 -402.202941895 -147.143707275 1508.39208984 -396.185455322 244.208023071 1694.33728027 -442.473632812 121.97102356 1440.79052734 -357.57421875 -17.8565826416 1753.15283203 -392.492980957 -117.642211914 1249.17919922 -357.574615479 -309.182983398 1753.15283203 -187.525466919 -291.162353516 1342.82763672 -357.568878174 -600.509094238 1753.15283203
0.0318531990051 8 -401.284637451 -144.910522461 1498.9465332 -396.574554443 243.745834351 1691.11047363 -446.281890869 124.99987793 1437.6204834 -354.101837158 -20.0985412598 1745.59069824 -410.739898682 -129.031936646 1264.6751709 -354.102233887 -311.424957275 1745.59069824 -223.372909546 -336.065734863 1316.76660156 -354.096496582 -602.751098633 1745.59069824
0.0309269428253 8 -403.707183838 -146.087753296 1491.39746094 -396.573486328 240.322906494 1686.49487305 -451.900238037 124.155654907 1433.82910156 -349.679718018 -23.1477203369 1737.63964844 -425.79977417 -132.04914856 1278.10388184 -349.680114746 -314.474121094 1737.63964844 -264.531677246 -366.330810547 1298.53051758 -349.674377441 -605.800231934 1737.63964844
0.0351409912109 8 -406.208374023 -145.846557617 1489.62976074 -394.017089844 242.999359131 1680.2130127 -455.985443115 123.930152893 1431.00378418 -345.162628174 -20.7212677002 1733.16955566 -438.353149414 -132.33682251 1287.8717041 -345.163024902 -312.047668457 1733.16955566 -301.472259521 -384.726379395 1282.50427246 -345.157287598 -603.373779297 1733.16955566
0.0312309265137 8 -407.931060791 -147.428619385 1488.94555664 -392.161743164 244.022644043 1673.56787109 -459.80291748 121.291572571 1427.29980469 -340.85760498 -18.2967987061 1728.79516602 -443.029052734 -135.516143799 1293.99584961 -340.858001709 -309.62322998 1728.79516602 -338.014160156 -400.973907471 1260.21899414 -340.852264404 -600.94934082 1728.79516602
0.0346591472626 8 -409.235107422 -148.296081543 1489.02978516 -388.933898926 245.408462524 1667.75195312 -462.084960938 119.600143433 1424.63745117 -335.929992676 -15.7453155518 1725.17553711 -446.611358643 -141.274978638 1295.22570801 -335.930389404 -307.071716309 1725.17553711 -382.158966064 -415.121948242 1237.81970215 -335.9246521 -598.397827148 1725.17553711
0.0310399532318 8 -409.957855225 -148.528594971 1491.18066406 -387.11239624 247.184463501 1664.36938477 -460.8934021 118.733192444 1422.75671387 -335.933929443 -12.998916626 1725.39758301 -452.723480225 -146.916717529 1294.13928223 -335.934326172 -304.325317383 1725.39758301 -414.290985107 -426.622253418 1229.75109863 -335.928588867 -595.651428223 1725.39758301
0.031270980835 8 -410.997070312 -149.815246582 1491.41967773 -386.696350098 246.794754028 1661.15100098 -464.760681152 116.634559631 1421.96984863 -332.843505859 -12.0264434814 1722.97058105 -460.475097656 -151.460083008 1291.89904785 -332.843902588 -303.352844238 1722.97058105 -430.82989502 -434.270141602 1225.74743652 -332.838165283 -594.678955078 1722.97058105
0.0355598926544 8 -411.363464355 -151.220993042 1492.17553711 -387.257904053 245.807052612 1659.56542969 -464.381774902 114.867218018 1420.76037598 -333.507080078 -12.0070495605 1722.98303223 -468.831054688 -155.115875244 1287.90344238 -333.507476807 -303.333465576 1722.98303223 -438.745727539 -439.145172119 1221.30065918 -333.501739502 -594.659545898 1722.98303223
0.0318310260773 8 -410.620300293 -149.624420166 1496.65380859 -386.546844482 249.132263184 1660.28356934 -464.248809814 115.606048584 1422.55249023 -333.152923584 -7.91302490234 1726.06860352 -473.463928223 -157.361480713 1284.31469727 -333.153320312 -299.239440918 1726.06860352 -439.960632324 -441.692962646 1217.78955078 -333.147583008 -590.565551758 1726.06860352
0.0461850166321 8 -412.322509766 -150.340484619 1491.66723633 -387.184417725 247.927627563 1657.11071777 -467.545532227 115.32989502 1420.37329102 -331.580688477 -10.1945800781 1720.91235352 -477.862426758 -155.625549316 1282.08044434 -331.581085205 -301.520996094 1720.91235352 -439.676208496 -439.623504639 1215.30871582 -331.5753479 -592.847106934 1720.91235352
0.0318291187286 8 -413.138183594 -150.079742432 1490.40917969 -387.184173584 248.436935425 1655.51916504 -470.498474121 115.430770874 1420.20288086 -329.830627441 -9.84059143066 1718.6809082 -480.860900879 -156.236862183 1279.04858398 -329.83102417 -301.166992188 1718.6809082 -438.489532471 -439.538818359 1211.16235352 -329.825286865 -592.493103027 1718.6809082
0.0208380222321 8 -414.235534668 -150.522125244 1490.74707031 -387.312561035 248.441329956 1654.23791504 -470.476745605 114.868743896 1419.17993164 -331.284240723 -9.5578918457 1718.70678711 -482.47277832 -156.604949951 1277.57653809 -331.284637451 -300.884307861 1718.70678711 -437.02835083 -439.254272461 1208.56665039 -331.278900146 -592.210449219 1718.70678711
0.0317919254303 8 -415.90246582 -150.165985107 1489.47692871 -387.13671875 249.171401978 1654.10424805 -467.8230896 115.781982422 1416.77819824 -335.5184021 -9.98684692383 1718.81872559 -481.221954346 -157.849212646 1276.71496582 -335.518798828 -301.313262939 1718.81872559 -434.484893799 -440.095001221 1206.6685791 -335.513061523 -592.639404297 1718.81872559
0.0355570316315 8 -416.068664551 -149.671432495 1489.09289551 -386.584350586 250.524673462 1654.05419922 -467.352142334 116.532470703 1416.83740234 -336.131378174 -10.1741027832 1719.01928711 -479.114593506 -157.609130859 1276.89099121 -336.131774902 -301.500518799 1719.01928711 -429.294677734 -439.216918945 1206.32910156 -336.126037598 -592.826660156 1719.01928711
0.0338368415833 8 -417.668945312 -149.029525757 1486.76831055 -387.700195312 250.470748901 1653.52783203 -468.316894531 117.474639893 1415.15454102 -338.348022461 -10.3734741211 1717.42211914 -477.273651123 -156.838348389 1277.6484375 -338.348419189 -301.699890137 1717.42211914 -426.168792725 -438.112640381 1206.58227539 -338.342681885 -593.026000977 1717.42211914
0.0324029922485 8 -417.312561035 -149.198608398 1487.48632812 -387.845031738 250.243423462 1653.2668457 -463.969299316 117.423561096 1413.69677734 -341.774597168 -10.2309265137 1719.20043945 -474.719421387 -157.289886475 1277.45532227 -341.774993896 -301.557342529 1719.20043945 -422.514648438 -438.764984131 1207.96643066 -341.769256592 -592.883422852 1719.20043945
0.0353541374207 8 -417.653869629 -147.136505127 1485.83325195 -388.89151001 251.005737305 1653.63549805 -465.253051758 119.892219543 1414.12133789 -341.915710449 -9.68127441406 1718.39013672 -472.735626221 -157.996795654 1276.87280273 -341.916107178 -301.00769043 1718.39013672 -416.50958252 -439.458496094 1210.6965332 -341.910369873 -592.33380127 1718.39013672
0.0314159393311 8 -417.128692627 -146.714248657 1482.33105469 -388.753051758 249.993865967 1653.78393555 -467.200744629 120.75188446 1414.05053711 -339.533813477 -11.2718353271 1715.4453125 -470.899841309 -154.951049805 1277.55895996 -339.534210205 -302.598266602 1715.4453125 -413.541320801 -436.562103271 1212.90881348 -339.5284729 -593.924377441 1715.4453125
0.0318660736084 8 -416.257110596 -146.07270813 1480.32177734 -388.907104492 250.094589233 1653.8815918 -466.781036377 121.701316833 1413.55749512 -339.212982178 -11.8744659424 1714.3482666 -467.633087158 -153.21081543 1278.19787598 -339.213378906 -303.200866699 1714.3482666 -409.354125977 -434.448547363 1212.68664551 -339.207641602 -594.526977539 1714.3482666
0.0353689193726 8 -415.798126221 -145.774139404 1479.2130127 -388.406005859 249.502182007 1653.43054199 -466.589691162 122.049591064 1412.82299805 -339.84866333 -11.9158325195 1713.79956055 -464.806732178 -151.639923096 1278.68823242 -339.849060059 -303.242248535 1713.79956055 -405.891845703 -432.964111328 1214.0871582 -339.843322754 -594.568359375 1713.79956055
0.0328540802002 8 -415.629608154 -146.733963013 1477.79418945 -390.66003418 247.842636108 1653.21166992 -465.707672119 121.133232117 1411.02624512 -343.176971436 -13.099395752 1713.61462402 -460.970153809 -150.852600098 1278.79943848 -343.177368164 -304.425811768 1713.61462402 -402.443817139 -432.404449463 1214.81677246 -343.171630859 -595.751953125 1713.61462402
0.0316598415375 8 -416.275695801 -145.111816406 1477.49414062 -391.425598145 248.97593689 1653.09985352 -462.943664551 123.197761536 1410.07495117 -346.33795166 -12.1777954102 1714.45581055 -457.232299805 -151.184051514 1277.44384766 -346.338348389 -303.504211426 1714.45581055 -403.929870605 -433.548034668 1212.68615723 -346.332611084 -594.830322266 1714.45581055
0.0360321998596 8 -415.314819336 -147.774841309 1478.88696289 -392.270019531 248.406723022 1652.0637207 -458.517852783 120.139793396 1407.76367188 -350.94442749 -12.9989318848 1716.36425781 -454.823425293 -150.099945068 1276.82446289 -350.944824219 -304.3253479 1716.36425781 -401.264129639 -432.550170898 1212.54077148 -350.939086914 -595.651489258 1716.36425781
