0.0291101932526 8 -499.018066406 -118.774612427 1511.87426758 -416.707214355 271.199707031 1619.13879395 -533.893249512 123.339279175 1443.9206543 -389.360046387 25.2094573975 1689.91015625 -561.191772461 -127.955917358 1314.4876709 -389.360748291 -243.108627319 1689.91015625 -503.344299316 -403.537658691 1226.07458496 -389.35546875 -511.426391602 1689.91015625
0.0347399711609 8 -498.660644531 -119.904808044 1511.85229492 -416.548522949 270.208251953 1618.87023926 -532.913879395 122.123718262 1443.28503418 -389.432556152 24.2447357178 1690.01696777 -560.562683105 -127.61026001 1314.79077148 -389.433258057 -244.073348999 1690.01696777 -503.207458496 -403.362213135 1226.5760498 -389.427978516 -512.391113281 1690.01696777
0.0300698280334 8 -498.109436035 -121.334259033 1511.83178711 -416.780975342 268.697570801 1619.25878906 -533.010498047 120.702857971 1443.62487793 -389.479156494 22.8267059326 1690.35144043 -560.501342773 -128.844146729 1314.54211426 -389.479858398 -245.491378784 1690.35144043 -502.75390625 -404.699401855 1226.9029541 -389.474578857 -513.809143066 1690.35144043
0.0343701839447 8 -498.449249268 -120.321640015 1511.83105469 -417.186553955 269.947784424 1619.45739746 -533.736694336 121.707557678 1443.79626465 -389.652069092 23.8740234375 1690.22058105 -561.061401367 -131.070739746 1314.49450684 -389.652770996 -244.444061279 1690.22058105 -502.666809082 -406.902099609 1227.20739746 -389.647491455 -512.76184082 1690.22058105
0.0318698883057 8 -497.968139648 -120.408813477 1511.65844727 -417.280731201 270.00112915 1619.05517578 -533.733642578 121.619354248 1443.87243652 -388.998382568 23.8037109375 1689.92810059 -560.87310791 -129.794372559 1315.27783203 -388.999084473 -244.514373779 1689.92810059 -503.664093018 -405.829559326 1227.85412598 -388.993804932 -512.83215332 1689.92810059
0.0310709476471 8 -498.255065918 -120.312164307 1511.62463379 -416.93838501 270.347717285 1618.83837891 -534.137573242 121.672561646 1443.74694824 -388.471008301 24.0024261475 1689.3104248 -560.583740234 -130.494918823 1315.26745605 -388.471710205 -244.315658569 1689.3104248 -504.133728027 -406.52166748 1227.32373047 -388.466430664 -512.633422852 1689.3104248
0.0483810901642 8 -498.265380859 -121.163116455 1511.27124023 -416.668640137 269.629272461 1618.72412109 -533.96307373 120.807952881 1443.24975586 -388.900695801 23.1813049316 1689.19042969 -559.93347168 -131.229019165 1315.37695312 -388.901397705 -245.136779785 1689.19042969 -504.92376709 -407.648376465 1227.76220703 -388.896118164 -513.454528809 1689.19042969
0.0302240848541 8 -498.518341064 -119.789627075 1512.09033203 -417.163452148 270.72088623 1619.16967773 -534.031982422 122.200782776 1444.04370117 -389.346191406 24.4600982666 1690.20361328 -559.736022949 -132.141693115 1315.46862793 -389.346893311 -243.85798645 1690.20361328 -504.800292969 -408.592437744 1227.89709473 -389.34161377 -512.175720215 1690.20361328
0.0281898975372 8 -498.899200439 -120.261169434 1511.03918457 -418.54498291 270.357727051 1618.90283203 -535.459533691 121.782363892 1443.74816895 -389.214599609 23.897354126 1688.90808105 -559.35333252 -130.507339478 1316.27355957 -389.215301514 -244.420730591 1688.90808105 -505.62979126 -407.276977539 1228.96240234 -389.210021973 -512.738464355 1688.90808105
0.0335650444031 8 -498.902740479 -120.417114258 1511.09350586 -418.515197754 270.08190918 1619.25952148 -534.999328613 121.685592651 1443.765625 -389.466430664 23.5552825928 1689.265625 -559.374450684 -130.807983398 1316.72058105 -389.467132568 -244.762802124 1689.265625 -504.456237793 -407.213897705 1229.00402832 -389.461853027 -513.080566406 1689.265625
0.0308558940887 8 -498.89151001 -120.772628784 1510.71887207 -418.466918945 269.041107178 1618.9597168 -534.702087402 121.420906067 1443.56616211 -389.103393555 22.8793029785 1688.93286133 -559.308227539 -131.024902344 1316.92822266 -389.104095459 -245.438781738 1688.93286133 -504.243286133 -407.664581299 1230.04064941 -389.098815918 -513.756530762 1688.93286133
0.031259059906 8 -499.174255371 -120.831710815 1510.66552734 -420.13067627 268.517669678 1619.80419922 -535.756591797 121.359153748 1443.92456055 -389.735870361 22.9092407227 1689.02124023 -559.317260742 -131.176940918 1317.13793945 -389.736572266 -245.408843994 1689.02124023 -503.185546875 -407.78302002 1230.82983398 -389.731292725 -513.7265625 1689.02124023
0.0352230072021 8 -498.787658691 -121.100448608 1511.53637695 -419.727050781 268.731872559 1620.21081543 -535.641723633 121.034332275 1444.74279785 -389.086303711 22.8441467285 1689.56555176 -559.463378906 -131.153259277 1317.55554199 -389.087005615 -245.473937988 1689.56555176 -502.152099609 -407.488250732 1231.15527344 -389.081726074 -513.791687012 1689.56555176
0.0295350551605 8 -498.037261963 -121.12827301 1513.10620117 -418.910308838 268.959747314 1619.90466309 -534.290710449 120.783630371 1445.19360352 -388.9296875 23.389541626 1691.03295898 -559.101318359 -130.819671631 1317.83728027 -388.930389404 -244.928543091 1691.03295898 -501.897399902 -407.29473877 1231.80749512 -388.925109863 -513.246276855 1691.03295898
0.031683921814 8 -498.05456543 -121.155212402 1513.29699707 -418.80770874 269.34197998 1619.75402832 -533.885070801 120.649902344 1444.78344727 -389.571899414 23.6318969727 1691.38623047 -557.827514648 -130.272644043 1318.49609375 -389.572601318 -244.686187744 1691.38623047 -502.194152832 -407.274261475 1233.14709473 -389.567321777 -513.00390625 1691.38623047
0.0346450805664 8 -499.580047607 -120.82875061 1512.0625 -419.33203125 268.240356445 1623.18981934 -535.14666748 121.827087402 1446.51843262 -389.704925537 21.6075134277 1691.1776123 -556.987121582 -129.854049683 1319.25634766 -389.705627441 -246.710571289 1691.1776123 -500.749328613 -406.724182129 1233.86743164 -389.7003479 -515.028320312 1691.1776123
0.0309669971466 8 -501.095947266 -118.781723022 1512.08764648 -419.310150146 269.971710205 1621.89831543 -535.426757812 123.92111969 1446.0501709 -390.664978027 23.4546661377 1691.02331543 -555.997680664 -127.810096741 1320.70983887 -390.665679932 -244.863418579 1691.02331543 -501.117370605 -404.561859131 1234.07617188 -390.660400391 -513.181152344 1691.02331543
0.032616853714 8 -501.153137207 -119.583343506 1511.56030273 -418.818511963 269.022399902 1620.75817871 -535.522888184 123.088676453 1445.41967773 -389.857757568 22.7330322266 1689.8996582 -554.99407959 -126.411430359 1321.38586426 -389.858459473 -245.58505249 1689.8996582 -502.685791016 -403.50881958 1234.2935791 -389.853179932 -513.902832031 1689.8996582
0.0359890460968 8 -500.711975098 -120.752540588 1511.328125 -417.995513916 267.945159912 1620.19055176 -534.817077637 121.953414917 1445.17138672 -389.916442871 21.4601745605 1690.06225586 -553.079345703 -127.428833008 1321.24291992 -389.917144775 -246.857910156 1690.06225586 -504.435241699 -404.840759277 1233.09228516 -389.911865234 -515.17565918 1690.06225586
0.0335440635681 8 -500.127563477 -120.818023682 1512.36230469 -418.931915283 268.103668213 1623.40197754 -533.167114258 121.956443787 1445.9206543 -392.030151367 21.210723877 1692.88452148 -551.676391602 -128.418060303 1321.10131836 -392.030853271 -247.10736084 1692.88452148 -503.710601807 -405.568664551 1231.72229004 -392.02557373 -515.425109863 1692.88452148
0.0315270423889 8 -500.25881958 -119.716217041 1512.98498535 -419.353759766 268.311096191 1629.00183105 -531.352355957 123.860931396 1448.60559082 -394.532440186 19.9839172363 1696.68884277 -550.022521973 -128.901123047 1321.07849121 -394.53314209 -248.33416748 1696.68884277 -503.169525146 -406.127655029 1231.32092285 -394.527862549 -516.651916504 1696.68884277
0.0357480049133 8 -500.948547363 -118.705596924 1512.33374023 -420.178863525 268.383850098 1631.31298828 -531.138366699 125.320648193 1449.23181152 -396.318237305 19.6585693359 1697.67102051 -547.530944824 -127.053771973 1322.27612305 -396.318939209 -248.659515381 1697.67102051 -502.014282227 -404.277038574 1231.81604004 -396.313659668 -516.977294922 1697.67102051
0.031641960144 8 -500.781860352 -119.455566406 1508.14648438 -419.661468506 266.520507812 1628.94604492 -527.303894043 124.502609253 1443.2142334 -398.839294434 18.8994293213 1694.96398926 -546.070373535 -125.491424561 1322.28723145 -398.839996338 -249.418655396 1694.96398926 -500.72479248 -402.872680664 1232.21130371 -398.834716797 -517.73638916 1694.96398926
0.0319480895996 8 -499.890136719 -117.545013428 1508.45178223 -420.722503662 267.102508545 1634.27856445 -524.16595459 126.748062134 1443.88452148 -401.869049072 19.7723236084 1698.11767578 -544.490112305 -128.21774292 1320.64257812 -401.869750977 -248.545761108 1698.11767578 -495.409057617 -405.420013428 1232.06726074 -401.864471436 -516.863525391 1698.11767578
0.0355799198151 8 -500.719940186 -113.833099365 1508.02978516 -421.879211426 268.869873047 1637.94116211 -522.108886719 131.08404541 1444.83374023 -404.783630371 21.3841247559 1700.2487793 -543.25793457 -126.14465332 1320.78088379 -404.784332275 -246.933959961 1700.2487793 -490.896087646 -403.09161377 1233.31066895 -404.779052734 -515.251708984 1700.2487793
0.046942949295 8 -500.342010498 -114.678230286 1507.27832031 -422.080078125 267.359344482 1638.77868652 -519.053161621 130.333297729 1443.59619141 -407.017883301 20.0486450195 1701.12207031 -540.598449707 -121.148010254 1321.67944336 -407.018585205 -248.269439697 1701.12207031 -489.635131836 -398.437530518 1234.4206543 -407.013305664 -516.587158203 1701.12207031
0.0290329456329 8 -500.288330078 -114.910377502 1506.90234375 -422.732147217 266.124450684 1642.71923828 -518.245666504 130.651000977 1445.13769531 -408.037536621 18.0443878174 1702.47973633 -538.954101562 -122.52784729 1320.76928711 -408.038238525 -250.273696899 1702.47973633 -485.03427124 -399.842651367 1235.42382812 -408.032958984 -518.591430664 1702.47973633
0.0245139598846 8 -502.028747559 -114.333129883 1503.20385742 -423.43951416 263.96661377 1645.16662598 -518.811645508 132.376464844 1445.9161377 -409.164428711 14.5861206055 1701.15637207 -536.17980957 -121.704696655 1321.32067871 -409.165130615 -253.731964111 1701.15637207 -480.06237793 -399.131896973 1237.76818848 -409.159851074 -522.049682617 1701.15637207
0.0310990810394 8 -503.062133789 -112.361221313 1501.93994141 -425.845336914 263.028259277 1649.86950684 -517.277587891 135.148498535 1447.48474121 -414.152954102 13.5194396973 1703.6270752 -531.428405762 -119.418182373 1321.84460449 -414.153656006 -254.79864502 1703.6270752 -475.284790039 -397.739074707 1241.34643555 -414.148376465 -523.116394043 1703.6270752
0.0321810245514 8 -502.267211914 -111.775650024 1503.7824707 -428.034515381 261.84362793 1655.25305176 -514.709594727 135.999938965 1450.05908203 -417.951324463 13.088180542 1708.07055664 -528.405273438 -116.600921631 1323.01831055 -417.952026367 -255.229904175 1708.07055664 -473.215179443 -395.372619629 1243.3782959 -417.946746826 -523.547668457 1708.07055664
0.0358889102936 8 -502.532104492 -112.052276611 1505.67480469 -429.670776367 260.676696777 1661.45385742 -513.120483398 136.068786621 1453.14440918 -421.565063477 11.3559265137 1712.19445801 -528.383422852 -113.550842285 1323.0579834 -421.565765381 -256.962158203 1712.19445801 -474.307342529 -393.001098633 1245.0402832 -421.56048584 -525.279907227 1712.19445801
0.0336210727692 8 -502.862213135 -112.297668457 1507.63256836 -429.992523193 259.856994629 1665.04663086 -510.450164795 135.863265991 1454.78503418 -424.762237549 10.5987701416 1715.55358887 -528.356750488 -111.097335815 1322.67834473 -424.762939453 -257.719299316 1715.55358887 -477.143096924 -390.999023438 1244.3704834 -424.757659912 -526.03704834 1715.55358887
0.0321259498596 8 -503.497375488 -111.192428589 1509.88500977 -431.105865479 259.053161621 1670.3371582 -507.477050781 137.131546021 1457.43676758 -428.969512939 10.5279388428 1719.79272461 -529.330871582 -110.47706604 1321.09838867 -428.970214844 -257.790161133 1719.79272461 -473.061035156 -390.289611816 1246.21166992 -428.964935303 -526.107910156 1719.79272461
0.0352351665497 8 -503.521362305 -112.839447021 1512.69433594 -429.406311035 257.895690918 1669.43041992 -501.641601562 134.516082764 1455.94018555 -433.636657715 11.3480224609 1722.70141602 -530.298095703 -107.33782959 1319.57458496 -433.637359619 -256.970062256 1722.70141602 -447.918945312 -382.986816406 1261.88671875 -433.632080078 -525.287841797 1722.70141602
0.0317947864532 8 -502.152954102 -118.096603394 1519.00244141 -427.548187256 256.746856689 1668.95385742 -494.329284668 127.472976685 1455.61499023 -438.382568359 10.9379425049 1727.96899414 -533.892272949 -108.694915771 1315.10742188 -438.383270264 -257.380126953 1727.96899414 -424.201293945 -377.076507568 1279.88049316 -438.377990723 -525.697875977 1727.96899414
0.0316622257233 8 -501.624938965 -118.299781799 1523.13183594 -427.361938477 256.908203125 1672.23376465 -487.56552124 126.441673279 1457.59985352 -444.273376465 12.055770874 1733.15258789 -540.979248047 -111.541786194 1310.25878906 -444.274078369 -256.262329102 1733.15258789 -406.05456543 -369.690093994 1293.09594727 -444.268798828 -524.580078125 1733.15258789
0.0392899513245 8 -500.620361328 -119.322608948 1524.1361084 -426.675415039 255.574707031 1674.41552734 -483.311859131 125.17980957 1458.33837891 -447.501556396 11.1687164307 1735.23022461 -544.397094727 -109.437164307 1307.82250977 -447.502258301 -257.149353027 1735.23022461 -393.457702637 -359.964172363 1306.93188477 -447.49697876 -525.467102051 1735.23022461
0.0316359996796 8 -500.358612061 -118.652809143 1524.08886719 -424.925201416 255.315704346 1676.00830078 -479.026062012 125.741966248 1459.02587891 -449.742279053 10.8926239014 1736.39306641 -547.661132812 -110.106376648 1304.4552002 -449.742980957 -257.425476074 1736.39306641 -381.816711426 -350.595977783 1322.27734375 -449.737701416 -525.743225098 1736.39306641
0.0309729576111 8 -501.441223145 -116.051345825 1522.03320312 -424.93637085 255.227081299 1679.30151367 -476.044067383 128.860839844 1460.49414062 -453.581726074 10.2302398682 1736.92041016 -549.534851074 -112.628036499 1299.14831543 -453.582427979 -258.08782959 1736.92041016 -372.734954834 -342.980529785 1337.07043457 -453.577148438 -526.405578613 1736.92041016
0.0351650714874 8 -502.382385254 -112.289627075 1516.99291992 -424.004455566 254.4425354 1681.4630127 -476.168579102 133.828140259 1460.86755371 -453.036224365 8.87510681152 1734.46765137 -547.532897949 -115.961288452 1294.02099609 -453.03692627 -259.442993164 1734.46765137 -364.182678223 -337.772216797 1350.28930664 -453.031646729 -527.760742188 1734.46765137
0.0314598083496 8 -502.615753174 -110.201408386 1511.22351074 -422.42578125 253.123931885 1682.54492188 -475.384002686 136.861541748 1459.93054199 -452.58291626 6.4273223877 1731.0123291 -542.238647461 -117.271026611 1291.80273438 -452.583618164 -261.89074707 1731.0123291 -353.725891113 -331.936462402 1360.36828613 -452.578338623 -530.208496094 1731.0123291
0.0359930992126 8 -503.771728516 -101.952903748 1503.81872559 -422.200042725 252.675628662 1690.04418945 -474.897125244 146.876541138 1463.68737793 -453.065460205 4.30902099609 1728.5357666 -536.030029297 -117.127487183 1290.54882812 -453.066162109 -264.009063721 1728.5357666 -337.393920898 -320.321228027 1365.98840332 -453.060882568 -532.326782227 1728.5357666
0.0319180488586 8 -501.585449219 -98.596282959 1499.0793457 -422.506286621 252.359848022 1693.84143066 -473.722076416 151.267669678 1464.83374023 -452.196105957 2.6616973877 1726.4309082 -528.768127441 -115.158477783 1290.43066406 -452.196807861 -265.65637207 1726.4309082 -316.450012207 -305.328979492 1362.26855469 -452.19152832 -533.974121094 1726.4309082
0.0313210487366 8 -499.320068359 -94.7395172119 1494.82885742 -421.534912109 251.546691895 1699.21630859 -471.330322266 155.984664917 1467.65759277 -451.476318359 0.232162475586 1725.21081543 -507.467041016 -110.915908813 1294.36218262 -451.477020264 -268.0859375 1725.21081543 -287.389587402 -293.941467285 1366.87683105 -451.471740723 -536.403686523 1725.21081543
0.0357129573822 8 -497.943847656 -92.6083526611 1492.60205078 -420.528320312 250.849960327 1701.92956543 -470.700866699 158.607147217 1469.08935547 -449.74420166 -0.932983398438 1724.28466797 -487.844726562 -104.327270508 1300.33569336 -449.744903564 -269.251068115 1724.28466797 -264.961975098 -285.595611572 1370.46374512 -449.739624023 -537.568847656 1724.28466797
0.0318188667297 8 -494.660522461 -93.1000061035 1493.64868164 -419.312194824 250.656921387 1703.78662109 -465.615081787 157.948760986 1470.18774414 -450.158477783 -1.22842407227 1726.02514648 -468.011749268 -100.051818848 1306.31225586 -450.159179688 -269.546508789 1726.02514648 -244.492965698 -281.937316895 1375.1953125 -450.153900146 -537.864257812 1726.02514648
0.0324029922485 8 -492.719299316 -91.8789596558 1494.59936523 -419.858184814 250.163482666 1707.76074219 -463.195983887 159.292877197 1472.96618652 -450.559326172 -1.46998596191 1727.99987793 -451.587432861 -98.4091491699 1309.30615234 -450.560028076 -269.788085938 1727.99987793 -226.446731567 -279.492462158 1380.31542969 -450.554748535 -538.105834961 1727.99987793
0.0361571311951 8 -488.453857422 -91.6988296509 1497.03588867 -418.967163086 249.134063721 1711.22375488 -458.80279541 159.5050354 1475.83325195 -449.560974121 -1.2823638916 1731.01123047 -437.375976562 -98.0930786133 1311.80126953 -449.561676025 -269.600463867 1731.01123047 -212.983963013 -280.269226074 1383.31201172 -449.556396484 -537.918212891 1731.01123047
0.0320858955383 8 -491.079528809 -94.9206390381 1503.17773438 -418.08102417 247.66796875 1711.74157715 -451.387481689 154.526977539 1479.1171875 -460.358428955 -1.28875732422 1736.98950195 -427.312042236 -98.3352355957 1312.42504883 -460.359130859 -269.606842041 1736.98950195 -200.808563232 -277.117553711 1387.0715332 -460.353851318 -537.924560547 1736.98950195
0.0318169593811 8 -489.606506348 -95.1432342529 1509.9407959 -417.23626709 247.564163208 1716.15014648 -452.328063965 154.645751953 1485.03869629 -456.122253418 -1.08877563477 1743.25817871 -418.745269775 -101.05670166 1310.85754395 -456.122955322 -269.406860352 1743.25817871 -190.340667725 -273.98046875 1389.79748535 -456.117675781 -537.724609375 1743.25817871
0.0382690429688 8 -485.62713623 -97.0957946777 1514.65014648 -416.446624756 246.956222534 1718.88427734 -449.881286621 152.82611084 1488.57495117 -454.725708008 -1.5005645752 1747.72827148 -408.963775635 -104.421447754 1309.58581543 -454.726409912 -269.818664551 1747.72827148 -177.386352539 -273.334960938 1392.76293945 -454.721130371 -538.136413574 1747.72827148
0.0322389602661 8 -484.438751221 -98.0291137695 1520.44921875 -415.69241333 246.195556641 1723.74414062 -447.55380249 151.694732666 1493.90991211 -455.267120361 -1.82858276367 1753.51879883 -399.055877686 -109.10848999 1307.94396973 -455.267822266 -270.14666748 1753.51879883 -164.44090271 -275.017913818 1397.22375488 -455.262542725 -538.464416504 1753.51879883
0.0308091640472 8 -484.883880615 -99.374206543 1522.0123291 -413.955780029 245.075454712 1722.14697266 -443.067993164 149.250549316 1492.81689453 -457.900878906 -0.560546875 1754.22583008 -389.124786377 -112.426025391 1308.60925293 -457.901580811 -268.878631592 1754.22583008 -153.087860107 -278.365844727 1398.86157227 -457.89630127 -537.196411133 1754.22583008
0.0351769924164 8 -484.793334961 -99.1723175049 1523.28686523 -412.555297852 244.907714844 1721.8638916 -438.786804199 148.552581787 1492.76794434 -460.793518066 1.29806518555 1755.11755371 -380.149261475 -117.098754883 1307.94421387 -460.794219971 -267.020019531 1755.11755371 -142.21736145 -278.450195312 1401.11193848 -460.78894043 -535.337768555 1755.11755371
0.0315430164337 8 -484.660491943 -100.98248291 1523.6809082 -411.854156494 243.709320068 1720.73181152 -435.759857178 146.035736084 1491.88146973 -462.491668701 0.987884521484 1755.0489502 -372.156951904 -119.446502686 1308.62475586 -462.492370605 -267.330200195 1755.0489502 -134.126098633 -279.5831604 1403.49609375 -462.487091064 -535.647949219 1755.0489502
0.0322308540344 8 -483.928039551 -100.150108337 1525.84667969 -410.364227295 244.073760986 1721.68334961 -434.087982178 146.543212891 1492.90332031 -461.941864014 2.91661071777 1756.75976562 -365.148468018 -122.632751465 1309.46777344 -461.942565918 -265.401489258 1756.75976562 -127.243515015 -282.035217285 1404.3692627 -461.937286377 -533.719238281 1756.75976562
0.0356409549713 8 -481.995666504 -99.424369812 1526.26037598 -410.420043945 243.653625488 1724.16540527 -430.71182251 147.108383179 1494.30505371 -463.375823975 3.39544677734 1757.58508301 -357.638671875 -125.721450806 1310.39025879 -463.376525879 -264.922637939 1757.58508301 -116.820541382 -282.27520752 1407.8157959 -463.371246338 -533.240356445 1757.58508301
0.031729221344 8 -480.046081543 -99.0782928467 1526.89599609 -410.063262939 243.489395142 1726.41003418 -427.560455322 147.28918457 1495.59570312 -463.890411377 3.64805603027 1758.45117188 -349.384429932 -126.766571045 1311.85339355 -463.891113281 -264.670043945 1758.45117188 -108.399597168 -284.267578125 1409.74401855 -463.88583374 -532.987792969 1758.45117188
0.0323159694672 8 -477.634307861 -100.26651001 1525.58618164 -408.56640625 242.563018799 1723.52612305 -424.845733643 145.885559082 1493.10754395 -462.410797119 3.77716064453 1756.61779785 -342.765594482 -128.292999268 1313.08227539 -462.411499023 -264.540924072 1756.61779785 -101.298660278 -285.25994873 1411.7956543 -462.406219482 -532.858642578 1756.61779785
0.0357990264893 8 -476.156188965 -100.731704712 1526.05444336 -408.328826904 242.916290283 1722.58398438 -421.788330078 144.965866089 1492.75854492 -463.677062988 4.71659851074 1756.61206055 -334.453979492 -132.555740356 1313.69946289 -463.677764893 -263.601501465 1756.61206055 -92.3779296875 -289.064025879 1415.18200684 -463.672485352 -531.919250488 1756.61206055
0.0319759845734 8 -475.86517334 -101.682495117 1526.87451172 -407.899230957 242.821273804 1722.10339355 -421.887817383 143.914978027 1492.22802734 -463.095397949 4.96926879883 1756.86254883 -326.809234619 -135.690124512 1315.00146484 -463.096099854 -263.348815918 1756.86254883 -85.6468353271 -295.634277344 1413.78491211 -463.090820312 -531.666564941 1756.86254883
0.0320889949799 8 -473.870666504 -103.185745239 1527.29833984 -407.56942749 242.854187012 1721.37219238 -419.75378418 142.205795288 1491.42944336 -462.712402344 4.94841003418 1756.67749023 -320.476623535 -136.260391235 1317.16491699 -462.713104248 -263.369689941 1756.67749023 -79.3872833252 -299.413879395 1412.16589355 -462.707824707 -531.687438965 1756.67749023
0.0365588665009 8 -470.315734863 -105.756790161 1529.77783203 -407.271026611 243.206787109 1721.4934082 -420.081665039 140.059814453 1491.3996582 -458.172668457 4.33819580078 1758.15014648 -311.800109863 -139.533325195 1319.74633789 -458.173370361 -263.979888916 1758.15014648 -70.1291503906 -302.0831604 1414.15466309 -458.16809082 -532.297607422 1758.15014648
0.0316860675812 8 -467.982849121 -107.113189697 1530.91992188 -406.850250244 243.154525757 1721.06030273 -420.648620605 139.063278198 1491.18066406 -454.713684082 3.92356872559 1758.77392578 -306.470703125 -141.679397583 1321.04016113 -454.714385986 -264.39453125 1758.77392578 -65.1282653809 -304.91229248 1415.72558594 -454.709106445 -532.712280273 1758.77392578
0.0319221019745 8 -466.154174805 -105.883811951 1531.79516602 -406.590606689 244.478790283 1721.34509277 -419.354400635 140.336181641 1491.6307373 -453.536102295 5.65995788574 1759.44958496 -299.333709717 -142.257568359 1323.68188477 -453.536804199 -262.65814209 1759.44958496 -56.879486084 -305.321655273 1419.11682129 -453.531524658 -530.975891113 1759.44958496
0.0378639698029 8 -464.492370605 -106.144927979 1532.84301758 -406.360107422 244.870788574 1720.99084473 -418.340209961 140.085540771 1491.97265625 -452.719360352 6.1833190918 1760.16162109 -294.250274658 -144.550323486 1326.50695801 -452.720062256 -262.134765625 1760.16162109 -51.2973175049 -311.626464844 1417.31518555 -452.714782715 -530.452514648 1760.16162109
0.0316288471222 8 -465.080993652 -105.717063904 1535.20996094 -405.649597168 245.383239746 1721.31555176 -418.860870361 140.362747192 1493.50463867 -452.002593994 7.14556884766 1762.19458008 -287.190338135 -145.701583862 1329.92236328 -452.003295898 -261.172515869 1762.19458008 -46.3836364746 -317.411651611 1417.05541992 -451.998016357 -529.490234375 1762.19458008
0.0310440063477 8 -463.559875488 -108.06590271 1537.85131836 -405.519012451 245.804763794 1720.84655762 -408.083251953 135.752716064 1494.72351074 -460.469726562 8.81158447266 1763.05212402 -307.583129883 -123.557281494 1339.97668457 -460.470428467 -259.506500244 1763.05212402 -74.6221923828 -303.085449219 1401.83215332 -460.465148926 -527.82421875 1763.05212402
0.0356409549713 8 -472.280487061 -110.151748657 1541.56787109 -405.4609375 246.346588135 1719.79296875 -390.77166748 125.650314331 1499.2689209 -487.036865234 15.6699981689 1760.62658691 -315.701202393 -116.838470459 1344.28063965 -487.037567139 -252.648086548 1760.62658691 -84.7790985107 -297.401794434 1396.11206055 -487.032287598 -520.965820312 1760.62658691
0.0316400527954 8 -476.853820801 -111.681922913 1543.67163086 -405.11227417 246.795837402 1720.4777832 -382.291442871 119.47518158 1501.69494629 -499.844055176 19.5232849121 1759.06530762 -313.339691162 -119.955680847 1346.07434082 -499.84475708 -248.794799805 1759.06530762 -83.5587768555 -300.608612061 1395.27868652 -499.839477539 -517.112548828 1759.06530762
0.0334739685059 8 -477.037506104 -114.436355591 1543.0378418 -404.181762695 246.034759521 1716.5456543 -379.055145264 115.16166687 1498.7833252 -501.520263672 19.9663543701 1756.6048584 -310.122528076 -122.006286621 1347.87927246 -501.520965576 -248.351730347 1756.6048584 -82.4958496094 -304.997955322 1394.4375 -501.515686035 -516.669494629 1756.6048584
0.0347611904144 8 -477.818664551 -115.438995361 1542.82910156 -403.48815918 245.976760864 1714.58874512 -377.480987549 113.063369751 1497.35913086 -503.636962891 21.0904998779 1755.05932617 -306.356903076 -124.582946777 1347.94946289 -503.637664795 -247.227584839 1755.05932617 -82.3770904541 -311.759155273 1393.2956543 -503.632385254 -515.545349121 1755.05932617
0.0317277908325 8 -477.582336426 -115.400749207 1542.01196289 -403.081695557 246.085113525 1713.61315918 -374.742736816 112.151229858 1496.95336914 -505.460144043 22.243560791 1753.34838867 -304.261108398 -125.64755249 1347.77380371 -505.460845947 -246.074523926 1753.34838867 -81.7440490723 -314.107055664 1394.14343262 -505.455566406 -514.392272949 1753.34838867
0.0324950218201 8 -475.981811523 -115.306396484 1541.57824707 -403.846221924 246.109161377 1713.62976074 -375.42755127 113.336578369 1496.67358398 -504.212738037 21.4510498047 1753.48779297 -303.430633545 -126.719848633 1347.56970215 -504.213439941 -246.867034912 1753.48779297 -83.5085754395 -318.462036133 1392.24682617 -504.2081604 -515.184814453 1753.48779297
0.0361351966858 8 -475.116577148 -115.577941895 1541.68676758 -402.859436035 246.480392456 1714.13916016 -375.938476562 113.625259399 1496.45202637 -501.90927124 20.4640655518 1754.26940918 -303.74786377 -126.437042236 1347.74475098 -501.909973145 -247.854019165 1754.26940918 -83.3550415039 -317.573364258 1392.61535645 -501.904693604 -516.17175293 1754.26940918
0.0317080020905 8 -475.017150879 -116.38218689 1542.39672852 -402.409881592 246.012161255 1712.88757324 -375.944854736 112.613822937 1495.83605957 -500.68460083 20.4503479004 1754.62414551 -303.953979492 -126.540153503 1347.94909668 -500.685302734 -247.867736816 1754.62414551 -83.1272125244 -317.145111084 1392.90734863 -500.680023193 -516.18548584 1754.62414551
0.0355508327484 8 -475.356109619 -116.282241821 1542.73022461 -401.660552979 246.603225708 1713.26025391 -375.947570801 112.500411987 1495.80114746 -500.287109375 20.7518768311 1754.92370605 -303.525695801 -128.065658569 1347.93969727 -500.287811279 -247.566207886 1754.92370605 -82.76222229 -318.632904053 1393.34997559 -500.282531738 -515.883972168 1754.92370605
0.0322489738464 8 -475.477050781 -115.548461914 1542.49804688 -402.239257812 247.430923462 1713.45629883 -376.711608887 113.51423645 1495.56079102 -500.242126465 21.1780548096 1754.9128418 -304.376037598 -128.256164551 1347.65307617 -500.242828369 -247.140029907 1754.9128418 -83.4979095459 -318.656494141 1393.19970703 -500.237548828 -515.457763672 1754.9128418
0.0319621562958 8 -476.895263672 -116.673980713 1543.00793457 -402.430908203 247.05758667 1713.04968262 -379.268981934 112.604629517 1494.7677002 -499.474914551 20.1201629639 1755.62097168 -304.940429688 -127.992385864 1347.43249512 -499.475616455 -248.197921753 1755.62097168 -83.9158630371 -318.377868652 1392.31799316 -499.470336914 -516.515686035 1755.62097168
0.0367388725281 8 -477.958557129 -116.495635986 1543.25158691 -402.640625 247.663589478 1713.34631348 -382.232818604 113.447257996 1494.38049316 -497.505371094 19.2479095459 1756.83337402 -305.513275146 -128.478118896 1346.67468262 -497.506072998 -249.070175171 1756.83337402 -83.6056213379 -317.833953857 1391.53930664 -497.500793457 -517.387939453 1756.83337402
0.0313420295715 8 -478.61126709 -114.922531128 1543.57666016 -403.455841064 248.146728516 1713.50256348 -382.160247803 114.768188477 1494.93432617 -498.954437256 21.0893249512 1756.91601562 -306.351959229 -127.456085205 1345.63549805 -498.95513916 -247.228759766 1756.91601562 -81.7147369385 -312.918518066 1392.81884766 -498.949859619 -515.546508789 1756.91601562
0.0317039489746 8 -481.500305176 -117.344451904 1541.94140625 -405.745635986 244.982818604 1711.55200195 -380.782806396 110.750686646 1494.56152344 -505.183441162 20.0620880127 1754.01416016 -307.160766602 -125.976226807 1344.66894531 -505.184143066 -248.255996704 1754.01416016 -80.3524017334 -308.563903809 1392.67907715 -505.178863525 -516.573730469 1754.01416016
0.035392999649 8 -484.604858398 -114.298156738 1539.66369629 -405.959686279 246.73109436 1712.57958984 -386.861938477 115.113037109 1492.40185547 -504.116455078 20.5575561523 1753.7902832 -304.292785645 -127.361160278 1343.24951172 -504.117156982 -247.760528564 1753.7902832 -75.7334442139 -307.393585205 1392.6138916 -504.111877441 -516.07824707 1753.7902832
0.0368971824646 8 -484.195251465 -113.591758728 1541.76147461 -406.623413086 247.221984863 1712.41943359 -397.491241455 119.310958862 1490.89562988 -494.501708984 18.8588867188 1757.86169434 -304.99786377 -123.319030762 1343.28710938 -494.502410889 -249.459197998 1757.86169434 -74.1914672852 -300.536193848 1392.37976074 -494.497131348 -517.776977539 1757.86169434
0.0323488712311 8 -479.73059082 -114.945610046 1543.82189941 -407.760742188 247.845336914 1713.00598145 -398.414459229 119.623245239 1491.5135498 -489.509796143 17.3753662109 1760.07775879 -309.115936279 -116.360275269 1344.71704102 -489.510498047 -250.942718506 1760.07775879 -76.1803283691 -291.49822998 1391.10705566 -489.505218506 -519.260498047 1760.07775879
0.0359690189362 8 -480.010040283 -117.022583008 1544.7791748 -408.378112793 247.280975342 1711.82165527 -397.418487549 116.860061646 1491.16418457 -490.794647217 17.0011444092 1759.99621582 -309.025909424 -114.387298584 1343.85583496 -490.795349121 -251.316940308 1759.99621582 -73.1773986816 -285.215515137 1391.4329834 -490.79006958 -519.63470459 1759.99621582
0.0323538780212 8 -482.289245605 -114.936782837 1542.3137207 -409.710876465 247.223846436 1712.69104004 -404.215698242 120.641532898 1489.32739258 -487.980194092 16.1204376221 1759.55053711 -308.195129395 -114.752372742 1341.2869873 -487.980895996 -252.197647095 1759.55053711 -68.3520050049 -279.523376465 1389.90759277 -487.975616455 -520.515380859 1759.55053711
0.0306921005249 8 -483.411193848 -115.034515381 1544.41394043 -411.504699707 246.817687988 1715.66711426 -403.408416748 120.187019348 1492.63427734 -490.878753662 15.7415161133 1761.79077148 -309.417449951 -109.956321716 1340.09191895 -490.879455566 -252.576568604 1761.79077148 -67.5838317871 -273.015869141 1384.5892334 -490.874176025 -520.894287109 1761.79077148
0.0356869697571 8 -486.710449219 -113.384140015 1544.10742188 -414.660552979 246.344833374 1718.61938477 -411.22845459 123.485557556 1493.09863281 -490.512023926 14.823425293 1763.09399414 -309.542541504 -106.047416687 1338.01538086 -490.51272583 -253.494659424 1763.09399414 -64.5763092041 -265.22857666 1379.24707031 -490.507446289 -521.81237793 1763.09399414
0.0348041057587 8 -485.251556396 -113.027008057 1545.74438477 -416.99987793 246.881500244 1723.12939453 -408.480499268 124.103775024 1497.9362793 -493.476287842 13.6608428955 1765.5012207 -311.44418335 -99.2569122314 1337.13293457 -493.476989746 -254.657241821 1765.5012207 -64.3954620361 -255.868942261 1375.90014648 -493.471710205 -522.974975586 1765.5012207
0.0389289855957 8 -484.528198242 -110.079315186 1547.17480469 -419.15234375 248.077728271 1729.3671875 -404.641662598 126.836853027 1503.66784668 -498.449005127 14.8957214355 1767.60974121 -310.922607422 -95.8202056885 1335.71276855 -498.449707031 -253.422363281 1767.60974121 -61.9156951904 -249.00819397 1375.71582031 -498.44442749 -521.740112305 1767.60974121
0.0390160083771 8 -484.482299805 -109.210220337 1549.19165039 -421.094451904 248.113998413 1733.01733398 -405.033081055 128.192886353 1507.47265625 -500.057739258 14.4456939697 1770.27905273 -311.204101562 -91.0032958984 1335.28991699 -500.058441162 -253.872390747 1770.27905273 -60.3205413818 -240.690826416 1376.82641602 -500.053161621 -522.190124512 1770.27905273
0.0296900272369 8 -483.589050293 -108.045883179 1549.14904785 -422.050384521 248.515472412 1734.33581543 -403.68838501 129.359710693 1508.2467041 -500.956695557 15.4659423828 1770.19616699 -311.130310059 -87.4812927246 1334.89941406 -500.957397461 -252.852142334 1770.19616699 -57.3974761963 -230.126174927 1382.55212402 -500.95211792 -521.169921875 1770.19616699
0.030072927475 8 -485.609802246 -107.662185669 1548.73046875 -422.53994751 247.735671997 1734.49304199 -404.576171875 129.370452881 1507.86425781 -502.063232422 15.8036651611 1769.87866211 -308.761352539 -86.120880127 1333.51989746 -502.063934326 -252.514419556 1769.87866211 -52.4264526367 -223.264907837 1383.49523926 -502.058654785 -520.83215332 1769.87866211
0.0387659072876 8 -487.242919922 -108.100128174 1548.59692383 -423.64956665 247.365936279 1735.07946777 -406.714050293 129.228302002 1508.43920898 -503.267150879 14.4383850098 1770.29492188 -308.028137207 -84.2933349609 1332.97021484 -503.267852783 -253.879699707 1770.29492188 -49.3989868164 -216.299423218 1385.05419922 -503.262573242 -522.19744873 1770.29492188
0.0289440155029 8 -487.018737793 -110.018379211 1548.40820312 -423.189483643 247.010925293 1731.3494873 -408.746154785 127.511398315 1505.17590332 -500.21270752 14.0953674316 1769.40100098 -308.763946533 -81.8014221191 1331.93408203 -500.213409424 -254.222717285 1769.40100098 -46.9958190918 -209.098022461 1379.828125 -500.208129883 -522.540466309 1769.40100098
0.0299351215363 8 -487.479919434 -109.720184326 1548.08300781 -424.720123291 246.730697632 1734.00183105 -410.460693359 128.522827148 1506.53930664 -501.034912109 12.6488037109 1770.02856445 -306.916320801 -81.370803833 1329.94165039 -501.035614014 -255.669281006 1770.02856445 -43.3668518066 -203.012145996 1382.43774414 -501.030334473 -523.987060547 1770.02856445
0.0348229408264 8 -487.202819824 -110.081825256 1548.46191406 -426.14654541 246.111572266 1735.33447266 -410.393615723 128.453811646 1508.20214844 -502.406433105 11.5059204102 1770.73461914 -308.113830566 -79.3437194824 1328.31359863 -502.40713501 -256.812164307 1770.73461914 -43.5126953125 -196.575042725 1385.43774414 -502.401855469 -525.129882812 1770.73461914
0.0307970046997 8 -490.114990234 -113.298782349 1546.79846191 -427.047607422 243.798919678 1732.97241211 -409.534454346 123.929748535 1506.26428223 -507.492553711 10.0366516113 1767.93225098 -307.725158691 -77.2458953857 1327.0748291 -507.493255615 -258.281433105 1767.93225098 -41.664276123 -190.291717529 1386.03222656 -507.487976074 -526.599182129 1767.93225098
0.0308060646057 8 -490.940765381 -114.556221008 1546.36621094 -427.995910645 243.600585938 1730.29992676 -410.389343262 122.410720825 1504.23266602 -508.507415771 10.3296813965 1766.62084961 -302.965515137 -77.9350891113 1324.58227539 -508.508117676 -257.98840332 1766.62084961 -36.3785400391 -186.576446533 1389.05627441 -508.502838135 -526.306152344 1766.62084961
0.0353598594666 8 -490.841491699 -114.905303955 1545.66357422 -427.901489258 243.632110596 1729.46032715 -410.870697021 122.204727173 1503.19812012 -508.500946045 10.1847381592 1765.80114746 -299.822998047 -78.1575164795 1322.51672363 -508.501647949 -258.133361816 1765.80114746 -33.1948242188 -182.107421875 1393.96032715 -508.496368408 -526.45111084 1765.80114746
0.0314311981201 8 -489.232666016 -114.180259705 1545.03625488 -428.319091797 243.647125244 1728.55212402 -411.356018066 123.676208496 1502.86743164 -506.238128662 9.95906066895 1765.76025391 -297.408905029 -77.6737823486 1320.14611816 -506.238830566 -258.359008789 1765.76025391 -31.0687866211 -176.129394531 1399.70825195 -506.233551025 -526.676757812 1765.76025391
0.0312597751617 8 -490.957489014 -115.487220764 1546.39587402 -429.009460449 243.679046631 1728.07421875 -416.757476807 123.078948975 1501.77563477 -503.901794434 9.05503845215 1767.1496582 -295.098846436 -76.6558380127 1317.76428223 -503.902496338 -259.263061523 1767.1496582 -28.1585388184 -168.159576416 1403.33422852 -503.897216797 -527.580810547 1767.1496582
0.0353569984436 8 -488.803710938 -115.446563721 1545.59130859 -429.127380371 244.603134155 1728.34423828 -417.944580078 124.068237305 1500.62609863 -499.666748047 8.23092651367 1766.94226074 -294.44519043 -74.6870574951 1316.92358398 -499.667449951 -260.087158203 1766.94226074 -27.3993835449 -162.681976318 1406.09191895 -499.66217041 -528.404907227 1766.94226074
0.0315990447998 8 -489.741760254 -114.415847778 1545.49157715 -429.981445312 244.665939331 1727.99401855 -417.58404541 124.740776062 1500.63024902 -501.631378174 9.65528869629 1766.58044434 -293.18850708 -73.5546951294 1315.91345215 -501.632080078 -258.662780762 1766.58044434 -25.2889709473 -153.14666748 1410.03845215 -501.626800537 -526.980529785 1766.58044434
0.031592130661 8 -488.67401123 -113.546142578 1544.93359375 -431.391876221 245.650253296 1728.32385254 -417.28427124 125.989196777 1500.84191895 -502.330047607 10.1037902832 1766.16223145 -289.611968994 -72.3067626953 1313.4453125 -502.330749512 -258.214294434 1766.16223145 -22.4954223633 -145.784118652 1414.45715332 -502.325469971 -526.532043457 1766.16223145
0.0355739593506 8 -489.504180908 -113.803878784 1544.51000977 -432.528839111 245.04548645 1727.4864502 -417.711486816 125.630599976 1500.50549316 -504.340576172 10.15184021 1765.49523926 -288.984924316 -71.4099121094 1311.61218262 -504.341278076 -258.166259766 1765.49523926 -19.7608947754 -132.485992432 1414.85192871 -504.335998535 -526.484008789 1765.49523926
0.0317409038544 8 -489.953674316 -114.361366272 1545.80419922 -433.913665771 245.569091797 1728.06225586 -419.876068115 125.498031616 1501.36047363 -503.929138184 9.45013427734 1766.92443848 -286.186431885 -70.8271331787 1309.44335938 -503.929840088 -258.867950439 1766.92443848 -17.491607666 -124.341316223 1418.26672363 -503.924560547 -527.185668945 1766.92443848
0.0309820175171 8 -489.065979004 -115.647865295 1543.52819824 -435.189849854 243.230316162 1726.85229492 -421.133544922 124.97038269 1499.88305664 -503.511138916 7.1321105957 1765.1887207 -282.421203613 -68.7456817627 1308.04943848 -503.51184082 -261.185974121 1765.1887207 -16.9649353027 -121.36971283 1425.06860352 -503.506561279 -529.503723145 1765.1887207
0.0355031490326 8 -490.771118164 -113.041763306 1540.19848633 -435.854187012 243.822006226 1728.2154541 -427.130432129 128.89112854 1497.45947266 -502.394561768 7.51329040527 1763.22265625 -279.32611084 -67.5427398682 1306.91564941 -502.395263672 -260.80480957 1763.22265625 -15.8476867676 -113.474983215 1430.98254395 -502.389984131 -529.122558594 1763.22265625
0.0321578979492 8 -487.914703369 -112.179450989 1542.36889648 -436.286865234 245.114807129 1728.42724609 -426.460571289 130.337188721 1499.69763184 -499.011932373 7.83030700684 1765.72155762 -278.148956299 -66.0372161865 1305.93334961 -499.012634277 -260.487792969 1765.72155762 -16.1525878906 -108.775650024 1434.45336914 -499.007354736 -528.805541992 1765.72155762
0.0320010185242 8 -487.084533691 -113.661132812 1544.65869141 -436.806396484 244.582061768 1727.52880859 -426.800994873 128.854644775 1500.32043457 -497.450195312 7.54534912109 1767.4041748 -276.215606689 -63.9058532715 1305.43884277 -497.450897217 -260.772735596 1767.4041748 -14.7428588867 -100.356079102 1436.98413086 -497.445617676 -529.090454102 1767.4041748
0.040246963501 8 -486.421081543 -113.402282715 1544.26220703 -437.60043335 244.414306641 1727.59204102 -426.160644531 129.240936279 1500.56298828 -498.371459961 7.53694152832 1767.07983398 -273.028564453 -62.3377227783 1304.47436523 -498.372161865 -260.78112793 1767.07983398 -14.9141540527 -91.7551040649 1443.92138672 -498.366882324 -529.098876953 1767.07983398
0.0335099697113 8 -485.112640381 -112.725143433 1544.53759766 -438.268707275 244.99508667 1728.11376953 -426.907806396 130.376678467 1500.61022949 -496.134063721 7.91247558594 1767.56481934 -269.030059814 -60.1011657715 1302.29443359 -496.134765625 -260.405609131 1767.56481934 -13.2699127197 -84.120880127 1447.10473633 -496.129486084 -528.723388672 1767.56481934
0.0351469516754 8 -488.244049072 -108.298614502 1540.48901367 -439.563232422 245.356384277 1728.29663086 -436.929077148 136.484664917 1497.59375 -492.68927002 9.29188537598 1765.31103516 -266.46762085 -58.4525146484 1300.83654785 -492.689971924 -259.026184082 1765.31103516 -13.3244628906 -76.2706375122 1451.04772949 -492.684692383 -527.343933105 1765.31103516
0.0315392017365 8 -488.058868408 -111.258666992 1542.73706055 -440.343719482 244.764907837 1727.96679688 -435.619842529 133.180664062 1499.09985352 -493.799499512 7.34117126465 1767.02685547 -266.806243896 -54.9851989746 1300.32775879 -493.800201416 -260.976928711 1767.02685547 -13.2803192139 -68.8327789307 1450.51037598 -493.794921875 -529.294677734 1767.02685547
0.0312168598175 8 -487.054718018 -112.467086792 1542.93444824 -440.434112549 245.297668457 1725.296875 -432.73526001 131.297363281 1497.80224609 -495.252044678 8.19271850586 1766.05493164 -265.864135742 -51.8520355225 1300.44238281 -495.252746582 -260.125366211 1766.05493164 -12.7520446777 -65.2695083618 1451.50805664 -495.247467041 -528.443115234 1766.05493164
0.0353140830994 8 -486.967010498 -114.530960083 1543.54248047 -440.636444092 245.051727295 1722.96313477 -432.364898682 128.85635376 1496.71032715 -495.774597168 7.8330078125 1765.71716309 -263.1640625 -47.8643798828 1299.82495117 -495.775299072 -260.485076904 1765.71716309 -12.3919830322 -60.6264686584 1454.80651855 -495.770019531 -528.802856445 1765.71716309
0.0315940380096 8 -487.078674316 -115.210479736 1544.85595703 -442.120239258 245.939346313 1725.29833984 -434.674377441 128.668945312 1498.06628418 -495.635284424 6.75729370117 1767.25964355 -260.812011719 -44.7459869385 1298.49890137 -495.635986328 -261.560791016 1767.25964355 -11.352935791 -48.7307929993 1455.85522461 -495.630706787 -529.878540039 1767.25964355
0.031683921814 8 -486.426635742 -113.174545288 1545.21777344 -443.113922119 247.063766479 1726.97888184 -433.305114746 130.782516479 1499.6394043 -496.13848877 7.97831726074 1768.02294922 -257.607910156 -41.5106811523 1296.88244629 -496.139190674 -260.339782715 1768.02294922 -11.2723693848 -44.7078857422 1459.16015625 -496.133911133 -528.657531738 1768.02294922
0.0354650020599 8 -488.831848145 -109.820266724 1540.55004883 -444.793121338 247.244110107 1724.71350098 -443.516662598 135.667297363 1495.08618164 -491.280334473 9.18450927734 1764.640625 -254.431427002 -36.7060546875 1295.70739746 -491.281036377 -259.133575439 1764.640625 -11.1627349854 -38.1516876221 1462.60217285 -491.275756836 -527.451293945 1764.640625
0.0314528942108 8 -490.362518311 -106.147384644 1540.18432617 -445.630615234 248.258834839 1726.06176758 -453.568786621 140.823425293 1495.2923584 -484.46685791 10.5827636719 1765.35778809 -256.147766113 -31.5527954102 1295.89428711 -484.467559814 -257.735321045 1765.35778809 -11.6267242432 -33.9326019287 1461.0390625 -484.462280273 -526.053100586 1765.35778809
0.0317511558533 8 -486.729980469 -107.535049438 1542.13146973 -446.184387207 248.867706299 1726.81030273 -445.482849121 138.807312012 1497.47131348 -489.024719238 10.4177093506 1766.76989746 -261.414398193 -27.2907714844 1298.02575684 -489.025421143 -257.900390625 1766.76989746 -13.8584289551 -26.1020584106 1458.53234863 -489.020141602 -526.218139648 1766.76989746
0.0364429950714 8 -488.438781738 -108.10508728 1542.20410156 -447.53918457 248.613754272 1727.19348145 -441.94342041 137.560958862 1498.95849609 -494.819519043 9.65757751465 1766.87084961 -260.386169434 -22.994140625 1296.81774902 -494.820220947 -258.660522461 1766.87084961 -15.4087219238 -19.8805618286 1461.22973633 -494.814941406 -526.978271484 1766.87084961
0.0314879417419 8 -487.301147461 -108.159042358 1542.1875 -448.525390625 249.067443848 1727.91101074 -438.919006348 137.324142456 1499.81640625 -498.226287842 9.74723815918 1766.63574219 -254.744735718 -17.086151123 1295.11181641 -498.226989746 -258.570861816 1766.63574219 -14.7787322998 -15.4304218292 1466.63427734 -498.221710205 -526.88861084 1766.63574219
0.0317690372467 8 -489.014709473 -110.984970093 1542.51330566 -447.95614624 248.550750732 1724.26782227 -438.111236572 133.492279053 1497.3548584 -499.16595459 9.61868286133 1765.56359863 -251.055953979 -14.7463226318 1293.28088379 -499.166656494 -258.699401855 1765.56359863 -14.0263061523 -4.73729419708 1468.45202637 -499.161376953 -527.017150879 1765.56359863
0.0366129875183 8 -487.465148926 -112.300613403 1541.82617188 -447.995605469 248.350738525 1722.44396973 -434.761169434 131.640045166 1495.77319336 -502.073425293 10.1800842285 1763.61621094 -248.751495361 -11.982421875 1292.11401367 -502.074127197 -258.138000488 1763.61621094 -14.257522583 0.0881032943726 1470.67907715 -502.068847656 -526.455749512 1763.61621094
0.0315980911255 8 -488.91607666 -111.180877686 1541.93945312 -449.631134033 249.134384155 1725.48669434 -430.115539551 131.752151489 1498.17651367 -509.620178223 11.5027923584 1763.09399414 -246.178787231 -8.33674621582 1291.24414062 -509.620880127 -256.815307617 1763.09399414 -14.4904785156 5.88747119904 1473.34082031 -509.615600586 -525.133056641 1763.09399414
0.0321547985077 8 -492.001098633 -111.357543945 1540.07470703 -449.607055664 249.178634644 1722.77575684 -418.910369873 127.911773682 1498.86877441 -523.664978027 15.116394043 1757.54162598 -243.673126221 -2.85641479492 1289.94482422 -523.665710449 -253.201690674 1757.54162598 -13.9864349365 12.2025241852 1474.56176758 -523.660400391 -521.51940918 1757.54162598
0.0354571342468 8 -494.630249023 -111.62310791 1538.71435547 -450.839416504 248.43447876 1721.61462402 -413.473266602 125.412956238 1499.42895508 -532.963012695 17.1620330811 1753.7980957 -241.081558228 1.56811523438 1289.2824707 -532.963745117 -251.156051636 1753.7980957 -13.0580291748 18.459941864 1475.82971191 -532.958435059 -519.473815918 1753.7980957
0.0319209098816 8 -496.848144531 -110.829360962 1537.84765625 -451.869903564 249.221450806 1721.58557129 -409.662139893 124.52192688 1501.08850098 -539.359802246 18.7931060791 1751.70227051 -239.139160156 6.13289642334 1289.30090332 -539.360534668 -249.524978638 1751.70227051 -12.7512207031 22.998210907 1477.85852051 -539.355224609 -517.842712402 1751.70227051
0.0317921638489 8 -498.921722412 -109.635238647 1536.9140625 -452.876403809 250.389801025 1721.60449219 -408.217712402 124.701644897 1501.84606934 -544.29296875 20.52684021 1749.91687012 -237.998794556 10.1929244995 1289.1427002 -544.293701172 -247.791244507 1749.91687012 -13.6895141602 29.3683109283 1479.94274902 -544.288391113 -516.109008789 1749.91687012
0.0356209278107 8 -499.959960938 -107.347457886 1539.00341797 -453.842468262 251.216094971 1724.6262207 -410.687561035 127.647064209 1504.37158203 -543.69732666 21.2802734375 1753.32421875 -236.045166016 16.7034835815 1289.54101562 -543.698059082 -247.037811279 1753.32421875 -13.0985870361 35.8062896729 1481.96154785 -543.692749023 -515.35559082 1753.32421875
0.0374219417572 8 -500.880584717 -106.072189331 1538.08789062 -455.029022217 251.771697998 1726.11962891 -407.858795166 127.881469727 1506.40795898 -548.490478516 22.549407959 1751.5847168 -234.886825562 20.0771255493 1288.63146973 -548.491210938 -245.768676758 1751.5847168 -14.2255554199 44.7625350952 1482.96057129 -548.485900879 -514.086425781 1751.5847168
0.0318579673767 8 -502.598144531 -100.414642334 1535.62536621 -455.938568115 252.326126099 1725.96130371 -433.061157227 140.240921021 1498.95800781 -526.93762207 20.1635284424 1756.90258789 -233.438812256 24.4055480957 1287.12329102 -526.938354492 -248.154556274 1756.90258789 -13.8699493408 56.5629234314 1481.51318359 -526.933044434 -516.472290039 1756.90258789
0.0348851680756 8 -503.596588135 -96.9927978516 1535.05664062 -455.95513916 252.793716431 1726.98498535 -447.846466064 147.053741455 1496.51904297 -513.78894043 19.3244934082 1759.81982422 -234.457336426 30.5478820801 1288.42919922 -513.789672852 -248.993591309 1759.81982422 -13.6985931396 66.6769714355 1480.81359863 -513.784362793 -517.311340332 1759.81982422
0.0313777923584 8 -504.019836426 -97.3103637695 1534.03100586 -456.528991699 252.678344727 1724.75341797 -454.158416748 147.888336182 1493.37060547 -508.48425293 18.609954834 1759.4296875 -235.823806763 34.7395858765 1290.18408203 -508.484954834 -249.708129883 1759.4296875 -14.9412841797 76.4778366089 1481.28125 -508.479675293 -518.025878906 1759.4296875
0.0314960479736 8 -503.884399414 -94.6011199951 1533.78723145 -457.77230835 253.718521118 1726.14562988 -459.805114746 151.934875488 1493.82299805 -503.515075684 19.0471038818 1760.51220703 -235.504760742 39.1820907593 1290.42736816 -503.515777588 -249.270980835 1760.51220703 -14.7588348389 84.4048309326 1480.93994141 -503.510498047 -517.588745117 1760.51220703
0.0353600978851 8 -503.686981201 -92.7297973633 1534.73608398 -458.396911621 255.237960815 1727.36791992 -463.621673584 154.63710022 1495.20617676 -499.717956543 19.5227508545 1762.20471191 -235.91229248 43.4758224487 1291.65844727 -499.718658447 -248.795333862 1762.20471191 -14.2137145996 92.2423553467 1480.1932373 -499.713378906 -517.113098145 1762.20471191
0.0314998626709 8 -495.681152344 -98.9605560303 1540.44750977 -458.802124023 255.27142334 1727.49682617 -455.598571777 147.895355225 1497.60888672 -500.129119873 17.4605102539 1765.84960938 -236.877166748 50.3330764771 1292.91992188 -500.129821777 -250.857574463 1765.84960938 -14.046295166 96.5753479004 1480.78564453 -500.124542236 -519.175292969 1765.84960938
0.0318410396576 8 -491.782287598 -100.585861206 1541.97021484 -459.71762085 257.026855469 1727.54077148 -448.666748047 145.618331909 1498.20458984 -504.459594727 18.2137298584 1765.83837891 -234.437561035 55.2534408569 1292.98986816 -504.460296631 -250.104354858 1765.83837891 -13.6159210205 104.879684448 1482.34863281 -504.45501709 -518.422119141 1765.83837891
0.0353560447693 8 -491.891021729 -102.2240448 1541.06079102 -460.375579834 255.557540894 1727.29858398 -435.160583496 141.406188965 1499.47070312 -518.587219238 19.6448364258 1761.83032227 -232.221801758 61.7355575562 1292.09338379 -518.58795166 -248.673248291 1761.83032227 -16.1624450684 114.94568634 1485.81994629 -518.582641602 -516.990966797 1761.83032227
0.0319700241089 8 -490.933929443 -103.370880127 1539.71435547 -460.502075195 255.464294434 1724.42407227 -428.916534424 139.047058105 1498.11560059 -523.41809082 20.6797790527 1758.5736084 -230.550323486 68.3525848389 1292.06787109 -523.418823242 -247.638305664 1758.5736084 -17.342086792 123.980606079 1488.29663086 -523.413513184 -515.956054688 1758.5736084
0.0316429138184 8 -489.664093018 -103.845321655 1538.46850586 -460.812042236 255.730865479 1722.4888916 -422.660339355 137.470336914 1497.95703125 -528.859863281 21.9030151367 1755.2980957 -229.782669067 73.3882293701 1293.14489746 -528.860595703 -246.41506958 1755.2980957 -18.3748168945 133.197067261 1490.10705566 -528.855285645 -514.732788086 1755.2980957
0.0355999469757 8 -490.01953125 -105.774559021 1537.36547852 -460.797943115 254.028778076 1721.54797363 -419.325195312 134.729644775 1498.12365723 -532.857910156 20.6682128906 1753.13635254 -228.366241455 78.2454223633 1294.14855957 -532.858642578 -247.649871826 1753.13635254 -17.8311462402 140.061859131 1491.47497559 -532.85333252 -515.967651367 1753.13635254
0.0316882133484 8 -489.568603516 -106.17339325 1537.06201172 -460.688659668 254.226257324 1718.09106445 -418.028198242 133.875488281 1496.41149902 -533.69744873 22.0317993164 1751.56188965 -228.440231323 83.427154541 1295.56506348 -533.698181152 -246.2862854 1751.56188965 -17.5415802002 147.041732788 1491.95605469 -533.692871094 -514.604003906 1751.56188965
0.0322589874268 8 -490.701843262 -104.444404602 1538.61035156 -462.709228516 255.391967773 1722.86962891 -417.888946533 135.615234375 1500.28735352 -536.781188965 22.5088653564 1753.45605469 -228.67980957 87.786819458 1297.44384766 -536.781921387 -245.80921936 1753.45605469 -17.2367553711 152.143890381 1493.02612305 -536.776611328 -514.126953125 1753.45605469
0.0405859947205 8 -491.422119141 -105.33190918 1538.16943359 -462.958740234 254.798568726 1722.24951172 -417.939971924 134.457321167 1499.3626709 -537.369567871 22.2527313232 1752.68200684 -229.220336914 92.30052948 1298.86071777 -537.370300293 -246.065353394 1752.68200684 -18.1475372314 161.539840698 1493.1192627 -537.364990234 -514.383117676 1752.68200684
0.0353019237518 8 -492.408905029 -105.967399597 1537.25158691 -462.820373535 254.380218506 1721.44421387 -418.391418457 133.637634277 1498.28881836 -537.790039062 21.7917022705 1751.78735352 -229.944595337 97.0717315674 1300.75854492 -537.790771484 -246.526382446 1751.78735352 -18.8664703369 169.839630127 1493.72094727 -537.785461426 -514.844116211 1751.78735352
0.0379250049591 8 -492.321746826 -108.034988403 1536.42541504 -461.91394043 253.344085693 1717.03649902 -417.687072754 131.054122925 1495.52905273 -537.533325195 21.5963287354 1749.86914062 -230.640838623 101.433776855 1302.22290039 -537.534057617 -246.721755981 1749.86914062 -17.994934082 177.244171143 1492.25646973 -537.528747559 -515.039489746 1749.86914062
0.0327389240265 8 -492.76940918 -108.102874756 1535.78149414 -462.817718506 253.318328857 1718.84631348 -417.336425781 131.046524048 1496.7487793 -539.454101562 20.4633636475 1749.55126953 -230.312332153 107.16796875 1304.54882812 -539.454833984 -247.854721069 1749.55126953 -15.8567199707 183.946655273 1492.16430664 -539.449523926 -516.172485352 1749.55126953
0.0291941165924 8 -493.51171875 -102.531845093 1535.24487305 -462.686157227 254.459106445 1719.39904785 -440.841949463 141.304489136 1491.66064453 -517.174682617 20.5283355713 1755.30444336 -229.204666138 112.846313477 1306.31567383 -517.175415039 -247.789749146 1755.30444336 -14.2935943604 190.075576782 1493.25854492 -517.17010498 -516.10748291 1755.30444336
0.0348889827728 8 -491.547485352 -106.849822998 1537.17700195 -462.440155029 254.087982178 1716.47363281 -434.506591797 135.782348633 1491.02001953 -521.623779297 20.0194549561 1754.55737305 -230.312408447 117.349395752 1311.77575684 -521.624511719 -248.298629761 1754.55737305 -13.4945373535 195.405899048 1496.14587402 -521.61920166 -516.616394043 1754.55737305
0.0316450595856 8 -491.623168945 -109.075195312 1537.54052734 -461.530609131 253.05531311 1715.03588867 -430.577667236 132.628265381 1490.89355469 -524.233642578 19.3413391113 1753.80175781 -227.068008423 123.35370636 1315.35400391 -524.234375 -248.976745605 1753.80175781 -11.7672424316 204.905822754 1499.97399902 -524.229064941 -517.294494629 1753.80175781
0.0306978225708 8 -490.361450195 -109.229324341 1538.73657227 -462.386047363 253.937469482 1714.83349609 -428.902679443 132.259872437 1491.08251953 -524.344848633 20.2918548584 1754.22363281 -222.741317749 130.62411499 1318.58105469 -524.345581055 -248.026229858 1754.22363281 -8.75343322754 209.063568115 1506.03393555 -524.340270996 -516.343994141 1754.22363281
0.0355250835419 8 -490.764709473 -109.754150391 1537.93164062 -462.860290527 253.980987549 1713.72607422 -426.577484131 131.131652832 1490.63586426 -527.632507324 20.6589355469 1752.44543457 -220.511520386 136.78326416 1321.7878418 -527.633239746 -247.65914917 1752.44543457 -6.49291992188 213.156616211 1510.08520508 -527.627929688 -515.976928711 1752.44543457
0.0312991142273 8 -490.622894287 -110.537353516 1537.48388672 -461.197814941 255.08404541 1710.1730957 -426.023406982 129.846496582 1488.13220215 -526.752075195 21.6214141846 1751.07678223 -219.586883545 144.278198242 1325.29992676 -526.752807617 -246.696670532 1751.07678223 -3.49728393555 218.778076172 1511.9753418 -526.747497559 -515.014404297 1751.07678223
0.0308809280396 8 -491.533203125 -109.573135376 1537.27929688 -461.959686279 255.383255005 1711.4083252 -425.617645264 130.781097412 1489.49450684 -529.484619141 21.8912353516 1750.99719238 -218.140365601 149.869537354 1329.77197266 -529.485351562 -246.426849365 1750.99719238 -0.00349426269531 222.296508789 1514.87390137 -529.480041504 -514.744628906 1750.99719238
0.0356900691986 8 -491.542724609 -109.818527222 1537.12036133 -462.689758301 254.905136108 1712.04125977 -426.123413086 130.767364502 1489.77587891 -529.836303711 21.1179504395 1751.11132812 -216.983016968 155.268218994 1333.29162598 -529.837036133 -247.200134277 1751.11132812 2.24002075195 225.998001099 1517.7824707 -529.831726074 -515.517883301 1751.11132812
0.0315599441528 8 -492.099884033 -107.352035522 1532.78271484 -462.485656738 254.288803101 1711.83984375 -443.961151123 136.763031006 1484.39819336 -511.812072754 18.0335388184 1752.19238281 -214.868118286 160.284423828 1335.8515625 -511.812774658 -250.284545898 1752.19238281 5.11761474609 227.010879517 1520.8996582 -511.807495117 -518.602294922 1752.19238281
0.0320448875427 8 -491.747497559 -107.548034668 1536.65637207 -463.907318115 255.993560791 1713.1595459 -437.036560059 135.177978516 1487.69873047 -519.7421875 20.7398071289 1753.6003418 -219.615509033 161.865814209 1338.28918457 -519.742919922 -247.578277588 1753.6003418 3.94573974609 234.152099609 1516.6361084 -519.737609863 -515.895996094 1753.6003418
0.0356659889221 8 -492.432067871 -109.111503601 1537.33569336 -464.086486816 255.144439697 1712.85974121 -432.553649902 132.486419678 1488.47265625 -524.919311523 20.9025115967 1752.7043457 -217.235092163 166.776412964 1341.21936035 -524.920043945 -247.41557312 1752.7043457 6.38371276855 238.30456543 1519.9387207 -524.914733887 -515.733337402 1752.7043457
0.0310699939728 8 -492.82244873 -107.970489502 1538.31201172 -464.992340088 256.882446289 1714.23522949 -429.914764404 133.102462769 1490.39538574 -529.106628418 22.5892791748 1752.80505371 -215.926147461 170.760498047 1343.25915527 -529.10736084 -245.728805542 1752.80505371 8.31610107422 240.979888916 1521.78173828 -529.102050781 -514.046569824 1752.80505371
0.0308270454407 8 -493.005432129 -105.313720703 1533.75939941 -465.251525879 256.30291748 1712.60766602 -444.424743652 138.44543457 1483.7467041 -515.402038574 21.8701171875 1751.93981934 -214.80418396 175.028579712 1345.3236084 -515.402770996 -246.447967529 1751.93981934 11.1764678955 244.973648071 1521.76782227 -515.397460938 -514.76574707 1751.93981934
0.0396349430084 8 -493.952331543 -106.91305542 1536.51928711 -465.726837158 256.914733887 1712.99499512 -436.326843262 135.056518555 1487.22229004 -525.116638184 22.8740539551 1752.1217041 -216.715011597 175.223892212 1348.02111816 -525.117370605 -245.444030762 1752.1217041 11.0731658936 244.086242676 1522.56408691 -525.112060547 -513.761779785 1752.1217041
0.0296561717987 8 -495.76940918 -101.32056427 1532.8503418 -466.798736572 258.643249512 1713.21643066 -445.656890869 142.271881104 1483.1027832 -518.888305664 25.8368682861 1751.0703125 -215.198638916 177.397766113 1349.52404785 -518.889038086 -242.481216431 1751.0703125 13.3578948975 241.743530273 1524.75012207 -518.883728027 -510.798950195 1751.0703125
0.0309629440308 8 -496.389587402 -99.8615570068 1531.11767578 -467.932495117 258.680847168 1712.86767578 -452.237548828 144.741241455 1480.46496582 -513.845275879 26.1454925537 1750.57897949 -215.624053955 177.133728027 1351.69104004 -513.846008301 -242.172592163 1750.57897949 13.2652587891 244.352279663 1525.41125488 -513.840698242 -510.490356445 1750.57897949
0.0366189479828 8 -494.320922852 -107.381065369 1534.65734863 -466.537078857 256.372619629 1708.62524414 -441.880462646 135.024169922 1481.50976562 -520.642700195 23.7061309814 1750.19946289 -217.386444092 176.179351807 1352.85620117 -520.643432617 -244.611953735 1750.19946289 13.3548583984 243.490188599 1524.08239746 -520.638122559 -512.9296875 1750.19946289
0.031888961792 8 -494.638549805 -109.913391113 1536.57202148 -466.373565674 256.00680542 1706.57202148 -435.937316895 130.998748779 1483.04785156 -526.091369629 23.6946563721 1749.90039062 -212.936889648 178.74810791 1354.88439941 -526.092102051 -244.623428345 1749.90039062 17.1644134521 243.7993927 1527.84472656 -526.086791992 -512.941162109 1749.90039062
0.0312240123749 8 -495.085510254 -110.782180786 1537.72607422 -467.834106445 255.873550415 1706.09191895 -433.471954346 129.479812622 1484.33544922 -529.590759277 23.9022369385 1749.95751953 -211.400421143 179.154098511 1355.19140625 -529.591491699 -244.415847778 1749.95751953 17.8821258545 249.342300415 1527.17565918 -529.586181641 -512.733581543 1749.95751953
0.0360939502716 8 -496.694641113 -106.575469971 1532.09863281 -469.255157471 257.262481689 1705.72766113 -444.237915039 135.761276245 1478.56567383 -522.847167969 24.7838592529 1747.51782227 -209.941223145 180.36315918 1355.58251953 -522.847900391 -243.534225464 1747.51782227 18.6125640869 246.398956299 1530.14611816 -522.842590332 -511.851989746 1747.51782227
0.0318710803986 8 -495.234069824 -109.828094482 1536.27954102 -470.947143555 257.506164551 1705.65673828 -439.645202637 131.690948486 1481.99108887 -527.825073242 23.8793334961 1749.42053223 -212.523162842 178.544616699 1355.80908203 -527.825805664 -244.438751221 1749.42053223 15.7164459229 249.357940674 1528.89501953 -527.820495605 -512.756469727 1749.42053223
0.0320250988007 8 -495.472290039 -112.629264832 1536.99890137 -471.642883301 255.916778564 1705.11816406 -435.711639404 128.037689209 1483.28393555 -532.898132324 22.4116973877 1748.51855469 -211.894744873 179.202987671 1355.89196777 -532.898864746 -245.906387329 1748.51855469 14.7380981445 248.659866333 1531.65222168 -532.893554688 -514.224121094 1748.51855469
0.0359408855438 8 -495.844055176 -109.605667114 1537.81188965 -473.175628662 258.265838623 1709.36450195 -433.301574707 131.12789917 1487.65014648 -537.267028809 23.7681884766 1749.65161133 -210.835159302 179.134918213 1355.12243652 -537.26776123 -244.54989624 1749.65161133 12.9201965332 249.595062256 1534.13342285 -537.262451172 -512.867675781 1749.65161133
0.031956911087 8 -495.704925537 -106.933700562 1532.91162109 -473.469055176 257.414886475 1707.25756836 -445.426635742 135.977676392 1480.20874023 -525.338317871 23.940536499 1748.09838867 -222.875366211 171.189254761 1345.0090332 -525.339050293 -244.377548218 1748.09838867 -4.15655517578 228.702438354 1525.82019043 -525.333740234 -512.6953125 1748.09838867
0.0321390628815 8 -496.234924316 -110.70098114 1536.3112793 -473.879425049 256.417114258 1705.90270996 -440.65234375 130.902603149 1482.64709473 -530.451660156 22.8110351562 1749.25598145 -233.45489502 164.129165649 1340.15515137 -530.452392578 -245.507049561 1749.25598145 -15.8515014648 220.432739258 1515.82165527 -530.44708252 -513.824829102 1749.25598145
0.0365860462189 8 -495.508789062 -113.148010254 1537.26745605 -473.585662842 255.75151062 1705.26062012 -437.345336914 127.820861816 1483.23474121 -532.107910156 21.6246948242 1749.08215332 -237.225708008 161.078796387 1337.26525879 -532.108642578 -246.693389893 1749.08215332 -22.2802886963 218.04498291 1508.2479248 -532.10333252 -515.011108398 1749.08215332
0.0317270755768 8 -496.079711914 -112.276397705 1538.43920898 -474.736114502 255.909225464 1708.95202637 -436.962219238 129.007965088 1486.77404785 -534.114318848 20.8371276855 1751.08117676 -237.597335815 159.060165405 1335.82714844 -534.11505127 -247.480957031 1751.08117676 -26.6365661621 213.218566895 1505.49194336 -534.109741211 -515.798706055 1751.08117676
0.0320949554443 8 -493.837280273 -113.628845215 1540.10876465 -474.413116455 256.153045654 1706.75744629 -439.92276001 128.156417847 1485.27624512 -529.012939453 20.5011444092 1752.58337402 -237.272140503 158.564971924 1335.08422852 -529.013671875 -247.816940308 1752.58337402 -29.4016876221 210.083679199 1504.11291504 -529.008361816 -516.13470459 1752.58337402
0.0364699363708 8 -494.838623047 -107.715187073 1532.80419922 -474.17791748 257.61932373 1705.57910156 -449.216430664 135.741851807 1478.03515625 -521.616699219 23.4633026123 1748.27490234 -236.161621094 158.849273682 1334.60986328 -521.617431641 -244.854782104 1748.27490234 -32.0212860107 208.566436768 1505.98291016 -521.612121582 -513.172546387 1748.27490234
0.0314149856567 8 -495.720092773 -105.315933228 1530.04016113 -475.246643066 258.050079346 1705.52941895 -457.058868408 139.333892822 1475.23144531 -516.111694336 23.9111633301 1747.38061523 -235.097045898 158.97718811 1333.41516113 -516.112426758 -244.406921387 1747.38061523 -32.4602050781 205.629516602 1508.12817383 -516.107116699 -512.72467041 1747.38061523
0.0318260192871 8 -493.327209473 -110.060241699 1537.18823242 -475.482543945 258.303649902 1705.07177734 -455.263183594 133.953201294 1479.05712891 -515.818054199 22.1684417725 1752.54956055 -236.563781738 158.507278442 1332.90234375 -515.818786621 -246.149642944 1752.54956055 -32.9353637695 204.135513306 1506.95874023 -515.813476562 -514.467407227 1752.54956055
0.0388691425323 8 -493.142333984 -110.30847168 1539.5769043 -475.788818359 259.95123291 1705.29943848 -449.148040771 132.812332153 1481.91650391 -521.504455566 23.2657623291 1753.40283203 -237.773223877 157.284545898 1331.59289551 -521.505187988 -245.052322388 1753.40283203 -34.622543335 206.140441895 1506.04101562 -521.49987793 -513.370056152 1753.40283203
0.0314338207245 8 -494.821228027 -107.053031921 1534.25817871 -475.440032959 259.483520508 1704.32519531 -459.665161133 137.465881348 1476.64538574 -512.498535156 23.9275360107 1750.7677002 -237.42024231 156.706954956 1329.34008789 -512.499267578 -244.390548706 1750.7677002 -36.3952636719 204.421020508 1508.27905273 -512.49395752 -512.708312988 1750.7677002
0.0315310955048 8 -495.251159668 -104.840301514 1531.3572998 -475.176544189 259.49331665 1704.41882324 -465.90524292 140.629959106 1474.45056152 -506.325927734 24.1366729736 1749.52600098 -238.744613647 153.39364624 1326.79589844 -506.326629639 -244.181411743 1749.52600098 -35.7247772217 200.151000977 1505.66906738 -506.321350098 -512.499145508 1749.52600098
0.0355050563812 8 -495.809570312 -103.407943726 1529.45361328 -474.845550537 259.526062012 1704.51477051 -468.693115234 142.550140381 1473.38024902 -504.411010742 24.3081512451 1748.5189209 -241.899307251 149.718887329 1323.07336426 -504.411712646 -244.009933472 1748.5189209 -36.6777954102 196.923950195 1501.57946777 -504.406433105 -512.327697754 1748.5189209
0.0312788486481 8 -495.308990479 -103.687065125 1529.16601562 -475.561401367 258.062835693 1704.54333496 -472.779693604 142.795059204 1473.3470459 -500.760406494 23.1896057129 1748.8236084 -243.471633911 145.892196655 1318.6940918 -500.761108398 -245.128479004 1748.8236084 -39.1744842529 189.715255737 1503.18261719 -500.755828857 -513.446228027 1748.8236084
0.0320510864258 8 -495.345550537 -103.439086914 1528.61010742 -475.139923096 258.114624023 1705.07446289 -475.521118164 143.41986084 1473.36425781 -498.420593262 22.5758056641 1748.82666016 -247.762863159 137.970001221 1314.01806641 -498.421295166 -245.742279053 1748.82666016 -48.3762817383 184.372497559 1506.95910645 -498.416015625 -514.060058594 1748.82666016
0.0358619689941 8 -496.742675781 -102.390609741 1526.69848633 -475.618865967 257.81048584 1705.3392334 -479.429534912 145.096984863 1473.43640137 -496.587432861 21.5260467529 1748.12878418 -252.923934937 128.516540527 1308.17175293 -496.588134766 -246.792037964 1748.12878418 -53.7055358887 173.819671631 1504.5645752 -496.582855225 -515.109802246 1748.12878418
0.031466960907 8 -497.225524902 -101.5519104 1524.7434082 -476.080963135 257.988525391 1704.98901367 -480.515563965 146.170776367 1472.33483887 -496.315185547 21.4998779297 1746.66662598 -257.496002197 118.28302002 1302.76855469 -496.315887451 -246.818206787 1746.66662598 -57.480178833 156.780319214 1502.35546875 -496.31060791 -515.135986328 1746.66662598
0.036092042923 8 -494.214050293 -104.540252686 1530.94128418 -476.205780029 259.547576904 1705.79260254 -475.137512207 142.49760437 1476.18408203 -497.836425781 21.0043182373 1751.43041992 -264.781799316 104.664001465 1297.55297852 -497.837127686 -247.313766479 1751.43041992 -66.1860961914 146.969680786 1499.65612793 -497.831848145 -515.631530762 1751.43041992
0.032124042511 8 -495.159973145 -106.852722168 1529.75048828 -476.844909668 258.648132324 1704.87304688 -460.971221924 138.925415039 1477.78222656 -513.491271973 19.271484375 1748.9152832 -271.782501221 91.5045471191 1291.61682129 -513.492004395 -249.046600342 1748.9152832 -73.1156921387 132.539398193 1494.19042969 -513.486694336 -517.364379883 1748.9152832
0.0319008827209 8 -497.896148682 -106.075912476 1529.92431641 -476.975952148 259.145874023 1705.22155762 -457.881530762 139.070297241 1478.71777344 -518.184204102 20.2001495361 1748.9284668 -277.894470215 77.7971038818 1286.4588623 -518.184936523 -248.117935181 1748.9284668 -80.9468078613 117.416549683 1491.35131836 -518.179626465 -516.435668945 1748.9284668
0.036633014679 8 -500.786468506 -106.524307251 1528.56347656 -477.087860107 258.826660156 1704.93151855 -458.530670166 138.524047852 1478.3449707 -520.452697754 18.9769592285 1748.15161133 -284.446594238 63.9215774536 1281.40917969 -520.453430176 -249.341125488 1748.15161133 -88.4491882324 98.7397613525 1488.50219727 -520.448120117 -517.658874512 1748.15161133
0.0317060947418 8 -503.212463379 -103.750434875 1522.48535156 -475.683227539 258.552368164 1701.57739258 -471.540222168 142.936187744 1472.85681152 -508.396331787 18.4642181396 1744.65026855 -293.798828125 47.5629119873 1276.15197754 -508.397033691 -249.853866577 1744.65026855 -94.9353790283 80.1127319336 1480.97802734 -508.39175415 -518.171630859 1744.65026855
0.0347650051117 8 -503.565948486 -103.578300476 1526.19287109 -474.90045166 260.287628174 1703.56799316 -476.865905762 143.627670288 1475.96740723 -502.698577881 18.1126098633 1748.76184082 -300.426086426 32.8186569214 1271.70532227 -502.699279785 -250.205474854 1748.76184082 -102.910644531 61.5157470703 1478.64306641 -502.694000244 -518.523193359 1748.76184082
0.0333268642426 8 -503.981689453 -104.653495789 1526.08642578 -473.487243652 260.073944092 1700.59460449 -479.667480469 142.591506958 1474.63842773 -498.263397217 17.490234375 1748.38452148 -309.742614746 17.9312057495 1267.51330566 -498.264099121 -250.827850342 1748.38452148 -111.146697998 45.4849090576 1472.88549805 -498.25881958 -519.145629883 1748.38452148
0.0315341949463 8 -504.606079102 -108.268478394 1527.65356445 -472.212890625 259.793334961 1699.61669922 -479.444274902 138.503143311 1474.26025391 -497.344909668 15.4298095703 1749.07226562 -318.902893066 3.98257446289 1263.92980957 -497.345611572 -252.888275146 1749.07226562 -119.812942505 23.2721595764 1469.98022461 -497.340332031 -521.206054688 1749.07226562
0.0345728397369 8 -505.49798584 -108.853683472 1527.20288086 -471.165344238 260.009002686 1699.14379883 -479.725524902 137.920913696 1474.03930664 -497.12612915 14.4879608154 1748.79956055 -327.977050781 -11.4910125732 1260.64587402 -497.126831055 -253.830123901 1748.79956055 -125.900100708 4.27284622192 1464.69580078 -497.121551514 -522.147888184 1748.79956055
0.0335280895233 8 -505.48638916 -104.833869934 1522.67138672 -471.221618652 260.453399658 1701.88452148 -479.986785889 142.792709351 1473.53076172 -495.78036499 14.7178955078 1746.27197266 -339.549407959 -26.1981811523 1257.98425293 -495.781066895 -253.600189209 1746.27197266 -135.088973999 -12.1753559113 1460.515625 -495.775787354 -521.91796875 1746.27197266
0.0317659378052 8 -505.739654541 -105.186691284 1520.09082031 -470.910461426 259.629272461 1700.25476074 -482.571014404 142.791870117 1471.54138184 -492.844207764 13.5261077881 1743.98425293 -353.334655762 -39.5693817139 1256.14831543 -492.844909668 -254.791976929 1743.98425293 -142.328903198 -28.9010848999 1451.42578125 -492.839630127 -523.109741211 1743.98425293
0.0320100784302 8 -505.807037354 -105.109054565 1519.56689453 -469.741638184 259.886169434 1699.93774414 -485.73425293 143.191970825 1471.29211426 -489.59185791 13.1153411865 1743.5020752 -365.726013184 -52.7527618408 1254.22583008 -489.592559814 -255.20274353 1743.5020752 -147.005172729 -50.0449447632 1440.63818359 -489.587280273 -523.520507812 1743.5020752
0.0362410545349 8 -506.33380127 -105.619766235 1519.63427734 -468.06072998 260.171447754 1699.79382324 -484.832702637 142.558349609 1471.30615234 -487.951660156 12.3993225098 1743.51806641 -376.911102295 -63.3503570557 1253.78149414 -487.952362061 -255.918762207 1743.51806641 -152.506958008 -72.7098999023 1433.14013672 -487.94708252 -524.23651123 1743.51806641
0.0351099967957 8 -505.716186523 -106.322463989 1519.11657715 -466.499023438 259.706604004 1698.71240234 -483.662689209 141.732574463 1470.38269043 -485.944061279 11.9146118164 1742.77209473 -387.002319336 -72.6534729004 1253.55444336 -485.944763184 -256.4034729 1742.77209473 -155.58416748 -95.4884414673 1422.55236816 -485.939483643 -524.721191406 1742.77209473
