0.03586602211 8 -515.259399414 -110.530158997 1508.59692383 -418.43951416 254.618133545 1670.41027832 -498.743164062 137.77041626 1457.36279297 -436.849121094 4.78953552246 1720.97436523 -432.862670898 -134.760894775 1445.28979492 -436.849822998 -263.528564453 1720.97436523 -349.032806396 -417.509185791 1456.95825195 -436.844543457 -531.846313477 1720.97436523
0.0321528911591 8 -515.823425293 -108.789352417 1510.21484375 -419.229278564 255.271469116 1673.53417969 -498.736022949 139.651428223 1459.85742188 -438.165679932 5.68179321289 1723.32617188 -432.170532227 -137.37612915 1445.20214844 -438.166381836 -262.636291504 1723.32617188 -348.23840332 -420.102203369 1456.74084473 -438.161102295 -530.954040527 1723.32617188
0.0388948917389 8 -514.89630127 -108.928894043 1509.78503418 -419.948303223 255.327896118 1674.61877441 -499.651000977 139.812164307 1460.34509277 -436.961639404 5.18588256836 1722.98205566 -433.148345947 -135.213287354 1444.28881836 -436.962341309 -263.132202148 1722.98205566 -349.207885742 -417.917175293 1456.32299805 -436.957061768 -531.449951172 1722.98205566
0.0282580852509 8 -516.186645508 -105.269180298 1508.54443359 -419.439361572 256.071502686 1675.68969727 -500.401702881 143.881469727 1461.40856934 -436.181610107 6.46553039551 1722.23034668 -433.05758667 -135.13180542 1444.16467285 -436.182312012 -261.852539062 1722.23034668 -349.13192749 -417.812805176 1456.82873535 -436.177032471 -530.170288086 1722.23034668
0.0345230102539 8 -515.990112305 -106.82460022 1508.35449219 -419.825683594 255.473739624 1675.66259766 -501.433319092 142.428741455 1461.35449219 -435.754852295 5.10325622559 1721.85571289 -434.412475586 -131.719268799 1443.7713623 -435.755554199 -263.21484375 1721.85571289 -349.929107666 -414.213287354 1456.88964844 -435.750274658 -531.532592773 1721.85571289
0.030867099762 8 -515.522216797 -106.287490845 1509.22998047 -419.775787354 256.255554199 1676.18432617 -500.329315186 142.752624512 1461.30419922 -436.63583374 6.43142700195 1722.81884766 -434.216400146 -132.908905029 1443.17553711 -436.636535645 -261.886657715 1722.81884766 -349.785095215 -415.433288574 1455.98657227 -436.631256104 -530.204406738 1722.81884766
0.0303258895874 8 -514.579833984 -107.746437073 1509.72265625 -419.886108398 255.96395874 1675.91784668 -499.607513428 141.155883789 1461.01379395 -436.851165771 5.84938049316 1723.27233887 -433.776519775 -132.944213867 1443.49853516 -436.851867676 -262.468688965 1723.27233887 -349.917816162 -415.685699463 1455.17944336 -436.846588135 -530.786437988 1723.27233887
0.0346279144287 8 -514.45300293 -105.99697876 1510.21508789 -419.899414062 257.608551025 1676.30114746 -499.83303833 142.971908569 1461.73632812 -436.390197754 7.42909240723 1723.73388672 -432.908935547 -134.699691772 1443.46765137 -436.390899658 -260.888977051 1723.73388672 -349.390350342 -417.523864746 1455.60217285 -436.385620117 -529.206726074 1723.73388672
0.0314750671387 8 -515.157165527 -106.819274902 1509.53417969 -420.301422119 256.448394775 1675.46728516 -496.360900879 141.591552734 1459.74719238 -440.941802979 7.20657348633 1724.08093262 -432.918212891 -132.622924805 1444.14733887 -440.942504883 -261.11151123 1724.08093262 -350.07522583 -415.685852051 1455.26696777 -440.937225342 -529.429260254 1724.08093262
0.0314970016479 8 -515.171630859 -108.007400513 1509.6640625 -420.26171875 255.843078613 1675.6003418 -497.225616455 140.484588623 1459.92480469 -439.819946289 6.02084350586 1723.82324219 -430.964416504 -136.111297607 1445.51904297 -439.820648193 -262.297241211 1723.82324219 -349.730072021 -419.712036133 1454.17834473 -439.815368652 -530.614990234 1723.82324219
0.03542304039 8 -514.545349121 -108.4503479 1509.95776367 -420.716888428 255.756439209 1675.64660645 -498.289367676 140.224334717 1460.54223633 -438.447296143 5.61456298828 1723.83544922 -429.713226318 -137.729217529 1446.41760254 -438.447998047 -262.703521729 1723.83544922 -349.225982666 -421.556243896 1454.88659668 -438.442718506 -531.021240234 1723.83544922
0.0317149162292 8 -514.260986328 -108.533042908 1509.9519043 -420.915466309 255.805175781 1675.70825195 -499.122833252 140.224029541 1460.58398438 -437.399169922 5.67729187012 1723.48144531 -430.109069824 -136.848937988 1446.28857422 -437.399871826 -262.640808105 1723.48144531 -348.854553223 -420.437957764 1455.47436523 -437.394592285 -530.958557129 1723.48144531
0.0319921970367 8 -515.05255127 -106.537231445 1509.80236816 -421.026397705 256.614837646 1675.74853516 -498.409423828 142.142974854 1460.53161621 -438.570800781 7.24200439453 1723.69812012 -430.539276123 -136.451904297 1446.21765137 -438.571502686 -261.076080322 1723.69812012 -348.782684326 -419.905944824 1455.20544434 -438.566223145 -529.393798828 1723.69812012
0.0350308418274 8 -516.78515625 -106.577651978 1510.41748047 -422.11505127 256.543182373 1676.14941406 -498.722503662 141.995162964 1461.10571289 -441.488372803 7.03532409668 1724.82128906 -431.020904541 -135.368911743 1446.10681152 -441.489074707 -261.282775879 1724.82128906 -349.059844971 -418.749145508 1455.59204102 -441.483795166 -529.600524902 1724.82128906
0.0314109325409 8 -518.943664551 -105.576370239 1509.515625 -422.114685059 257.468811035 1676.48791504 -500.491394043 143.074279785 1460.73718262 -441.913635254 7.24603271484 1723.72253418 -430.980072021 -134.587799072 1447.51428223 -441.914337158 -261.072052002 1723.72253418 -348.779571533 -417.947875977 1455.24304199 -441.909057617 -529.389770508 1723.72253418
0.0313200950623 8 -520.321594238 -104.065216064 1508.45288086 -422.26574707 256.921783447 1676.11657715 -498.898284912 144.408935547 1460.03222656 -444.640228271 7.90881347656 1723.57421875 -431.156433105 -133.335754395 1448.45532227 -444.640930176 -260.40927124 1723.57421875 -349.396820068 -416.860412598 1454.61425781 -444.635650635 -528.727050781 1723.57421875
0.0356678962708 8 -521.345458984 -102.009338379 1508.34155273 -422.422607422 258.434509277 1677.01586914 -499.78704834 146.586639404 1460.58935547 -444.305328369 9.14860534668 1723.40869141 -430.494995117 -132.185699463 1449.84741211 -444.306030273 -259.169494629 1723.40869141 -350.191650391 -416.157409668 1453.71643066 -444.300750732 -527.487243652 1723.40869141
0.0446422100067 8 -521.883911133 -101.480911255 1508.27233887 -421.704101562 257.937408447 1676.91369629 -497.865570068 146.837463379 1460.27062988 -446.036224365 9.47943115234 1723.86022949 -429.699035645 -130.370147705 1451.53613281 -446.03692627 -258.838653564 1723.86022949 -350.607971191 -414.699584961 1454.08190918 -446.031646729 -527.15637207 1723.86022949
0.0295279026031 8 -522.736083984 -101.904678345 1506.99084473 -421.657348633 256.695129395 1676.53771973 -498.88293457 146.636016846 1460.0546875 -445.736083984 7.98513793945 1722.72167969 -428.138458252 -131.183807373 1453.06677246 -445.736785889 -260.332946777 1722.72167969 -350.532165527 -415.924926758 1453.03271484 -445.731506348 -528.650695801 1722.72167969
0.0349640846252 8 -519.733642578 -104.686660767 1507.56494141 -420.831573486 256.036560059 1675.94726562 -502.666534424 144.4972229 1461.32397461 -438.835266113 5.87010192871 1721.46899414 -428.482116699 -130.528503418 1452.72241211 -438.835968018 -262.447998047 1721.46899414 -351.714508057 -415.492553711 1450.66784668 -438.830688477 -530.76574707 1721.46899414
0.0341110229492 8 -518.692138672 -105.311073303 1506.56835938 -419.754760742 256.460083008 1672.35852051 -503.735534668 143.756866455 1458.89770508 -435.685974121 6.76530456543 1718.88891602 -428.156066895 -132.046539307 1452.02453613 -435.686676025 -261.55279541 1718.88891602 -351.670349121 -417.098144531 1450.28894043 -435.681396484 -529.870544434 1718.88891602
0.0294888019562 8 -517.459716797 -106.751564026 1506.15649414 -417.758270264 255.68862915 1670.4564209 -503.346801758 142.326217651 1458.20495605 -433.09362793 5.62335205078 1717.79919434 -428.171600342 -132.58934021 1451.65356445 -433.094329834 -262.694732666 1717.79919434 -351.065429688 -417.48059082 1450.5057373 -433.089050293 -531.012451172 1717.79919434
0.0343689918518 8 -516.438720703 -106.39163208 1507.30737305 -419.066101074 255.72567749 1673.67163086 -503.502929688 142.926849365 1460.25427246 -432.95703125 5.63333129883 1719.49206543 -427.755187988 -133.501403809 1452.35302734 -432.957733154 -262.684753418 1719.49206543 -351.23147583 -418.533813477 1449.4119873 -432.952453613 -531.002502441 1719.49206543
0.0379221439362 8 -515.887573242 -106.188415527 1509.23339844 -418.833007812 256.445922852 1674.68395996 -500.52130127 142.674224854 1460.54785156 -435.288818359 6.91717529297 1721.95410156 -427.113098145 -131.278442383 1454.17944336 -435.289520264 -261.400909424 1721.95410156 -351.819641113 -416.599029541 1448.9777832 -435.284240723 -529.71862793 1721.95410156
0.0258810520172 8 -516.49987793 -108.142189026 1509.1730957 -417.220947266 255.532318115 1671.11193848 -498.156707764 140.024871826 1458.07202148 -437.04473877 6.39669799805 1721.54663086 -425.951416016 -132.299591064 1454.67102051 -437.045440674 -261.921386719 1721.54663086 -351.66104126 -417.900543213 1450.18212891 -437.040161133 -530.239135742 1721.54663086
0.0342538356781 8 -516.809509277 -106.171409607 1509.60083008 -416.694580078 255.469421387 1673.54370117 -494.18069458 141.686431885 1458.7565918 -439.522613525 7.3878326416 1723.28710938 -424.960357666 -135.780212402 1454.13793945 -439.52331543 -260.930236816 1723.28710938 -351.125091553 -421.520172119 1451.19799805 -439.518035889 -529.24798584 1723.28710938
0.0342831611633 8 -516.475952148 -104.798347473 1510.14257812 -415.161743164 255.652191162 1675.09936523 -491.377929688 142.9012146 1459.64794922 -439.518432617 7.89483642578 1724.41479492 -424.435791016 -135.170684814 1453.81152344 -439.519134521 -260.423248291 1724.41479492 -350.259918213 -420.817443848 1454.56921387 -439.51385498 -528.740966797 1724.41479492
0.0375328063965 8 -514.435180664 -104.408752441 1510.27587891 -413.854949951 255.0887146 1675.92932129 -487.762512207 143.102478027 1459.6282959 -440.47442627 8.53112792969 1725.48034668 -423.496520996 -133.928588867 1452.55200195 -440.475128174 -259.786956787 1725.48034668 -349.36706543 -419.512512207 1457.99914551 -440.469848633 -528.104736328 1725.48034668
0.032790184021 8 -514.052856445 -103.090408325 1508.28125 -411.932006836 254.894104004 1676.32775879 -482.730895996 144.02935791 1458.47253418 -443.113220215 8.63243103027 1725.1126709 -421.985992432 -133.263061523 1452.04870605 -443.113922119 -259.685668945 1725.1126709 -344.829772949 -417.949066162 1448.68029785 -443.108642578 -528.003417969 1725.1126709
0.0302128791809 8 -513.40838623 -100.488830566 1507.5324707 -410.487884521 254.859985352 1679.96936035 -475.64239502 146.063079834 1459.5690918 -447.65335083 9.3434753418 1726.91308594 -419.817932129 -133.891723633 1453.12866211 -447.654052734 -258.974609375 1726.91308594 -341.876403809 -410.793395996 1405.37036133 -447.648773193 -527.292358398 1726.91308594
0.0367391109467 8 -508.771148682 -100.227462769 1505.10546875 -408.436126709 254.184585571 1681.83056641 -471.597717285 146.947662354 1459.85217285 -446.437103271 7.88330078125 1726.35632324 -419.008666992 -134.77166748 1451.43554688 -446.437805176 -260.434783936 1726.35632324 -346.397064209 -407.918365479 1377.51965332 -446.432525635 -528.752563477 1726.35632324
0.0327649116516 8 -502.325805664 -100.369400024 1503.28918457 -405.996002197 253.818283081 1683.20935059 -468.801635742 147.752532959 1460.43859863 -441.451904297 6.45120239258 1725.56921387 -417.855499268 -135.482330322 1449.90869141 -441.452606201 -261.866882324 1725.56921387 -347.209442139 -405.957397461 1361.28442383 -441.44732666 -530.184631348 1725.56921387
0.0303030014038 8 -497.101379395 -100.328338623 1500.63183594 -403.167907715 253.003967285 1683.91906738 -466.450073242 148.615203857 1460.46252441 -435.840942383 4.53288269043 1723.74035645 -414.758758545 -135.045318604 1449.98693848 -435.841644287 -263.785217285 1723.74035645 -342.33114624 -402.530181885 1351.70959473 -435.836364746 -532.102966309 1723.74035645
0.033951997757 8 -488.307495117 -103.050094604 1499.02539062 -399.765136719 251.211730957 1684.27331543 -456.558776855 145.829711914 1459.21630859 -433.808837891 2.36416625977 1723.64013672 -412.740875244 -136.398620605 1446.28051758 -433.809539795 -265.953918457 1723.64013672 -323.166870117 -396.175048828 1341.94689941 -433.804260254 -534.27166748 1723.64013672
0.0340890884399 8 -483.704711914 -103.343284607 1498.22583008 -397.235198975 249.595367432 1687.44775391 -448.943267822 145.438018799 1460.37451172 -435.137054443 0.806274414062 1724.78149414 -416.085449219 -120.083343506 1440.04455566 -435.137756348 -267.511810303 1724.78149414 -350.746917725 -359.661956787 1338.42004395 -435.132476807 -535.829589844 1724.78149414
0.0316619873047 8 -480.953063965 -100.783164978 1499.35009766 -396.306945801 249.343353271 1693.03625488 -443.696838379 148.072784424 1464.48925781 -436.056030273 0.932327270508 1727.75976562 -419.754516602 -118.175048828 1441.39367676 -436.056732178 -267.385742188 1727.75976562 -370.058837891 -360.709777832 1337.9440918 -436.051452637 -535.703491211 1727.75976562
0.035187959671 8 -475.013671875 -101.380378723 1501.60668945 -394.227783203 247.818115234 1696.31445312 -427.312744141 145.742767334 1467.15869141 -444.306091309 1.74348449707 1731.7253418 -410.82925415 -121.124328613 1444.69104004 -444.306793213 -266.574584961 1731.7253418 -375.122680664 -366.792449951 1342.87365723 -444.301513672 -534.892333984 1731.7253418
0.0305578708649 8 -469.882995605 -102.927932739 1503.57104492 -391.608917236 247.010513306 1697.48388672 -416.889709473 142.921829224 1467.78186035 -446.922302246 2.94132995605 1733.34484863 -405.952423096 -124.412918091 1447.60546875 -446.92300415 -265.37677002 1733.34484863 -382.195068359 -373.157836914 1349.84997559 -446.917724609 -533.694519043 1733.34484863
0.031277179718 8 -463.418762207 -103.280029297 1506.625 -389.763214111 247.102478027 1701.56933594 -410.580810547 142.659332275 1471.23327637 -444.63269043 3.1076965332 1736.5369873 -403.507415771 -125.006164551 1453.92028809 -444.633392334 -265.210388184 1736.5369873 -389.590667725 -376.627319336 1361.79138184 -444.628112793 -533.528137207 1736.5369873
0.0352578163147 8 -459.623779297 -101.950790405 1508.50048828 -386.806915283 246.661758423 1704.11181641 -401.614471436 143.004974365 1474.41967773 -446.10848999 4.52783203125 1738.73901367 -397.12902832 -124.885681152 1459.96069336 -446.109191895 -263.790252686 1738.73901367 -391.064971924 -379.10559082 1374.34472656 -446.103912354 -532.108032227 1738.73901367
0.0314860343933 8 -461.348175049 -102.774513245 1513.80566406 -383.932128906 245.571472168 1704.83081055 -409.698181152 143.438735962 1478.58361816 -438.268432617 2.53521728516 1743.82019043 -406.902282715 -124.601699829 1466.70605469 -438.269134521 -265.782867432 1743.82019043 -406.921661377 -381.112609863 1387.98620605 -438.26385498 -534.100585938 1743.82019043
0.0318500995636 8 -460.964355469 -104.335372925 1515.3605957 -382.582397461 244.319900513 1704.7121582 -412.365661621 142.451965332 1479.82470703 -433.790527344 0.466873168945 1745.15820312 -410.653106689 -125.686676025 1470.16674805 -433.791229248 -267.851196289 1745.15820312 -415.24307251 -384.180511475 1398.37145996 -433.785949707 -536.168945312 1745.15820312
0.035432100296 8 -459.688964844 -105.336090088 1517.29919434 -380.652160645 243.705032349 1705.65844727 -414.346740723 142.022628784 1481.44250488 -429.269104004 -0.762252807617 1746.7923584 -413.319000244 -126.179885864 1473.63891602 -429.269805908 -269.080322266 1746.7923584 -421.22442627 -386.366210938 1408.55957031 -429.264526367 -537.398071289 1746.7923584
0.0313627719879 8 -458.948516846 -106.903656006 1519.74975586 -379.004394531 242.96647644 1705.12524414 -411.747161865 139.7578125 1481.57299805 -428.785491943 -0.205169677734 1748.29541016 -411.146759033 -128.485961914 1475.29248047 -428.786193848 -268.523254395 1748.29541016 -421.351013184 -390.101318359 1416.57263184 -428.780914307 -536.841003418 1748.29541016
0.031937122345 8 -454.653137207 -109.564720154 1521.97607422 -377.679168701 242.267547607 1705.36853027 -407.143005371 136.761459351 1482.06555176 -429.302001953 -0.325134277344 1749.90344238 -406.805725098 -131.508895874 1477.02319336 -429.302703857 -268.643218994 1749.90344238 -418.502410889 -394.320678711 1424.22290039 -429.297424316 -536.9609375 1749.90344238
0.0355908870697 8 -453.079467773 -110.726226807 1524.4309082 -376.741333008 241.766601562 1709.48754883 -404.272460938 135.386276245 1484.77587891 -429.711242676 -1.3484954834 1752.50244141 -404.094543457 -132.901229858 1480.73364258 -429.71194458 -269.666564941 1752.50244141 -416.656005859 -396.708068848 1433.37512207 -429.706665039 -537.984313965 1752.50244141
0.0320470333099 8 -452.963867188 -110.771011353 1525.94909668 -376.044830322 241.779434204 1711.04736328 -401.610931396 134.754302979 1485.88000488 -431.212005615 -0.684158325195 1753.83776855 -401.527587891 -133.544158936 1482.64245605 -431.21270752 -269.002258301 1753.83776855 -414.474517822 -398.174346924 1440.24072266 -431.207427979 -537.320007324 1753.83776855
0.0320460796356 8 -450.972045898 -109.988388062 1525.53198242 -375.326660156 241.858291626 1711.83154297 -400.42855835 135.78616333 1485.97277832 -429.718658447 -0.278198242188 1753.64782715 -400.39956665 -132.519348145 1483.38122559 -429.719360352 -268.596282959 1753.64782715 -413.373077393 -397.827941895 1445.4642334 -429.714080811 -536.9140625 1753.64782715
0.035295009613 8 -448.942077637 -110.295761108 1526.85839844 -374.629638672 241.903503418 1712.21520996 -400.956542969 135.930023193 1486.92944336 -425.45904541 -0.6884765625 1754.80371094 -400.957458496 -132.3800354 1484.85559082 -425.459747314 -269.006561279 1754.80371094 -413.695281982 -398.245727539 1450.97583008 -425.454467773 -537.32434082 1754.80371094
0.036896944046 8 -445.519592285 -112.067131042 1529.4230957 -374.181152344 241.113098145 1712.40478516 -405.367034912 135.314651489 1488.02941895 -415.803314209 -2.04879760742 1756.4395752 -405.383148193 -132.998245239 1486.37023926 -415.804016113 -270.366882324 1756.4395752 -417.699279785 -399.32019043 1456.11181641 -415.798736572 -538.684631348 1756.4395752
0.0337419509888 8 -439.256591797 -114.256858826 1529.97900391 -372.651885986 240.250579834 1713.57702637 -398.379608154 132.816833496 1487.47705078 -414.011383057 -2.48779296875 1756.67993164 -398.402374268 -135.49786377 1486.14978027 -414.012084961 -270.805877686 1756.67993164 -410.170318604 -402.192687988 1459.13110352 -414.00680542 -539.123657227 1756.67993164
0.034814119339 8 -448.187072754 -114.595779419 1530.50634766 -371.757049561 239.748580933 1713.11035156 -381.010528564 126.404495239 1486.59423828 -439.053619385 2.75651550293 1755.6003418 -381.035095215 -141.911361694 1485.5324707 -439.054321289 -265.561584473 1755.6003418 -392.174316406 -408.910339355 1461.40686035 -439.049041748 -533.879333496 1755.6003418
0.0407059192657 8 -448.235534668 -118.416763306 1530.11523438 -372.687561035 237.570129395 1710.88549805 -372.142425537 119.892021179 1486.06750488 -449.02645874 2.86079406738 1753.30285645 -372.16619873 -148.424621582 1485.21813965 -449.027160645 -265.457275391 1753.30285645 -382.630950928 -415.671478271 1463.67297363 -449.021881104 -533.775024414 1753.30285645
0.0229761600494 8 -445.007629395 -113.963150024 1529.98510742 -373.10256958 239.869140625 1716.27246094 -364.663482666 123.781326294 1490.70141602 -453.505889893 5.84968566895 1753.80126953 -364.685119629 -144.53578186 1490.02197266 -453.506591797 -262.468383789 1753.80126953 -374.455810547 -411.984375 1470.7767334 -453.501312256 -530.786132812 1753.80126953
0.0395889282227 8 -445.014770508 -111.472518921 1529.17004395 -372.941955566 240.086502075 1718.96362305 -359.173095703 124.919311523 1493.52832031 -459.028503418 7.77828979492 1753.00756836 -359.192108154 -143.398132324 1492.98486328 -459.029205322 -260.539794922 1753.00756836 -368.268371582 -411.010681152 1475.78857422 -459.023925781 -528.857543945 1753.00756836
0.0296449661255 8 -445.841583252 -110.196121216 1527.90771484 -372.578674316 239.437057495 1719.82446289 -354.570495605 124.594726562 1495.31323242 -463.687927246 8.75750732422 1751.62915039 -354.586700439 -143.722961426 1494.87841797 -463.68862915 -259.560577393 1751.62915039 -362.982147217 -411.468719482 1479.50756836 -463.683349609 -527.878295898 1751.62915039
0.0399730205536 8 -445.674743652 -107.137298584 1528.11755371 -372.699401855 239.575210571 1724.24389648 -351.469329834 126.979621887 1499.24658203 -466.585357666 10.1311645508 1752.4609375 -351.482879639 -141.338226318 1498.89880371 -466.58605957 -258.186920166 1752.4609375 -359.220977783 -409.192169189 1485.1541748 -466.580780029 -526.504638672 1752.4609375
0.0351438522339 8 -447.843566895 -107.15612793 1529.30712891 -372.513183594 239.146774292 1725.95080566 -351.222564697 125.974014282 1500.44555664 -467.969940186 10.473526001 1753.53173828 -351.233673096 -142.343887329 1500.1673584 -467.97064209 -257.844543457 1753.53173828 -358.344268799 -410.285705566 1487.87194824 -467.965362549 -526.16229248 1753.53173828
0.0288360118866 8 -451.130981445 -109.502464294 1528.95117188 -372.394897461 237.604553223 1722.30126953 -350.21005249 121.580886841 1498.40466309 -472.363983154 11.4129333496 1751.31677246 -350.219177246 -146.737045288 1498.18212891 -472.364685059 -256.905151367 1751.31677246 -356.736328125 -414.750061035 1487.17871094 -472.359405518 -525.222900391 1751.31677246
0.0291481018066 8 -452.760131836 -110.725753784 1529.02416992 -371.970947266 236.750762939 1721.48193359 -349.411621094 119.263633728 1498.34863281 -474.673309326 11.3244018555 1750.70141602 -349.4190979 -149.054290771 1498.17053223 -474.67401123 -256.993682861 1750.70141602 -355.379119873 -417.12512207 1488.31933594 -474.668731689 -525.311401367 1750.70141602
0.0333781242371 8 -453.56338501 -110.074905396 1530.85778809 -372.743438721 236.095596313 1724.56970215 -351.149475098 120.400543213 1500.7109375 -474.273803711 10.6900024414 1753.3515625 -351.155517578 -147.917449951 1500.56848145 -474.274505615 -257.628082275 1753.3515625 -356.595550537 -416.03515625 1491.74536133 -474.269226074 -525.945800781 1753.3515625
0.0307059288025 8 -455.155700684 -111.731079102 1531.03417969 -375.048400879 233.589370728 1726.11108398 -351.280822754 118.272903442 1502.32946777 -478.002990723 8.95881652832 1753.35803223 -351.285705566 -150.045059204 1502.21557617 -478.003692627 -259.35925293 1753.35803223 -356.242919922 -418.200744629 1494.31030273 -477.998413086 -527.677001953 1753.35803223
0.0311379432678 8 -456.738891602 -111.948287964 1531.6027832 -376.732574463 233.351272583 1727.37988281 -350.945098877 117.26361084 1503.58996582 -481.202911377 9.35977172852 1753.4161377 -350.949066162 -151.054351807 1503.4987793 -481.203613281 -258.958312988 1753.4161377 -355.459869385 -419.240844727 1496.41333008 -481.19833374 -527.276062012 1753.4161377
0.034285068512 8 -458.864471436 -111.900741577 1531.94555664 -379.806396484 233.383300781 1728.51831055 -352.170959473 117.028121948 1505.06518555 -485.348022461 9.46324157715 1753.49487305 -352.174194336 -151.289840698 1504.99230957 -485.348724365 -258.854858398 1753.49487305 -356.273651123 -419.501220703 1498.63952637 -485.343444824 -527.172607422 1753.49487305
0.0314428806305 8 -464.034973145 -111.386032104 1533.19238281 -381.64666748 234.239456177 1728.58349609 -349.175476074 113.688011169 1507.44665527 -495.630218506 14.1605072021 1751.71887207 -349.178100586 -154.629943848 1507.38830566 -495.63092041 -254.157577515 1751.71887207 -352.899688721 -422.861602783 1501.69055176 -495.625640869 -522.475341797 1751.71887207
0.0316729545593 8 -465.536987305 -111.250671387 1533.15270996 -381.705322266 234.643630981 1728.61657715 -342.969421387 109.983360291 1509.78881836 -503.030487061 18.1493835449 1748.47387695 -342.971618652 -158.334564209 1509.7421875 -503.031188965 -250.168701172 1748.47387695 -346.346923828 -426.582580566 1504.63037109 -503.025909424 -518.486450195 1748.47387695
0.0357081890106 8 -469.182434082 -111.837493896 1533.49853516 -384.154571533 233.188430786 1728.12939453 -344.846069336 108.396469116 1510.04663086 -508.144165039 19.2274627686 1747.54663086 -344.847930908 -159.921463013 1510.00927734 -508.144866943 -249.090621948 1747.54663086 -347.906616211 -428.182739258 1505.42199707 -508.139587402 -517.40838623 1747.54663086
0.0316288471222 8 -474.024780273 -112.274101257 1535.48730469 -385.671142578 233.116790771 1727.88818359 -345.781921387 105.618721008 1511.23046875 -512.794189453 21.395980835 1747.95214844 -345.783538818 -162.69921875 1511.20056152 -512.794921875 -246.922103882 1747.95214844 -348.553222656 -430.971252441 1507.08276367 -512.789611816 -515.239868164 1747.95214844
0.031720161438 8 -473.956085205 -108.791915894 1535.76025391 -387.498657227 235.382400513 1732.26818848 -345.895629883 109.494171143 1514.24499512 -513.886352539 22.7251281738 1749.34899902 -345.897033691 -158.823760986 1514.22106934 -513.887084961 -245.592956543 1749.34899902 -348.40335083 -427.104553223 1510.52392578 -513.881774902 -513.910705566 1749.34899902
0.035984992981 8 -477.451416016 -110.038711548 1538.02392578 -389.375457764 236.348678589 1731.45800781 -347.392425537 106.908248901 1515.01843262 -518.162902832 24.3819732666 1749.64709473 -347.39364624 -161.409713745 1514.99926758 -518.163635254 -243.93611145 1749.64709473 -349.660308838 -429.697570801 1511.67907715 -518.158325195 -512.253845215 1749.64709473
0.0334630012512 8 -480.202453613 -109.93409729 1539.92114258 -391.930175781 236.47013855 1734.05334473 -348.485595703 106.136413574 1518.1472168 -522.739990234 25.167755127 1750.74829102 -348.486633301 -162.181549072 1518.13195801 -522.740722656 -243.15032959 1750.74829102 -350.535583496 -430.475067139 1515.1496582 -522.735412598 -511.468078613 1750.74829102
0.0325598716736 8 -482.387817383 -108.655036926 1539.73022461 -394.599639893 237.724884033 1735.35083008 -350.415557861 107.357643127 1518.96899414 -525.918640137 26.1473999023 1750.54467773 -350.416412354 -160.960327148 1518.95678711 -525.919372559 -242.170684814 1750.54467773 -352.267730713 -429.258483887 1516.27758789 -525.9140625 -510.488433838 1750.54467773
0.0406260490417 8 -482.876556396 -110.218688965 1537.2845459 -397.983154297 235.592453003 1734.49926758 -353.027648926 107.15447998 1517.36791992 -526.697509766 22.7656860352 1749.18896484 -353.028320312 -161.163513184 1517.3581543 -526.698242188 -245.552398682 1749.18896484 -354.700378418 -429.465454102 1514.95080566 -526.692932129 -513.870117188 1749.18896484
0.035306930542 8 -482.469055176 -110.842689514 1535.61169434 -400.196044922 233.405883789 1734.5604248 -374.735900879 117.469177246 1507.77087402 -508.117370605 11.4275970459 1756.7454834 -374.73638916 -150.848815918 1507.76306152 -508.11807251 -256.89050293 1756.7454834 -376.245880127 -419.153869629 1505.59960938 -508.112792969 -525.208251953 1756.7454834
0.0350630283356 8 -483.56439209 -109.669677734 1535.47827148 -403.161376953 232.253768921 1735.59289551 -388.303314209 123.882102966 1505.71081543 -499.51473999 6.85995483398 1760.58679199 -388.303741455 -144.435882568 1505.70458984 -499.515441895 -261.458129883 1760.58679199 -389.666046143 -412.743408203 1503.76013184 -499.510162354 -529.775878906 1760.58679199
0.0309529304504 8 -480.195068359 -111.627563477 1535.68005371 -404.562896729 231.832351685 1735.61694336 -386.178710938 122.530899048 1506.74377441 -498.043121338 4.48402404785 1760.86071777 -386.179016113 -145.787094116 1506.73876953 -498.043823242 -263.83404541 1760.86071777 -387.408081055 -414.096557617 1504.99084473 -498.038543701 -532.151794434 1760.86071777
0.0299971103668 8 -481.132202148 -111.466407776 1535.77832031 -405.825805664 232.522277832 1736.1270752 -381.967498779 120.721008301 1508.18615723 -503.882659912 6.63731384277 1759.47473145 -381.96774292 -147.596984863 1508.18212891 -503.883361816 -261.680786133 1759.47473145 -383.076385498 -415.908081055 1506.61071777 -503.878082275 -529.998535156 1759.47473145
0.0347681045532 8 -482.031555176 -111.124931335 1534.11230469 -406.52532959 232.418945312 1735.38500977 -377.074401855 118.815872192 1509.28308105 -510.349884033 8.40490722656 1756.40979004 -377.074584961 -149.502120972 1509.27990723 -510.350585938 -259.91317749 1756.40979004 -378.074371338 -417.814575195 1507.86694336 -510.345306396 -528.230957031 1756.40979004
0.0309739112854 8 -481.709777832 -108.23387146 1534.93127441 -406.010620117 234.863754272 1737.01391602 -373.666015625 120.453666687 1511.84008789 -512.887817383 11.9189758301 1756.50756836 -373.666168213 -147.864318848 1511.83752441 -512.888549805 -256.399108887 1756.50756836 -374.567596436 -416.17779541 1510.5670166 -512.883239746 -524.71685791 1756.50756836
0.0314619541168 8 -482.266906738 -107.336837769 1533.51660156 -405.438262939 235.582870483 1735.82775879 -371.650390625 120.183494568 1511.10083008 -514.684387207 13.6634368896 1754.45141602 -371.650482178 -148.134490967 1511.09875488 -514.685119629 -254.654647827 1754.45141602 -372.463043213 -416.448791504 1509.95617676 -514.67980957 -522.972412109 1754.45141602
0.0356080532074 8 -486.609008789 -106.362243652 1534.13098145 -408.775970459 234.405014038 1739.73583984 -369.20526123 118.123077393 1516.07275391 -524.557373047 15.7351074219 1753.57519531 -369.205322266 -150.194915771 1516.07116699 -524.558105469 -252.582977295 1753.57519531 -369.937744141 -418.50994873 1515.0435791 -524.55279541 -520.900756836 1753.57519531
0.0315659046173 8 -488.71081543 -109.554244995 1535.42773438 -410.701538086 233.013641357 1737.6854248 -373.735107422 115.873008728 1513.84240723 -523.923217773 13.6439056396 1754.71130371 -373.735168457 -152.444976807 1513.84106445 -523.923950195 -254.674179077 1754.71130371 -374.395233154 -420.760528564 1512.91687012 -523.918640137 -522.991943359 1754.71130371
0.0305211544037 8 -490.248046875 -110.143203735 1535.51269531 -411.663879395 231.947814941 1736.65246582 -398.188415527 124.662750244 1505.62341309 -503.392883301 4.6721496582 1761.6697998 -398.188476562 -143.65524292 1505.62231445 -503.393585205 -263.645935059 1761.6697998 -398.783294678 -411.971282959 1504.79101562 -503.388305664 -531.963684082 1761.6697998
0.0357019901276 8 -486.659179688 -112.109672546 1537.10668945 -412.49597168 232.096923828 1736.64318848 -400.613006592 124.7865448 1505.8371582 -497.027648926 1.74761962891 1763.89013672 -400.613067627 -143.531448364 1505.83630371 -497.02835083 -266.570465088 1763.89013672 -401.149047852 -411.84777832 1505.08850098 -497.023071289 -534.888183594 1763.89013672
0.0474200248718 8 -488.723022461 -107.272506714 1535.00512695 -414.301239014 232.799163818 1740.13208008 -407.508605957 131.613754272 1506.04870605 -496.116149902 2.47450256348 1763.92004395 -407.508666992 -136.704238892 1506.04797363 -496.116851807 -265.843566895 1763.92004395 -407.991546631 -405.020935059 1505.37536621 -496.111572266 -534.161315918 1763.92004395
0.0291509628296 8 -488.573242188 -104.953277588 1534.66015625 -415.374572754 233.516784668 1741.87573242 -414.853759766 136.3565979 1505.75952148 -490.016143799 1.77207946777 1765.11206055 -414.853820801 -131.961395264 1505.7590332 -490.016845703 -266.546020508 1765.11206055 -415.288848877 -400.278289795 1505.15393066 -490.011566162 -534.863769531 1765.11206055
0.0316228866577 8 -489.10546875 -106.459014893 1535.86315918 -416.542816162 232.567077637 1741.74768066 -420.790588379 136.262634277 1505.54858398 -486.227478027 -0.235931396484 1766.5324707 -420.790649414 -132.055358887 1505.5480957 -486.228179932 -268.554016113 1766.5324707 -421.18258667 -400.372467041 1505.00366211 -486.222900391 -536.871765137 1766.5324707
0.0310249328613 8 -489.864379883 -106.036155701 1536.90161133 -417.324890137 232.967376709 1743.18408203 -423.297912598 137.173080444 1506.61462402 -484.991912842 -0.54296875 1767.87097168 -423.297973633 -131.14491272 1506.61425781 -484.992614746 -268.861053467 1767.87097168 -423.651031494 -399.462158203 1506.12451172 -484.987335205 -537.178833008 1767.87097168
0.0304081439972 8 -488.878814697 -108.479949951 1539.96484375 -417.237182617 233.211364746 1743.90905762 -416.490234375 133.091110229 1509.93359375 -488.869049072 -1.27122497559 1770.19311523 -416.49029541 -135.226882935 1509.93334961 -488.869750977 -269.589294434 1770.19311523 -416.808410645 -403.544250488 1509.49267578 -488.864471436 -537.907043457 1770.19311523
0.0356249809265 8 -488.443084717 -110.354652405 1541.30175781 -418.108001709 233.122650146 1744.27148438 -413.715393066 130.488525391 1511.16345215 -491.635498047 -1.8104095459 1770.88000488 -413.715454102 -137.829467773 1511.16320801 -491.636199951 -270.128479004 1770.88000488 -414.002075195 -406.146911621 1510.76672363 -491.63092041 -538.446228027 1770.88000488
0.0309600830078 8 -489.589569092 -105.661239624 1539.90112305 -416.090515137 235.09286499 1743.94384766 -417.098999023 135.795455933 1509.2232666 -488.909484863 1.98139953613 1769.92321777 -417.099060059 -132.522537231 1509.22314453 -488.910186768 -266.336669922 1769.92321777 -417.357330322 -400.840087891 1508.86633301 -488.904907227 -534.654418945 1769.92321777
0.0314610004425 8 -489.494842529 -110.600952148 1540.68432617 -416.311187744 233.896240234 1740.28625488 -412.99609375 129.362609863 1508.09265137 -492.925476074 0.607360839844 1768.97790527 -412.996154785 -138.955383301 1508.0925293 -492.926177979 -267.710723877 1768.97790527 -413.228759766 -407.273101807 1507.77148438 -492.920898438 -536.028442383 1768.97790527
0.035484790802 8 -490.006622314 -105.630210876 1540.57116699 -415.614257812 235.884094238 1742.95092773 -420.000701904 136.333221436 1508.18127441 -486.286560059 2.50117492676 1770.33239746 -420.000762939 -131.984771729 1508.18115234 -486.287261963 -265.816894531 1770.33239746 -420.210113525 -400.30255127 1507.89233398 -486.281982422 -534.134643555 1770.33239746
0.0314481258392 8 -487.409393311 -107.512908936 1541.703125 -415.168701172 236.231124878 1743.29138184 -414.906524658 133.800643921 1509.97375488 -487.503143311 1.3438873291 1771.1505127 -414.906585693 -134.517349243 1509.97363281 -487.503845215 -266.974182129 1771.1505127 -415.095001221 -402.835205078 1509.71374512 -487.498565674 -535.291931152 1771.1505127
0.0315670967102 8 -485.321228027 -108.484985352 1542.75366211 -414.93637085 236.245117188 1743.45910645 -412.89453125 132.829528809 1510.86682129 -487.582672119 1.11999511719 1771.83215332 -412.894592285 -135.488464355 1510.86669922 -487.583374023 -267.1980896 1771.83215332 -413.064147949 -403.806335449 1510.6328125 -487.578094482 -535.515869141 1771.83215332
0.0355269908905 8 -484.660491943 -108.426025391 1539.79956055 -416.962738037 232.90184021 1743.03759766 -425.246002197 136.442504883 1508.11633301 -476.647064209 -2.98332214355 1770.69421387 -425.246063232 -131.875488281 1508.11633301 -476.647766113 -271.301391602 1770.69421387 -425.398620605 -400.193389893 1507.90588379 -476.642486572 -539.619140625 1770.69421387
0.0317368507385 8 -483.062438965 -109.840156555 1541.43359375 -415.578948975 234.520935059 1740.83129883 -418.449188232 133.469848633 1507.97741699 -480.099731445 -1.06871032715 1770.89855957 -418.449249268 -134.848144531 1507.97741699 -480.10043335 -269.386779785 1770.89855957 -418.586486816 -403.16607666 1507.78808594 -480.095153809 -537.704528809 1770.89855957
0.0316710472107 8 -482.130187988 -110.178756714 1543.41137695 -415.144775391 235.328842163 1742.2298584 -414.891235352 132.415130615 1509.93774414 -481.756195068 -0.448028564453 1772.43676758 -414.891296387 -135.902862549 1509.93774414 -481.756896973 -268.766113281 1772.43676758 -415.014709473 -404.220794678 1509.76733398 -481.751617432 -537.083862305 1772.43676758
0.0355129241943 8 -482.220825195 -112.311981201 1543.32128906 -416.946990967 233.621627808 1742.93188477 -413.948181152 130.150939941 1511.01989746 -484.453704834 -2.88195800781 1772.4786377 -413.948242188 -138.167053223 1511.01989746 -484.454406738 -271.200042725 1772.4786377 -414.059265137 -406.485015869 1510.86657715 -484.449127197 -539.517822266 1772.4786377
0.0320100784302 8 -483.962646484 -108.003395081 1541.25195312 -415.874908447 235.47644043 1743.27148438 -420.963623047 135.872772217 1508.88317871 -479.579681396 -0.770874023438 1771.41369629 -420.963684082 -132.445220947 1508.88317871 -479.580383301 -269.08895874 1771.41369629 -421.063537598 -400.763183594 1508.74511719 -479.57510376 -537.406738281 1771.41369629
0.0317869186401 8 -481.763671875 -109.507766724 1543.08862305 -417.034667969 236.008270264 1743.9473877 -417.859802246 134.089874268 1510.40698242 -481.483978271 -0.882049560547 1772.63647461 -417.859863281 -134.228118896 1510.40698242 -481.484680176 -269.200134277 1772.63647461 -417.949707031 -402.546081543 1510.28283691 -481.479400635 -537.517883301 1772.63647461
0.0422899723053 8 -481.314758301 -112.079421997 1544.75866699 -418.392913818 234.818618774 1742.28747559 -418.591430664 131.604309082 1510.48022461 -481.255004883 -2.02876281738 1773.62548828 -418.591491699 -136.713684082 1510.48022461 -481.255706787 -270.346862793 1773.62548828 -418.672302246 -405.031646729 1510.3684082 -481.250427246 -538.664611816 1773.62548828
0.0326700210571 8 -481.654296875 -112.316291809 1544.73217773 -419.089355469 233.838867188 1742.95556641 -414.889709473 130.42388916 1511.41430664 -485.83480835 -1.62875366211 1773.25219727 -414.889770508 -137.894104004 1511.41430664 -485.835510254 -269.946838379 1773.25219727 -414.962463379 -406.212036133 1511.3137207 -485.830230713 -538.264587402 1773.25219727
0.0303590297699 8 -479.714355469 -109.445648193 1545.89501953 -418.42276001 237.619247437 1744.29187012 -414.908050537 133.813476562 1512.50463867 -482.978881836 0.822998046875 1774.63110352 -414.908111572 -134.504516602 1512.50463867 -482.97958374 -267.49508667 1774.63110352 -414.973571777 -402.82244873 1512.4140625 -482.974304199 -535.812866211 1774.63110352
0.0351450443268 8 -479.988220215 -109.903076172 1546.68554688 -418.376098633 238.055130005 1743.45654297 -415.407867432 133.23236084 1511.99108887 -482.625152588 1.40501403809 1774.92419434 -415.407928467 -135.085632324 1511.99108887 -482.625854492 -266.913085938 1774.92419434 -415.46697998 -403.403533936 1511.90966797 -482.620574951 -535.230834961 1774.92419434
0.0312149524689 8 -480.233703613 -110.022186279 1546.96984863 -418.254272461 238.384170532 1743.54040527 -414.733093262 132.837005615 1512.07507324 -483.179748535 1.66397094727 1775.01867676 -414.733154297 -135.480987549 1512.07507324 -483.180450439 -266.65411377 1775.01867676 -414.786468506 -403.798858643 1512.00170898 -483.175170898 -534.971862793 1775.01867676
0.0316951274872 8 -482.11932373 -110.414169312 1547.5435791 -418.546478271 238.275238037 1743.58081055 -414.541046143 131.816452026 1512.25256348 -485.684844971 2.07133483887 1775.18908691 -414.541107178 -136.501541138 1512.25256348 -485.685546875 -266.246765137 1775.18908691 -414.589324951 -404.819396973 1512.18652344 -485.680267334 -534.56451416 1775.18908691
0.035285949707 8 -484.544921875 -109.263679504 1543.43371582 -420.23324585 235.51260376 1743.59399414 -425.274627686 135.22052002 1508.76623535 -479.578582764 -0.346725463867 1772.78063965 -425.274688721 -133.097473145 1508.76623535 -479.579284668 -268.664794922 1772.78063965 -425.318359375 -401.415313721 1508.70690918 -479.574005127 -536.982543945 1772.78063965
0.0319409370422 8 -486.153961182 -107.909072876 1542.20544434 -421.366149902 235.176849365 1744.10241699 -432.030487061 137.78163147 1507.65942383 -476.189056396 -0.559494018555 1772.12646484 -432.030548096 -130.536361694 1507.65942383 -476.189758301 -268.877563477 1772.12646484 -432.070220947 -398.854187012 1507.60595703 -476.18447876 -537.1953125 1772.12646484
0.0312621593475 8 -485.503662109 -112.685058594 1544.33618164 -422.646362305 234.287750244 1743.35778809 -426.253875732 131.638259888 1508.53527832 -482.831512451 -2.18705749512 1772.96105957 -426.253936768 -136.679733276 1508.53527832 -482.832214355 -270.505126953 1772.96105957 -426.290008545 -404.997497559 1508.48718262 -482.826934814 -538.822875977 1772.96105957
0.0356979370117 8 -483.689147949 -107.203842163 1546.6529541 -422.455505371 237.939804077 1748.99047852 -422.108703613 137.072387695 1514.67675781 -484.441619873 0.732208251953 1776.51147461 -422.108764648 -131.245605469 1514.67675781 -484.442321777 -267.585876465 1776.51147461 -422.14163208 -399.56338501 1514.63342285 -484.437042236 -535.903625488 1776.51147461
0.0313580036163 8 -485.231170654 -101.928329468 1541.4140625 -422.002258301 238.403488159 1746.2989502 -426.147766113 143.098907471 1510.49987793 -482.97354126 4.05703735352 1772.1673584 -426.147827148 -125.219085693 1510.49987793 -482.974243164 -264.261047363 1772.1673584 -426.177825928 -393.536865234 1510.4609375 -482.968963623 -532.578796387 1772.1673584
0.0347578525543 8 -489.18939209 -105.533638 1543.5534668 -423.017425537 238.754821777 1744.95959473 -420.623443604 136.819290161 1511.1796875 -491.575958252 4.01043701172 1772.63623047 -420.623504639 -131.498703003 1511.1796875 -491.576660156 -264.307647705 1772.63623047 -420.650939941 -399.816467285 1511.14465332 -491.571380615 -532.625366211 1772.63623047
0.0312991142273 8 -492.173370361 -105.601211548 1540.93212891 -425.640441895 235.662796021 1743.78430176 -431.616424561 138.879364014 1508.59326172 -486.815948486 1.12658691406 1771.28930664 -431.616485596 -129.43862915 1508.59326172 -486.816650391 -267.191497803 1771.28930664 -431.641601562 -397.756378174 1508.56176758 -486.81137085 -535.509277344 1771.28930664
0.0318949222565 8 -489.254943848 -104.641197205 1544.62512207 -426.347351074 238.416625977 1746.70178223 -425.731048584 139.15814209 1512.84985352 -489.854095459 3.27195739746 1774.48974609 -425.731109619 -129.159851074 1512.84985352 -489.854797363 -265.046142578 1774.48974609 -425.754150391 -397.477600098 1512.82141113 -489.849517822 -533.363891602 1774.48974609
0.0360169410706 8 -487.001983643 -105.633216858 1546.55566406 -425.805053711 240.19354248 1745.16015625 -421.067871094 137.311065674 1513.1895752 -491.814758301 5.11875915527 1775.01477051 -421.067932129 -131.00692749 1513.1895752 -491.815460205 -263.19934082 1775.01477051 -421.089141846 -399.324676514 1513.1640625 -491.810180664 -531.517089844 1775.01477051
0.0329990386963 8 -486.614868164 -105.729866028 1547.30712891 -425.687133789 241.392059326 1744.38720703 -418.525878906 136.496490479 1513.06860352 -494.361083984 6.89657592773 1774.76586914 -418.525939941 -131.821502686 1513.06860352 -494.361785889 -261.421508789 1774.76586914 -418.545471191 -400.139251709 1513.0456543 -494.356506348 -529.739257812 1774.76586914
0.0307919979095 8 -487.455474854 -104.409286499 1548.54052734 -426.802459717 242.947784424 1748.0032959 -419.587158203 138.059524536 1515.61401367 -494.757537842 6.83375549316 1776.69238281 -419.587219238 -130.258468628 1515.61401367 -494.758239746 -261.484313965 1776.69238281 -419.605255127 -398.57623291 1515.59326172 -494.752960205 -529.802062988 1776.69238281
0.0358710289001 8 -487.326721191 -104.468185425 1548.13085938 -427.078216553 242.850982666 1745.80810547 -419.572143555 137.87713623 1514.08886719 -495.022216797 7.9055480957 1775.71362305 -419.57220459 -130.440856934 1514.08886719 -495.022918701 -260.412536621 1775.71362305 -419.588928223 -398.758605957 1514.07019043 -495.01763916 -528.730285645 1775.71362305
0.0320460796356 8 -488.555664062 -105.001663208 1547.20361328 -428.035247803 242.907073975 1745.21142578 -413.927307129 135.469299316 1514.27197266 -503.063140869 9.34732055664 1773.46508789 -413.927368164 -132.848693848 1514.27197266 -503.063842773 -258.97076416 1773.46508789 -413.942871094 -401.166442871 1514.25524902 -503.058563232 -527.288513184 1773.46508789
0.0321300029755 8 -489.799194336 -104.050003052 1545.23791504 -429.799987793 242.997146606 1744.91638184 -408.155639648 134.539581299 1515.42297363 -511.906494141 11.1387634277 1770.45471191 -408.155700684 -133.778411865 1515.42297363 -511.907196045 -257.179321289 1770.45471191 -408.170135498 -402.096160889 1515.40783691 -511.901916504 -525.497070312 1770.45471191
0.0374910831451 8 -490.459503174 -103.39781189 1544.56225586 -429.483795166 243.455352783 1744.76818848 -404.818359375 133.955856323 1516.13977051 -515.647277832 12.4698028564 1769.10510254 -404.81842041 -134.362136841 1516.13977051 -515.648010254 -255.84828186 1769.10510254 -404.83190918 -402.679870605 1516.1262207 -515.642700195 -524.166015625 1769.10510254
0.0327639579773 8 -493.040771484 -103.260261536 1544.37878418 -430.339996338 243.360565186 1744.19311523 -402.643951416 132.367477417 1516.33642578 -520.862609863 14.4576721191 1767.64331055 -402.644012451 -135.950515747 1516.33642578 -520.863342285 -253.860412598 1767.64331055 -402.656707764 -404.268249512 1516.32421875 -520.858032227 -522.178161621 1767.64331055
0.0316429138184 8 -493.228820801 -102.968696594 1544.54602051 -432.125152588 244.153167725 1744.40551758 -402.743835449 132.680618286 1516.98352051 -523.130187988 15.0403442383 1767.38635254 -402.743896484 -135.637374878 1516.98352051 -523.13092041 -253.277740479 1767.38635254 -402.755767822 -403.95513916 1516.97253418 -523.125610352 -521.595458984 1767.38635254
0.0354750156403 8 -493.583374023 -102.941314697 1544.9609375 -432.615386963 244.51322937 1744.01318359 -402.421264648 132.474533081 1517.64697266 -524.513305664 15.3943634033 1767.48608398 -402.421325684 -135.843460083 1517.64697266 -524.514038086 -252.923721313 1767.48608398 -402.432495117 -404.161193848 1517.63708496 -524.508728027 -521.241455078 1767.48608398
0.0316090583801 8 -496.356384277 -103.583724976 1544.52233887 -433.634399414 244.539657593 1743.81738281 -400.492919922 130.064437866 1518.15307617 -530.528198242 16.5352630615 1765.61181641 -400.492980957 -138.253555298 1518.15307617 -530.528930664 -251.782821655 1765.61181641 -400.503570557 -406.571289062 1518.14416504 -530.523620605 -520.100585938 1765.61181641
0.0459358692169 8 -496.366607666 -103.10244751 1544.76342773 -434.326812744 244.929275513 1743.71801758 -399.650146484 130.17956543 1518.27880859 -531.55279541 17.7907714844 1765.26953125 -399.65020752 -138.138427734 1518.27880859 -531.553527832 -250.527313232 1765.26953125 -399.660217285 -406.456176758 1518.27075195 -531.548217773 -518.845092773 1765.26953125
0.0327999591827 8 -495.74798584 -105.020996094 1543.15771484 -433.675262451 244.478363037 1739.66601562 -399.124206543 128.045654297 1514.53649902 -530.514709473 17.6985778809 1762.71813965 -399.124267578 -140.272338867 1514.53649902 -530.515441895 -250.619506836 1762.71813965 -399.133789062 -408.590087891 1514.52929688 -530.510131836 -518.937255859 1762.71813965
0.0306072235107 8 -495.885101318 -106.34526062 1542.65576172 -434.378753662 244.218093872 1738.14086914 -399.043334961 126.556213379 1513.44238281 -531.797485352 17.4278869629 1761.43774414 -399.043395996 -141.761779785 1513.44238281 -531.798217773 -250.890197754 1761.43774414 -399.052459717 -410.079528809 1513.43591309 -531.792907715 -519.207946777 1761.43774414
0.0298678874969 8 -495.988189697 -105.844329834 1543.3605957 -436.1668396 244.739379883 1740.8782959 -400.181732178 127.62059021 1515.26159668 -532.645385742 16.791519165 1762.65759277 -400.181793213 -140.697402954 1515.26159668 -532.646118164 -251.526565552 1762.65759277 -400.19039917 -409.015136719 1515.2557373 -532.640808105 -519.844299316 1762.65759277
0.0341820716858 8 -495.982543945 -104.947319031 1542.7121582 -436.738891602 246.212585449 1738.7479248 -400.586608887 128.599868774 1513.91870117 -532.227111816 18.0453186035 1761.87670898 -400.586669922 -139.71812439 1513.91870117 -532.227844238 -250.272766113 1761.87670898 -400.59487915 -408.035888672 1513.91345215 -532.22253418 -518.590515137 1761.87670898
0.0314519405365 8 -495.770080566 -106.636474609 1541.02270508 -435.942443848 245.637313843 1733.18054199 -400.876434326 126.762390137 1509.50549316 -530.928283691 18.341217041 1759.23791504 -400.876495361 -141.555603027 1509.50549316 -530.929016113 -249.976867676 1759.23791504 -400.884338379 -409.873352051 1509.50073242 -530.923706055 -518.294616699 1759.23791504
0.0311589241028 8 -495.499267578 -106.517333984 1540.19665527 -436.228607178 247.075592041 1730.3963623 -401.133728027 126.872116089 1507.07397461 -530.958068848 19.881942749 1757.54125977 -401.133789062 -141.445877075 1507.07397461 -530.95880127 -248.436141968 1757.54125977 -401.141296387 -409.76361084 1507.06970215 -530.953491211 -516.75390625 1757.54125977
0.0352380275726 8 -496.064147949 -107.200874329 1538.90356445 -436.953491211 246.841827393 1728.50512695 -401.424407959 126.046730042 1505.57312012 -531.778198242 19.5738525391 1755.98620605 -401.424468994 -142.271270752 1505.57312012 -531.778930664 -248.744232178 1755.98620605 -401.43170166 -410.589019775 1505.56933594 -531.773620605 -517.062011719 1755.98620605
0.0410649776459 8 -496.271789551 -107.856307983 1538.8885498 -437.307952881 246.210571289 1728.05859375 -401.574798584 125.334739685 1505.33410645 -532.456115723 19.3101196289 1755.66271973 -401.574859619 -142.98324585 1505.33410645 -532.456848145 -249.007965088 1755.66271973 -401.581817627 -411.300994873 1505.33068848 -532.451538086 -517.325683594 1755.66271973
0.0331110954285 8 -495.997741699 -107.17829895 1539.36328125 -437.963409424 247.189849854 1728.33508301 -402.270141602 126.361785889 1505.5246582 -531.913818359 19.8215637207 1756.27832031 -402.270202637 -141.956207275 1505.5246582 -531.914550781 -248.496520996 1756.27832031 -402.276947021 -410.273956299 1505.52160645 -531.909240723 -516.81427002 1756.27832031
0.0330898761749 8 -495.865905762 -106.663757324 1538.5222168 -438.486938477 247.133346558 1727.97192383 -402.123626709 126.884033203 1504.7857666 -532.434265137 20.4708862305 1755.2479248 -402.123687744 -141.433959961 1504.7857666 -532.434997559 -247.847198486 1755.2479248 -402.130249023 -409.751708984 1504.78295898 -532.4296875 -516.164916992 1755.2479248
0.0297729969025 8 -495.802246094 -106.610649109 1538.38842773 -440.025817871 246.949768066 1728.29089355 -402.302947998 127.139030457 1505.39245605 -534.638000488 20.5367736816 1754.71057129 -402.303009033 -141.178955078 1505.39245605 -534.63873291 -247.781311035 1754.71057129 -402.309448242 -409.496704102 1505.38989258 -534.633422852 -516.099060059 1754.71057129
0.0382461547852 8 -496.038757324 -107.21472168 1537.21716309 -439.81930542 247.60055542 1724.95007324 -401.879089355 126.126724243 1503.23327637 -535.25213623 21.2102508545 1752.71350098 -401.879150391 -142.191268921 1503.23327637 -535.252868652 -247.107833862 1752.71350098 -401.885406494 -410.509033203 1503.23095703 -535.247558594 -515.425598145 1752.71350098
0.0332398414612 8 -495.939605713 -107.041702271 1537.03295898 -440.33770752 248.34085083 1723.27929688 -401.201019287 125.919143677 1502.06896973 -535.813171387 22.7237091064 1751.60192871 -401.201080322 -142.398849487 1502.06896973 -535.813903809 -245.59437561 1751.60192871 -401.207244873 -410.71661377 1502.06689453 -535.80859375 -513.912109375 1751.60192871
0.0295491218567 8 -496.339599609 -108.500869751 1536.18566895 -440.89251709 247.865661621 1721.44433594 -399.657104492 123.651565552 1501.17407227 -538.460327148 22.8190460205 1749.3737793 -399.657165527 -144.666427612 1501.17407227 -538.46105957 -245.499038696 1749.3737793 -399.663208008 -412.984191895 1501.17224121 -538.455749512 -513.816772461 1749.3737793
0.0300190448761 8 -496.178649902 -108.491737366 1536.44628906 -442.161499023 248.533782959 1721.52746582 -399.772674561 123.81539917 1501.70776367 -539.609619141 22.9319610596 1749.3059082 -399.772735596 -144.502593994 1501.70776367 -539.610351562 -245.386123657 1749.3059082 -399.778625488 -412.820343018 1501.70605469 -539.605041504 -513.703857422 1749.3059082
0.0347130298615 8 -495.236419678 -107.494377136 1536.6862793 -443.178863525 249.916015625 1721.56811523 -403.323425293 126.433799744 1500.67932129 -535.817626953 22.4421386719 1751.01477051 -403.323486328 -141.884185791 1500.67932129 -535.818359375 -245.875946045 1751.01477051 -403.32925415 -410.201934814 1500.67785645 -535.813049316 -514.193725586 1751.01477051
0.0308117866516 8 -495.719726562 -103.792808533 1534.48803711 -443.935821533 250.936157227 1721.07885742 -427.895477295 137.227050781 1492.34997559 -513.165527344 18.5129394531 1756.30651855 -427.89553833 -131.090942383 1492.34997559 -513.166259766 -249.805145264 1756.30651855 -427.9012146 -399.408691406 1492.34863281 -513.160949707 -518.122924805 1756.30651855
0.0308971405029 8 -496.762145996 -101.090179443 1534.68701172 -445.576873779 251.133117676 1721.3359375 -442.007873535 142.840530396 1490.35290527 -501.388977051 18.3370513916 1758.69958496 -442.00793457 -125.477462769 1490.35290527 -501.389678955 -249.981033325 1758.69958496 -442.01348877 -393.795227051 1490.35168457 -501.384399414 -518.29876709 1758.69958496
0.0346570014954 8 -491.083862305 -105.362281799 1535.90673828 -445.099304199 251.709228516 1717.46838379 -429.002624512 136.618530273 1490.55993652 -508.077819824 18.6878509521 1756.7869873 -429.002685547 -131.699462891 1490.55993652 -508.078521729 -249.630233765 1756.7869873 -429.008178711 -400.017211914 1490.55883789 -508.073242188 -517.947998047 1756.7869873
0.0416679382324 8 -489.645355225 -107.622024536 1536.38061523 -444.278411865 251.903671265 1715.53527832 -422.588439941 132.960571289 1490.68676758 -512.37097168 19.033203125 1755.2565918 -422.588500977 -135.357421875 1490.68676758 -512.371704102 -249.284881592 1755.2565918 -422.593933105 -403.675170898 1490.68579102 -512.366394043 -517.602661133 1755.2565918
0.0358080863953 8 -489.056396484 -107.313522339 1535.83325195 -446.296020508 251.937805176 1718.56799316 -415.603912354 132.041870117 1493.67089844 -521.100891113 19.9565734863 1753.17993164 -415.603973389 -136.276123047 1493.67089844 -521.101623535 -248.36151123 1753.17993164 -415.609313965 -404.59387207 1493.67004395 -521.096313477 -516.679260254 1753.17993164
0.0292439460754 8 -488.956787109 -109.428787231 1534.95043945 -445.879272461 250.961624146 1715.58496094 -413.897094727 129.298553467 1492.07116699 -522.047363281 19.1983337402 1751.3380127 -413.897155762 -139.019439697 1492.07116699 -522.048095703 -249.119750977 1751.3380127 -413.902435303 -407.337188721 1492.07043457 -522.042785645 -517.4375 1751.3380127
0.0309720039368 8 -489.292236328 -107.634346008 1535.07763672 -446.731536865 252.731719971 1718.09399414 -411.083282471 130.439208984 1494.24731445 -526.570983887 21.1601104736 1750.68188477 -411.083343506 -137.87878418 1494.24731445 -526.571716309 -247.157974243 1750.68188477 -411.088623047 -406.196533203 1494.24658203 -526.56640625 -515.475708008 1750.68188477
0.0346510410309 8 -489.593048096 -106.400787354 1535.37280273 -447.795501709 253.222488403 1719.34887695 -409.226043701 131.19859314 1496.0045166 -529.526733398 22.4711151123 1750.45349121 -409.226104736 -137.119400024 1496.0045166 -529.52746582 -245.846969604 1750.45349121 -409.231384277 -405.437133789 1496.00390625 -529.522155762 -514.164733887 1750.45349121
0.0314319133759 8 -489.418640137 -106.491210938 1533.99047852 -446.541259766 253.034698486 1716.47558594 -407.197387695 130.416976929 1494.29443359 -529.919494629 23.4361724854 1748.32739258 -407.19744873 -137.901016235 1494.29443359 -529.920227051 -244.881912231 1748.32739258 -407.202728271 -406.21875 1494.29382324 -529.914916992 -513.199645996 1748.32739258
0.0303180217743 8 -489.178039551 -107.039627075 1535.57006836 -448.442840576 252.974868774 1718.53857422 -409.331176758 130.643066406 1495.66479492 -529.399902344 22.2274475098 1750.35693359 -409.331237793 -137.674926758 1495.66479492 -529.400634766 -246.090637207 1750.35693359 -409.336517334 -405.992675781 1495.66430664 -529.395324707 -514.40838623 1750.35693359
0.0351450443268 8 -488.837493896 -105.209999084 1536.24658203 -448.864898682 254.212188721 1720.06896973 -410.135070801 132.803894043 1496.05004883 -527.824462891 23.6181793213 1751.52294922 -410.135131836 -135.514099121 1496.05004883 -527.825195312 -244.699905396 1751.52294922 -410.140411377 -403.831848145 1496.04956055 -527.819885254 -513.01763916 1751.52294922
0.0317659378052 8 -488.332397461 -105.598953247 1535.77941895 -447.944030762 255.316146851 1716.83435059 -412.166168213 132.839355469 1493.28564453 -524.328186035 23.7389831543 1751.26953125 -412.166229248 -135.478637695 1493.28564453 -524.328918457 -244.579101562 1751.26953125 -412.171508789 -403.796386719 1493.28527832 -524.323608398 -512.896850586 1751.26953125
0.0411419868469 8 -488.360046387 -105.786872864 1537.07177734 -449.260437012 255.210510254 1719.21655273 -416.171325684 133.83795166 1494.31652832 -522.01361084 22.0648956299 1753.8223877 -416.171386719 -134.480041504 1494.31652832 -522.014343262 -246.253189087 1753.8223877 -416.17666626 -402.797790527 1494.31616211 -522.009033203 -514.570922852 1753.8223877
0.0349960327148 8 -487.831665039 -105.24659729 1538.78588867 -449.519042969 256.521453857 1720.40649414 -418.388824463 135.005584717 1495.02172852 -519.809020996 22.3799438477 1755.92138672 -418.388885498 -133.312408447 1495.02172852 -519.809753418 -245.938140869 1755.92138672 -418.394165039 -401.630157471 1495.0213623 -519.804443359 -514.255859375 1755.92138672
0.0294499397278 8 -489.558654785 -101.843490601 1535.68481445 -449.321685791 255.134796143 1719.99645996 -437.343719482 142.20854187 1489.09814453 -503.319915771 21.0296173096 1757.43041992 -437.343780518 -126.109451294 1489.09814453 -503.320617676 -247.288467407 1757.43041992 -437.349060059 -394.427185059 1489.09777832 -503.315338135 -515.606201172 1757.43041992
0.0302550792694 8 -486.40045166 -106.05267334 1537.93029785 -449.525726318 254.474884033 1716.79394531 -433.641815186 137.404373169 1488.91259766 -504.47052002 19.8859710693 1757.63598633 -433.641876221 -130.913619995 1488.91259766 -504.471221924 -248.432113647 1757.63598633 -433.647155762 -399.231384277 1488.91235352 -504.465942383 -516.74987793 1757.63598633
0.0351068973541 8 -488.40411377 -106.251464844 1536.86779785 -448.87322998 254.393493652 1715.1953125 -422.565093994 134.414337158 1489.94055176 -515.456176758 22.2085876465 1754.17712402 -422.565155029 -133.903656006 1489.94055176 -515.45690918 -246.10949707 1754.17712402 -422.57043457 -402.221405029 1489.94030762 -515.451599121 -514.427246094 1754.17712402
0.0309281349182 8 -488.930664062 -107.972518921 1535.37243652 -449.625396729 252.884429932 1713.89758301 -416.064605713 131.11026001 1490.80407715 -522.93182373 21.7778320312 1750.93054199 -416.064666748 -137.207733154 1490.80407715 -522.932556152 -246.540252686 1750.93054199 -416.069946289 -405.525482178 1490.80383301 -522.927246094 -514.858032227 1750.93054199
0.0310249328613 8 -489.44744873 -107.27734375 1534.88354492 -450.230804443 253.996078491 1714.24902344 -411.682189941 130.557189941 1491.95239258 -528.504699707 23.7278747559 1748.81835938 -411.682250977 -137.760803223 1491.95239258 -528.505432129 -244.590209961 1748.81835938 -411.687530518 -406.078552246 1491.95214844 -528.50012207 -512.907958984 1748.81835938
0.0350790023804 8 -490.755432129 -105.794387817 1536.9675293 -451.022338867 254.72164917 1717.92431641 -410.736450195 131.580749512 1495.67346191 -531.224975586 24.8277893066 1750.87268066 -410.73651123 -136.737243652 1495.67346191 -531.225708008 -243.49029541 1750.87268066 -410.741790771 -405.054992676 1495.67333984 -531.220397949 -511.808044434 1750.87268066
0.0310890674591 8 -490.708312988 -106.430450439 1535.99121094 -450.987762451 253.90397644 1715.26220703 -408.623016357 130.234588623 1494.68481445 -533.473815918 25.5205078125 1748.62890625 -408.623077393 -138.083404541 1494.68481445 -533.47454834 -242.797576904 1748.62890625 -408.628356934 -406.401153564 1494.68469238 -533.469238281 -511.115325928 1748.62890625
0.0313050746918 8 -491.159362793 -107.878761292 1535.79052734 -451.224700928 253.673858643 1713.93066406 -407.559936523 128.169586182 1494.00170898 -535.398925781 25.4397277832 1747.26904297 -407.559997559 -140.148406982 1494.00170898 -535.399658203 -242.878356934 1747.26904297 -407.5652771 -408.466156006 1494.00158691 -535.394348145 -511.196105957 1747.26904297
0.0353329181671 8 -490.709289551 -107.810668945 1536.98498535 -451.643371582 254.521942139 1713.76452637 -408.512969971 128.504455566 1493.94702148 -534.046691895 25.8861694336 1748.40991211 -408.513031006 -139.813537598 1493.94702148 -534.047424316 -242.431915283 1748.40991211 -408.518310547 -408.131286621 1493.94689941 -534.042114258 -510.749664307 1748.40991211
0.0319590568542 8 -491.144958496 -107.052108765 1536.26538086 -452.706115723 253.936355591 1716.68395996 -407.594390869 129.342422485 1496.39453125 -537.003967285 24.9892120361 1748.19677734 -407.594451904 -138.975570679 1496.39453125 -537.004699707 -243.328872681 1748.19677734 -407.599731445 -407.293334961 1496.39440918 -536.999389648 -511.646606445 1748.19677734
0.0317919254303 8 -491.797912598 -105.447250366 1537.10998535 -453.010620117 255.406646729 1718.64282227 -407.410736084 130.798416138 1498.13696289 -538.120727539 26.2186737061 1749.17260742 -407.410797119 -137.519577026 1498.13696289 -538.121459961 -242.099411011 1749.17260742 -407.41607666 -405.837341309 1498.13684082 -538.116149902 -510.417175293 1749.17260742
0.0355479717255 8 -492.220214844 -104.663375854 1537.04248047 -453.335571289 255.056060791 1719.62158203 -407.496032715 131.618927002 1499.04248047 -538.967712402 26.3719329834 1749.40087891 -407.49609375 -136.699066162 1499.04248047 -538.968444824 -241.946151733 1749.40087891 -407.501373291 -405.016815186 1499.0423584 -538.963134766 -510.263916016 1749.40087891
0.0313351154327 8 -491.759216309 -106.908920288 1536.80053711 -452.338439941 254.244842529 1716.11010742 -406.186920166 128.730224609 1496.76940918 -538.96295166 26.3882141113 1747.64343262 -406.186981201 -139.587768555 1496.76940918 -538.963684082 -241.929870605 1747.64343262 -406.192260742 -407.905517578 1496.76928711 -538.958374023 -510.247619629 1747.64343262
0.0318698883057 8 -492.218139648 -107.341209412 1537.24450684 -451.539428711 254.953063965 1714.8548584 -405.251983643 127.617973328 1496.23986816 -539.550292969 27.3768157959 1747.15197754 -405.252044678 -140.700012207 1496.23986816 -539.551025391 -240.941268921 1747.15197754 -405.257324219 -409.01776123 1496.23974609 -539.545715332 -509.259033203 1747.15197754
0.0371630191803 8 -492.774719238 -107.88193512 1536.9453125 -451.126373291 254.655487061 1713.72607422 -404.821716309 126.631324768 1495.50244141 -540.29486084 27.6508026123 1746.28369141 -404.821777344 -141.686676025 1495.50244141 -540.295593262 -240.667282104 1746.28369141 -404.827056885 -410.004425049 1495.50231934 -540.290283203 -508.985046387 1746.28369141
0.0310840606689 8 -492.785614014 -108.480400085 1536.69360352 -451.078399658 254.225128174 1713.16210938 -404.693023682 125.896392822 1494.78491211 -539.994812012 27.4251251221 1745.85913086 -404.693084717 -142.421600342 1494.78491211 -539.995544434 -240.892959595 1745.85913086 -404.698364258 -410.739349365 1494.78479004 -539.990234375 -509.210693359 1745.85913086
0.0311570167542 8 -492.360931396 -109.238372803 1536.48693848 -449.399749756 254.885452271 1709.88012695 -403.393371582 124.578262329 1493.32336426 -539.58581543 28.1187591553 1744.69714355 -403.393432617 -143.739730835 1493.32336426 -539.586547852 -240.199325562 1744.69714355 -403.398712158 -412.057495117 1493.32336426 -539.581237793 -508.517089844 1744.69714355
0.0362420082092 8 -492.59362793 -109.755111694 1535.81518555 -449.822235107 253.18107605 1711.24108887 -402.525360107 123.981536865 1494.55029297 -540.694824219 26.5958557129 1744.48413086 -402.525421143 -144.336456299 1494.55029297 -540.695556641 -241.722229004 1744.48413086 -402.530700684 -412.654205322 1494.55029297 -540.690246582 -510.039978027 1744.48413086
0.035295009613 8 -491.072631836 -107.453659058 1536.02453613 -449.783477783 255.279647827 1711.91955566 -402.286224365 126.768814087 1494.74438477 -539.613342285 28.5502166748 1744.81665039 -402.2862854 -141.549179077 1494.74438477 -539.614074707 -239.767868042 1744.81665039 -402.291564941 -409.866943359 1494.74438477 -539.608764648 -508.085632324 1744.81665039
0.0337338447571 8 -490.668701172 -104.539527893 1537.45043945 -450.021972656 257.791931152 1716.75964355 -404.508636475 130.910888672 1497.62353516 -537.566955566 28.6855926514 1748.39697266 -404.50869751 -137.407104492 1497.62353516 -537.567687988 -239.632492065 1748.39697266 -404.513977051 -405.724853516 1497.62353516 -537.56237793 -507.950256348 1748.39697266
0.0355501174927 8 -489.647155762 -104.43850708 1536.20898438 -448.738372803 257.389648438 1714.67736816 -407.831237793 132.219497681 1494.43359375 -531.859680176 27.6585540771 1748.84643555 -407.831298828 -136.098495483 1494.43359375 -531.860412598 -240.65953064 1748.84643555 -407.836578369 -404.416259766 1494.43359375 -531.855102539 -508.977294922 1748.84643555
0.0309660434723 8 -491.477081299 -100.120681763 1531.85534668 -448.033233643 257.299316406 1713.62939453 -424.03503418 140.457626343 1486.92126465 -517.849914551 26.7115631104 1750.17541504 -424.035095215 -127.860366821 1486.92126465 -517.850646973 -241.606521606 1750.17541504 -424.040374756 -396.178100586 1486.92126465 -517.845336914 -509.924255371 1750.17541504
0.0315549373627 8 -493.558776855 -98.5739974976 1528.13342285 -447.892730713 256.381622314 1713.10705566 -431.930603027 143.631134033 1483.59692383 -512.930847168 25.0965118408 1748.98486328 -431.930664062 -124.686859131 1483.59692383 -512.93157959 -243.221572876 1748.98486328 -431.935943604 -393.004608154 1483.59692383 -512.926269531 -511.539306641 1748.98486328
0.0404319763184 8 -489.303527832 -102.22102356 1531.08935547 -447.807739258 256.490936279 1713.35058594 -431.26852417 140.731048584 1485.80725098 -508.132202148 21.3473815918 1752.0435791 -431.268585205 -127.58694458 1485.80725098 -508.132904053 -246.970703125 1752.0435791 -431.273864746 -395.904693604 1485.80725098 -508.127624512 -515.288452148 1752.0435791
0.0388240814209 8 -490.482849121 -104.182662964 1530.4543457 -448.179321289 255.568847656 1712.4732666 -427.538787842 137.75163269 1486.30175781 -512.639892578 19.9996490479 1750.75317383 -427.538848877 -130.566360474 1486.30175781 -512.640625 -248.318435669 1750.75317383 -427.544128418 -398.884094238 1486.30175781 -512.635314941 -516.636169434 1750.75317383
0.0294878482819 8 -492.660827637 -103.304023743 1530.78588867 -447.640960693 256.343933105 1713.5378418 -429.655914307 138.766326904 1487.48095703 -511.512969971 19.3838500977 1752.2253418 -429.655975342 -129.55166626 1487.48095703 -511.513671875 -248.934234619 1752.2253418 -429.661254883 -397.869415283 1487.48095703 -511.508392334 -517.251953125 1752.2253418
0.0399849414825 8 -495.216369629 -109.031692505 1530.29516602 -447.215637207 252.83253479 1709.07299805 -434.657592773 133.106246948 1483.98925781 -508.092010498 14.6541595459 1751.60620117 -434.657653809 -135.211746216 1483.98925781 -508.092712402 -253.663925171 1751.60620117 -434.66293335 -403.52947998 1483.98925781 -508.087432861 -521.981689453 1751.60620117
0.0319550037384 8 -495.895141602 -112.006820679 1532.53869629 -447.488861084 252.417449951 1706.83520508 -442.673706055 130.987121582 1481.91088867 -500.958953857 12.9895629883 1753.42822266 -442.67376709 -137.330871582 1481.91088867 -500.959655762 -255.328521729 1753.42822266 -442.679046631 -405.648620605 1481.91088867 -500.954376221 -523.646240234 1753.42822266
0.0305922031403 8 -496.369628906 -113.391998291 1534.05688477 -447.100311279 252.891830444 1706.22412109 -451.706176758 130.908050537 1481.48522949 -492.052490234 10.8883361816 1755.36437988 -451.706237793 -137.409942627 1481.48522949 -492.053192139 -257.429748535 1755.36437988 -451.711517334 -405.72769165 1481.48522949 -492.047912598 -525.747497559 1755.36437988
0.0293228626251 8 -496.681762695 -115.158912659 1534.55541992 -447.491149902 252.773071289 1705.91577148 -456.779602051 129.730743408 1480.91455078 -487.913360596 9.11602783203 1755.73291016 -456.779663086 -138.587249756 1480.91455078 -487.9140625 -259.202056885 1755.73291016 -456.784942627 -406.904998779 1480.91455078 -487.908782959 -527.519775391 1755.73291016
0.0288460254669 8 -497.425170898 -115.771118164 1534.75219727 -447.698883057 253.510269165 1705.76098633 -458.630981445 129.135131836 1480.38476562 -487.038330078 8.87075805664 1755.65161133 -458.63104248 -139.182861328 1480.38476562 -487.039031982 -259.44732666 1755.65161133 -458.636322021 -407.500610352 1480.38476562 -487.033752441 -527.765075684 1755.65161133
0.0359599590302 8 -500.364959717 -113.766113281 1531.89587402 -447.922027588 254.030151367 1705.1796875 -462.746795654 131.586395264 1478.73364258 -486.359985352 9.21429443359 1753.52392578 -462.746856689 -136.7315979 1478.73364258 -486.360687256 -259.103790283 1753.52392578 -462.75213623 -405.049346924 1478.73364258 -486.355407715 -527.421508789 1753.52392578
0.0313360691071 8 -502.009155273 -112.903869629 1529.26257324 -448.270904541 253.435394287 1704.40539551 -464.775878906 132.805908203 1477.16223145 -486.325439453 8.92956542969 1751.48962402 -472.585876465 -141.511901855 1428.17272949 -486.326141357 -259.388519287 1751.48962402 -415.10446167 -346.637207031 1383.36633301 -486.320861816 -527.706298828 1751.48962402
0.0283119678497 8 -502.659606934 -112.907806396 1525.9934082 -446.812103271 253.520965576 1701.50610352 -467.659179688 133.167480469 1473.921875 -481.852233887 8.21032714844 1748.22558594 -467.438262939 -144.928344727 1374.3515625 -481.852935791 -260.107757568 1748.22558594 -332.373779297 -326.408935547 1321.37402344 -481.84765625 -528.425537109 1748.22558594
0.0368399620056 8 -502.551483154 -112.464347839 1524.18603516 -446.973022461 253.750030518 1700.05749512 -470.205627441 134.071655273 1472.51660156 -478.880493164 7.96421813965 1746.52075195 -453.340576172 -147.990905762 1332.11242676 -478.881195068 -260.353881836 1746.52075195 -256.361938477 -297.88269043 1300.21386719 -478.875915527 -528.671630859 1746.52075195
0.0315561294556 8 -498.826293945 -109.468734741 1517.80883789 -447.44934082 254.824203491 1698.69836426 -477.525390625 139.13873291 1471.25012207 -468.501159668 6.30072021484 1741.6505127 -443.04095459 -145.18270874 1302.87011719 -468.501861572 -262.017364502 1741.6505127 -211.498214722 -267.545471191 1302.54418945 -468.496582031 -530.335083008 1741.6505127
0.0322079658508 8 -496.573791504 -105.402374268 1508.25146484 -446.50869751 255.474700928 1694.62817383 -483.713592529 144.812652588 1467.74926758 -459.671905518 5.18479919434 1733.68945312 -435.508483887 -139.228851318 1284.98156738 -459.672607422 -263.133300781 1733.68945312 -189.942062378 -245.609771729 1311.90466309 -459.667327881 -531.451049805 1733.68945312
0.0355398654938 8 -497.876037598 -102.432579041 1506.57592773 -444.937957764 257.141021729 1693.00878906 -482.765838623 147.973388672 1467.50537109 -461.304595947 6.51426696777 1732.96337891 -428.179168701 -134.169555664 1279.47045898 -461.305297852 -261.803833008 1732.96337891 -177.691040039 -238.053131104 1324.01245117 -461.300018311 -530.121582031 1732.96337891
0.0316560268402 8 -499.104309082 -100.086151123 1499.20446777 -444.364837646 256.611480713 1690.94458008 -483.040740967 150.717803955 1462.89233398 -461.071380615 6.06912231445 1726.72143555 -424.679229736 -129.825012207 1275.6159668 -461.07208252 -262.248962402 1726.72143555 -182.952545166 -256.484985352 1343.52880859 -461.066802979 -530.566711426 1726.72143555
0.0319790840149 8 -501.384094238 -96.0458831787 1492.75878906 -443.506469727 257.474487305 1687.06799316 -486.125335693 155.297851562 1459.8782959 -459.091247559 6.7326965332 1721.09118652 -435.449676514 -131.727355957 1281.00195312 -459.091949463 -261.585388184 1721.09118652 -198.468566895 -289.628967285 1331.78076172 -459.086669922 -529.903137207 1721.09118652
0.0391159057617 8 -502.55871582 -94.8756256104 1489.5559082 -444.149291992 257.528839111 1685.27185059 -490.528686523 156.893630981 1458.59716797 -455.990356445 6.32908630371 1717.76660156 -443.82409668 -133.680862427 1288.68017578 -455.99105835 -261.989013672 1717.76660156 -215.001083374 -321.193908691 1319.03125 -455.985778809 -530.306762695 1717.76660156
0.0292999744415 8 -501.82598877 -96.681930542 1488.69824219 -443.1456604 257.802581787 1680.89916992 -494.433380127 155.038818359 1456.00048828 -451.294372559 6.63833618164 1715.10229492 -450.970703125 -136.659179688 1295.0135498 -451.295074463 -261.679748535 1715.10229492 -235.203048706 -349.66317749 1304.3416748 -451.289794922 -529.997497559 1715.10229492
0.0319721698761 8 -503.251495361 -96.744430542 1488.90039062 -442.319122314 259.237792969 1678.74572754 -497.111602783 154.833892822 1454.7479248 -449.842529297 7.93389892578 1714.03552246 -456.561676025 -144.166290283 1298.70568848 -449.843231201 -260.384185791 1714.03552246 -256.498168945 -377.669250488 1291.26062012 -449.83795166 -528.701904297 1714.03552246
0.036337852478 8 -505.250610352 -97.1161956787 1489.93994141 -442.447265625 260.013122559 1677.68493652 -499.80255127 154.260284424 1454.15795898 -449.616241455 9.02056884766 1713.85986328 -462.860870361 -153.922576904 1297.05554199 -449.616943359 -259.297515869 1713.85986328 -273.653564453 -400.974304199 1281.02587891 -449.611663818 -527.615234375 1713.85986328
0.0314111709595 8 -506.588684082 -96.2799377441 1492.98095703 -441.8046875 261.940979004 1677.65014648 -498.655151367 154.618560791 1454.45947266 -451.776947021 11.8554077148 1716.13891602 -474.22442627 -127.602996826 1312.24658203 -451.777648926 -256.462677002 1716.13891602 -330.446044922 -388.785858154 1283.96472168 -451.772369385 -524.780395508 1716.13891602
0.0317108631134 8 -507.392883301 -98.8955078125 1494.54577637 -440.194335938 262.060424805 1672.61181641 -497.504882812 151.161056519 1451.38366699 -452.83215332 12.9990692139 1715.88684082 -482.149475098 -112.498275757 1321.26745605 -452.832855225 -255.319015503 1715.88684082 -368.264587402 -382.735229492 1284.45861816 -452.827575684 -523.636779785 1715.88684082
0.0392279624939 8 -508.150085449 -100.85383606 1496.23132324 -439.360443115 262.369689941 1670.11010742 -496.729034424 148.484924316 1449.4362793 -453.645935059 13.9726867676 1716.08203125 -488.71862793 -102.108459473 1326.33569336 -453.646636963 -254.345397949 1716.08203125 -398.906036377 -371.394226074 1255.99829102 -453.641357422 -522.663146973 1716.08203125
0.029412984848 8 -507.597106934 -103.66985321 1497.71142578 -437.528167725 262.44229126 1665.84863281 -495.708343506 144.97265625 1447.43640137 -451.915130615 14.0258178711 1715.7467041 -493.573791504 -102.19909668 1325.55004883 -451.91583252 -254.292266846 1715.7467041 -415.984649658 -370.841156006 1237.89904785 -451.910552979 -522.609985352 1715.7467041
0.0318970680237 8 -509.042785645 -106.158126831 1496.37133789 -435.224914551 261.65612793 1659.73596191 -495.882141113 141.803665161 1443.12109375 -450.133148193 13.5832977295 1712.43969727 -498.799835205 -103.943939209 1323.42675781 -450.133850098 -254.734786987 1712.43969727 -428.697662354 -373.472564697 1229.43054199 -450.128570557 -523.05255127 1712.43969727
0.0363230705261 8 -509.635803223 -109.324562073 1495.27001953 -436.041229248 258.677612305 1656.68920898 -498.646148682 138.530075073 1441.0057373 -448.698242188 11.5353393555 1710.15808105 -502.499938965 -109.075866699 1320.55517578 -448.698944092 -256.782745361 1710.15808105 -437.905731201 -380.313568115 1225.80187988 -448.693664551 -525.100463867 1710.15808105
0.0319399833679 8 -510.247711182 -108.565826416 1495.6361084 -435.591156006 260.388122559 1655.66088867 -501.941436768 139.336730957 1441.10693359 -445.466369629 12.7446136475 1709.14331055 -505.901947021 -112.311798096 1319.19091797 -445.467071533 -255.573471069 1709.14331055 -447.033172607 -385.510528564 1225.51000977 -445.461791992 -523.891235352 1709.14331055
0.0316109657288 8 -511.213806152 -108.058830261 1494.97509766 -434.707641602 261.825714111 1651.65478516 -504.492767334 139.56993103 1438.9888916 -442.782409668 14.5308837891 1706.60827637 -509.475799561 -111.205749512 1319.13757324 -442.783111572 -253.787200928 1706.60827637 -457.643768311 -386.556884766 1227.30102539 -442.777832031 -522.104980469 1706.60827637
0.0368540287018 8 -511.883514404 -107.097846985 1494.51611328 -433.889129639 263.209381104 1649.63537598 -506.566864014 140.48916626 1438.17834473 -440.975250244 15.9050140381 1705.09606934 -512.420349121 -112.086425781 1318.58532715 -440.975952148 -252.413070679 1705.09606934 -467.926818848 -389.754699707 1229.82678223 -440.970672607 -520.730834961 1705.09606934
0.0317580699921 8 -511.337585449 -107.909805298 1495.0378418 -433.473388672 263.973693848 1648.11645508 -511.38659668 139.704986572 1438.68237305 -434.896484375 16.0965423584 1703.0480957 -515.390869141 -113.794158936 1318.32897949 -434.897186279 -252.221542358 1703.0480957 -478.960266113 -393.381011963 1231.92773438 -434.891906738 -520.539306641 1703.0480957
0.031790971756 8 -511.349121094 -108.889892578 1495.82177734 -432.895996094 264.437255859 1647.37646484 -514.500244141 138.630126953 1439.11157227 -431.393859863 16.0232543945 1701.9675293 -519.395141602 -112.878326416 1318.2479248 -431.394561768 -252.294830322 1701.9675293 -487.442687988 -394.041900635 1234.99584961 -431.389282227 -520.612548828 1701.9675293
0.0357489585876 8 -511.172149658 -110.563537598 1495.61645508 -431.511810303 264.449035645 1643.54296875 -516.519470215 136.670791626 1437.80664062 -427.343505859 15.6441192627 1699.4296875 -523.374328613 -112.165557861 1317.91650391 -427.344207764 -252.673965454 1699.4296875 -491.645233154 -393.984344482 1236.51208496 -427.338928223 -520.991699219 1699.4296875
0.0319859981537 8 -510.927459717 -110.144447327 1495.47583008 -429.624725342 264.787322998 1642.09008789 -516.00793457 136.989379883 1437.17663574 -426.084716797 16.3036499023 1698.73034668 -526.132873535 -113.214797974 1316.61853027 -426.085418701 -252.014434814 1698.73034668 -493.916564941 -395.264099121 1236.03540039 -426.08013916 -520.33215332 1698.73034668
0.0319709777832 8 -510.946289062 -109.981239319 1496.95727539 -428.786437988 265.189147949 1640.84399414 -514.585876465 136.587051392 1436.22351074 -427.52243042 18.1273803711 1699.75378418 -528.696044922 -114.363098145 1315.43005371 -427.523132324 -250.190704346 1699.75378418 -494.567169189 -396.010437012 1234.16430664 -427.517852783 -518.508422852 1699.75378418
0.0357999801636 8 -511.428100586 -110.452812195 1497.75195312 -428.106933594 265.411468506 1640.23925781 -514.762329102 135.907928467 1436.14355469 -427.062805176 18.2110748291 1699.8125 -531.447021484 -114.580322266 1313.8762207 -427.06350708 -250.107009888 1699.8125 -494.55557251 -395.801849365 1232.33300781 -427.058227539 -518.424743652 1699.8125
0.0315799713135 8 -511.263366699 -111.128791809 1498.02319336 -426.634918213 265.162231445 1636.4206543 -512.864074707 134.577911377 1433.81689453 -427.526428223 19.1938323975 1699.27172852 -534.40838623 -115.688156128 1311.84545898 -427.527130127 -249.124252319 1699.27172852 -493.146636963 -396.434692383 1230.82788086 -427.521850586 -517.442016602 1699.27172852
0.0438950061798 8 -511.168487549 -111.004653931 1497.02478027 -426.865783691 265.483215332 1635.02380371 -513.780151367 134.72567749 1432.92114258 -427.004547119 19.4920654297 1697.98876953 -536.215087891 -118.350631714 1309.39501953 -427.005249023 -248.826019287 1697.98876953 -490.354125977 -398.794677734 1229.8737793 -426.999969482 -517.143798828 1697.98876953
0.0376269817352 8 -509.021575928 -112.385925293 1499.31298828 -426.418182373 266.067138672 1634.32055664 -511.489562988 132.465499878 1431.95458984 -427.327392578 20.9394989014 1699.42773438 -537.236328125 -118.441314697 1308.77368164 -427.328094482 -247.378585815 1699.42773438 -487.489868164 -398.322662354 1229.58532715 -427.322814941 -515.696350098 1699.42773438
0.0285031795502 8 -509.993652344 -112.219650269 1497.47753906 -426.666625977 265.573486328 1633.47790527 -512.860595703 133.002059937 1431.47705078 -427.038848877 19.986831665 1697.82202148 -537.36517334 -120.824584961 1307.94750977 -427.039550781 -248.331253052 1697.82202148 -481.947265625 -400.054412842 1230.35449219 -427.03427124 -516.648986816 1697.82202148
0.0300388336182 8 -510.133239746 -112.486343384 1496.51757812 -426.77532959 265.788208008 1633.05358887 -513.941345215 132.91242981 1431.2154541 -426.65133667 19.3774871826 1696.87268066 -536.100891113 -120.510513306 1308.32324219 -426.652038574 -248.940597534 1696.87268066 -476.154296875 -399.12512207 1231.86791992 -426.646759033 -517.258361816 1696.87268066
0.0345370769501 8 -509.06817627 -115.165985107 1496.00439453 -426.125518799 264.443145752 1629.33215332 -513.307006836 129.669662476 1428.65527344 -425.351074219 18.4886932373 1695.06787109 -534.427185059 -119.934188843 1308.69165039 -425.351776123 -249.829391479 1695.06787109 -471.878356934 -398.571289062 1234.34753418 -425.346496582 -518.147155762 1695.06787109
0.0313410758972 8 -509.305511475 -112.86466217 1496.89013672 -426.815704346 266.789886475 1631.98974609 -514.091491699 132.308456421 1430.8125 -425.311828613 19.8726806641 1696.4519043 -533.08013916 -123.071609497 1307.70385742 -425.312530518 -248.445404053 1696.4519043 -466.349578857 -401.553283691 1236.54907227 -425.307250977 -516.763183594 1696.4519043
0.0349838733673 8 -509.225769043 -111.072372437 1497.61791992 -429.09677124 267.882324219 1636.31555176 -514.868041992 134.576278687 1433.40869141 -426.82611084 20.508102417 1698.60253906 -532.162597656 -120.51763916 1309.35351562 -426.826812744 -247.8099823 1698.60253906 -462.050598145 -398.842712402 1240.85791016 -426.821533203 -516.127746582 1698.60253906
0.0317671298981 8 -510.712402344 -111.562637329 1499.33374023 -429.547851562 267.592376709 1634.92272949 -513.241638184 133.775177002 1433.78466797 -430.733093262 20.4268188477 1701.01635742 -531.152587891 -118.108291626 1311.60498047 -430.733795166 -247.891265869 1701.01635742 -458.292541504 -395.845214844 1243.49902344 -430.728515625 -516.208984375 1701.01635742
0.0311398506165 8 -509.296051025 -113.646232605 1497.11010742 -430.651580811 265.951934814 1633.65612793 -520.177062988 132.366378784 1435.34960938 -423.338989258 17.4682617188 1696.79833984 -529.715270996 -119.396286011 1312.2689209 -423.339691162 -250.849822998 1696.79833984 -455.762817383 -397.317504883 1246.04846191 -423.334411621 -519.167602539 1696.79833984
0.0355980396271 8 -508.824157715 -113.045181274 1492.93994141 -431.626464844 265.757843018 1633.62280273 -521.032958984 133.563522339 1433.70666504 -422.586151123 16.3593597412 1693.6661377 -528.788330078 -119.938537598 1313.11181641 -422.586853027 -251.958724976 1693.6661377 -452.127349854 -397.431762695 1248.18676758 -422.581573486 -520.276489258 1693.6661377
0.0314099788666 8 -508.326599121 -113.281341553 1491.27746582 -433.522155762 264.887023926 1634.10620117 -521.731262207 133.560714722 1433.18505859 -422.614074707 15.5679779053 1692.61474609 -526.05657959 -120.090316772 1314.13806152 -422.614776611 -252.750106812 1692.61474609 -449.469787598 -397.614990234 1249.18786621 -422.60949707 -521.067871094 1692.61474609
0.0313680171967 8 -508.881652832 -109.558410645 1493.12780762 -435.614990234 267.496887207 1637.82958984 -518.895690918 137.339187622 1434.57751465 -428.542236328 18.8594818115 1696.94470215 -524.942993164 -121.014328003 1314.30310059 -428.542938232 -249.458602905 1696.94470215 -447.3359375 -398.364196777 1249.79211426 -428.537658691 -517.776367188 1696.94470215
0.0354859828949 8 -507.791351318 -111.25378418 1494.09008789 -436.892181396 266.932617188 1639.22692871 -518.002075195 135.393218994 1434.47851562 -429.228881836 18.166015625 1697.97998047 -524.296386719 -117.944732666 1315.88256836 -429.22958374 -250.152069092 1697.97998047 -447.08493042 -395.239227295 1250.64538574 -429.224304199 -518.469848633 1697.97998047
0.0315010547638 8 -506.568908691 -112.827774048 1495.41577148 -437.817993164 265.979431152 1639.42358398 -519.212402344 133.557342529 1435.18969727 -428.010864258 17.814239502 1698.52661133 -525.152648926 -119.606384277 1315.40612793 -428.011566162 -250.503845215 1698.52661133 -445.553466797 -396.346466064 1250.72119141 -428.006286621 -518.821594238 1698.52661133
0.0316350460052 8 -506.190826416 -111.441246033 1496.63964844 -437.620819092 267.775787354 1640.00683594 -518.852722168 134.800552368 1435.81018066 -427.548828125 19.7403869629 1699.3770752 -526.344543457 -121.163406372 1314.65539551 -427.549530029 -248.577697754 1699.3770752 -444.571899414 -397.405700684 1250.56616211 -427.544250488 -516.895446777 1699.3770752
0.0420489311218 8 -505.751708984 -110.814620972 1497.15917969 -437.500488281 268.755584717 1639.80957031 -518.092834473 135.27166748 1435.62854004 -427.742767334 20.8579406738 1699.82580566 -527.013793945 -120.435638428 1314.61889648 -427.743469238 -247.460144043 1699.82580566 -445.379272461 -396.736816406 1250.57092285 -427.738189697 -515.777893066 1699.82580566
0.0330209732056 8 -505.836608887 -111.144424438 1497.33581543 -437.998657227 268.978393555 1639.73168945 -518.94140625 134.868896484 1435.66796875 -427.167297363 20.8276062012 1699.55297852 -527.619750977 -120.269088745 1314.65588379 -427.167999268 -247.490478516 1699.55297852 -447.402709961 -396.758239746 1249.64050293 -427.162719727 -515.808227539 1699.55297852
