0.0291101932526 8 593.125793457 -65.8745803833 1471.25097656 628.95513916 276.159973145 1598.91723633 655.896118164 67.756439209 1699.6151123 594.223388672 147.73677063 1302.97497559 589.316162109 276.71963501 1789.79394531 650.485656738 -73.9738616943 1281.66967773 573.987670898 50.9574279785 1718.89123535 608.09588623 -388.418579102 1196.58508301
0.0347399711609 8 593.750549316 -66.3203659058 1466.13427734 628.945922852 275.349365234 1598.07678223 657.870544434 63.8294372559 1698.30322266 590.08001709 151.702377319 1300.58789062 588.370605469 274.531341553 1782.00024414 648.491516113 -69.8934631348 1282.46069336 576.705200195 51.7975006104 1701.47509766 607.026611328 -382.328094482 1201.09887695
0.0300698280334 8 594.888793945 -70.5326080322 1463.61804199 629.212341309 275.000976562 1597.11035156 656.826904297 57.0461425781 1697.8536377 596.872192383 143.484893799 1292.82043457 570.661254883 250.304962158 1804.96081543 650.135742188 -63.5288391113 1282.52844238 550.495361328 30.2001342773 1718.98034668 606.92199707 -376.73550415 1198.66699219
0.0343701839447 8 591.547851562 -71.5629577637 1460.07910156 629.58770752 274.326690674 1596.37548828 654.186706543 54.633102417 1698.25842285 589.577209473 141.123458862 1283.04992676 608.225402832 -170.620391846 1756.51513672 654.539245605 -62.9500427246 1278.32849121 499.134399414 -110.425094604 1554.72045898 608.927185059 -373.358306885 1197.94885254
0.0318698883057 8 593.473449707 -69.4819488525 1447.81665039 629.027526855 274.312988281 1596.24597168 658.680114746 37.8755493164 1693.20361328 584.756286621 158.392181396 1292.9296875 617.178955078 -188.732284546 1749.84802246 650.022644043 -47.1626434326 1284.19592285 484.271911621 -159.09753418 1555.58129883 603.716796875 -359.535766602 1202.86425781
0.0310709476471 8 596.637145996 -71.369178772 1444.4107666 628.007263184 274.868591309 1595.40222168 662.805358887 26.6525268555 1689.7824707 585.362365723 161.090255737 1302.88525391 638.662414551 -198.474334717 1760.61462402 646.130981445 -37.0945281982 1287.97583008 495.045776367 -166.373565674 1574.53405762 602.204772949 -341.815307617 1207.66149902
0.0483810901642 8 598.522277832 -75.2890167236 1447.65539551 626.624450684 274.933013916 1594.78417969 663.230224609 21.2665557861 1689.01477051 588.512084961 157.487747192 1315.44567871 632.574768066 -205.785949707 1750.67004395 646.89074707 -35.4526672363 1286.86291504 483.323425293 -215.883880615 1566.50695801 600.407592773 -339.587982178 1207.0670166
0.0302240848541 8 597.403930664 -76.0788726807 1449.5369873 626.072387695 274.672241211 1594.56774902 662.673706055 28.3939056396 1691.22363281 585.908569336 155.987136841 1309.53466797 624.303283691 -198.712966919 1748.18103027 646.079406738 -42.7529449463 1286.03869629 474.319641113 -258.792205811 1574.43017578 600.725280762 -348.73425293 1206.31677246
0.0281898975372 8 596.443237305 -76.1013641357 1452.01159668 625.708129883 275.034851074 1594.40917969 660.427001953 31.934967041 1692.96789551 588.599853516 154.708312988 1308.8638916 616.08013916 -195.426055908 1744.29321289 647.768798828 -45.9415435791 1285.17932129 469.93536377 -297.264343262 1587.56213379 603.286865234 -352.760742188 1205.65478516
0.0335650444031 8 593.70526123 -75.9443893433 1456.17541504 625.447265625 276.097351074 1594.98120117 656.319519043 38.8238983154 1695.97155762 590.698547363 151.343292236 1304.76208496 606.192626953 -188.176376343 1743.42834473 650.761901855 -52.4812927246 1282.49938965 445.320892334 -309.196136475 1617.85571289 608.054138184 -357.206665039 1203.7154541
0.0308558940887 8 593.148681641 -78.5808258057 1460.35131836 624.855895996 276.533172607 1595.32727051 656.465515137 44.2291870117 1697.78222656 589.701599121 146.392883301 1302.74414062 585.967285156 -180.707870483 1724.75024414 649.378112793 -57.9618835449 1281.45629883 443.929321289 -351.248657227 1640.87524414 605.723022461 -367.3203125 1202.06396484
0.031259059906 8 590.627685547 -77.5516891479 1460.62463379 624.024108887 276.126098633 1595.14709473 655.18145752 51.6865539551 1700.39916992 583.890319824 145.792770386 1292.00170898 592.595825195 -141.237213135 1716.85534668 648.11505127 -68.3951721191 1279.68493652 531.673400879 -221.171813965 1693.05114746 606.84552002 -375.379150391 1201.54785156
0.0352230072021 8 589.013427734 -80.9027404785 1460.39929199 623.295654297 276.239990234 1594.31787109 651.934082031 56.5151367188 1693.01904297 580.805908203 135.522216797 1287.05615234 629.735229492 -145.117324829 1722.60888672 644.960571289 -81.9585876465 1277.51623535 523.197265625 -222.734313965 1702.58520508 602.288391113 -390.027191162 1198.60327148
0.0295350551605 8 587.715637207 -82.1438751221 1458.03930664 622.884887695 275.919403076 1593.1036377 650.448059082 59.1997833252 1687.6887207 576.817932129 128.529251099 1278.73339844 625.539550781 -155.108810425 1735.25952148 643.138549805 -88.473815918 1275.59240723 520.924926758 -227.047714233 1705.99462891 601.609619141 -394.750366211 1197.76123047
0.031683921814 8 586.968017578 -82.6893768311 1458.9609375 622.358703613 275.813659668 1592.98156738 649.784729004 58.9380111694 1693.01928711 575.724304199 128.760192871 1274.7043457 613.717468262 -172.026062012 1734.00512695 642.790710449 -87.479019165 1274.91760254 439.188354492 -319.284301758 1669.35473633 600.028015137 -398.780700684 1195.38317871
0.0346450805664 8 586.349365234 -85.2144927979 1456.84460449 621.787475586 275.48260498 1593.33935547 648.425048828 59.421081543 1686.68640137 574.499511719 122.148712158 1271.20935059 619.670715332 -170.527526855 1735.63452148 640.725463867 -89.6492156982 1274.11083984 439.686218262 -310.612609863 1671.75305176 599.991516113 -399.269592285 1197.45703125
0.0309669971466 8 592.325195312 -97.0710906982 1467.2355957 620.556152344 275.329467773 1594.09204102 646.595825195 43.2819366455 1689.83728027 592.35534668 108.326370239 1294.00744629 622.711181641 -187.566619873 1737.14001465 643.900878906 -80.7345428467 1273.5748291 442.483612061 -326.916687012 1672.34289551 602.679870605 -382.904663086 1197.91394043
0.032616853714 8 592.865905762 -96.4361572266 1467.64453125 619.450866699 275.018127441 1594.47924805 645.006835938 50.5142059326 1691.51147461 591.298217773 107.682022095 1286.63867188 624.291625977 -182.672622681 1727.48181152 646.782470703 -93.2861633301 1273.3848877 457.257019043 -349.908599854 1712.29455566 604.719665527 -389.267608643 1196.24853516
0.0359890460968 8 588.826171875 -95.2399673462 1461.86303711 618.781005859 274.736175537 1594.72167969 640.992614746 51.5638580322 1681.93457031 590.943054199 107.141662598 1283.70117188 635.901550293 -126.082458496 1709.67993164 647.289611816 -92.7805328369 1274.40002441 508.826629639 -269.676940918 1725.62585449 606.111083984 -386.096191406 1197.31774902
0.0335440635681 8 585.684936523 -92.7138519287 1457.00976562 618.262145996 274.763061523 1595.20874023 637.801330566 53.4317626953 1676.16223145 586.251159668 108.249542236 1278.91955566 633.401367188 -134.962051392 1717.22619629 646.09362793 -92.1334533691 1274.38903809 508.595336914 -270.726257324 1727.15197754 606.419494629 -382.197418213 1196.40551758
0.0315270423889 8 588.505554199 -87.5930252075 1442.40441895 617.527526855 274.373809814 1595.52929688 643.843505859 40.8254089355 1670.52185059 576.188354492 124.167800903 1279.31848145 640.629821777 -138.576477051 1712.49584961 638.401000977 -79.0981750488 1277.90124512 510.332885742 -284.758422852 1729.33007812 595.532226562 -378.033782959 1197.48425293
0.0357480049133 8 586.801330566 -85.0957336426 1441.72583008 617.114868164 274.076599121 1595.91491699 643.927368164 41.59324646 1671.14538574 573.842041016 126.015853882 1276.76818848 636.538391113 -125.804122925 1712.14416504 637.332275391 -81.0944061279 1276.54626465 509.584625244 -286.261505127 1732.27490234 595.317871094 -381.124572754 1195.07275391
0.031641960144 8 584.852905273 -79.1012496948 1440.3494873 616.126586914 274.198303223 1596.47021484 643.857116699 40.8325500488 1671.9732666 572.238342285 130.695449829 1274.99645996 635.263183594 -124.485107422 1711.73864746 638.561828613 -77.6629180908 1276.39379883 512.936828613 -286.980041504 1737.7824707 596.985961914 -374.3046875 1197.09875488
0.0319480895996 8 582.582214355 -73.3704605103 1441.2175293 614.836914062 273.988647461 1597.06677246 641.256591797 42.8759460449 1673.64526367 573.703491211 133.174575806 1273.17260742 631.907470703 -120.276351929 1711.95178223 641.643676758 -67.3563079834 1274.43762207 514.175170898 -284.651062012 1744.44958496 601.409484863 -372.042175293 1196.35961914
0.0355799198151 8 574.18371582 -66.5885772705 1443.85632324 613.454467773 273.684875488 1597.59033203 627.530700684 46.8949737549 1677.83972168 585.680969238 132.754684448 1268.91931152 618.031921387 -113.335952759 1714.11120605 656.145629883 -62.2118530273 1271.08776855 503.959289551 -280.324157715 1752.7578125 613.81439209 -375.351013184 1192.80908203
0.046942949295 8 569.956787109 -61.9617614746 1444.92150879 611.99407959 273.74420166 1598.37036133 622.486816406 51.3625946045 1681.99047852 589.57043457 133.864456177 1263.06665039 611.250976562 -106.613967896 1713.95800781 661.088562012 -60.119354248 1269.51647949 501.190673828 -278.822296143 1758.98876953 620.760742188 -373.874023438 1192.50744629
0.0290329456329 8 568.169128418 -60.3074302673 1444.55773926 610.975280762 273.934509277 1598.96350098 620.55065918 54.3525543213 1684.48742676 588.798461914 135.213973999 1258.00183105 598.258728027 -82.9816741943 1706.24682617 662.754333496 -55.0322113037 1271.35388184 501.869262695 -270.923248291 1760.35388184 621.312988281 -380.997558594 1193.55944824
0.0245139598846 8 569.351745605 -65.4536819458 1448.22094727 609.530578613 274.181945801 1598.81237793 625.295837402 63.1219329834 1684.79260254 582.620544434 129.617218018 1254.83239746 594.909057617 -70.4068450928 1707.60241699 656.951293945 -65.9346008301 1271.09375 504.311157227 -265.659179688 1765.76123047 612.546325684 -396.032562256 1188.85351562
0.0310990810394 8 570.29498291 -67.0319595337 1448.61755371 608.117614746 274.522766113 1599.00561523 626.924316406 66.8242263794 1684.72070312 579.33581543 128.652069092 1252.4152832 593.128173828 -70.0044937134 1703.10974121 654.64465332 -71.0692138672 1271.00891113 504.068054199 -264.903900146 1770.04406738 611.161621094 -395.531707764 1189.37548828
0.0321810245514 8 571.275512695 -66.393157959 1449.3182373 606.085388184 274.67666626 1598.953125 627.726928711 72.0384674072 1683.5826416 576.816772461 127.152542114 1249.97058105 592.022216797 -63.9175567627 1702.05639648 652.719665527 -83.65965271 1270.50830078 506.116149902 -269.725036621 1775.65771484 609.004333496 -399.79309082 1187.43884277
0.0358889102936 8 571.534179688 -66.5964431763 1451.6451416 604.555603027 274.998046875 1599.0604248 628.032348633 74.4179916382 1686.75732422 575.689331055 125.997398376 1248.55517578 592.516235352 -65.5017318726 1705.86962891 652.619018555 -83.5723953247 1271.48010254 502.409729004 -278.333099365 1774.45996094 609.974731445 -398.214904785 1188.51330566
0.0336210727692 8 571.947570801 -65.4138336182 1458.41052246 601.287719727 275.002258301 1600.11474609 631.162658691 82.5886993408 1687.69335938 573.399230957 119.721206665 1249.35302734 594.690368652 -80.598815918 1718.74597168 649.534423828 -89.9272460938 1272.24987793 498.394012451 -281.175720215 1764.21838379 609.028991699 -399.02935791 1189.98937988
0.0321259498596 8 571.830322266 -67.0457229614 1457.92834473 599.044494629 274.679656982 1601.01660156 630.640869141 82.4290390015 1688.77380371 574.444213867 120.866966248 1248.7076416 570.055969238 -98.946937561 1705.45275879 650.470092773 -92.8966903687 1271.39294434 425.735107422 -425.391723633 1668.01940918 607.280090332 -406.717803955 1186.78759766
0.0352351665497 8 574.272460938 -75.2262802124 1458.76916504 597.636047363 273.673583984 1602.01647949 629.381774902 65.8913421631 1687.60766602 587.075866699 110.888824463 1257.48388672 553.788024902 -129.12348938 1698.41687012 651.718994141 -81.633972168 1270.08056641 422.178649902 -440.687438965 1656.70800781 606.164916992 -398.114105225 1187.47692871
0.0317947864532 8 575.440979004 -82.5906906128 1458.89587402 596.754699707 273.121643066 1602.29345703 626.985595703 56.1616516113 1689.10400391 595.538818359 108.498001099 1263.99511719 550.15838623 -146.233963013 1692.33703613 654.015197754 -84.4141845703 1261.51904297 415.833374023 -447.370788574 1650.08947754 611.268615723 -385.198883057 1189.6661377
0.0316622257233 8 577.080383301 -83.4862594604 1466.56164551 595.349487305 272.567749023 1601.08190918 624.737182617 52.3094787598 1693.27294922 600.015991211 116.872146606 1289.24731445 555.080871582 -146.997802734 1698.03857422 657.342895508 -73.2473144531 1266.49780273 404.409240723 -448.819213867 1596.81262207 615.181518555 -377.057983398 1190.42944336
0.0392899513245 8 583.254272461 -92.4568710327 1473.06640625 594.146118164 272.268371582 1599.57470703 625.048217773 27.7539978027 1699.36950684 622.473388672 108.128982544 1312.94812012 563.050415039 -140.429397583 1707.78112793 659.909423828 -60.5346374512 1268.88244629 384.667022705 -455.426635742 1585.62329102 618.915161133 -360.229309082 1193.98498535
0.0316359996796 8 586.202575684 -101.541679382 1477.09460449 593.520568848 271.837158203 1597.50427246 623.166259766 16.7776947021 1702.43798828 632.980712891 100.459098816 1324.93286133 556.346008301 -163.476226807 1703.59399414 662.180541992 -51.0935440063 1270.07763672 383.985626221 -451.197998047 1590.36657715 621.431884766 -349.349609375 1194.47949219
0.0309729576111 8 589.139953613 -110.727401733 1479.14038086 591.719604492 270.779174805 1594.3326416 621.828186035 26.9666290283 1686.21765137 623.025817871 74.4023590088 1313.34484863 563.672302246 -140.7787323 1704.55358887 664.118225098 -114.674987793 1275.22900391 375.256774902 -411.87109375 1590.31616211 618.234802246 -381.058807373 1191.94641113
0.0351650714874 8 591.749023438 -112.153007507 1486.66015625 592.05090332 270.293731689 1592.55871582 620.40020752 30.0572052002 1696.51220703 626.715148926 73.5665588379 1315.28808594 560.613464355 -152.878051758 1700.82421875 663.996337891 -107.083740234 1273.21704102 349.088012695 -407.903991699 1580.9831543 616.084655762 -391.800018311 1189.85839844
0.0314598083496 8 588.718811035 -112.172164917 1488.66027832 592.08001709 270.113372803 1591.08215332 613.546691895 33.276184082 1701.6151123 620.127380371 72.9966125488 1310.2010498 539.420959473 -174.929473877 1698.16809082 663.629882812 -113.138809204 1273.28540039 338.454101562 -395.480957031 1575.40429688 618.381652832 -394.878601074 1191.88696289
0.0359930992126 8 588.149230957 -111.311096191 1489.81689453 591.331054688 268.920959473 1589.58129883 611.696594238 34.298538208 1707.18652344 617.449035645 75.2525100708 1307.21899414 520.458007812 -168.941497803 1686.83605957 665.790039062 -117.9529953 1276.41113281 326.853088379 -383.126617432 1571.3145752 617.465087891 -400.065307617 1198.3236084
0.0319180488586 8 582.391479492 -103.145675659 1487.3828125 590.309814453 266.708221436 1583.29382324 608.281799316 52.213973999 1708.49572754 599.75579834 81.442489624 1289.08044434 514.633544922 -152.904541016 1688.68017578 665.327331543 -137.577575684 1276.23876953 319.110351562 -350.459777832 1568.87365723 617.239379883 -426.252868652 1187.65539551
0.0313210487366 8 579.386413574 -99.9530487061 1484.43237305 590.208374023 265.92980957 1579.61560059 607.133605957 60.3735427856 1708.72094727 589.84185791 85.7957992554 1279.08325195 511.726867676 -162.105041504 1656.47412109 664.234375 -144.342346191 1276.14208984 310.925415039 -333.875366211 1573.74853516 618.747070312 -433.336486816 1190.84619141
0.0357129573822 8 579.285888672 -92.2457427979 1477.61120605 589.724365234 264.567474365 1577.73132324 616.113708496 73.4410629272 1690.59716797 584.250793457 87.7226638794 1273.26245117 512.373291016 -159.223327637 1664.08764648 662.889221191 -132.262268066 1282.53198242 297.579223633 -322.844390869 1559.26123047 618.422302246 -432.121582031 1190.17883301
0.0318188667297 8 578.325927734 -95.4038696289 1479.18444824 589.289428711 263.748596191 1576.59594727 612.856567383 64.0657272339 1695.17834473 584.568237305 84.2444229126 1276.78845215 513.852416992 -161.502655029 1670.78112793 661.505249023 -135.342529297 1282.87963867 289.33694458 -321.680725098 1558.85827637 616.740539551 -432.998352051 1188.50219727
0.0324029922485 8 579.005187988 -102.883331299 1478.64025879 589.225952148 262.918701172 1574.86462402 605.977844238 42.2182922363 1692.55419922 609.66192627 81.9360961914 1298.51977539 506.03918457 -183.547637939 1667.66040039 664.67401123 -120.891891479 1285.43933105 278.859191895 -331.265197754 1549.46276855 621.139099121 -414.676452637 1193.98986816
0.0361571311951 8 573.384643555 -100.518539429 1463.81787109 589.241149902 262.243408203 1574.56298828 600.340454102 43.8784790039 1678.56970215 605.432861328 89.6551208496 1289.16784668 500.665527344 -178.669235229 1668.66540527 666.838378906 -123.382293701 1284.25866699 261.546081543 -324.260620117 1538.62353516 627.300354004 -409.325775146 1192.03381348
0.0320858955383 8 575.766662598 -99.6182937622 1464.84277344 589.371154785 261.852935791 1572.94726562 598.926147461 55.4860076904 1662.20556641 605.930053711 81.0114746094 1291.61157227 505.431518555 -173.673171997 1668.81872559 655.024658203 -133.338287354 1285.88452148 261.457244873 -318.416809082 1537.96362305 619.17010498 -417.714355469 1192.20263672
0.0318169593811 8 574.787353516 -106.491600037 1464.03186035 589.35168457 261.885681152 1571.38671875 598.063903809 50.3976287842 1659.69360352 605.355163574 76.2339782715 1293.39550781 505.285949707 -179.179397583 1670.67590332 650.863830566 -138.964981079 1285.17541504 250.821731567 -320.905487061 1529.21191406 607.123596191 -428.706604004 1194.78979492
0.0382690429688 8 577.805419922 -117.722732544 1468.19482422 589.401245117 261.83807373 1569.09594727 602.871032715 31.859664917 1669.17871094 605.606384277 67.7645950317 1300.20825195 505.374572754 -197.16166687 1672.46362305 648.607055664 -132.066131592 1286.54882812 245.059020996 -335.685760498 1529.7746582 607.723388672 -410.462677002 1193.66711426
0.0322389602661 8 575.376525879 -123.135772705 1465.76477051 589.059448242 261.749328613 1568.04870605 600.433410645 22.2302246094 1665.87475586 606.901062012 62.3576049805 1303.27856445 498.792816162 -207.502441406 1674.14501953 646.137512207 -144.438278198 1283.94519043 232.562896729 -341.781738281 1521.1081543 606.78302002 -403.987792969 1194.28723145
0.0308091640472 8 574.326171875 -120.860137939 1471.14880371 588.719848633 261.14630127 1566.95483398 596.385314941 27.8176879883 1664.72680664 607.759094238 54.6681518555 1303.40966797 494.544433594 -205.619476318 1674.92456055 641.459350586 -156.419647217 1282.54919434 225.335784912 -340.069396973 1518.82495117 602.432800293 -408.841247559 1192.12695312
0.0351769924164 8 575.905639648 -123.246116638 1470.61486816 587.314025879 261.501464844 1565.65270996 595.088684082 23.5003051758 1663.32446289 619.055725098 55.4387664795 1311.71386719 492.774353027 -211.212432861 1674.71362305 637.256713867 -154.975204468 1280.74780273 220.709136963 -345.312316895 1511.59375 597.966918945 -401.123748779 1192.29052734
0.0315430164337 8 576.534118652 -121.82257843 1473.67456055 586.168273926 262.000854492 1563.47729492 593.542114258 27.1655883789 1662.97351074 620.824707031 49.7367095947 1309.58068848 487.28894043 -205.745635986 1674.15393066 638.927734375 -162.073760986 1279.25097656 210.362091064 -338.563415527 1508.19824219 600.43737793 -402.170715332 1192.56787109
0.0322308540344 8 578.149353027 -120.555038452 1478.0222168 584.723327637 261.730529785 1561.16503906 588.019958496 33.7772369385 1663.24401855 624.262268066 43.9420623779 1307.61828613 470.632110596 -191.758575439 1669.19274902 645.669494629 -161.027633667 1280.2677002 199.81463623 -328.817749023 1504.4909668 610.915283203 -397.821655273 1191.01171875
0.0356409549713 8 575.813293457 -122.26146698 1473.58654785 583.350585938 261.01373291 1558.17382812 587.400634766 30.5848388672 1663.3260498 622.790527344 47.7076263428 1305.05993652 466.210906982 -194.080062866 1665.87866211 647.209716797 -160.504119873 1279.78173828 188.658782959 -332.334228516 1500.10168457 611.163085938 -392.804077148 1190.46484375
0.031729221344 8 573.313293457 -122.822921753 1472.96154785 583.020690918 260.674072266 1557.14001465 585.655273438 31.7699279785 1663.48034668 622.103637695 47.9447555542 1303.23596191 459.100830078 -189.621948242 1663.95019531 649.52355957 -155.936523438 1279.63928223 179.089416504 -328.862915039 1499.01379395 610.342651367 -399.745300293 1188.82470703
0.0323159694672 8 569.19342041 -117.391326904 1478.97473145 581.53918457 260.606567383 1555.07067871 577.901611328 36.3025054932 1686.29003906 616.070922852 65.14894104 1302.45532227 452.116485596 -190.162780762 1661.90014648 655.610961914 -142.784210205 1279.3326416 165.01763916 -331.711212158 1491.16052246 614.842346191 -393.67956543 1189.97631836
0.0357990264893 8 571.721008301 -122.166229248 1482.93896484 580.198974609 260.845031738 1553.70336914 581.508239746 44.1398620605 1680.19104004 611.88458252 56.7824401855 1301.20739746 450.598175049 -175.961380005 1661.47558594 650.812438965 -147.085006714 1279.25219727 165.939483643 -319.899047852 1493.56091309 608.153808594 -401.986724854 1186.86999512
0.0319759845734 8 570.219726562 -120.789642334 1478.46984863 577.870849609 261.499450684 1550.23034668 579.35546875 42.5582427979 1677.05419922 610.026489258 59.4314956665 1299.19970703 438.905151367 -172.846710205 1659.28759766 653.28125 -144.574279785 1280.39355469 151.910888672 -319.411315918 1483.17126465 612.369140625 -401.042266846 1189.30993652
0.0320889949799 8 566.872436523 -113.803535461 1473.22631836 575.273681641 261.036834717 1548.56103516 580.768859863 41.349395752 1675.26477051 604.000305176 67.1683197021 1297.28308105 434.826721191 -172.625335693 1659.15148926 650.216430664 -142.18359375 1281.79223633 149.052368164 -313.92590332 1485.8482666 610.486694336 -397.361755371 1186.86706543
0.0365588665009 8 562.860107422 -106.881347656 1471.23046875 574.619628906 260.580627441 1549.73278809 574.744567871 47.3692092896 1682.56323242 595.11126709 75.9501266479 1286.49072266 432.025512695 -165.980651855 1657.11779785 648.723388672 -138.886108398 1283.89404297 137.965148926 -305.803497314 1480.3704834 611.618347168 -399.296630859 1185.5435791
0.0316860675812 8 562.193054199 -106.972557068 1470.23034668 573.29510498 259.83493042 1550.20031738 572.301025391 57.3076324463 1679.79638672 594.296264648 76.0085449219 1279.19189453 427.004608154 -156.422424316 1655.71826172 650.497009277 -140.733154297 1283.88146973 134.449615479 -292.784545898 1481.00219727 612.753845215 -410.273742676 1183.43859863
0.0319221019745 8 557.377197266 -94.5763397217 1464.46374512 571.971740723 259.66619873 1550.79321289 567.154785156 79.6805267334 1684.30712891 587.720581055 93.0887908936 1257.9362793 422.36505127 -134.279556274 1652.78674316 647.188354492 -146.161178589 1280.88989258 132.363616943 -266.268371582 1486.19921875 612.375610352 -429.116699219 1182.52807617
0.0378639698029 8 554.58795166 -94.1114044189 1463.328125 567.578063965 260.081970215 1549.81738281 561.503662109 75.1573944092 1684.05493164 587.503051758 94.580368042 1261.50561523 418.253692627 -138.432617188 1649.32592773 646.739379883 -143.012481689 1281.90649414 101.440795898 -280.681030273 1446.21923828 613.568237305 -424.084716797 1183.61657715
0.0316288471222 8 552.011779785 -102.359924316 1461.33642578 565.609985352 260.454711914 1549.93530273 551.618774414 59.7873458862 1671.94396973 589.030883789 77.9011611938 1269.54699707 416.501739502 -137.217102051 1647.24255371 644.571594238 -150.20602417 1281.6385498 134.622039795 -266.479003906 1495.2668457 612.257141113 -416.562133789 1185.10070801
0.0310440063477 8 545.825439453 -106.724853516 1455.55786133 563.415039062 261.047119141 1548.30126953 530.206848145 64.2271347046 1650.00354004 592.546813965 69.8843460083 1271.42687988 407.09967041 -132.506469727 1639.48205566 645.333374023 -157.600341797 1282.06884766 121.308013916 -266.042358398 1489.31420898 610.339416504 -434.852386475 1181.09179688
0.0356409549713 8 543.815734863 -108.360282898 1455.71655273 558.896606445 262.154022217 1548.08764648 523.010559082 63.0453338623 1647.42785645 590.933959961 65.2112121582 1270.73278809 404.600128174 -128.834381104 1635.55224609 642.015197754 -160.568984985 1283.05639648 131.622131348 -256.518463135 1501.19421387 609.042358398 -435.437316895 1179.37255859
0.0316400527954 8 540.04107666 -116.752380371 1468.80700684 557.958862305 261.920166016 1547.73706055 517.169616699 65.6967926025 1645.57678223 597.308654785 42.51222229 1277.98303223 397.238739014 -123.149551392 1630.60400391 636.922851562 -174.950531006 1284.23815918 116.293640137 -251.249649048 1489.64477539 603.122009277 -452.852050781 1179.70166016
0.0334739685059 8 541.031738281 -126.912094116 1468.46252441 554.354919434 261.72744751 1547.51086426 512.829101562 51.9258499146 1638.61767578 604.672973633 23.7048034668 1281.39111328 385.754699707 -137.51449585 1627.55603027 619.557800293 -209.384353638 1257.46533203 107.493835449 -263.401062012 1482.94848633 598.285461426 -452.272460938 1174.31347656
0.0347611904144 8 539.979248047 -129.651702881 1467.84594727 551.830871582 261.555480957 1547.34594727 509.80090332 46.6800842285 1633.73876953 604.802368164 19.4735412598 1285.95605469 382.915130615 -140.587310791 1627.45874023 617.073791504 -214.600860596 1248.4921875 109.263275146 -267.326080322 1492.16381836 596.559143066 -449.218505859 1173.63183594
0.0317277908325 8 543.635253906 -141.081695557 1475.84362793 548.214355469 261.067687988 1547.66162109 509.227172852 36.2494506836 1631.98791504 614.402404785 14.7366943359 1309.3380127 387.932006836 -148.654129028 1628.62194824 614.634460449 -206.901519775 1243.7878418 109.025665283 -287.961303711 1487.17419434 600.357788086 -431.492614746 1175.77587891
0.0324950218201 8 543.00012207 -137.022720337 1472.07592773 545.323364258 260.931030273 1548.5222168 511.219146729 37.0959472656 1633.2824707 612.063964844 18.3826293945 1303.56933594 388.210693359 -147.872650146 1628.42248535 614.153930664 -206.196990967 1241.83227539 105.824401855 -293.70501709 1484.54016113 600.548217773 -431.169586182 1175.56518555
0.0361351966858 8 542.766113281 -139.686950684 1471.28283691 540.226013184 261.383361816 1548.67211914 508.740905762 36.4886016846 1635.52111816 612.59161377 19.1320953369 1300.78112793 385.768981934 -148.035827637 1627.45910645 614.636535645 -206.104476929 1241.08691406 105.743560791 -295.946838379 1485.5480957 605.063720703 -453.456359863 1165.35791016
0.0317080020905 8 542.330749512 -138.618286133 1472.66125488 536.87878418 261.470977783 1548.98132324 508.809417725 33.6069488525 1647.00158691 612.895141602 22.409866333 1298.67687988 384.316314697 -153.323654175 1627.01098633 614.553405762 -204.230911255 1241.27087402 110.975494385 -298.629211426 1486.34875488 607.694091797 -409.795043945 1179.62805176
0.0355508327484 8 541.860717773 -138.171188354 1472.73852539 534.698547363 261.361816406 1549.52307129 505.544891357 25.9545593262 1658.33532715 615.43359375 28.0790710449 1300.54577637 382.452514648 -162.350265503 1625.87878418 614.710144043 -198.512451172 1241.20056152 100.210479736 -307.021606445 1481.01208496 610.721862793 -385.551452637 1184.88269043
0.0322489738464 8 542.668457031 -141.188232422 1474.1328125 533.07244873 260.91519165 1549.68981934 505.158721924 23.7332611084 1660.48205566 619.636230469 27.9727630615 1304.44836426 381.148468018 -164.317337036 1625.1776123 615.462341309 -197.831115723 1241.01416016 97.7894897461 -309.579406738 1481.28955078 608.805541992 -381.039215088 1183.38781738
0.0319621562958 8 542.914428711 -141.764709473 1470.99475098 533.666137695 259.99987793 1550.65991211 506.522796631 22.877166748 1654.56835938 622.759033203 29.1382751465 1308.05981445 383.624023438 -164.267150879 1626.77868652 616.470947266 -197.126022339 1240.50695801 99.5148620605 -307.677001953 1482.40209961 631.536560059 -323.914916992 1215.35791016
0.0367388725281 8 544.291870117 -143.101501465 1473.13769531 532.403381348 259.784942627 1551.6784668 509.665161133 20.1283416748 1653.6307373 625.559326172 31.7334442139 1320.66052246 386.682189941 -164.99420166 1628.71691895 616.276916504 -194.923431396 1238.28552246 97.4445800781 -309.376922607 1485.47094727 605.320129395 -380.395812988 1178.42749023
0.0313420295715 8 540.589477539 -127.136703491 1474.2088623 530.812011719 259.848419189 1552.91772461 515.475646973 30.7994842529 1659.64831543 611.043640137 50.2154006958 1320.76525879 388.503143311 -153.952346802 1629.36645508 619.426574707 -167.877532959 1246.04272461 107.010803223 -293.903961182 1490.34460449 594.240478516 -384.955535889 1178.70776367
0.0317039489746 8 543.489746094 -131.7709198 1475.72717285 529.488525391 259.720214844 1553.48693848 519.252929688 27.9121398926 1661.82128906 613.927001953 42.9150466919 1316.85375977 390.769561768 -156.052246094 1628.85412598 620.526672363 -151.31137085 1253.05493164 105.385925293 -292.919006348 1483.60107422 601.047485352 -394.210144043 1174.57727051
0.035392999649 8 546.2265625 -134.118835449 1476.62731934 528.2890625 259.569213867 1554.6217041 522.227783203 25.6841583252 1664.79309082 618.178222656 41.5672149658 1317.01257324 391.526916504 -159.864746094 1628.21459961 625.267944336 -151.309494019 1248.82104492 106.104675293 -292.960998535 1483.36706543 593.541931152 -400.343780518 1169.03051758
0.0368971824646 8 547.605957031 -133.755645752 1476.68261719 528.160583496 259.490112305 1555.71655273 524.472290039 25.3095397949 1666.47119141 619.787780762 40.7041702271 1314.78637695 393.45324707 -162.675933838 1628.74475098 622.820861816 -166.359802246 1245.41455078 104.511657715 -289.653289795 1482.46972656 597.606140137 -384.572967529 1170.53234863
0.0323488712311 8 551.854980469 -139.090255737 1481.34680176 528.213623047 259.708740234 1557.18249512 530.255554199 13.530380249 1668.16052246 627.971496582 33.4543914795 1329.38049316 397.466247559 -180.514968872 1631.33044434 618.650878906 -170.029159546 1245.89990234 102.125976562 -298.671417236 1481.07519531 591.419006348 -375.208557129 1166.27490234
0.0359690189362 8 553.724365234 -136.181335449 1480.49804688 528.038208008 259.632995605 1558.27905273 534.337890625 19.3682403564 1670.00231934 630.181152344 37.5852127075 1324.15515137 396.582702637 -186.420639038 1631.32116699 621.26763916 -163.162994385 1244.64331055 106.677093506 -304.686828613 1487.44628906 584.718383789 -381.491210938 1161.22155762
0.0323538780212 8 553.766418457 -133.969711304 1480.29943848 527.965759277 260.109619141 1559.5177002 536.490661621 25.6622314453 1668.38305664 626.737731934 40.9658508301 1321.46240234 396.272979736 -182.126663208 1630.66259766 624.255737305 -165.949905396 1245.8416748 93.9026184082 -295.179382324 1480.86523438 582.560668945 -384.516235352 1162.82873535
0.0306921005249 8 554.926391602 -135.411254883 1483.4251709 527.04901123 260.309265137 1563.0871582 536.252197266 23.1290893555 1668.65551758 624.671386719 36.8316345215 1324.48413086 399.833770752 -183.244140625 1630.80065918 623.135070801 -169.276062012 1245.57543945 90.3896484375 -288.422607422 1480.08508301 579.106567383 -379.276489258 1164.63757324
0.0356869697571 8 563.106506348 -126.651878357 1489.36401367 527.587524414 259.779541016 1564.36523438 537.142028809 29.3777618408 1672.95324707 624.539123535 41.0563354492 1325.58190918 402.860198975 -183.0650177 1631.01293945 623.874206543 -176.122299194 1246.5670166 141.54196167 -303.818115234 1512.67163086 623.464294434 -286.031341553 1207.33239746
0.0348041057587 8 560.684570312 -124.942268372 1483.2923584 527.61730957 259.155090332 1565.99938965 535.369812012 23.9477386475 1676.16210938 628.616149902 51.600440979 1327.64526367 401.378509521 -191.132614136 1629.22375488 628.655761719 -162.699645996 1247.7734375 91.6431884766 -286.502563477 1480.6628418 599.102050781 -337.253112793 1177.90332031
0.0389289855957 8 560.177185059 -126.281562805 1478.88256836 527.959472656 258.651306152 1567.25512695 535.08782959 21.068649292 1676.74755859 631.002624512 56.9902648926 1327.59643555 403.010437012 -195.37878418 1627.98522949 633.154174805 -158.768066406 1249.86608887 29.8803710938 -317.069580078 1408.61694336 594.065673828 -354.075164795 1172.36132812
0.0390160083771 8 561.363525391 -128.089492798 1476.21813965 528.593078613 258.228088379 1568.50524902 537.241638184 18.7435302734 1677.05310059 635.218322754 58.7810592651 1327.55212402 404.518127441 -201.484100342 1628.77087402 633.203430176 -151.634918213 1250.1204834 104.526245117 -302.061737061 1488.73779297 586.239929199 -367.579467773 1165.05029297
0.0296900272369 8 559.759155273 -129.363616943 1474.57446289 529.272216797 258.442321777 1571.16491699 535.03314209 15.7252349854 1674.38061523 636.784790039 56.0426177979 1328.70996094 402.745422363 -201.731842041 1628.72045898 632.304260254 -152.687606812 1249.31152344 77.0250854492 -291.669921875 1463.8013916 587.319152832 -372.301574707 1167.29711914
0.030072927475 8 559.333251953 -132.570297241 1473.56933594 530.596069336 258.447509766 1573.88513184 532.924194336 13.9687652588 1673.01257324 637.692687988 53.9974822998 1328.65148926 400.397125244 -203.131713867 1627.93591309 622.260620117 -176.2890625 1241.10290527 60.9664916992 -254.679763794 1452.54406738 592.079772949 -369.268280029 1170.11804199
0.0387659072876 8 561.726074219 -138.649627686 1476.48791504 531.490722656 258.383270264 1574.65344238 527.61920166 8.86614990234 1677.35424805 642.954284668 47.8938903809 1328.58544922 387.035522461 -209.443466187 1621.3269043 632.076171875 -178.205688477 1247.19897461 32.9722290039 -323.607635498 1409.94726562 598.554199219 -374.179656982 1171.8815918
0.0289440155029 8 560.590637207 -138.085006714 1477.5670166 532.233459473 258.215545654 1575.86730957 528.506225586 10.1488800049 1676.67858887 641.421508789 49.7721099854 1333.26037598 380.497802734 -217.817855835 1618.69104004 634.424621582 -171.643157959 1250.17663574 20.3143920898 -320.444641113 1412.69970703 637.714477539 -298.998779297 1200.40185547
0.0299351215363 8 558.713684082 -135.596725464 1483.5324707 532.923522949 258.902191162 1577.39819336 530.096618652 7.82179260254 1677.34191895 635.40435791 57.1786346436 1357.41223145 380.583984375 -226.073730469 1615.24963379 636.46484375 -162.61289978 1252.90820312 57.1608276367 -250.00289917 1442.30810547 641.216186523 -295.867004395 1208.5090332
0.0348229408264 8 559.528686523 -138.289215088 1483.93005371 533.49621582 258.919433594 1579.50537109 527.89263916 9.95140075684 1681.44384766 639.16619873 54.2939224243 1347.70385742 386.254608154 -219.249755859 1616.2154541 638.618286133 -161.273376465 1256.01525879 13.7658996582 -288.259765625 1405.67260742 609.747680664 -346.63848877 1181.94213867
0.0307970046997 8 559.75201416 -141.611328125 1486.15588379 535.051940918 258.243103027 1581.61486816 526.717468262 6.6927947998 1688.63659668 640.898376465 50.3031463623 1342.39172363 389.874816895 -212.96105957 1615.47094727 637.661254883 -169.251998901 1257.97949219 49.6412353516 -224.366943359 1445.57385254 652.663330078 -281.871429443 1211.25769043
0.0308060646057 8 559.782165527 -140.816741943 1487.55554199 536.272644043 258.187408447 1583.40991211 529.679077148 9.83827209473 1692.88342285 641.91619873 50.8087921143 1338.23522949 397.908081055 -205.201263428 1608.66906738 635.16973877 -171.296020508 1256.29455566 48.5862426758 -220.702682495 1445.26696777 619.361755371 -323.514129639 1192.60375977
0.0353598594666 8 560.632385254 -141.02305603 1489.46972656 537.266906738 257.847351074 1584.6373291 534.285644531 15.5403137207 1693.06384277 643.661987305 49.0222473145 1335.69763184 394.959869385 -204.281341553 1613.63696289 634.545349121 -176.076812744 1256.07849121 59.8763122559 -197.572692871 1461.09558105 629.4140625 -308.486968994 1198.68518066
0.0314311981201 8 572.853820801 -105.334609985 1494.07336426 537.934387207 257.887023926 1586.37744141 541.221679688 16.5230407715 1715.51037598 637.465209961 85.317741394 1337.99182129 403.453430176 -235.443313599 1613.13928223 629.231018066 -138.523773193 1259.6394043 44.5747070312 -251.412811279 1442.06787109 622.734558105 -287.540039062 1194.66821289
0.0312597751617 8 573.131713867 -106.569160461 1495.15942383 538.405212402 258.479431152 1587.80883789 544.136169434 20.2909545898 1715.37268066 635.538757324 82.7076950073 1334.8223877 410.896362305 -225.121139526 1614.31347656 629.750305176 -138.926544189 1262.15808105 55.6696166992 -221.417907715 1452.08435059 610.076721191 -331.901275635 1183.61865234
0.0353569984436 8 570.879333496 -102.386322021 1496.60473633 539.445556641 258.659606934 1587.41442871 547.576293945 34.1332626343 1708.66833496 646.042602539 76.4764480591 1333.7845459 404.873199463 -209.922943115 1615.60583496 640.936584473 -146.46005249 1265.64099121 44.5472717285 -206.513427734 1454.64294434 625.396728516 -328.905090332 1187.44665527
0.0315990447998 8 570.986755371 -104.029495239 1496.79260254 541.085266113 258.393432617 1589.12084961 550.588500977 35.1850585938 1707.48864746 643.874023438 73.6936645508 1331.5904541 395.918365479 -191.202941895 1636.93078613 639.433959961 -149.32484436 1270.25305176 38.3765258789 -209.258773804 1453.70874023 628.224853516 -395.641693115 1164.10888672
0.031592130661 8 571.00579834 -108.218147278 1495.65698242 544.003662109 257.785614014 1590.59277344 552.389221191 32.6854858398 1707.18725586 645.289733887 71.5479278564 1331.00048828 397.679260254 -194.506622314 1626.86657715 641.993103027 -151.24772644 1268.89782715 38.8963317871 -192.080032349 1453.49707031 617.368652344 -321.445678711 1196.13061523
0.0355739593506 8 571.680969238 -107.50428772 1493.11071777 544.660888672 257.63973999 1590.60888672 552.299072266 32.7344360352 1704.78344727 644.599487305 70.0926818848 1325.80761719 399.955322266 -187.923965454 1630.58215332 642.192993164 -153.942489624 1271.49658203 40.2758178711 -184.210754395 1454.70544434 616.500854492 -328.455444336 1196.19519043
0.0317409038544 8 565.594543457 -120.545600891 1484.35925293 547.150939941 257.723724365 1592.19165039 538.086120605 15.708190918 1678.96020508 636.562316895 44.4809417725 1326.49438477 382.688354492 -178.955749512 1635.4284668 633.305419922 -179.205429077 1270.8572998 47.381072998 -165.042785645 1449.89074707 606.063842773 -365.243988037 1189.97949219
0.0309820175171 8 561.720397949 -130.383651733 1476.55383301 547.891845703 257.693603516 1592.65112305 529.989196777 12.9217529297 1667.71276855 624.150817871 47.6829833984 1326.62072754 351.146972656 -168.979644775 1625.91052246 631.506958008 -194.54838562 1274.51403809 49.6497497559 -129.367782593 1461.6953125 599.776611328 -391.087585449 1186.1081543
0.0355031490326 8 556.334289551 -150.564834595 1478.59863281 549.02911377 257.273345947 1594.5078125 532.935180664 24.018661499 1647.97143555 601.001708984 28.5560455322 1318.48999023 337.080444336 -140.268615723 1615.87072754 629.288757324 -195.567184448 1269.80004883 64.593963623 -70.6337738037 1476.04187012 582.946472168 -436.115325928 1176.05981445
0.0321578979492 8 550.477233887 -148.907836914 1467.87426758 549.830505371 256.382202148 1594.6697998 517.496032715 22.5656585693 1632.20178223 606.457946777 25.1435394287 1312.73913574 316.226501465 -131.432952881 1608.06262207 634.889953613 -215.722259521 1270.62890625 56.9274291992 -63.6083831787 1472.90893555 594.187438965 -493.589538574 1158.7878418
0.0320010185242 8 548.24420166 -152.495178223 1460.39990234 550.87121582 255.778610229 1595.27416992 511.773254395 10.166229248 1623.79333496 614.519592285 14.6669921875 1311.56848145 308.11529541 -137.172943115 1606.52392578 634.768066406 -215.567947388 1271.62902832 56.0463409424 -46.1390228271 1485.3359375 580.270080566 -489.242492676 1178.56103516
0.040246963501 8 548.217529297 -154.119552612 1459.91748047 551.767700195 254.709701538 1595.58642578 508.696014404 9.67979431152 1618.51818848 618.227478027 10.6895904541 1313.34631348 307.355133057 -137.08744812 1608.70605469 635.437011719 -214.964584351 1273.0090332 48.1025390625 -42.5235977173 1480.59899902 596.176696777 -449.917480469 1170.6965332
0.0335099697113 8 551.093688965 -161.977249146 1460.6373291 554.445800781 253.029388428 1595.97802734 509.481079102 5.77938842773 1618.19897461 617.886779785 6.00238037109 1312.24169922 303.195556641 -134.660842896 1606.12402344 631.965515137 -216.444961548 1272.82324219 53.4698638916 -50.9416656494 1483.82202148 588.661621094 -456.524230957 1167.93640137
0.0351469516754 8 551.008728027 -164.496673584 1461.25292969 556.430053711 251.305908203 1595.29541016 507.555877686 4.59983825684 1617.45410156 617.560852051 1.87910461426 1310.35327148 283.599121094 -128.035186768 1596.67431641 630.342834473 -221.877822876 1272.5020752 55.3716888428 -39.3056335449 1492.10583496 579.359558105 -456.587341309 1172.89440918
0.0315392017365 8 550.924438477 -160.38293457 1463.9041748 559.548095703 248.652435303 1593.84130859 504.999237061 5.59736633301 1615.82824707 618.500366211 -4.32466125488 1309.57019043 271.786437988 -122.244010925 1593.52539062 630.297790527 -227.920410156 1271.97802734 61.3859558105 -17.3302841187 1495.66967773 586.634643555 -462.526184082 1167.68798828
0.0312168598175 8 551.512878418 -159.214019775 1464.37854004 560.152709961 248.778152466 1592.73986816 506.304046631 4.78143310547 1614.23022461 619.812927246 -7.52517700195 1310.36669922 277.510162354 -123.650024414 1596.96459961 616.427734375 -252.468521118 1257.84716797 53.7420959473 -13.8881454468 1493.64733887 602.347961426 -474.82208252 1150.92431641
0.0353140830994 8 550.465026855 -158.526290894 1464.2298584 561.335021973 248.515930176 1592.09155273 507.411254883 8.79612731934 1614.3125 616.675415039 -2.55473327637 1310.3972168 273.668670654 -119.372207642 1595.9822998 617.603942871 -252.100509644 1253.83630371 52.7222747803 -24.6676101685 1490.53393555 592.858886719 -444.201660156 1164.98669434
0.0315940380096 8 550.846557617 -158.710342407 1470.27844238 562.433349609 248.104217529 1592.03942871 507.002716064 6.43020629883 1611.96130371 618.613891602 3.74005126953 1335.05529785 275.601837158 -122.364868164 1599.90759277 616.125427246 -242.115646362 1253.41320801 53.6244812012 -1.80992126465 1494.57446289 592.94354248 -423.756408691 1163.43640137
0.031683921814 8 547.112548828 -160.867004395 1472.53076172 563.476623535 247.777160645 1592.17651367 492.077911377 3.32702636719 1599.84423828 616.402709961 -3.35772705078 1343.73999023 272.309051514 -113.633842468 1604.6237793 611.994628906 -250.223831177 1238.86657715 51.9277648926 0.40697479248 1502.26977539 589.697509766 -432.369750977 1157.33361816
0.0354650020599 8 545.92199707 -156.542221069 1479.37634277 563.929443359 247.952377319 1592.54907227 496.446105957 8.88723754883 1610.1114502 608.008728027 13.022644043 1359.79553223 267.887023926 -107.045188904 1608.18249512 607.00982666 -228.863037109 1249.02233887 54.9774932861 9.82355499268 1506.05847168 605.499328613 -389.379394531 1170.09240723
0.0314528942108 8 546.184875488 -152.311477661 1479.03540039 564.020446777 247.77645874 1593.6854248 495.113342285 15.3229522705 1610.64025879 605.839416504 21.4843292236 1359.59533691 267.031005859 -101.034339905 1610.12341309 612.488891602 -214.373168945 1251.28662109 53.0830383301 22.2468261719 1507.91088867 604.203796387 -396.027038574 1172.26574707
0.0317511558533 8 547.679077148 -148.596725464 1476.75708008 563.841918945 247.259384155 1594.75878906 492.844207764 23.8437042236 1610.51989746 610.425720215 25.316696167 1348.49108887 264.311187744 -85.4326324463 1612.14465332 615.253234863 -212.042175293 1247.72241211 52.461151123 44.5943450928 1515.04248047 599.594116211 -495.75592041 1132.52441406
0.0364429950714 8 549.616577148 -143.129714966 1476.60144043 563.817138672 247.079620361 1595.91967773 500.596923828 32.7188873291 1606.70385742 609.709594727 32.2498626709 1350.57250977 267.650726318 -95.2221603394 1605.59667969 615.770141602 -204.378311157 1235.79382324 59.1030273438 29.605140686 1510.4375 622.167907715 -345.713806152 1190.14550781
0.0314879417419 8 548.064941406 -144.402984619 1471.45202637 563.457458496 247.616546631 1597.21130371 495.519622803 32.6635742188 1603.77099609 609.528015137 24.4808349609 1332.44628906 265.360687256 -87.8192062378 1605.12854004 611.313964844 -213.396987915 1225.4074707 50.9311523438 42.9596939087 1514.50830078 597.879760742 -411.315826416 1168.43408203
0.0317690372467 8 545.270996094 -143.689498901 1469.47143555 563.141540527 248.459609985 1598.37524414 491.984283447 33.1153717041 1601.74536133 608.243896484 24.1720123291 1329.99780273 262.915100098 -76.6364746094 1609.36657715 609.675292969 -219.893585205 1217.10327148 53.2380065918 48.0441589355 1514.9119873 635.007202148 -354.136657715 1193.02233887
0.0366129875183 8 544.532958984 -144.525009155 1469.57873535 562.338134766 249.254364014 1599.36047363 491.566650391 31.5680389404 1599.87316895 607.337585449 22.3441009521 1331.73376465 259.80670166 -68.9332199097 1610.94042969 608.753845215 -211.360809326 1223.65893555 54.2370452881 59.3326644897 1518.85168457 604.347717285 -402.773193359 1171.8972168
0.0315980911255 8 542.704528809 -140.609100342 1467.86987305 562.263244629 249.219314575 1599.57336426 490.545715332 36.7978973389 1600.78503418 603.818359375 25.9994659424 1325.15661621 258.360351562 -65.2863235474 1612.01306152 608.992004395 -206.605621338 1229.21777344 53.0601806641 69.6632919312 1519.36242676 635.519348145 -357.667236328 1197.87280273
0.0321547985077 8 542.278015137 -138.557189941 1468.71459961 562.210693359 249.391326904 1599.86352539 490.537841797 38.3426513672 1604.35217285 602.996459961 29.0583190918 1325.23425293 259.015319824 -67.52394104 1611.63000488 607.05871582 -188.954269409 1245.77319336 53.9192047119 68.2399291992 1519.73046875 600.586791992 -400.55645752 1172.29089355
0.0354571342468 8 542.18939209 -138.726348877 1470.00683594 562.038330078 249.112213135 1600.24304199 490.478790283 36.6972808838 1606.20849609 603.200927734 25.8615570068 1324.44970703 259.17388916 -66.612159729 1612.02258301 614.101135254 -178.144500732 1253.96789551 55.292678833 76.7732467651 1517.99267578 621.950927734 -354.95489502 1195.9720459
0.0319209098816 8 543.715454102 -128.618423462 1479.50817871 562.047668457 249.169021606 1601.64953613 494.995544434 38.4806060791 1608.22949219 602.338928223 16.1483612061 1329.60522461 263.77734375 -63.8281021118 1612.51989746 608.535583496 -173.655395508 1253.92370605 60.7194976807 72.4294204712 1514.26989746 593.882385254 -389.414001465 1177.92443848
0.0317921638489 8 541.43572998 -129.307098389 1481.78735352 562.057434082 249.687286377 1602.22265625 494.959533691 37.5926742554 1608.17773438 605.911804199 11.5727386475 1333.51074219 263.593078613 -64.6974029541 1610.56555176 610.366271973 -197.870758057 1247.59960938 50.5399017334 82.0063476562 1514.25402832 613.236755371 -359.354370117 1194.77026367
0.0356209278107 8 539.719299316 -132.915908813 1475.43798828 562.362182617 249.810470581 1602.1184082 490.34979248 31.5398712158 1605.18127441 611.373962402 13.7885284424 1335.22424316 259.828491211 -70.1344070435 1608.85925293 611.552490234 -199.125213623 1239.47839355 50.0370178223 75.4673538208 1509.76025391 619.637390137 -352.84967041 1193.58129883
0.0374219417572 8 548.731140137 -147.803741455 1479.71826172 563.079223633 249.650848389 1601.76953125 475.903656006 27.0461425781 1598.59240723 626.189208984 6.54315185547 1337.6451416 246.032287598 -70.0043182373 1602.9095459 613.461486816 -218.073120117 1234.19287109 48.0871734619 84.0416870117 1508.6484375 581.069702148 -451.750549316 1156.74157715
0.0318579673767 8 549.865966797 -152.737609863 1487.6262207 563.346191406 249.422714233 1601.51281738 468.980316162 31.9008331299 1592.53381348 633.662963867 -2.57688903809 1339.06848145 235.833251953 -58.6615753174 1598.17651367 623.891967773 -226.525527954 1243.8302002 42.1161193848 89.9513397217 1503.28210449 648.210021973 -319.640258789 1216.27966309
0.0348851680756 8 550.579956055 -153.776290894 1488.21057129 564.471252441 248.98475647 1600.98828125 468.942382812 30.4395599365 1590.19995117 632.985656738 -8.12141418457 1336.56591797 234.172012329 -56.3802261353 1596.81311035 626.040710449 -225.934417725 1248.1036377 51.310333252 88.1253433228 1509.26098633 633.979125977 -366.098449707 1210.61376953
0.0313777923584 8 550.096984863 -155.166244507 1489.1895752 564.93371582 248.529220581 1600.82397461 467.904663086 29.022354126 1588.67236328 633.644104004 -9.1954498291 1339.88989258 232.184173584 -55.0322875977 1595.81286621 630.723083496 -223.933441162 1249.81274414 49.5817565918 100.372238159 1504.72167969 641.02166748 -347.741363525 1215.36560059
0.0314960479736 8 548.563232422 -154.569198608 1490.62548828 565.289672852 248.122528076 1601.00085449 465.123535156 28.9760894775 1587.29821777 633.641723633 -9.63737487793 1343.13586426 229.257339478 -52.3384857178 1595.28381348 631.808776855 -222.651031494 1250.42907715 50.0505523682 102.561569214 1507.07556152 650.854003906 -312.214355469 1217.25915527
0.0353600978851 8 547.24005127 -155.887283325 1490.97338867 565.668701172 247.951416016 1601.44665527 463.256195068 27.3559265137 1585.85021973 634.446594238 -11.9781188965 1344.96569824 228.294708252 -54.6097488403 1594.42907715 629.895324707 -223.937561035 1253.80065918 39.8724212646 122.485481262 1506.01000977 620.499694824 -393.088500977 1193.98925781
0.0314998626709 8 546.188720703 -157.054260254 1486.97509766 565.702880859 248.046035767 1602.12524414 465.009185791 25.7529754639 1587.62280273 632.618835449 -9.08753967285 1342.84204102 228.367340088 -52.1045608521 1594.81896973 625.907531738 -224.954605103 1252.68786621 48.9774017334 120.037666321 1509.3392334 594.156799316 -453.292053223 1169.10571289
0.0318410396576 8 541.932128906 -157.265518188 1476.38818359 566.014648438 248.912796021 1603.41503906 469.274475098 19.4336395264 1592.86157227 627.707092285 -3.93156433105 1337.8269043 232.678436279 -53.1591949463 1598.51464844 619.374572754 -220.956314087 1249.14660645 46.088470459 128.419296265 1514.98742676 608.493347168 -394.950866699 1185.18859863
0.0353560447693 8 539.194152832 -157.044418335 1470.16589355 566.446838379 249.63571167 1604.24487305 473.146850586 14.7518768311 1596.28308105 624.722229004 -1.73634338379 1334.71765137 236.231231689 -55.5341110229 1600.4666748 614.926269531 -219.982711792 1247.34631348 57.0935821533 123.718681335 1519.45019531 611.926086426 -366.606414795 1233.98742676
0.0319700241089 8 538.938171387 -150.359832764 1473.18029785 566.970703125 250.456588745 1604.48095703 477.472320557 16.510345459 1600.12158203 620.358154297 -3.69107055664 1333.19116211 242.076278687 -52.2974624634 1603.85461426 609.693908691 -224.769363403 1244.9901123 65.3961486816 130.511230469 1524.92553711 631.51361084 -335.392608643 1219.35595703
0.0316429138184 8 537.367736816 -149.132537842 1470.17004395 566.906799316 250.914505005 1603.9173584 477.759979248 14.6183776855 1601.05041504 621.083312988 -2.62704467773 1332.23864746 243.027954102 -49.9296569824 1605.23718262 610.313049316 -225.148513794 1243.9901123 57.2783813477 142.631652832 1525.40576172 598.713928223 -393.622619629 1178.8795166
0.0355999469757 8 535.896728516 -150.774230957 1470.13500977 567.27935791 251.017333984 1603.34851074 479.690338135 14.3070526123 1602.37194824 619.703308105 -2.72840881348 1332.45202637 243.746856689 -38.9259376526 1604.63220215 609.894958496 -223.427856445 1242.7088623 60.3449859619 154.132492065 1524.45239258 622.310791016 -352.672485352 1197.1270752
0.0316882133484 8 534.976867676 -149.153366089 1469.60095215 567.924255371 251.82585144 1603.86657715 480.080413818 14.0686645508 1603.73693848 619.337280273 -1.03890991211 1333.24450684 244.842178345 -34.5235290527 1603.55187988 610.10559082 -221.006332397 1243.0135498 66.0085144043 148.972320557 1528.30126953 592.539611816 -405.542907715 1173.05700684
0.0322589874268 8 534.509338379 -149.590942383 1469.15893555 568.695068359 252.608047485 1603.52368164 479.11505127 13.9247131348 1603.22119141 620.107421875 0.150329589844 1334.88598633 244.458740234 -31.2726135254 1602.77233887 610.643066406 -219.969085693 1244.78295898 65.1825256348 153.302490234 1529.90551758 594.84765625 -396.055053711 1174.89672852
0.0405859947205 8 533.899841309 -150.388168335 1468.64123535 569.092712402 253.219024658 1602.39233398 477.946472168 13.5809783936 1603.23181152 620.112426758 0.423599243164 1334.6463623 242.720428467 -30.0733451843 1601.60986328 608.742370605 -222.089126587 1247.38537598 61.7966308594 171.994522095 1527.19616699 592.130126953 -401.289794922 1172.58813477
0.0353019237518 8 533.671020508 -150.097640991 1468.32739258 569.87298584 253.468978882 1601.80871582 476.194122314 12.9116363525 1603.95715332 620.614013672 1.34748840332 1334.99890137 241.385986328 -29.233165741 1602.00585938 609.264160156 -221.067306519 1247.86828613 62.013458252 164.092285156 1529.52355957 601.063964844 -358.049041748 1187.67114258
0.0379250049591 8 533.491882324 -149.244750977 1468.79003906 570.281799316 253.602294922 1601.3815918 474.817474365 13.787399292 1603.91711426 621.480224609 1.21574401855 1334.9942627 240.094451904 -26.7347335815 1602.21081543 609.464172363 -221.406539917 1248.01000977 62.9376220703 173.099700928 1530.86169434 581.477539062 -410.957702637 1164.76367188
0.0327389240265 8 534.036682129 -147.70300293 1473.36779785 570.876464844 254.597671509 1600.99707031 470.273712158 18.5686187744 1601.67211914 625.123474121 -1.47587585449 1337.37182617 235.616104126 -15.3516044617 1600.20007324 612.477478027 -227.322631836 1252.56005859 57.7736358643 186.68081665 1528.01904297 599.971374512 -240.952148438 1208.87756348
0.0291941165924 8 533.521911621 -147.031234741 1474.75488281 571.691711426 255.479003906 1600.99084473 470.030303955 19.3385620117 1604.99108887 622.275146484 0.179107666016 1336.46643066 236.124588013 -13.0013580322 1600.29589844 609.861450195 -225.241958618 1251.80187988 62.1656188965 187.120056152 1532.81164551 608.336975098 -343.160614014 1193.62341309
0.0348889827728 8 533.903503418 -143.304855347 1486.11206055 572.001953125 256.385559082 1601.40917969 464.440551758 23.449005127 1626.0925293 622.751098633 7.70013427734 1339.38012695 232.041564941 -9.34794235229 1597.00720215 610.393005371 -217.884216309 1255.16320801 58.7069396973 198.146697998 1532.98217773 600.143310547 -228.745483398 1212.5369873
0.0316450595856 8 535.48449707 -144.575256348 1485.74829102 572.557006836 256.817016602 1601.49914551 466.184204102 25.4952697754 1616.78747559 622.576293945 2.22665405273 1338.22839355 232.110183716 2.81713867188 1598.00549316 609.933898926 -223.733825684 1255.37084961 57.3176574707 213.619125366 1537.14404297 587.353942871 -392.50213623 1174.35388184
0.0306978225708 8 536.902282715 -149.347473145 1484.73876953 573.049133301 257.256866455 1601.8482666 467.249725342 25.525604248 1611.70385742 622.578735352 0.901947021484 1337.64355469 235.299560547 9.56885719299 1600.03588867 610.742126465 -224.189437866 1255.46618652 59.4703826904 218.016693115 1535.84326172 610.300964355 -333.971374512 1200.2166748
0.0355250835419 8 537.963012695 -152.800949097 1482.19128418 573.122314453 257.44329834 1601.65356445 469.239929199 23.6410522461 1610.6184082 620.774597168 2.2265625 1335.70922852 236.105148315 9.79764938354 1601.4074707 609.630310059 -221.989898682 1254.22619629 64.2958679199 218.675079346 1536.74902344 587.678344727 -385.317443848 1176.21142578
0.0312991142273 8 538.350952148 -153.853363037 1482.04541016 573.53527832 258.307830811 1601.48193359 471.01651001 24.6782989502 1613.57910156 619.917785645 5.11964416504 1334.45410156 237.983078003 11.1726427078 1602.87670898 608.264221191 -220.216766357 1254.35266113 64.1811218262 220.297088623 1540.37561035 585.50567627 -390.503540039 1174.31237793
0.0308809280396 8 538.743591309 -153.925170898 1482.17114258 574.01184082 258.643066406 1601.26855469 474.777770996 26.0424499512 1617.68139648 619.206970215 8.0270690918 1333.375 241.996276855 14.7594451904 1605.86047363 607.037353516 -217.370391846 1254.03930664 68.4351501465 212.527420044 1534.80480957 580.09387207 -405.415405273 1166.92749023
0.0356900691986 8 539.43170166 -154.331604004 1482.58312988 574.194274902 258.556182861 1601.33337402 479.126190186 26.5025787354 1619.15222168 618.50970459 8.43388366699 1333.4420166 246.147521973 18.1006317139 1606.01257324 606.518371582 -216.924728394 1253.53930664 72.768447876 219.05947876 1541.94238281 608.989257812 -228.165283203 1223.21337891
0.0315599441528 8 539.818725586 -154.624282837 1482.67297363 574.45111084 258.994812012 1602.08642578 482.288513184 25.2137908936 1619.14941406 616.388793945 7.03273010254 1333.40307617 248.545761108 19.7276382446 1606.5690918 603.818786621 -217.38633728 1251.55444336 78.6074829102 228.371734619 1545.02966309 594.254211426 -337.283355713 1190.34472656
0.0320448875427 8 539.022644043 -153.338562012 1483.84802246 575.086608887 259.223205566 1602.47888184 482.169830322 26.9243011475 1619.94299316 615.709960938 6.07969665527 1332.34289551 248.156600952 24.5536785126 1606.71960449 602.88885498 -218.626739502 1252.03442383 67.7532043457 246.634307861 1549.0637207 590.850280762 -339.645263672 1188.30383301
0.0356659889221 8 539.169250488 -153.107757568 1483.0748291 576.039245605 259.108276367 1602.40917969 482.500091553 28.5505218506 1618.36584473 616.663085938 3.71336364746 1328.42419434 248.34942627 29.6015701294 1606.35119629 602.184875488 -221.580322266 1252.20385742 78.2238311768 235.8777771 1547.63354492 580.129272461 -390.765625 1176.11486816
0.0310699939728 8 536.706542969 -158.673156738 1475.46484375 576.785583496 259.085449219 1602.5222168 488.821594238 24.5034790039 1621.70043945 611.223205566 9.12115478516 1322.08959961 255.640258789 26.9402751923 1609.32873535 595.154724121 -216.570709229 1248.890625 88.5207672119 230.669265747 1551.77844238 573.009399414 -393.47052002 1172.12011719
0.0308270454407 8 535.526855469 -158.709945679 1473.32189941 578.338745117 259.348693848 1602.87597656 491.579498291 22.5804748535 1623.99804688 608.514892578 12.9363098145 1322.61889648 258.403594971 26.0483398438 1610.2779541 591.347229004 -213.29069519 1247.87561035 88.5475769043 239.816833496 1554.19506836 567.14642334 -389.183654785 1164.50463867
0.0396349430084 8 537.04901123 -155.049880981 1477.81738281 579.762695312 259.970214844 1603.5904541 488.021789551 26.3976745605 1623.17810059 611.354919434 10.7782897949 1324.72766113 253.995529175 34.0934638977 1608.03723145 594.375976562 -215.171051025 1249.7565918 83.3188171387 256.190582275 1558.12561035 577.925048828 -389.173095703 1168.83081055
0.0296561717987 8 537.772949219 -153.031738281 1479.92150879 580.620300293 259.813171387 1604.03515625 485.926422119 27.7954711914 1623.16149902 613.127258301 10.2238464355 1326.38415527 251.623809814 39.6300201416 1606.91064453 596.435058594 -215.490814209 1251.33251953 77.2033691406 267.719940186 1551.3260498 592.737060547 -350.878723145 1187.87280273
0.0309629440308 8 538.526123047 -150.988464355 1480.73803711 582.093261719 259.217773438 1604.13916016 485.26953125 28.5639953613 1623.75109863 614.545898438 10.6735229492 1327.06750488 251.465682983 41.9288406372 1607.58703613 597.66583252 -214.819000244 1253.11889648 81.1119537354 259.456787109 1552.93530273 577.314453125 -379.7996521 1175.35668945
0.0366189479828 8 538.255310059 -150.087844849 1480.98364258 583.85949707 259.471618652 1604.79174805 488.08984375 28.4845581055 1626.07543945 611.47064209 11.5039367676 1326.11572266 253.788925171 43.8528785706 1609.3092041 595.268676758 -214.428161621 1253.16442871 83.6833343506 259.370574951 1551.23620605 596.043701172 -254.634155273 1212.31799316
0.031888961792 8 539.304382324 -150.086212158 1483.5090332 584.848083496 260.057434082 1604.24804688 488.796569824 30.202545166 1626.94506836 610.627441406 10.5338745117 1326.20874023 254.212127686 47.1549224854 1609.88525391 594.982910156 -215.670639038 1254.48718262 81.6905670166 279.755737305 1562.18078613 586.197509766 -313.689453125 1192.51928711
0.0312240123749 8 537.904174805 -151.663909912 1482.51123047 587.534790039 260.003601074 1602.4597168 490.8074646 29.3129272461 1628.11584473 608.208007812 11.2825622559 1325.42077637 256.232147217 45.2095527649 1611.59631348 571.879394531 -210.373321533 1244.33740234 87.5904388428 263.727813721 1555.7635498 575.678710938 -366.841247559 1179.60449219
0.0360939502716 8 537.802001953 -147.169418335 1488.25683594 589.248413086 260.327789307 1601.12390137 490.909759521 32.3844604492 1630.12719727 605.770324707 22.4011535645 1342.68212891 255.87638855 47.5375213623 1613.26342773 586.964782715 -177.283935547 1276.77600098 84.329284668 267.680358887 1574.33361816 573.314086914 -387.016937256 1172.55041504
0.0318710803986 8 538.416687012 -147.868927002 1486.56298828 590.487182617 260.659210205 1600.79699707 492.786376953 31.1570739746 1631.09460449 606.729980469 19.0964050293 1336.63684082 256.289581299 48.0475463867 1612.62329102 599.014526367 -173.787460327 1266.09570312 76.7210083008 267.729064941 1572.15405273 626.964538574 -252.933807373 1216.71350098
0.0320250988007 8 538.427062988 -147.468063354 1486.67028809 591.463928223 261.063537598 1602.23742676 494.637664795 30.4407653809 1632.9284668 606.076965332 20.0556335449 1337.27148438 256.564086914 48.5472106934 1614.02514648 596.191833496 -183.645507812 1264.98571777 74.9768676758 310.855316162 1610.00634766 560.657287598 -435.012268066 1149.89208984
0.0359408855438 8 539.375915527 -147.893478394 1487.88574219 592.854797363 260.293518066 1602.12695312 496.820831299 29.1424102783 1636.08288574 606.902404785 20.9597320557 1339.41369629 258.209472656 48.3527641296 1619.21289062 594.808837891 -186.408706665 1265.08337402 81.3793945312 278.30645752 1599.64257812 581.575866699 -389.702270508 1170.65075684
0.031956911087 8 539.465148926 -148.290618896 1485.76599121 596.417114258 259.98449707 1601.54797363 497.171783447 25.2880554199 1635.89941406 606.387145996 29.2600402832 1349.91430664 261.337524414 40.2711143494 1635.36254883 595.879577637 -175.57333374 1263.76342773 85.4306640625 274.009887695 1613.90197754 581.759155273 -366.621459961 1173.23156738
0.0321390628815 8 539.530761719 -148.143859863 1488.38659668 600.122253418 260.484313965 1600.08740234 497.844207764 27.0109710693 1636.01525879 607.049316406 31.1456756592 1356.06945801 265.657592773 39.3459777832 1648.29333496 599.170532227 -147.126525879 1264.59777832 89.452331543 267.75402832 1630.0949707 614.198120117 -334.351989746 1192.41064453
0.0365860462189 8 540.734069824 -142.672485352 1496.79077148 599.756469727 260.549255371 1598.82800293 501.312652588 31.9517669678 1641.89379883 608.277709961 46.4535980225 1383.77807617 270.843811035 41.8268203735 1660.62756348 601.910705566 -138.834579468 1257.88830566 92.5998840332 260.972320557 1645.12390137 568.743469238 -418.323608398 1152.62390137
0.0317270755768 8 542.199035645 -127.167419434 1500.69506836 600.39831543 260.42791748 1597.67089844 501.982177734 37.1409301758 1645.38220215 608.863037109 54.7799606323 1391.14978027 271.134277344 45.852519989 1672.38879395 607.682250977 -117.596839905 1252.70031738 88.8473052979 271.0625 1656.56408691 569.815979004 -425.118041992 1151.34082031
0.0320949554443 8 542.118530273 -118.486083984 1500.8996582 604.662658691 260.915802002 1596.37988281 501.046142578 43.7940368652 1645.96240234 605.90423584 59.9014892578 1386.12011719 270.230712891 51.1931648254 1689.79016113 611.267456055 -124.788909912 1255.12939453 90.9750823975 256.150054932 1661.88977051 564.885742188 -443.492004395 1152.5736084
0.0364699363708 8 545.686340332 -119.258270264 1503.00830078 607.656677246 260.55657959 1596.03967285 505.652648926 40.5658721924 1645.52697754 607.391174316 53.8348846436 1386.00646973 273.314483643 45.5746536255 1695.99694824 612.676208496 -122.370376587 1258.64575195 96.0445098877 254.191131592 1670.54711914 568.973754883 -436.246582031 1159.99572754
0.0314149856567 8 550.601745605 -122.260322571 1505.91711426 608.718017578 260.919952393 1595.66992188 518.210571289 36.1599884033 1647.72180176 607.956420898 48.5178527832 1388.4432373 278.8644104 38.8711624146 1698.58105469 614.129089355 -123.111038208 1262.7253418 95.7103118896 235.347320557 1670.109375 573.007263184 -435.738708496 1161.12585449
0.0318260192871 8 555.913269043 -131.626098633 1509.31030273 611.878601074 261.243682861 1593.59008789 523.808776855 29.5451507568 1649.15490723 614.63659668 38.0265045166 1389.58947754 286.703491211 5.89850234985 1705.52587891 615.496459961 -120.588928223 1264.45751953 95.0164031982 222.882949829 1679.0279541 576.343444824 -431.270812988 1165.14807129
0.0388691425323 8 560.907348633 -134.193649292 1512.59765625 614.299133301 261.326538086 1591.94799805 533.587524414 29.7192230225 1650.23876953 618.201171875 34.5859527588 1390.98388672 293.960083008 -3.73030853271 1710.57873535 616.462036133 -127.751449585 1263.61816406 96.5905914307 208.368591309 1685.15380859 577.045227051 -437.30279541 1167.23913574
0.0314338207245 8 564.957641602 -138.133270264 1514.38293457 614.977355957 260.928527832 1591.08496094 541.904907227 25.8047180176 1650.75964355 621.340209961 29.7160949707 1393.33166504 308.56463623 -23.973739624 1714.54882812 615.790039062 -125.744720459 1263.60107422 105.650482178 179.317672729 1691.51660156 574.56427002 -440.975799561 1165.4017334
0.0315310955048 8 567.065002441 -139.227111816 1514.54577637 616.987182617 260.388519287 1588.86413574 546.665771484 25.8347930908 1651.02368164 621.195922852 29.1782989502 1392.08203125 322.826599121 -41.7588272095 1718.13049316 617.089355469 -127.621414185 1263.5546875 109.249908447 158.75793457 1695.08129883 583.865905762 -431.090576172 1173.36865234
0.0355050563812 8 568.640808105 -139.759277344 1514.09765625 618.151428223 260.316894531 1587.24182129 552.359008789 21.5682830811 1651.98583984 621.049560547 26.0884246826 1391.40771484 331.663970947 -55.9320755005 1720.56384277 614.958068848 -137.334869385 1257.65039062 116.040374756 130.637878418 1700.3046875 580.995361328 -433.052703857 1173.95373535
0.0312788486481 8 572.545715332 -141.884765625 1514.73510742 618.972595215 260.56262207 1585.43371582 561.237854004 18.5997314453 1654.00341797 623.340393066 24.5693054199 1392.29370117 363.048278809 -87.081413269 1731.35375977 618.001647949 -142.061233521 1254.578125 126.373397827 95.1740341187 1696.88952637 582.202514648 -433.17199707 1174.37023926
0.0320510864258 8 578.818725586 -145.070877075 1507.29846191 621.409057617 260.641357422 1581.69433594 574.378601074 18.7149658203 1646.53759766 630.257995605 13.7153930664 1371.74731445 380.661376953 -103.941886902 1728.59631348 622.482543945 -149.245452881 1252.67602539 128.788879395 55.9887924194 1695.41455078 579.596252441 -438.936645508 1179.46386719
0.0358619689941 8 583.516235352 -147.850006104 1504.25512695 623.848144531 261.582519531 1576.00073242 587.984680176 16.2133789062 1652.01428223 625.903625488 10.7471618652 1356.53942871 392.085205078 -130.753082275 1723.07531738 630.986633301 -140.838256836 1259.30322266 127.363128662 -0.380783081055 1690.29711914 584.99017334 -422.675018311 1190.75732422
0.031466960907 8 579.97479248 -149.865036011 1496.46936035 623.131896973 261.706573486 1577.30737305 583.464355469 25.2577514648 1648.29516602 609.65637207 13.4265441895 1334.64746094 401.72479248 -132.185791016 1723.46118164 636.375061035 -155.185012817 1262.05456543 125.182434082 -27.5780639648 1689.76037598 567.24230957 -468.98651123 1206.92175293
0.036092042923 8 578.491882324 -149.577270508 1489.42175293 623.339477539 262.024658203 1577.61743164 586.525085449 34.4461517334 1653.25476074 600.763977051 11.8906707764 1304.48205566 402.658813477 -138.53453064 1722.63195801 643.920959473 -168.690139771 1267.72790527 123.429931641 -67.5825271606 1687.13818359 593.734985352 -445.228637695 1191.44702148
0.032124042511 8 580.203491211 -132.812957764 1485.45715332 626.280517578 262.997314453 1573.70654297 590.312988281 36.3611755371 1657.54138184 598.296264648 21.410736084 1300.46252441 405.023803711 -149.08921814 1724.24560547 647.543518066 -172.161270142 1270.22814941 130.850341797 -115.055503845 1684.8762207 593.373840332 -443.218383789 1193.40026855
0.0319008827209 8 583.173339844 -118.434669495 1485.84875488 628.399902344 263.552886963 1571.3145752 597.137756348 39.1852798462 1667.93005371 599.27557373 35.0036697388 1300.40270996 404.770996094 -164.773284912 1723.62207031 650.007507324 -167.244750977 1273.57202148 136.44229126 -171.229187012 1675.25244141 597.327819824 -434.825866699 1191.95593262
0.036633014679 8 587.656433105 -104.859458923 1485.56872559 628.72857666 264.054901123 1572.17468262 593.450073242 45.82837677 1666.67736816 600.796508789 40.3642044067 1300.42443848 413.448181152 -170.343719482 1718.30322266 653.749389648 -173.792663574 1276.82409668 142.171691895 -207.221343994 1669.29272461 603.424133301 -433.027984619 1194.9822998
0.0317060947418 8 588.77130127 -98.7747192383 1488.90795898 629.111694336 264.740844727 1571.86608887 595.782531738 51.895980835 1669.02844238 602.402038574 44.5023956299 1303.21936035 491.664703369 -173.368774414 1726.38867188 652.629943848 -171.237518311 1280.84912109 173.346832275 -257.442443848 1663.10095215 583.557067871 -459.283874512 1211.48120117
0.0347650051117 8 587.886230469 -102.773452759 1487.9675293 628.937927246 265.202056885 1571.44848633 599.811828613 50.0558929443 1670.52746582 602.206481934 50.6402435303 1306.07043457 486.879150391 -189.747161865 1710.54064941 650.232727051 -167.283737183 1283.25109863 183.419494629 -272.566802979 1708.97973633 603.920288086 -420.585540771 1192.58056641
0.0333268642426 8 590.365966797 -98.5974884033 1493.30114746 628.296691895 266.20892334 1570.85095215 611.10144043 53.7425231934 1691.95739746 606.970458984 71.9085998535 1309.57873535 487.927978516 -204.516082764 1712.07226562 654.190856934 -147.14491272 1285.38391113 220.321075439 -329.985595703 1704.95043945 608.586181641 -400.755310059 1192.1003418
0.0315341949463 8 585.023803711 -100.042564392 1493.06311035 628.28717041 267.463806152 1570.58618164 601.660095215 54.9977035522 1687.88269043 613.233093262 69.741355896 1312.37878418 499.350158691 -198.620117188 1710.07348633 659.788208008 -150.437194824 1287.14379883 251.950393677 -355.688720703 1692.9420166 613.485229492 -402.600463867 1190.98339844
0.0345728397369 8 592.224914551 -96.8050842285 1501.98620605 628.29675293 268.819091797 1569.57897949 608.822692871 53.6973876953 1696.88464355 629.822570801 85.3525390625 1339.76062012 508.842224121 -205.49987793 1705.7277832 659.249633789 -135.218139648 1292.82470703 297.11114502 -397.818847656 1681.47497559 656.370056152 -304.289245605 1195.23999023
0.0335280895233 8 595.644958496 -102.167434692 1506.79418945 627.88671875 269.206451416 1569.44128418 607.223693848 50.1276473999 1697.94433594 642.576599121 81.9236221313 1352.60498047 509.911682129 -207.845153809 1701.84753418 662.111083984 -131.297668457 1291.69848633 317.805969238 -424.582397461 1677.55212402 611.007141113 -389.75177002 1188.67272949
0.0317659378052 8 597.66027832 -102.586364746 1507.09216309 627.055114746 269.659606934 1569.39733887 609.88067627 45.3144226074 1695.4708252 645.397644043 79.5679626465 1358.59411621 549.996276855 -178.761535645 1713.19177246 660.20111084 -131.452880859 1291.98779297 355.673980713 -492.739807129 1635.1776123 609.971435547 -384.870361328 1185.83007812
0.0320100784302 8 598.226074219 -103.023979187 1508.06201172 621.533691406 273.823272705 1572.0369873 609.442138672 43.3955841064 1695.05383301 650.246337891 75.6588745117 1360.08581543 537.440246582 -184.109436035 1702.58874512 662.30480957 -128.613113403 1294.59350586 383.591094971 -516.504455566 1625.59375 607.934997559 -388.100646973 1185.31518555
0.0362410545349 8 598.965148926 -104.740539551 1509.1229248 622.574645996 273.753845215 1571.82995605 607.845092773 43.595161438 1695.98254395 651.100830078 74.148399353 1359.85925293 530.101013184 -186.783874512 1695.22753906 664.701416016 -127.2891922 1293.6751709 395.481201172 -486.278411865 1657.88208008 608.12878418 -392.260772705 1185.76074219
0.0351099967957 8 600.479431152 -107.518768311 1511.37231445 622.854187012 274.232666016 1571.54467773 610.182189941 45.0275421143 1699.43359375 653.309753418 74.000869751 1359.7434082 525.813720703 -187.775848389 1691.52905273 667.62109375 -122.250747681 1294.79443359 419.889892578 -481.238494873 1676.9387207 615.01965332 -382.012695312 1181.71899414
