0.0348980426788 8 -419.89465332 -171.53793335 1549.67041016 -434.040588379 174.185546875 1575.18652344 -446.423919678 -114.238616943 1403.35961914 -411.521026611 -72.1320495605 1673.93676758 -437.148376465 -240.233764648 1266.98339844 -388.524719238 -72.091293335 1366.00830078 -473.871856689 -489.783233643 1313.09204102 -405.950256348 -413.300415039 1230.16088867
0.036602973938 8 -419.882873535 -171.581741333 1550.02429199 -434.169677734 173.801895142 1575.69641113 -445.461395264 -114.46005249 1403.70861816 -411.939544678 -71.494140625 1673.49377441 -425.023620605 -276.637145996 1266.75219727 -389.037475586 -70.5535888672 1365.85632324 -538.146728516 -446.335632324 1343.93286133 -415.157562256 -448.961212158 1256.6673584
0.0284299850464 8 -419.045227051 -171.178466797 1553.59460449 -434.673248291 173.667541504 1576.20019531 -445.240966797 -120.347892761 1405.25622559 -411.617980957 -65.1450119019 1671.81433105 -428.739196777 -278.930786133 1265.21850586 -391.184631348 -63.9180908203 1359.53918457 -535.120605469 -424.339477539 1350.75952148 -399.930908203 -429.424926758 1224.03759766
0.0404889583588 8 -423.523071289 -166.406600952 1557.04711914 -434.751159668 173.290527344 1576.39599609 -442.496856689 -100.15662384 1402.49658203 -431.150482178 -67.0107803345 1693.78466797 -426.763519287 -273.339202881 1259.05944824 -394.605773926 -83.7156143188 1364.7824707 -534.158935547 -406.505126953 1347.14416504 -432.364013672 -458.950561523 1265.80358887
0.031093120575 8 -422.779541016 -165.259017944 1558.49475098 -435.208984375 173.114044189 1577.38171387 -436.461883545 -94.9287643433 1405.90795898 -432.434967041 -66.7359542847 1694.93579102 -430.07220459 -271.457763672 1262.42529297 -396.441253662 -84.3696136475 1367.20263672 -529.369873047 -401.933135986 1344.74572754 -439.416870117 -418.627319336 1229.56225586
0.0307748317719 8 -422.627044678 -161.824539185 1560.96350098 -435.797393799 173.785598755 1578.02990723 -431.837493896 -90.6366577148 1409.27758789 -435.458465576 -61.9884643555 1695.23632812 -426.384307861 -276.697601318 1267.2598877 -400.260803223 -79.5973052979 1368.26818848 -527.221435547 -408.816040039 1346.47607422 -413.327026367 -428.442749023 1230.10107422
0.0352790355682 8 -421.991943359 -163.02671814 1558.81726074 -437.063812256 174.047149658 1578.1217041 -433.761627197 -102.580101013 1408.22888184 -430.281158447 -59.0963668823 1683.71276855 -426.872955322 -289.406158447 1271.23022461 -400.690093994 -70.2601165771 1367.05834961 -527.115356445 -422.999176025 1345.25585938 -438.90713501 -446.299926758 1265.6307373
0.0310180187225 8 -420.916870117 -154.961929321 1560.78393555 -437.799530029 174.031524658 1578.63098145 -436.071624756 -103.824951172 1407.86999512 -433.349334717 -53.9518737793 1686.75866699 -455.267181396 -271.02911377 1285.54309082 -394.732330322 -67.7681045532 1370.38684082 -407.050537109 -389.10925293 1272.39660645 -442.289581299 -439.507019043 1262.95263672
0.0319030284882 8 -418.46395874 -150.279251099 1560.65917969 -438.33682251 174.217590332 1578.6887207 -436.87008667 -100.721611023 1408.65307617 -431.71383667 -50.9188461304 1686.56591797 -475.005096436 -254.144744873 1293.85400391 -392.769897461 -66.3267288208 1369.18041992 -405.426544189 -393.626098633 1270.47009277 -437.33505249 -430.253326416 1260.65075684
0.0378310680389 8 -419.261444092 -150.04675293 1558.55639648 -438.805053711 174.903167725 1579.00537109 -432.297027588 -90.6530532837 1408.76416016 -435.630889893 -53.7444229126 1687.37036133 -472.975921631 -261.876312256 1269.86181641 -394.654754639 -70.9177703857 1370.60107422 -403.695709229 -384.036895752 1273.48876953 -442.000244141 -444.179443359 1270.75585938
0.0310099124908 8 -416.652160645 -149.611404419 1557.12817383 -438.89163208 175.478881836 1578.73535156 -434.514038086 -100.371253967 1409.45861816 -429.42401123 -51.7518920898 1678.82556152 -474.465515137 -273.819854736 1265.96386719 -391.213562012 -64.8330307007 1370.47741699 -406.004302979 -395.005584717 1274.59570312 -481.122772217 -478.92086792 1301.94396973
0.0308570861816 8 -417.915893555 -152.881072998 1548.90722656 -438.752410889 174.635345459 1578.72961426 -436.207733154 -94.0154953003 1406.59436035 -428.804412842 -66.4643478394 1677.22790527 -470.924377441 -263.645874023 1272.86437988 -390.582000732 -75.0682296753 1371.40283203 -407.887481689 -383.771270752 1271.56530762 -418.440551758 -420.697662354 1234.4074707
0.0360188484192 8 -416.593994141 -152.776092529 1550.05163574 -438.93637085 174.033325195 1578.78112793 -438.964385986 -101.519493103 1406.23754883 -425.522003174 -62.2147750854 1674.66723633 -474.598236084 -269.349639893 1271.69055176 -387.676574707 -75.0827484131 1368.84313965 -410.744934082 -387.289703369 1273.54382324 -434.586791992 -436.740478516 1265.84118652
0.0316641330719 8 -416.213439941 -156.040267944 1553.06237793 -439.107421875 173.884979248 1578.33898926 -429.886199951 -116.22718811 1405.54577637 -426.637908936 -49.6957168579 1663.13195801 -479.761352539 -312.211639404 1277.39929199 -402.820129395 -78.2228317261 1351.25695801 -402.673828125 -392.457977295 1276.91394043 -423.153778076 -405.519042969 1222.78210449
0.0345208644867 8 -420.83102417 -140.738601685 1542.32202148 -439.361175537 173.97088623 1577.80615234 -432.68862915 -94.3522033691 1403.76672363 -439.177093506 -14.0197753906 1613.70568848 -464.087768555 -292.002868652 1283.18383789 -397.328125 -98.3996810913 1357.72827148 -421.475830078 -340.849487305 1254.39587402 -353.964019775 -500.781707764 1322.83325195
0.0323309898376 8 -418.94128418 -146.376373291 1538.23278809 -439.605499268 173.899810791 1577.43237305 -438.998901367 -96.5592346191 1402.96704102 -423.559753418 -33.9049987793 1630.48071289 -468.274597168 -285.64831543 1284.05212402 -393.472167969 -93.3973846436 1360.27783203 -421.719573975 -342.300231934 1255.05322266 -415.47744751 -432.79901123 1224.75708008
0.0315811634064 8 -418.552062988 -154.241607666 1536.20129395 -439.91696167 173.793716431 1577.18981934 -436.378356934 -91.7405853271 1403.24584961 -421.100219727 -53.7220306396 1644.78564453 -459.55355835 -199.866882324 1361.76611328 -395.907867432 -94.826499939 1362.65100098 -506.552459717 -424.226409912 1301.17736816 -414.308837891 -424.636901855 1199.94873047
0.0320408344269 8 -419.873596191 -157.807128906 1538.92102051 -440.004302979 173.473876953 1576.63452148 -438.105285645 -97.0856323242 1402.43493652 -424.851379395 -61.6828613281 1654.60681152 -460.851745605 -164.397033691 1387.52233887 -396.430267334 -93.0800323486 1363.32348633 -465.655487061 -384.590332031 1265.39794922 -436.596923828 -463.153076172 1268.24511719
0.0348601341248 8 -420.23034668 -157.458312988 1539.35681152 -440.331237793 173.328475952 1576.4666748 -437.70199585 -96.6192321777 1402.18286133 -426.38973999 -61.2380371094 1655.66235352 -460.218383789 -166.288879395 1385.97509766 -397.464324951 -91.8953933716 1363.75170898 -446.489685059 -373.856170654 1250.50512695 -522.159118652 -485.543060303 1303.65344238
0.0351769924164 8 -427.225952148 -161.966156006 1544.35375977 -440.651062012 172.915893555 1576.58862305 -439.906158447 -99.6278305054 1402.75341797 -444.50668335 -77.570640564 1673.49023438 -459.928039551 -178.738555908 1377.45666504 -402.877410889 -93.1332168579 1364.51574707 -404.566375732 -414.169006348 1225.97241211 -456.645355225 -461.711883545 1277.59887695
0.0338959693909 8 -428.274871826 -159.11328125 1547.54003906 -440.660980225 172.541229248 1576.46240234 -440.466278076 -107.857017517 1403.05126953 -446.16885376 -71.8872909546 1672.9362793 -463.949554443 -194.280395508 1369.08679199 -404.763641357 -85.8431472778 1364.31652832 -410.031066895 -400.59161377 1235.20227051 -420.985443115 -417.022521973 1199.73034668
0.0382649898529 8 -429.45123291 -157.881332397 1551.91357422 -440.07635498 172.41645813 1575.8260498 -440.892944336 -117.650299072 1403.38232422 -447.887390137 -62.3504638672 1671.68383789 -471.389190674 -310.405853271 1298.89025879 -405.431243896 -75.2096710205 1362.84985352 -404.211761475 -382.288452148 1264.10253906 -435.230163574 -410.295166016 1223.890625
0.0287899971008 8 -425.402099609 -159.473434448 1553.49157715 -439.715393066 172.018585205 1574.9576416 -448.16494751 -119.604377747 1403.84277344 -439.353912354 -56.7153396606 1670.74560547 -481.302703857 -325.970123291 1296.46594238 -395.237121582 -69.6847610474 1361.45849609 -423.947387695 -370.814971924 1257.11022949 -533.900756836 -491.720916748 1328.67382812
0.0353860855103 8 -426.335601807 -161.010421753 1549.38928223 -439.360351562 171.711639404 1574.34851074 -446.031829834 -115.312400818 1399.66674805 -441.796600342 -62.4522018433 1671.61962891 -485.801391602 -420.911437988 1317.88232422 -398.52835083 -76.1822280884 1360.47619629 -405.651153564 -368.445251465 1263.69641113 -413.069976807 -424.014556885 1237.99768066
0.0312848091125 8 -429.125854492 -161.935699463 1558.2388916 -439.337371826 171.798614502 1573.81420898 -436.797119141 -130.152130127 1402.08825684 -451.618286133 -48.1500015259 1667.77868652 -478.92956543 -417.958709717 1334.77392578 -410.405303955 -62.6796035767 1353.80432129 -410.81072998 -391.393493652 1257.28857422 -434.80859375 -397.589874268 1217.03662109
0.0314300060272 8 -427.421813965 -163.694824219 1555.97302246 -439.833190918 171.630523682 1573.58239746 -439.012329102 -126.297355652 1400.73962402 -448.758666992 -52.0072555542 1668.67150879 -483.123809814 -417.158172607 1330.78540039 -415.793548584 -70.2520370483 1345.09191895 -414.839477539 -389.7890625 1257.23034668 -429.43737793 -407.639099121 1224.50402832
0.0350420475006 8 -427.284454346 -161.180908203 1548.79284668 -440.119354248 171.57649231 1573.66784668 -439.410919189 -113.098220825 1398.42468262 -447.349090576 -62.9711456299 1671.35632324 -467.014648438 -389.739501953 1320.45556641 -421.697357178 -90.0414962769 1342.90087891 -412.330627441 -398.461181641 1257.17883301 -433.355957031 -420.090332031 1225.77294922
0.0318529605865 8 -427.815643311 -158.843948364 1545.53845215 -439.985534668 171.727172852 1573.32043457 -440.192626953 -106.38583374 1397.65014648 -447.612854004 -68.2812805176 1672.74853516 -438.249328613 -366.602661133 1294.0892334 -418.819213867 -95.3928909302 1341.85168457 -374.05569458 -511.468200684 1308.24926758 -438.78414917 -434.616333008 1229.94995117
0.031809091568 8 -428.298858643 -156.745864868 1543.75976562 -439.538421631 172.663513184 1573.18383789 -439.792877197 -101.451660156 1397.33325195 -448.192596436 -71.3245239258 1673.90454102 -399.681915283 -336.167205811 1260.12792969 -420.846588135 -100.433265686 1338.95874023 -421.803771973 -493.36630249 1305.56872559 -443.451843262 -434.387756348 1236.29016113
0.0353269577026 8 -428.55569458 -155.261154175 1543.48217773 -438.751190186 173.484283447 1573.13049316 -439.591766357 -98.1685562134 1397.18884277 -448.89956665 -72.6144790649 1675.91589355 -415.027374268 -314.089630127 1276.23962402 -422.656158447 -105.500419617 1336.91650391 -509.42880249 -473.872253418 1319.46716309 -443.080413818 -438.159667969 1234.77294922
0.0358340740204 8 -426.242523193 -158.832717896 1548.2869873 -438.668151855 174.062255859 1572.98388672 -442.3019104 -103.568313599 1398.39428711 -447.509246826 -65.5117645264 1677.20068359 -428.483551025 -316.889434814 1282.88598633 -417.865386963 -97.9711608887 1340.07836914 -537.977722168 -494.490875244 1331.77453613 -444.386352539 -430.168609619 1234.47070312
0.0285589694977 8 -424.207397461 -158.291610718 1554.82019043 -438.46206665 174.863037109 1572.97924805 -444.527893066 -104.034629822 1398.70910645 -441.58972168 -56.7936019897 1685.6763916 -427.118774414 -324.081115723 1277.01416016 -436.93649292 -86.7975082397 1318.85241699 -544.822021484 -471.296813965 1341.9732666 -443.27835083 -439.035003662 1248.04919434
0.0353429317474 8 -423.342254639 -160.121643066 1550.60437012 -438.26260376 175.062423706 1573.1048584 -441.741577148 -118.835388184 1401.84875488 -441.261169434 -50.6951599121 1659.58166504 -467.267181396 -351.894714355 1285.27307129 -451.667755127 -64.1612854004 1311.56506348 -447.55255127 -325.11541748 1277.61499023 -451.812713623 -394.473449707 1198.59240723
0.0317280292511 8 -421.398376465 -157.059738159 1546.83898926 -437.89855957 174.255950928 1573.57104492 -441.494812012 -114.025520325 1400.62109375 -428.697753906 -48.2157974243 1655.16796875 -483.541778564 -355.009643555 1292.02453613 -447.45715332 -49.2088699341 1328.65588379 -457.336730957 -368.379699707 1251.23498535 -526.273681641 -274.932250977 1249.53552246
0.032201051712 8 -418.292022705 -154.304489136 1550.8392334 -437.082519531 173.706848145 1574.14746094 -434.820281982 -106.486991882 1400.78930664 -424.039642334 -44.0780563354 1664.38110352 -488.94519043 -344.017913818 1267.90734863 -431.279022217 -42.5355300903 1338.96569824 -375.899414062 -485.028991699 1252.24304199 -498.562683105 -459.9324646 1289.58056641
0.0444738864899 8 -419.667907715 -152.78237915 1552.48693848 -436.366790771 173.74168396 1574.37548828 -430.080566406 -104.527404785 1401.65942383 -428.781738281 -43.6539230347 1667.35107422 -500.186706543 -314.509338379 1272.88220215 -416.624542236 -37.6315383911 1350.57788086 -370.551483154 -485.236175537 1262.07055664 -494.984161377 -326.544525146 1215.37878418
0.0275280475616 8 -425.578735352 -150.842178345 1555.90014648 -435.889862061 174.021087646 1574.36083984 -437.413146973 -111.868507385 1401.92016602 -443.552185059 -41.6401367188 1670.44555664 -506.543334961 -307.756256104 1278.06848145 -423.420562744 -47.6958465576 1356.62414551 -437.69442749 -390.48059082 1258.63598633 -454.048675537 -332.381103516 1215.16540527
0.0316390991211 8 -433.917724609 -142.134765625 1550.60571289 -435.54083252 174.363250732 1574.65563965 -448.510620117 -101.784561157 1396.65881348 -464.840698242 -25.5252838135 1655.42321777 -518.002685547 -294.337097168 1281.30285645 -421.946868896 -64.2453536987 1353.8605957 -500.866912842 -293.574707031 1264.0135498 -523.134643555 -457.52822876 1322.32006836
0.0348339080811 8 -426.277954102 -132.752639771 1547.5513916 -434.981842041 173.769927979 1574.98413086 -452.632110596 -109.021263123 1396.59936523 -456.211151123 -21.9236984253 1651.78759766 -528.340087891 -296.166748047 1284.81555176 -407.081268311 -68.8221359253 1347.23449707 -515.953369141 -307.191802979 1258.24267578 -517.313964844 -460.982299805 1326.42016602
0.0316660404205 8 -426.209228516 -140.947128296 1546.47473145 -434.246246338 173.637329102 1575.9119873 -445.68548584 -104.576568604 1396.71875 -447.687011719 -34.3114929199 1657.36450195 -525.16583252 -285.834381104 1280.2644043 -410.965362549 -67.100982666 1355.86047363 -457.33001709 -360.063934326 1242.15380859 -311.962524414 -344.257629395 1298.16955566
0.0316119194031 8 -428.108581543 -134.371124268 1541.38635254 -433.505493164 173.785690308 1576.70141602 -442.206207275 -99.7648162842 1393.61157227 -442.802215576 -39.1712799072 1659.51660156 -526.315185547 -281.639282227 1274.67773438 -409.465118408 -64.2908477783 1361.47229004 -446.674072266 -347.531066895 1247.00866699 -295.723205566 -337.009277344 1313.29870605
0.0354740619659 8 -432.494354248 -137.840515137 1532.91967773 -433.077636719 173.542831421 1577.77990723 -448.906738281 -81.9015960693 1389.91882324 -439.326904297 -59.6217193604 1665.8963623 -536.602844238 -261.340515137 1253.79626465 -405.648742676 -68.3948669434 1379.27294922 -449.399658203 -319.720001221 1254.02636719 -278.060821533 -345.384216309 1329.26708984
0.0316259860992 8 -435.97354126 -138.574111938 1521.5637207 -432.871368408 172.542297363 1578.79626465 -450.027862549 -62.140083313 1388.71875 -433.380157471 -85.0517959595 1665.84106445 -541.225463867 -237.210906982 1246.42333984 -402.430969238 -91.4602890015 1375.37524414 -445.540863037 -289.993255615 1260.78125 -263.901916504 -358.259521484 1339.09619141
0.0349779129028 8 -438.617584229 -139.757125854 1508.78833008 -432.566314697 172.090133667 1580.17773438 -438.032958984 -34.3013153076 1395.53442383 -444.557006836 -115.416366577 1661.49658203 -529.014770508 -202.414245605 1248.05090332 -414.774017334 -121.585845947 1370.93115234 -418.731262207 -267.047027588 1276.15966797 -267.305786133 -378.276092529 1346.63208008
0.0320191383362 8 -442.275756836 -137.995300293 1510.02783203 -432.034942627 171.923751831 1581.41699219 -430.762359619 -33.9831390381 1397.52819824 -450.492218018 -117.682693481 1662.10339355 -485.207702637 -195.398742676 1245.09057617 -422.956604004 -120.266357422 1368.68334961 -394.573669434 -274.675292969 1284.19958496 -262.876281738 -373.106109619 1357.13305664
0.0318040847778 8 -435.3203125 -132.264816284 1512.65234375 -431.2762146 171.478210449 1582.9954834 -445.288208008 -32.3647193909 1399.82019043 -434.186340332 -120.089233398 1663.18737793 -488.925079346 -184.38470459 1242.20031738 -409.880096436 -119.751564026 1367.10913086 -396.883880615 -274.321990967 1290.40185547 -238.807693481 -370.013214111 1366.97839355
0.032194852829 8 -430.00088501 -134.865478516 1512.84301758 -430.74432373 171.47177124 1584.76086426 -444.402374268 -22.6352005005 1402.95593262 -421.205780029 -118.922828674 1669.51623535 -488.344207764 -174.702514648 1242.05725098 -414.026000977 -119.803359985 1369.78540039 -387.382293701 -263.896514893 1298.0423584 -233.980270386 -371.923522949 1374.21350098
0.038880109787 8 -419.6612854 -135.23008728 1513.20739746 -430.179626465 171.179748535 1586.42797852 -450.258911133 -25.6022567749 1404.88061523 -413.69329834 -122.495109558 1669.70410156 -509.281646729 -182.092559814 1244.96166992 -405.687072754 -97.3045120239 1369.98852539 -390.736297607 -258.496490479 1303.93469238 -224.220352173 -368.810852051 1380.35961914
0.0311369895935 8 -421.033752441 -114.100997925 1531.96594238 -429.509643555 170.773483276 1587.79760742 -443.843017578 -46.4104270935 1401.42199707 -411.225219727 -103.698486328 1680.08581543 -501.787597656 -199.135604858 1237.28918457 -392.898071289 -94.9951629639 1407.15014648 -384.951812744 -272.369812012 1288.84472656 -229.198059082 -349.411743164 1383.75720215
0.0418770313263 8 -416.861236572 -135.463928223 1529.43591309 -344.582275391 189.738342285 1513.66174316 -442.511901855 -50.5577812195 1400.73986816 -410.691894531 -100.293655396 1681.60217285 -477.57699585 -209.1875 1226.37353516 -363.348114014 -189.818862915 1438.40136719 -362.24041748 -295.691833496 1305.84887695 -277.7215271 -346.871337891 1323.91784668
0.0351009368896 8 -413.797241211 -155.023040771 1522.42419434 -345.887969971 188.114700317 1502.91809082 -433.270233154 -55.8292388916 1399.1784668 -408.929962158 -94.4876861572 1669.80029297 -442.69052124 -225.594146729 1212.51000977 -304.246612549 -279.659210205 1422.13464355 -320.552062988 -299.923400879 1311.31115723 -317.281738281 -333.498291016 1253.34790039
0.0324618816376 8 -407.927337646 -168.970092773 1511.27148438 -348.22543335 187.075073242 1495.02539062 -422.33605957 -71.693901062 1398.48083496 -407.241027832 -87.3892745972 1636.71447754 -429.200256348 -238.63269043 1207.49414062 -292.502105713 -295.575561523 1417.92297363 -288.573883057 -316.387481689 1322.82299805 -355.362823486 -322.71206665 1217.07824707
0.028822183609 8 -407.493499756 -176.970123291 1499.6529541 -432.482635498 37.7729263306 1407.22302246 -421.114837646 -76.8898162842 1395.84631348 -401.596710205 -69.3936309814 1596.45080566 -420.103912354 -248.935195923 1204.68933105 -269.864624023 -290.040588379 1425.19067383 -263.7706604 -312.452026367 1333.96643066 -361.999816895 -321.895904541 1210.06030273
0.0333869457245 8 -406.831604004 -183.276580811 1500.50280762 -383.617156982 106.806106567 1439.08959961 -421.068603516 -79.6857452393 1395.15881348 -399.497741699 -71.0133514404 1597.32312012 -412.572631836 -256.477294922 1204.8659668 -265.88861084 -306.649108887 1443.12109375 -243.405944824 -302.73651123 1337.32348633 -341.658630371 -322.088012695 1186.06176758
0.030905008316 8 -412.092468262 -188.141998291 1499.96679688 -375.929901123 116.871406555 1435.83532715 -442.833221436 -90.0318069458 1393.9230957 -399.451629639 -76.2453079224 1595.54443359 -402.098297119 -251.386291504 1209.08752441 -259.896575928 -321.952392578 1455.46850586 -166.674713135 -285.85824585 1420.54650879 -359.5496521 -336.072601318 1186.34521484
0.0310289859772 8 -409.776824951 -178.447463989 1500.45117188 -369.879333496 125.703437805 1432.18579102 -446.643096924 -90.2244644165 1385.56286621 -396.780426025 -51.7781448364 1578.73059082 -357.806396484 -260.231811523 1212.62438965 -257.556152344 -331.800079346 1469.64245605 -145.663604736 -268.211029053 1434.47570801 -324.377960205 -358.887939453 1214.13818359
0.0351819992065 8 -409.22756958 -175.129302979 1490.14819336 -369.655090332 139.87878418 1424.2878418 -444.596313477 -86.7426681519 1381.36999512 -394.093200684 -44.7199020386 1550.64733887 -332.896789551 -268.133087158 1204.65625 -283.296936035 -336.559265137 1468.44433594 -127.882598877 -262.222503662 1427.71325684 -312.058105469 -369.526397705 1235.97033691
0.0315880775452 8 -407.260894775 -172.498275757 1493.52368164 -418.805755615 171.189941406 1610.52062988 -434.180267334 -80.5502319336 1386.8170166 -396.203704834 -44.3750610352 1556.9864502 -244.1690979 -292.644317627 1310.77648926 -354.27255249 -319.139801025 1712.35290527 -201.749862671 -260.601165771 1360.82312012 -176.806289673 -258.755889893 1357.78161621
0.0319318771362 8 -406.582550049 -170.363082886 1496.88220215 -417.879852295 169.963256836 1612.984375 -429.178466797 -80.7189102173 1389.38220215 -397.505554199 -47.1131057739 1566.37976074 -240.70664978 -295.736419678 1315.31860352 -350.190368652 -308.10168457 1693.52441406 -357.303894043 -134.996673584 1349.70983887 -185.960861206 -307.651885986 1381.87976074
0.0356941223145 8 -402.932952881 -165.627548218 1499.66040039 -416.031188965 168.008483887 1613.84924316 -416.73526001 -77.8833694458 1389.11157227 -397.727874756 -44.9215774536 1573.91333008 -284.020599365 -278.198730469 1316.33374023 -352.193481445 -275.711303711 1708.99768066 -217.265716553 -270.076751709 1342.62634277 -170.389648438 -305.149108887 1382.06872559
0.0468158721924 8 -400.698516846 -162.914993286 1504.24377441 -414.873809814 167.218322754 1615.44873047 -409.122741699 -78.5242538452 1390.03100586 -398.609008789 -44.2410507202 1582.66186523 -289.916748047 -292.091766357 1314.79968262 -353.067077637 -253.430206299 1726.11376953 -214.952941895 -269.90838623 1348.2565918 -139.482254028 -295.204101562 1399.29272461
0.0325710773468 8 -399.343994141 -162.795455933 1508.86621094 -414.32208252 166.646438599 1616.19458008 -403.272460938 -77.6368408203 1394.56347656 -398.241821289 -46.9063720703 1591.93823242 -289.921569824 -292.807525635 1316.36767578 -354.988861084 -239.701431274 1745.00256348 -86.9184570312 -290.388702393 1455.75524902 -191.205154419 -284.671142578 1738.34680176
0.0286400318146 8 -398.623199463 -163.602523804 1513.1817627 -413.458984375 165.872192383 1616.30908203 -401.356994629 -79.8771896362 1397.08764648 -398.850952148 -50.1862411499 1600.54223633 -296.186218262 -282.892700195 1315.52746582 -351.257232666 -224.260284424 1702.5213623 -157.230407715 -297.790405273 1368.42089844 -70.7351379395 -294.032836914 1442.72619629
0.0303139686584 8 -396.545074463 -163.792419434 1516.90539551 -411.464599609 164.699462891 1616.27941895 -397.365081787 -78.0891342163 1402.38317871 -397.912689209 -54.3215560913 1608.96643066 -279.434265137 -250.306060791 1316.62207031 -344.423736572 -218.873779297 1728.39599609 -133.960952759 -290.225372314 1375.68615723 -124.635528564 -272.971130371 1396.1328125
0.0339448451996 8 -396.085662842 -166.862091064 1519.32763672 -409.517547607 164.496383667 1615.97180176 -395.233276367 -77.1665344238 1405.8861084 -396.768432617 -59.8341674805 1616.58728027 -240.036224365 -253.85987854 1328.02258301 -310.42074585 -62.5359916687 1428.46411133 -133.58480835 -303.253845215 1368.6315918 -34.775970459 -299.0831604 1460.19458008
0.0350821018219 8 -395.261505127 -168.20425415 1521.30407715 -408.268127441 164.768341064 1615.6652832 -393.183654785 -78.2049942017 1407.04589844 -398.745239258 -63.7874832153 1622.5168457 -242.511611938 -244.663543701 1327.51525879 -301.128875732 -179.283569336 1406.16174316 -124.506645203 -302.479003906 1367.18078613 -30.6637878418 -298.783966064 1455.37634277
0.0277950763702 8 -394.639953613 -169.584793091 1523.44921875 -406.979919434 165.149688721 1615.2557373 -391.159759521 -77.434463501 1409.35449219 -397.96206665 -66.7822723389 1628.05273438 -237.1456604 -245.330551147 1334.84240723 -284.005340576 -172.227386475 1427.7512207 -128.564865112 -310.56729126 1372.03076172 -96.4971160889 -289.429962158 1376.7442627
0.0354428291321 8 -393.341918945 -170.131088257 1525.45214844 -405.237976074 165.175720215 1615.57836914 -388.422332764 -76.3921127319 1410.92468262 -398.284698486 -68.4728317261 1633.01037598 -230.369064331 -248.756652832 1342.67541504 -286.106231689 -173.949584961 1435.19714355 -112.133674622 -310.781188965 1376.1315918 -74.0888214111 -292.2371521 1437.25854492
0.0282781124115 8 -392.406982422 -171.464279175 1533.88293457 -404.675445557 166.006546021 1615.67114258 -384.689910889 -66.3222198486 1413.69042969 -402.095245361 -75.9383392334 1661.71655273 -213.468475342 -243.249084473 1361.01013184 -287.540252686 -181.942016602 1444.80053711 -100.191619873 -277.69708252 1388.73950195 26.7551269531 -321.924316406 1465.58068848
0.0316059589386 8 -390.461761475 -167.266571045 1539.34936523 -404.441925049 166.0105896 1616.44042969 -379.078369141 -53.0128479004 1416.21411133 -396.645202637 -68.5240783691 1675.57446289 -179.262161255 -236.970932007 1388.62768555 -290.631591797 -194.36920166 1451.50012207 -87.1762084961 -269.567443848 1391.703125 27.1903686523 -332.984741211 1461.41699219
0.0395290851593 8 -391.052520752 -169.015716553 1541.82177734 -403.371612549 165.938262939 1616.85595703 -378.328460693 -53.2502822876 1417.32019043 -399.683380127 -73.2472000122 1682.59777832 -159.742630005 -236.869354248 1402.91357422 -287.556365967 -197.906188965 1471.13195801 -94.5460357666 -290.303985596 1393.28320312 -43.4726409912 -313.246063232 1405.87524414
0.0285458564758 8 -390.9480896 -169.738647461 1542.81103516 -402.964385986 166.165222168 1617.15893555 -376.370361328 -53.3964920044 1419.06201172 -399.614135742 -74.154335022 1683.70166016 -140.556137085 -234.626190186 1410.80847168 -273.704589844 -190.486206055 1472.74926758 -95.4606170654 -282.913543701 1393.19519043 -26.7412109375 -311.769165039 1412.78430176
0.0318729877472 8 -388.507080078 -171.457397461 1544.17980957 -402.133514404 165.980316162 1617.50939941 -371.189239502 -54.1436157227 1422.72167969 -397.848358154 -76.4167175293 1684.51635742 -130.126068115 -235.758392334 1411.90148926 -269.413543701 -189.776123047 1478.89831543 -101.773750305 -279.92779541 1393.47949219 22.1812744141 -332.234313965 1448.38256836
0.0535881519318 8 -388.014434814 -174.146240234 1544.37963867 -400.719085693 164.635025024 1617.96618652 -369.841094971 -56.1768188477 1422.86401367 -397.93838501 -77.2866821289 1684.13891602 -125.829208374 -240.720718384 1412.62097168 -259.772766113 -193.998855591 1486.52148438 -99.6180496216 -247.891342163 1373.24328613 -36.1068725586 -320.562530518 1406.7454834
0.0333478450775 8 -387.444793701 -175.505386353 1544.51000977 -398.46081543 163.678649902 1618.29248047 -368.409332275 -58.2039718628 1422.5880127 -395.606292725 -77.6825485229 1683.61730957 -130.440917969 -242.769134521 1412.63232422 -255.763839722 -192.581695557 1488.84350586 -90.0019836426 -248.392730713 1375.76208496 16.4972076416 -334.284912109 1445.16235352
0.0300631523132 8 -386.891204834 -177.311965942 1544.07617188 -396.388397217 162.786331177 1618.40063477 -366.66217041 -59.9002838135 1421.53027344 -393.907470703 -78.2634429932 1683.18823242 -127.615158081 -243.42388916 1414.28369141 -249.745300293 -167.392242432 1479.19921875 -94.8127975464 -252.016967773 1374.63757324 15.3469238281 -335.961730957 1443.93249512
0.0206899642944 8 -386.689666748 -177.260665894 1544.90966797 -394.590240479 162.200469971 1619.15808105 -365.880126953 -62.5429763794 1420.50463867 -391.633117676 -76.5169448853 1682.37182617 -128.310836792 -245.463653564 1414.10913086 -266.751831055 -149.46105957 1455.25708008 -96.4688034058 -256.230133057 1373.67553711 16.3326721191 -333.323852539 1443.69091797
0.0309770107269 8 -386.486480713 -178.059524536 1544.47924805 -391.300842285 161.596054077 1619.79406738 -365.625762939 -65.9395446777 1420.25305176 -390.947601318 -78.1430053711 1680.25402832 -127.004470825 -249.250183105 1414.55639648 -270.820281982 -141.478118896 1443.15893555 -92.9515838623 -259.45904541 1373.87365723 14.2523193359 -334.038757324 1441.95361328
0.0345239639282 8 -385.97644043 -178.244659424 1544.36572266 -390.285552979 161.226318359 1620.49438477 -365.145751953 -66.5902786255 1419.07629395 -390.220336914 -76.8075027466 1679.60754395 -132.881668091 -244.797637939 1415.4296875 -271.108215332 -165.263885498 1433.60375977 -87.8986358643 -316.367553711 1399.73901367 15.1020812988 -334.626251221 1444.13720703
0.035581111908 8 -385.238983154 -178.884643555 1543.54223633 -389.342956543 160.911560059 1620.96081543 -364.631988525 -68.2495422363 1417.83300781 -390.876617432 -77.412109375 1678.22314453 -134.944381714 -246.674423218 1414.90222168 -265.839660645 -173.749938965 1431.50439453 -89.0466461182 -318.586181641 1392.70495605 -45.6860961914 -323.458953857 1388.31201172
0.030425786972 8 -385.199371338 -177.911682129 1543.54248047 -387.469329834 160.835113525 1621.02880859 -364.176452637 -67.6663665771 1416.91516113 -390.639404297 -75.9195404053 1678.44348145 -152.250045776 -236.54876709 1410.60180664 -265.279968262 -175.910125732 1432.52966309 -93.1822662354 -315.792602539 1390.62414551 17.1530456543 -335.862365723 1441.69006348
0.0471851825714 8 -384.906433105 -177.312530518 1543.61572266 -386.700408936 160.41506958 1621.28808594 -364.756347656 -66.2133712769 1417.79858398 -390.83190918 -76.0972824097 1678.89013672 -152.684585571 -235.967590332 1408.82946777 -262.879486084 -180.405303955 1452.4967041 -84.8774185181 -286.048339844 1398.36767578 -40.9522857666 -321.83416748 1394.09545898
0.0297930240631 8 -383.980438232 -177.197296143 1543.9029541 -385.120849609 160.212249756 1621.86779785 -364.060302734 -65.7384872437 1418.88879395 -390.950012207 -76.1290206909 1678.75427246 -158.309967041 -236.918884277 1395.23657227 -266.258117676 -190.929718018 1482.24279785 -71.4297103882 -281.53338623 1400.44311523 -43.9276580811 -321.996582031 1386.7635498
0.0308129787445 8 -383.704803467 -177.62046814 1544.06896973 -384.089630127 160.250213623 1622.55041504 -363.586761475 -67.0798873901 1418.03149414 -390.484527588 -75.4407577515 1678.31713867 -155.116622925 -246.670654297 1385.30688477 -259.079650879 -190.797454834 1483.99816895 -51.14037323 -270.934753418 1412.421875 -55.6917266846 -330.036987305 1387.96044922
0.0301578044891 8 -382.133239746 -178.067871094 1544.23522949 -382.911865234 160.350158691 1622.95349121 -361.922393799 -67.6788406372 1418.38647461 -386.895355225 -75.974861145 1678.34814453 -158.925552368 -248.081756592 1387.51330566 -254.425598145 -193.147705078 1484.32849121 -0.646530151367 -290.475769043 1441.37341309 -70.7075195312 -337.036499023 1382.76525879
0.0328371524811 8 -381.2081604 -178.307342529 1543.72033691 -381.643951416 160.508483887 1623.36987305 -360.899353027 -67.0649871826 1418.9831543 -385.334899902 -76.0082550049 1677.37792969 -161.615646362 -249.644317627 1390.11328125 -255.976516724 -195.716827393 1499.20898438 -44.1012573242 -291.738494873 1406.65161133 -75.5954589844 -339.172332764 1387.08544922
0.0286159515381 8 -380.26739502 -178.82661438 1543.47143555 -380.791992188 160.467529297 1623.31750488 -360.679870605 -66.7921066284 1418.45153809 -384.418518066 -75.9243087769 1677.48303223 -143.351333618 -253.343475342 1406.59741211 -253.954177856 -195.569381714 1523.57727051 25.95362854 -292.357757568 1455.13256836 -72.3542480469 -334.730804443 1388.17626953
0.0316770076752 8 -380.102142334 -179.829437256 1543.32617188 -379.889801025 160.208831787 1622.98181152 -360.049316406 -67.1611328125 1418.21447754 -384.133178711 -77.2305297852 1678.25671387 -138.112091064 -262.049163818 1416.98779297 -271.841278076 -190.370849609 1568.05944824 -2.98075866699 -283.148925781 1435.94592285 -84.3536071777 -335.859588623 1391.75256348
0.0372200012207 8 -380.062072754 -182.320968628 1541.44250488 -378.901702881 159.96105957 1622.48083496 -359.949279785 -65.255607605 1418.99169922 -381.492431641 -80.1715621948 1678.06713867 -147.093811035 -255.287200928 1408.89904785 -264.258178711 -188.443878174 1556.29016113 -1.53091430664 -274.964141846 1442.92590332 -68.0313720703 -321.866821289 1329.58227539
0.0311629772186 8 -379.567138672 -183.696609497 1540.70922852 -378.058044434 159.835296631 1622.16516113 -359.239959717 -64.3720932007 1419.80065918 -380.532073975 -81.5295944214 1677.93591309 -140.816146851 -253.48348999 1408.94689941 -253.407623291 -196.465652466 1548.11206055 -16.7546920776 -264.011291504 1430.81408691 -72.5995178223 -317.828033447 1330.02526855
0.0313880443573 8 -378.658599854 -184.356994629 1541.01623535 -377.452667236 159.939941406 1621.72241211 -359.180053711 -66.3502731323 1419.43762207 -379.71862793 -82.3973922729 1677.72497559 -128.720214844 -240.134246826 1403.97546387 -236.032806396 -195.361312866 1503.4017334 -11.6976547241 -267.000915527 1437.26196289 -75.8250732422 -305.032104492 1343.37878418
0.0410439968109 8 -377.589050293 -184.279525757 1540.99133301 -376.777313232 160.117126465 1621.64221191 -358.797149658 -66.4523544312 1418.90124512 -379.09677124 -82.0250778198 1677.68054199 -135.120483398 -248.437164307 1403.92077637 -231.169540405 -207.354385376 1530.06848145 -87.7995300293 -257.390563965 1380.00585938 -60.2128601074 -284.503051758 1346.27685547
0.0440409183502 8 -376.221740723 -184.892364502 1539.27722168 -375.932037354 160.161117554 1621.52197266 -356.097686768 -65.7813873291 1417.75927734 -378.338409424 -83.3205108643 1677.25366211 -135.81791687 -252.570220947 1404.20849609 -228.487808228 -210.144744873 1551.66186523 98.2464447021 -252.851928711 1502.16113281 -53.8756103516 -272.688873291 1347.93505859
0.033478975296 8 -375.645141602 -184.83795166 1538.9798584 -375.642425537 159.912017822 1621.07006836 -353.045196533 -66.8398742676 1416.69311523 -378.167388916 -84.1319274902 1677.68847656 -129.470840454 -250.810791016 1399.76977539 -229.300689697 -216.91116333 1571.28430176 103.600845337 -255.952270508 1512.01135254 -50.0892944336 -270.475524902 1350.91455078
0.0291650295258 8 -375.115905762 -183.373336792 1539.0402832 -375.390930176 159.358978271 1620.28930664 -350.413574219 -68.1845779419 1415.84814453 -378.538574219 -84.3487014771 1677.73852539 -121.671844482 -250.581756592 1398.9128418 -224.04776001 -217.969818115 1574.51318359 103.70149231 -257.978393555 1507.20617676 -25.0028381348 -259.369812012 1363.84802246
0.0292639732361 8 -374.456512451 -177.174514771 1536.49267578 -374.878356934 158.857147217 1619.64416504 -346.735595703 -66.7516403198 1414.42919922 -382.012268066 -87.4368515015 1677.03100586 -114.487304688 -245.238220215 1401.41601562 -222.434234619 -213.535705566 1586.14465332 113.847808838 -258.796081543 1511.28015137 8.34979248047 -261.889648438 1366.17431641
0.0305299758911 8 -375.089019775 -180.742111206 1535.74230957 -374.417327881 158.045013428 1619.39135742 -349.050720215 -67.8176498413 1414.10205078 -383.807739258 -88.5259017944 1675.9074707 -102.489517212 -235.877105713 1416.95532227 -216.825088501 -203.217254639 1600.44995117 -6.56545257568 -271.323486328 1425.64978027 13.5536804199 -261.872802734 1368.75268555
0.0349740982056 8 -373.893310547 -179.068359375 1534.36364746 -373.41104126 157.402923584 1618.65515137 -347.615112305 -65.2352218628 1414.66821289 -384.065368652 -91.855430603 1676.72143555 -104.118087769 -247.824523926 1431.77307129 -211.310958862 -201.490921021 1610.3782959 -32.178024292 -273.626525879 1415.6751709 96.1998443604 -291.922943115 1490.95837402
0.0308589935303 8 -373.588989258 -177.951187134 1533.69567871 -372.455413818 156.6875 1617.77404785 -349.210021973 -63.2574386597 1415.26257324 -385.316772461 -94.0366439819 1677.2088623 -94.5069885254 -239.156799316 1439.4876709 -207.270523071 -197.318481445 1620.06835938 -27.3143844604 -292.516967773 1418.35656738 95.040145874 -294.785827637 1489.4029541
0.0351519584656 8 -375.277648926 -180.925613403 1534.38232422 -371.677764893 156.360717773 1616.90759277 -348.263214111 -62.1421127319 1415.4786377 -393.994049072 -97.0803756714 1681.34094238 -96.0085144043 -232.015106201 1433.17529297 -208.785308838 -207.317260742 1621.04785156 -22.3040390015 -273.646331787 1428.64111328 104.495574951 -297.996520996 1494.65600586
0.0314810276031 8 -377.254058838 -181.295516968 1535.30444336 -370.647705078 156.430435181 1616.73718262 -351.44229126 -61.5579071045 1416.54699707 -399.613983154 -99.0930938721 1683.11950684 -98.2774353027 -229.416213989 1430.2677002 -203.082870483 -212.19354248 1619.1932373 1.79156494141 -261.878540039 1445.98388672 137.101730347 -284.667541504 1510.4029541
0.0350320339203 8 -377.56137085 -182.495727539 1536.25427246 -369.673431396 156.532745361 1616.74768066 -352.157897949 -62.2105407715 1417.58068848 -399.745849609 -98.8877258301 1683.61315918 -99.6868743896 -227.906112671 1427.79504395 -201.644760132 -203.607330322 1633.82983398 -21.6900405884 -263.698730469 1439.34008789 119.623397827 -293.111022949 1498.47753906
0.0382471084595 8 -376.641357422 -180.870025635 1536.65283203 -368.098114014 156.397293091 1617.52807617 -351.436218262 -58.3067016602 1419.16149902 -397.389709473 -98.097869873 1685.5802002 -115.781082153 -223.457168579 1402.93884277 -200.078567505 -201.618774414 1645.27441406 -2.59776306152 -253.718460083 1448.06811523 140.031417847 -280.880462646 1509.8112793
0.0350279808044 8 -375.177185059 -178.743209839 1537.6862793 -367.080993652 156.502532959 1617.59777832 -351.015594482 -54.6291122437 1420.44335938 -394.472747803 -97.9591903687 1688.80029297 -110.274368286 -219.589172363 1412.51977539 -198.445709229 -203.456970215 1668.65991211 20.2119445801 -243.288879395 1461.25805664 -4.01788330078 -271.30255127 1360.72412109
0.0241048336029 8 -373.44430542 -178.061599731 1538.77001953 -366.516601562 156.904174805 1617.74499512 -351.721038818 -53.957359314 1420.59326172 -392.984405518 -97.8134384155 1690.48583984 -109.312332153 -220.209381104 1416.15820312 -195.173324585 -204.43107605 1690.50463867 7.28997802734 -238.996353149 1455.33312988 162.031143188 -263.652954102 1532.77514648
0.03822016716 8 -372.986846924 -177.96812439 1540.23535156 -365.67791748 157.178924561 1617.75952148 -350.325927734 -52.836730957 1421.55810547 -391.780517578 -96.5132751465 1692.77172852 -106.375747681 -220.181137085 1417.04321289 -193.437286377 -208.185089111 1711.11865234 19.6259613037 -233.260818481 1462.50561523 164.310302734 -257.014282227 1545.7644043
0.0303978919983 8 -370.356536865 -175.883453369 1542.54345703 -365.984130859 157.658828735 1617.7265625 -346.327636719 -46.7391662598 1423.1751709 -385.843139648 -95.8210754395 1700.19616699 -100.039840698 -215.02885437 1417.92431641 -193.957778931 -216.434204102 1728.35632324 134.27142334 -171.268234253 1559.15136719 12.7495269775 -255.793685913 1407.89953613
0.0318899154663 8 -369.58392334 -175.120605469 1543.19799805 -366.384246826 158.474014282 1617.52954102 -344.274475098 -45.3581542969 1424.89440918 -384.38269043 -97.9292297363 1702.2479248 -97.6136169434 -214.274261475 1419.18701172 -193.487716675 -218.1590271 1743.96813965 120.532409668 -181.536682129 1536.51123047 10.699508667 -252.482803345 1418.59130859
0.0358681678772 8 -369.152557373 -175.51852417 1543.22058105 -366.654083252 159.075653076 1616.60534668 -342.973907471 -46.3447799683 1425.7755127 -383.918304443 -98.7616195679 1701.50720215 -93.7712554932 -212.891113281 1433.48413086 -194.162506104 -215.139312744 1759.94311523 142.055175781 -156.192977905 1569.0402832 -17.0818328857 -261.506347656 1454.74645996
0.0395038127899 8 -368.658935547 -174.977844238 1543.67248535 -367.162506104 159.57522583 1616.62365723 -341.40045166 -46.00025177 1426.90148926 -383.555419922 -98.7545547485 1701.72814941 -90.2221221924 -211.792480469 1442.72509766 -193.289764404 -214.061218262 1775.5769043 145.750564575 -150.853408813 1573.60766602 -21.1106109619 -257.283660889 1452.42504883
0.0289421081543 8 -368.59866333 -175.038879395 1543.95446777 -367.917938232 159.923706055 1616.99279785 -339.29019165 -46.8667831421 1426.84008789 -384.243682861 -97.9444198608 1701.47998047 -77.5595397949 -207.564788818 1448.65771484 -192.307983398 -212.729370117 1787.24267578 110.149459839 -175.455276489 1533.29711914 155.434539795 -212.944152832 1584.79504395
0.0359289646149 8 -367.787078857 -175.045043945 1544.90686035 -368.921234131 160.083786011 1617.50439453 -338.375732422 -48.8671264648 1426.34460449 -382.892150879 -96.5905761719 1701.30187988 -71.8000793457 -205.986114502 1447.48742676 -190.661315918 -210.149032593 1797.37475586 125.552536011 -150.834533691 1558.78820801 0.0509033203125 -242.400863647 1476.34143066
0.0354990959167 8 -367.44744873 -174.474624634 1545.10375977 -370.661376953 160.615814209 1617.53027344 -338.28112793 -51.2476577759 1425.71618652 -382.801147461 -95.0768508911 1699.21081543 -79.7514343262 -213.020263672 1438.71166992 -189.481079102 -206.145019531 1807.6373291 128.303283691 -147.952438354 1562.56237793 16.83984375 -237.313461304 1482.68188477
0.0283958911896 8 -371.102874756 -175.864974976 1541.26037598 -372.179840088 160.953186035 1617.56079102 -342.53338623 -62.0919113159 1423.55529785 -393.564147949 -95.2739486694 1684.84094238 -85.9172668457 -221.622467041 1438.38049316 -184.12928772 -194.398910522 1818.19311523 131.332626343 -144.670806885 1570.81396484 18.3068084717 -220.267501831 1486.32629395
0.0347030162811 8 -370.598968506 -175.964828491 1540.97473145 -373.748840332 161.495864868 1617.00549316 -341.365844727 -62.2989654541 1422.96350098 -392.494262695 -95.4509124756 1684.98547363 -82.7026977539 -216.623779297 1436.37011719 -183.920547485 -193.234008789 1825.85644531 131.151748657 -138.102462769 1576.91955566 62.4607086182 -237.851135254 1598.86767578
0.0311880111694 8 -370.154937744 -176.056396484 1541.09362793 -377.388458252 162.438171387 1615.86547852 -340.600463867 -61.816078186 1422.83508301 -391.282958984 -95.3884963989 1685.85388184 -83.5845947266 -215.364593506 1437.24963379 -183.812896729 -192.399078369 1832.45617676 130.829040527 -132.227844238 1575.18408203 62.5533905029 -236.844604492 1597.16760254
0.031112909317 8 -369.91583252 -176.008056641 1541.53491211 -378.93447876 162.295623779 1616.01611328 -340.020324707 -61.5524291992 1422.55871582 -390.195739746 -94.7383117676 1686.90661621 -80.8389892578 -211.548080444 1436.39501953 -183.169281006 -191.431869507 1837.93835449 129.252700806 -130.67527771 1571.1965332 168.170715332 -124.079673767 1633.12963867
0.0355892181396 8 -371.047302246 -171.811477661 1546.86572266 -382.261627197 162.917724609 1615.16772461 -340.023864746 -67.9158554077 1421.29333496 -388.571838379 -87.5084762573 1688.67858887 -77.3274841309 -215.051452637 1436.53027344 -181.94102478 -183.668670654 1843.66162109 131.510391235 -123.320915222 1575.7947998 69.1213226318 -182.030975342 1615.15588379
0.031543970108 8 -372.035980225 -166.267181396 1553.57141113 -386.139831543 163.984069824 1614.16027832 -341.624237061 -77.6109390259 1420.17089844 -386.195892334 -77.3714675903 1689.50292969 -76.0250549316 -221.567260742 1436.55175781 -179.907989502 -171.332122803 1849.33642578 138.170578003 -111.381439209 1593.94030762 67.4954986572 -167.301010132 1622.4798584
0.0315678119659 8 -372.674194336 -165.184280396 1551.9979248 -388.73815918 164.730422974 1613.77954102 -342.679321289 -75.4973449707 1419.21813965 -384.487182617 -79.0677185059 1689.9041748 -74.1928405762 -217.402908325 1435.95922852 -178.71572876 -171.842758179 1853.70336914 138.194290161 -101.217224121 1596.60290527 67.5694580078 -166.085830688 1630.65686035
0.0352840423584 8 -373.142852783 -163.745529175 1546.05957031 -395.275421143 165.73840332 1613.23876953 -342.73526001 -66.5471572876 1418.91589355 -384.72555542 -87.464881897 1689.53283691 -66.4775085449 -200.022094727 1423.85473633 -179.21043396 -177.381622314 1859.27612305 138.344039917 -81.4284515381 1598.83117676 68.7127075195 -173.494934082 1639.70727539
0.0351891517639 8 -372.523681641 -164.594085693 1545.46130371 -399.533294678 166.725509644 1612.88476562 -343.741149902 -65.9666442871 1418.11584473 -384.535522461 -86.5802307129 1688.78625488 -67.595703125 -192.018859863 1420.96984863 -179.031616211 -175.062774658 1863.15197754 131.8097229 -82.2742919922 1595.24658203 70.6357879639 -167.020721436 1648.94384766
0.0402348041534 8 -372.767120361 -162.009185791 1540.75415039 -402.33026123 167.099731445 1613.19006348 -345.40914917 -59.8317947388 1417.18493652 -384.714874268 -91.2460403442 1686.72570801 -60.5577392578 -164.908538818 1438.05163574 -178.812591553 -177.643081665 1866.37231445 137.854415894 -57.2511901855 1607.38439941 74.9848632812 -167.270782471 1657.6484375
0.0273621082306 8 -367.160247803 -161.214324951 1536.47705078 -407.978942871 168.102630615 1614.68603516 -355.072174072 -53.4384994507 1416.0267334 -375.392120361 -97.0176620483 1685.07336426 -66.4736938477 -149.382797241 1445.96337891 -170.840423584 -178.620849609 1869.0847168 125.299682617 -37.4021606445 1611.26855469 88.5131530762 -167.897857666 1666.62231445
0.0332119464874 8 -367.892364502 -156.839752197 1535.15673828 -408.805450439 167.748535156 1614.93286133 -354.530487061 -51.9053955078 1415.52392578 -376.816680908 -97.0500183105 1682.96459961 -64.7730102539 -141.25958252 1451.23876953 -173.075744629 -174.488922119 1871.15966797 124.453109741 -35.4478988647 1613.3815918 91.5689697266 -162.576766968 1674.38354492
0.0297870635986 8 -363.022399902 -146.010803223 1535.13549805 -412.856689453 168.596679688 1615.15026855 -352.977172852 -49.4346847534 1415.45092773 -379.859619141 -98.483543396 1680.77124023 -62.2895202637 -134.814300537 1455.71777344 -176.683547974 -172.272064209 1872.41699219 123.853271484 -22.0602722168 1616.52624512 89.5938873291 -158.191085815 1684.71569824
0.0347421169281 8 -368.317749023 -145.452529907 1533.02502441 -417.265472412 170.47064209 1615.52294922 -357.530395508 -50.629447937 1412.71765137 -387.500976562 -88.1758117676 1674.2088623 -66.4669799805 -133.146728516 1455.06787109 -175.690872192 -164.754455566 1876.02453613 118.405578613 -14.140625 1613.43139648 91.6545257568 -149.065032959 1696.00976562
0.0312268733978 8 -368.876434326 -141.619064331 1538.09875488 -420.405548096 172.642608643 1615.73059082 -356.936737061 -36.7292404175 1413.27209473 -386.174407959 -84.2159042358 1690.1895752 -63.8163452148 -117.778846741 1457.25549316 -180.912231445 -172.94921875 1876.81542969 119.654052734 1.91586303711 1616.9251709 86.8647766113 -156.166992188 1701.27416992
0.0312581062317 8 -370.611358643 -137.61807251 1540.23876953 -424.699951172 174.103622437 1616.69824219 -361.078430176 -31.4535675049 1412.16796875 -387.566101074 -77.291885376 1694.63110352 -67.4375915527 -108.295921326 1459.50268555 -181.994628906 -172.577880859 1879.1862793 116.032485962 13.1624145508 1618.84570312 84.07421875 -153.457733154 1698.81396484
0.03511095047 8 -373.317077637 -136.734298706 1544.04064941 -427.866455078 174.745910645 1617.23937988 -363.643005371 -34.4570770264 1411.93859863 -388.073730469 -69.1305770874 1696.41174316 -67.1458740234 -109.311935425 1459.64221191 -187.254684448 -162.787597656 1880.96728516 116.404876709 14.4883041382 1619.67358398 78.8368377686 -143.291381836 1701.73168945
0.0312838554382 8 -375.858398438 -138.512145996 1543.43664551 -430.442443848 175.311203003 1617.83288574 -365.946350098 -31.140296936 1413.79492188 -391.868835449 -72.443649292 1697.74926758 -67.3631591797 -99.6665344238 1461.79138184 -195.902267456 -158.410369873 1886.05236816 115.933273315 21.9370346069 1620.36206055 70.2277374268 -139.696807861 1698.82519531
0.0315690040588 8 -379.377838135 -134.53237915 1544.91796875 -432.351654053 174.627471924 1618.75415039 -357.964263916 -33.1300582886 1415.46350098 -397.881561279 -69.8591842651 1696.49060059 -58.8245544434 -88.1220092773 1463.97924805 -209.957397461 -150.418060303 1890.49633789 122.112564087 37.5830078125 1633.94677734 56.339050293 -131.946411133 1695.98583984
0.0355501174927 8 -382.805206299 -131.103790283 1545.70617676 -436.039672852 174.647583008 1620.80737305 -354.286651611 -34.2127227783 1416.86413574 -405.99710083 -68.026802063 1694.98693848 -50.9780883789 -79.4195556641 1471.34350586 -218.158126831 -143.775665283 1893.35449219 125.79864502 43.3919754028 1633.55932617 54.7728729248 -121.682281494 1690.95800781
0.0314290523529 8 -384.845275879 -137.859832764 1546.49841309 -436.606658936 173.987625122 1621.72155762 -355.736236572 -37.6012649536 1417.11499023 -407.801300049 -65.4867401123 1694.39770508 -50.6476745605 -76.9624099731 1477.51501465 -220.223388672 -135.473114014 1894.97924805 123.267929077 40.782623291 1632.43383789 54.904296875 -75.4031829834 1662.79138184
0.0358638763428 8 -387.076629639 -142.491287231 1547.13256836 -439.175994873 174.1902771 1623.74780273 -358.757141113 -36.9283752441 1418.68994141 -411.000671387 -68.9236755371 1696.9934082 -54.6849975586 -72.3003234863 1478.1348877 -223.491729736 -130.584060669 1895.10961914 123.118499756 54.760383606 1639.70947266 44.12109375 -61.1908493042 1660.36730957
0.0444369316101 8 -387.807495117 -145.603927612 1547.09741211 -441.373535156 173.567321777 1624.89172363 -359.282989502 -37.0217971802 1419.85839844 -411.238250732 -70.2800369263 1697.33251953 -58.8351135254 -68.8014373779 1475.74035645 -228.764480591 -129.19934082 1890.19116211 128.398696899 65.62550354 1642.32739258 44.9489898682 -59.7766265869 1660.56713867
0.0297920703888 8 -387.309509277 -148.345062256 1547.65441895 -443.356170654 172.733795166 1625.0222168 -359.626708984 -39.4004135132 1419.25048828 -411.537536621 -69.4629135132 1697.03076172 -60.0368347168 -66.2838821411 1477.57324219 -220.341690063 -126.421974182 1867.90234375 122.746780396 71.1457290649 1647.92053223 128.859390259 -25.3008422852 1557.18225098
0.0312950611115 8 -385.928741455 -156.973968506 1544.6973877 -446.713317871 172.045379639 1625.18078613 -359.720611572 -38.8688659668 1418.66247559 -415.196014404 -71.5495910645 1694.25134277 -62.2303466797 -58.7677764893 1481.70446777 -214.490447998 -126.758575439 1839.61193848 126.323684692 79.3538665771 1647.42089844 148.022491455 -17.0640029907 1541.20373535
0.0304479598999 8 -384.129516602 -162.729354858 1544.78283691 -447.498840332 171.435882568 1624.43688965 -359.409240723 -40.5214691162 1418.20495605 -416.266601562 -71.6998443604 1693.9420166 -61.6099243164 -56.9484710693 1483.94848633 -153.626434326 -136.16734314 1597.18005371 123.675872803 84.737991333 1651.78637695 167.938476562 -16.8698730469 1562.48205566
0.0309400558472 8 -383.705932617 -162.795333862 1545.11022949 -448.358215332 170.753051758 1624.1036377 -360.257293701 -45.3396377563 1418.24987793 -414.078094482 -68.5284194946 1688.74279785 -63.1695861816 -57.3686065674 1487.0925293 -91.5247802734 -122.5181427 1503.70080566 126.899978638 91.5879058838 1654.65710449 196.165740967 -10.4180908203 1569.21105957
0.03542304039 8 -382.474975586 -165.710205078 1546.13293457 -447.751403809 170.189239502 1623.79870605 -360.389526367 -47.3835449219 1418.73181152 -414.201660156 -68.5833129883 1688.53942871 -63.071685791 -55.7867889404 1490.90917969 -88.0600585938 -116.807998657 1500.8515625 125.604568481 96.1407775879 1656.10668945 204.21887207 -0.483871459961 1536.70043945
0.0311348438263 8 -382.740905762 -164.109344482 1547.56762695 -448.88949585 169.578262329 1624.24951172 -362.29196167 -48.7236633301 1419.58435059 -413.200164795 -68.3471984863 1689.03625488 -63.5906982422 -53.9443359375 1493.16784668 -83.5599975586 -114.821716309 1499.11901855 124.546813965 97.8872833252 1656.10144043 207.613616943 1.42220306396 1535.04467773
0.0309510231018 8 -382.59967041 -160.874160767 1550.88464355 -449.858032227 169.097839355 1624.97888184 -362.228363037 -52.955581665 1420.18139648 -415.421539307 -65.9950408936 1688.96166992 -61.2426452637 -52.0711364746 1499.31030273 -75.2357177734 -107.050750732 1497.86010742 122.934799194 106.233612061 1659.97265625 208.893707275 5.30616760254 1533.57446289
0.0349581241608 8 -388.790618896 -158.212265015 1553.66418457 -450.43637085 169.218887329 1625.34741211 -368.338928223 -50.3122558594 1419.0111084 -435.75604248 -66.4479675293 1693.54089355 -67.2944946289 -45.9378051758 1499.09008789 -64.3890075684 -106.070480347 1500.73278809 110.356430054 104.92326355 1651.54504395 163.870880127 38.85987854 1659.9510498
0.0322048664093 8 -387.942779541 -156.201751709 1555.09118652 -451.644104004 168.993713379 1626.02429199 -370.416381836 -53.2709350586 1420.33776855 -431.301452637 -66.0950622559 1693.1529541 -69.1822814941 -46.6965637207 1499.94970703 -64.5085754395 -101.344665527 1501.79260254 97.9073638916 79.2005310059 1626.97998047 157.198410034 79.0057525635 1695.19152832
0.0330159664154 8 -388.253417969 -154.996673584 1556.3651123 -452.486114502 168.961608887 1626.5690918 -371.410125732 -52.7844924927 1421.21813965 -431.930877686 -64.1166152954 1693.5826416 -71.0269775391 -43.4801025391 1499.98413086 -64.549621582 -99.7388305664 1503.28051758 97.7841644287 94.1376953125 1636.80432129 151.755599976 89.3799285889 1700.79431152
0.0366780757904 8 -388.116638184 -152.625030518 1558.05285645 -453.323272705 169.07510376 1626.83959961 -372.77545166 -49.7218551636 1426.14685059 -430.409240723 -63.861289978 1694.27258301 -71.9730529785 -36.9900665283 1500.66699219 -65.3139038086 -99.1392669678 1504.89196777 90.4988555908 96.0076904297 1634.53662109 158.249847412 93.2027587891 1708.01013184
0.0310499668121 8 -389.304168701 -150.897232056 1558.29833984 -454.516204834 169.238739014 1627.9855957 -375.893188477 -42.4460067749 1424.41345215 -432.231506348 -60.1010971069 1698.93908691 -74.330078125 -26.5792884827 1501.20568848 -62.5394592285 -102.985717773 1507.45410156 94.4742736816 120.6040802 1646.89306641 152.690917969 126.045562744 1732.64135742
0.0314161777496 8 -388.550262451 -150.269943237 1558.85827637 -455.1484375 169.226318359 1628.30773926 -374.919952393 -45.316078186 1425.39819336 -430.789581299 -60.6469192505 1697.40820312 -74.2609863281 -23.4730987549 1503.2043457 -66.8529968262 -92.8105010986 1510.73510742 98.5469818115 130.420318604 1658.37097168 161.897399902 152.243347168 1743.25720215
0.0362479686737 8 -388.016265869 -148.026046753 1559.24291992 -455.894134521 169.312713623 1628.88305664 -374.105529785 -42.0087814331 1424.90197754 -429.999145508 -57.8975448608 1699.22424316 -73.1189880371 -18.00938797 1503.46606445 -69.6576538086 -91.8555984497 1514.39709473 95.8526916504 134.8359375 1656.21105957 142.424850464 115.469398499 1735.41931152
0.0315129756927 8 -381.240814209 -155.884735107 1560.78674316 -457.23236084 169.204559326 1628.96679688 -366.485931396 -58.088142395 1430.38049316 -410.687347412 -74.1271743774 1699.4810791 -65.2634887695 -33.8208312988 1509.08190918 -77.521270752 -76.2096481323 1507.44824219 102.291931152 129.491043091 1665.41967773 134.616546631 144.621002197 1733.97058105
0.0319638252258 8 -380.879608154 -157.639480591 1560.6307373 -460.019195557 168.475906372 1628.37683105 -365.61920166 -57.524520874 1431.48864746 -409.720092773 -75.7582550049 1699.9041748 -64.2167053223 -27.3605499268 1510.0098877 -84.223449707 -70.6335525513 1507.86303711 97.2147827148 129.646591187 1663.06628418 135.008102417 140.39175415 1732.35168457
0.0360720157623 8 -380.401367188 -157.808670044 1560.85876465 -460.867736816 168.317169189 1628.19885254 -364.850280762 -55.8445281982 1432.57714844 -410.906494141 -76.3788909912 1700.61987305 -63.4012145996 -21.1175041199 1511.88793945 -82.081817627 -73.5485687256 1506.54077148 99.2036590576 145.353622437 1668.66467285 127.579421997 151.569274902 1732.02990723
0.0321440696716 8 -379.691192627 -158.354415894 1561.02722168 -462.050018311 168.16947937 1627.70007324 -364.265411377 -53.9204711914 1433.46838379 -410.837310791 -76.4596252441 1701.52160645 -64.9296264648 -20.5864067078 1511.46557617 -82.9748840332 -71.916015625 1507.32128906 97.7242126465 155.615371704 1669.75317383 49.3403778076 76.5475006104 1785.28417969
0.0321850776672 8 -379.081359863 -158.647018433 1562.34619141 -463.577819824 167.785293579 1627.24511719 -364.454559326 -53.0834503174 1435.9786377 -409.996307373 -76.5373687744 1702.44787598 -66.228515625 -16.2688064575 1513.51342773 -83.6139221191 -67.022354126 1509.61450195 95.5968933105 166.241577148 1674.16674805 123.919082642 184.165664673 1738.40539551
0.0360209941864 8 -378.463592529 -158.024017334 1563.09545898 -464.649017334 167.376708984 1626.5826416 -364.243225098 -50.470375061 1437.88964844 -409.442932129 -76.3382949829 1703.85791016 -66.3160095215 -5.83771133423 1519.21655273 -83.6301269531 -62.6317329407 1512.59057617 93.8493804932 184.391815186 1688.25341797 45.5908050537 86.4095153809 1793.63635254
0.0317208766937 8 -377.215148926 -156.560333252 1563.17834473 -465.76361084 167.105697632 1626.41674805 -363.028381348 -46.9526977539 1439.39990234 -409.3046875 -75.5471801758 1704.39868164 -54.7609863281 12.5787773132 1533.21508789 -79.1278686523 -52.5427818298 1517.13989258 95.4672851562 208.390686035 1704.47680664 39.6105499268 87.7030639648 1798.47229004
0.0322210788727 8 -374.986633301 -152.539199829 1563.66772461 -466.478546143 166.718078613 1626.55151367 -360.148162842 -43.6786804199 1440.74621582 -408.119598389 -75.0441894531 1705.36120605 -52.0204162598 24.8424377441 1537.58752441 -67.0317382812 -36.6425170898 1523.00830078 91.1795654297 227.622695923 1709.18469238 33.4637298584 87.1753158569 1801.65393066
0.035768032074 8 -370.632873535 -146.302734375 1564.94470215 -466.737365723 166.974212646 1626.9354248 -350.004455566 -37.4792022705 1444.4296875 -402.290039062 -70.6273040771 1706.58813477 -51.061340332 25.774307251 1538.0838623 -61.4234008789 -24.1982460022 1525.60119629 91.1352996826 239.597305298 1714.24206543 30.5737762451 92.2021331787 1805.23571777
0.0321838855743 8 -369.113586426 -144.259429932 1564.35681152 -466.603088379 166.652282715 1626.4855957 -351.688659668 -36.5393447876 1444.60339355 -396.692321777 -72.5566253662 1706.99645996 -55.387512207 23.8593521118 1535.03088379 -69.4306030273 -14.2247467041 1524.15332031 80.9595794678 239.078338623 1703.94543457 28.0023269653 90.5562820435 1808.14538574
0.0319981575012 8 -367.075866699 -142.599258423 1564.86560059 -465.959381104 166.274551392 1626.44567871 -350.31149292 -34.9665527344 1445.58154297 -393.021087646 -72.1614990234 1707.90307617 -57.3819580078 36.8061523438 1539.27954102 -81.5727233887 -5.94888305664 1518.60522461 80.9177856445 246.919036865 1708.33740234 27.581451416 92.5588912964 1811.70007324
0.0359530448914 8 -367.27456665 -142.734893799 1564.86633301 -466.534057617 165.653305054 1626.11999512 -352.340393066 -33.9685516357 1445.79931641 -394.103515625 -74.6478424072 1709.34570312 -57.4188537598 37.9117202759 1539.21142578 -85.3494567871 3.15358734131 1518.44482422 75.6586456299 259.816802979 1716.50646973 22.6369552612 118.811660767 1818.6887207
0.0320839881897 8 -368.700683594 -144.711486816 1564.73083496 -466.789978027 164.853363037 1626.06164551 -354.021850586 -33.8385009766 1446.21716309 -398.375732422 -73.5014953613 1708.26525879 -60.5952758789 39.9137420654 1538.86950684 -87.0332336426 9.6155166626 1521.92126465 63.6257095337 267.659851074 1716.0369873 35.6030273438 140.424163818 1810.07556152
0.0318388938904 8 -370.147277832 -132.986373901 1560.29089355 -466.207763672 163.95765686 1626.44128418 -353.837402344 -28.3332214355 1445.49462891 -401.694763184 -47.0002746582 1686.81152344 -63.4870910645 47.9060974121 1536.50610352 -89.5234375 8.76091003418 1523.13415527 60.8661956787 292.408569336 1719.84594727 41.3567962646 159.340820312 1808.90612793
0.035924911499 8 -367.019622803 -110.851219177 1559.59204102 -466.092803955 163.751403809 1627.28881836 -355.120544434 -3.19416809082 1452.25805664 -395.440979004 -58.1065979004 1699.81420898 -68.4552612305 70.093711853 1538.72033691 -88.6083679199 -9.02205276489 1520.13049316 45.7708740234 319.419158936 1731.53637695 49.1473999023 152.497055054 1804.49719238
0.0323209762573 8 -366.7605896 -116.063354492 1563.12670898 -465.960296631 163.761260986 1627.97253418 -352.541290283 -6.10571289062 1453.68041992 -395.999664307 -53.1275024414 1702.60913086 -70.2360229492 86.4469299316 1548.1159668 -98.1173706055 -1.94980239868 1520.28027344 40.0476303101 332.410644531 1744.73693848 44.8124847412 170.729324341 1799.65319824
0.0317351818085 8 -364.688964844 -108.092887878 1557.02612305 -466.392608643 163.706039429 1628.9197998 -350.645690918 -2.17653656006 1451.34094238 -389.295837402 -22.313911438 1677.94421387 -69.0264587402 86.6835861206 1541.85681152 -108.213226318 -0.848085403442 1520.30334473 38.5442886353 335.777313232 1732.37670898 27.8713989258 180.672668457 1788.23388672
0.0361750125885 8 -365.924468994 -107.971221924 1561.96350098 -466.716796875 164.458740234 1630.31140137 -353.905761719 3.64395141602 1457.20800781 -390.523498535 -27.2858123779 1690.26269531 -73.6507568359 96.2570877075 1545.94567871 -111.238433838 -1.26425552368 1519.07409668 35.3213577271 340.500030518 1735.72717285 24.3513183594 180.230712891 1787.88244629
0.0318968296051 8 -365.675323486 -108.15057373 1562.53637695 -466.603210449 164.936981201 1631.8527832 -353.62487793 4.49247741699 1457.55615234 -390.741088867 -28.299697876 1692.34350586 -74.0799865723 97.424659729 1544.62231445 -116.105316162 -0.13486289978 1516.02856445 29.5057907104 343.285095215 1734.81323242 21.7592010498 180.678253174 1792.63684082
0.0327410697937 8 -363.780395508 -109.082756042 1565.94775391 -466.475494385 165.425262451 1633.22155762 -352.660949707 8.02902984619 1465.21386719 -385.334655762 -33.3941802979 1699.33666992 -71.8612060547 96.8206710815 1545.35656738 -125.987304688 5.97919845581 1511.74194336 25.7579574585 341.972961426 1734.60180664 12.0320129395 185.099533081 1786.87927246
0.0357871055603 8 -359.909210205 -108.214706421 1566.60900879 -466.551025391 165.697998047 1634.38171387 -356.321929932 14.836479187 1471.0715332 -379.508880615 -41.8843841553 1706.24365234 -74.9730834961 103.420013428 1546.69592285 -137.265304565 9.00629425049 1509.70458984 20.5362319946 350.688720703 1738.84875488 -4.08967590332 192.96987915 1775.51062012
0.0315699577332 8 -358.975769043 -109.736968994 1568.64099121 -465.527252197 166.223937988 1636.00695801 -353.4737854 13.1628036499 1469.99450684 -375.974456787 -48.0362014771 1712.75769043 -71.5066223145 102.601234436 1545.9510498 -147.601074219 9.13618087769 1509.9942627 16.0311050415 359.010681152 1741.06494141 -2.28970336914 189.977279663 1776.62670898
0.0356149673462 8 -358.836853027 -111.317092896 1569.13793945 -464.817657471 167.147171021 1637.00463867 -354.027404785 12.2828674316 1468.9173584 -374.878723145 -51.607635498 1715.83996582 -75.5910949707 108.016334534 1543.07763672 -153.336349487 9.12450790405 1509.84875488 5.59432220459 381.512420654 1746.11730957 -4.24658203125 184.90625 1783.37133789
0.0322051048279 8 -359.285400391 -110.072784424 1564.98913574 -464.20715332 167.676651001 1637.97680664 -355.090057373 9.32992553711 1466.66101074 -377.434906006 -41.9844055176 1702.74768066 -80.8604125977 106.15965271 1539.89758301 -156.400054932 17.2945976257 1513.92773438 9.34396362305 361.750610352 1733.32214355 -9.64427185059 186.277740479 1786.67944336
0.032075881958 8 -359.905395508 -110.140182495 1561.7130127 -463.855407715 167.840240479 1638.54772949 -356.286682129 5.78857421875 1464.62854004 -379.534851074 -35.633392334 1691.87145996 -84.8753662109 105.326789856 1538.00366211 -160.523864746 29.7290420532 1514.68139648 0.43968963623 370.034942627 1732.89709473 -10.3900604248 184.98135376 1793.14196777
0.0359408855438 8 -361.747650146 -104.350509644 1562.58435059 -463.082641602 168.805725098 1639.76635742 -357.751739502 16.2762374878 1461.62976074 -383.323883057 -22.9820327759 1695.52062988 -92.8905639648 121.006385803 1533.82421875 -159.698287964 18.7328109741 1517.87268066 -5.85752105713 390.550354004 1735.0501709 -15.1255645752 177.136779785 1804.96020508
0.0319452285767 8 -358.682189941 -103.215759277 1561.33532715 -462.355957031 169.571212769 1641.16210938 -352.105102539 13.3917694092 1462.13903809 -372.947875977 -16.0152435303 1686.5267334 -90.3784790039 120.850357056 1531.39074707 -165.649703979 23.5909004211 1517.55395508 -1.6432800293 387.612182617 1732.97888184 -26.3139190674 182.148193359 1811.03662109
0.0318977832794 8 -364.891235352 -99.4136810303 1555.0369873 -461.791687012 170.61807251 1642.54248047 -359.942810059 13.3880767822 1456.52539062 -388.887145996 -1.30137634277 1665.72241211 -96.442565918 119.944267273 1526.36242676 -158.783599854 26.3542461395 1521.64135742 -17.7270355225 398.548522949 1727.56518555 -22.2272949219 183.860916138 1822.50683594
0.0360190868378 8 -371.781524658 -103.229469299 1560.96887207 -460.590881348 171.15625 1643.3145752 -369.093048096 12.2800445557 1458.34753418 -411.214691162 -26.0506286621 1688.9107666 -111.079284668 123.640731812 1531.15673828 -153.930847168 30.2046394348 1517.77246094 -26.4102249146 392.865783691 1728.64086914 -38.9004058838 197.291061401 1867.64294434
0.0319020748138 8 -374.241149902 -105.118614197 1562.08227539 -459.66583252 172.077301025 1644.19592285 -372.387542725 10.9448013306 1457.96069336 -415.792816162 -30.7074050903 1692.66455078 -116.699310303 127.288978577 1533.78613281 -171.367675781 33.9985351562 1520.43041992 -39.6579437256 410.87991333 1732.40039062 -33.2193908691 199.674240112 1867.54821777
0.0321538448334 8 -373.029083252 -104.133575439 1560.51916504 -458.922912598 173.274627686 1644.66174316 -376.137329102 13.1116027832 1460.31945801 -410.959411621 -32.6130371094 1691.82800293 -120.777297974 133.810241699 1537.8157959 -165.939620972 36.2264480591 1519.09729004 -41.4831466675 419.698944092 1736.83959961 -32.914276123 203.319976807 1868.66113281
0.0359389781952 8 -381.789978027 -98.3070144653 1563.4921875 -458.525604248 174.541473389 1645.47180176 -393.938812256 10.5733032227 1471.72583008 -405.466094971 -21.9423675537 1681.94604492 -127.992706299 136.884353638 1537.85693359 -162.9584198 39.8944892883 1521.1229248 -55.0062103271 427.04083252 1741.6315918 -30.668838501 212.682937622 1877.81542969
0.0320241451263 8 -381.520111084 -96.33177948 1562.72924805 -458.142913818 175.350067139 1646.10058594 -388.521087646 6.27153778076 1466.9465332 -398.581939697 -12.6524124146 1674.34155273 -130.367889404 135.991271973 1536.94799805 -172.473434448 51.9714660645 1527.23547363 -60.4845581055 424.260864258 1736.16711426 -31.0208282471 220.978302002 1880.88696289
0.0319640636444 8 -382.405151367 -93.5998535156 1564.74475098 -458.203857422 176.914718628 1646.87524414 -387.955413818 7.38246154785 1465.42919922 -397.804473877 -11.51222229 1679.27050781 -141.516647339 150.916824341 1543.88952637 -169.714935303 50.1207923889 1526.40075684 -65.1278533936 426.989196777 1733.40795898 -34.7232818604 225.122161865 1882.21789551
0.0359668731689 8 -384.404998779 -86.6001281738 1567.56286621 -458.42388916 177.838256836 1647.61877441 -387.569641113 8.55814361572 1464.67150879 -401.255981445 -12.3131637573 1685.24499512 -142.579360962 155.698608398 1543.56103516 -174.813064575 53.0807495117 1530.0168457 -76.2020568848 431.339294434 1730.98059082 -36.0782775879 228.31237793 1883.54333496
0.032457113266 8 -381.620056152 -72.3341751099 1565.48925781 -458.503967285 178.679992676 1648.20202637 -383.749938965 21.2664642334 1460.95788574 -393.892578125 7.32559204102 1680.36315918 -139.167404175 168.036605835 1538.30908203 -175.398605347 41.1641998291 1532.55664062 -82.4346160889 429.590881348 1715.84667969 -49.8126525879 241.687973022 1837.18005371
0.0319068431854 8 -371.67401123 -64.3665237427 1561.21960449 -458.08605957 179.193099976 1649.3729248 -373.202026367 26.641330719 1459.37731934 -369.258728027 23.2129440308 1666.00744629 -131.174118042 175.844619751 1532.31518555 -184.716384888 36.6244812012 1534.02600098 -77.1687164307 435.464172363 1706.96203613 -118.638656616 293.352935791 1742.6204834
0.0363900661469 8 -367.470977783 -67.5119552612 1558.82751465 -458.06451416 179.162796021 1650.00476074 -372.372314453 31.6300201416 1463.84802246 -368.710571289 21.521774292 1663.4486084 -129.151687622 184.470016479 1526.9239502 -195.826980591 44.6807632446 1566.67712402 -68.3087081909 455.835388184 1715.25085449 -119.055450439 291.616241455 1735.23132324
0.0315749645233 8 -367.066040039 -73.0668029785 1560.99035645 -457.717895508 179.770263672 1650.59753418 -373.90222168 31.1373901367 1466.21484375 -366.029174805 25.7695922852 1661.57763672 -133.785110474 195.248580933 1526.3170166 -199.178695679 43.4270095825 1557.28881836 -73.0612030029 460.930358887 1713.62463379 -117.735939026 291.395050049 1731.28601074
0.0318651199341 8 -370.18170166 -74.9827423096 1565.8939209 -458.088470459 180.487304688 1650.70361328 -375.64831543 30.5032501221 1466.41906738 -359.512695312 34.1756896973 1660.88293457 -132.354156494 196.479995728 1525.26599121 -216.4375 59.4956665039 1541.61279297 -75.4587402344 461.221374512 1708.20568848 -45.032409668 295.582672119 1648.98791504
0.0358338356018 8 -373.124786377 -82.0115890503 1562.31188965 -458.0105896 180.881225586 1650.39233398 -378.480407715 17.4680404663 1468.1484375 -369.592651367 29.3450393677 1642.17895508 -137.626251221 184.942687988 1528.14794922 -217.814147949 57.4587173462 1579.22644043 -77.8779754639 449.504089355 1709.59411621 -72.6328582764 320.20501709 1630.13098145
0.0320320129395 8 -378.745269775 -83.3850631714 1562.66027832 -457.978515625 180.773895264 1649.92956543 -390.535430908 15.6363296509 1467.05615234 -379.951202393 29.1120529175 1642.83032227 -144.203414917 185.998321533 1526.1965332 -214.98286438 56.6889038086 1580.62304688 -77.131652832 448.983856201 1702.97558594 -67.6314086914 319.545684814 1633.93457031
0.0320711135864 8 -379.39855957 -84.8150863647 1564.60266113 -457.475616455 180.775970459 1649.30212402 -387.150482178 14.0200195312 1465.20544434 -383.940093994 27.8767089844 1648.1973877 -148.791976929 189.319229126 1526.85668945 -209.374130249 58.921295166 1566.02087402 -84.7323074341 455.772277832 1705.16125488 -65.001159668 325.046081543 1637.08093262
0.0358099937439 8 -377.393493652 -81.4099273682 1560.21166992 -457.321350098 180.761993408 1648.10888672 -383.749237061 17.8181610107 1458.3684082 -378.544219971 38.1225585938 1637.47241211 -150.068908691 198.156799316 1522.85900879 -211.101974487 58.0118713379 1565.8347168 -84.697845459 460.876831055 1695.08935547 -66.4918670654 322.131774902 1641.31347656
0.0321750640869 8 -377.342895508 -81.2431488037 1559.48828125 -456.881408691 181.391967773 1646.69726562 -382.43170166 16.787727356 1455.30444336 -378.90423584 40.5195999146 1634.73144531 -151.574768066 201.849334717 1522.34631348 -209.527420044 59.775352478 1563.12878418 -88.4353942871 465.758087158 1697.81835938 -68.2642974854 319.040435791 1640.25024414
0.0319318771362 8 -378.800079346 -82.4022216797 1558.52746582 -456.324645996 182.27935791 1645.58740234 -385.48840332 13.6988449097 1452.3223877 -380.368347168 39.5160903931 1633.97961426 -153.363800049 202.469024658 1521.51257324 -196.044113159 81.6076965332 1614.98498535 -92.1978759766 469.250976562 1694.13500977 -79.6563339233 313.436462402 1670.04638672
0.0361180305481 8 -377.32723999 -82.4091796875 1556.07385254 -455.840515137 182.741470337 1644.57397461 -383.287963867 12.7688140869 1449.58435059 -377.610900879 39.8291778564 1630.1817627 -147.067977905 198.001953125 1519.65319824 -189.335754395 84.7323303223 1627.94677734 -94.0286941528 446.188323975 1656.53430176 -111.700462341 306.3515625 1700.78063965
0.0320119857788 8 -376.099487305 -84.5673751831 1554.68225098 -455.946014404 182.471969604 1643.86572266 -381.066589355 11.3016891479 1449.54956055 -375.155761719 36.2770462036 1629.94238281 -146.51852417 197.28729248 1516.56030273 -186.268783569 103.003257751 1614.93139648 -98.4293518066 434.835601807 1639.68774414 -128.681655884 299.554260254 1715.72961426
0.0320971012115 8 -376.08026123 -85.4713134766 1553.87023926 -456.683166504 182.290115356 1643.05749512 -380.261016846 9.31896209717 1447.57543945 -374.636505127 35.8220901489 1628.61645508 -137.017242432 191.80960083 1502.98950195 -115.757080078 191.798370361 1629.11608887 -101.698043823 437.169799805 1660.87243652 -238.499893188 113.376693726 1562.72167969
0.0361099243164 8 -377.910095215 -88.7932281494 1552.14648438 -456.248260498 181.819442749 1641.64477539 -380.187713623 4.8020324707 1445.84423828 -381.040374756 29.0983581543 1630.61376953 -133.688247681 183.723571777 1486.42004395 -118.09753418 187.875915527 1619.67700195 -113.697547913 417.958099365 1640.90124512 -261.748260498 -2.33937072754 1393.24597168
0.0339169502258 8 -376.341918945 -87.3718338013 1540.07897949 -456.363830566 181.117340088 1640.5637207 -377.03314209 9.58940124512 1441.05969238 -384.159912109 9.5651550293 1638.81481934 -135.388076782 189.551498413 1489.1640625 -120.049560547 139.404418945 1604.03234863 -153.315933228 413.192840576 1594.55310059 -274.397521973 -36.2160949707 1376.2487793
0.0355880260468 8 -370.205810547 -81.924949646 1522.14611816 -458.125823975 180.592041016 1639.83154297 -340.138305664 11.8344726562 1417.28796387 -394.475830078 -12.0392913818 1645.50305176 -130.924118042 199.850997925 1475.88952637 -130.619628906 94.8667907715 1559.89770508 -165.043411255 412.428222656 1592.47766113 -292.149078369 -77.2318878174 1355.27636719
0.0356171131134 8 -371.814941406 -84.0222854614 1520.66931152 -459.209594727 179.511535645 1637.79406738 -341.277618408 10.2576217651 1413.41210938 -398.310699463 -22.5246047974 1650.44287109 -122.672348022 175.795440674 1462.63916016 -131.06729126 55.7496948242 1512.32836914 -370.60836792 94.8028564453 1426.4309082 -313.801971436 -96.7591247559 1319.79785156
0.0304229259491 8 -375.935760498 -89.582244873 1523.73291016 -459.193054199 178.936904907 1637.38293457 -355.121185303 6.61847686768 1421.57177734 -396.352874756 -33.3858718872 1652.37841797 -130.553665161 120.787765503 1439.33105469 -127.63861084 36.8399810791 1486.31530762 -354.705749512 86.8130645752 1422.00720215 -343.050018311 -100.546569824 1284.47021484
0.0280439853668 8 -384.263824463 -103.47718811 1536.01379395 -458.999633789 178.119049072 1637.41748047 -384.671295166 -16.7168655396 1421.48095703 -391.212738037 -29.6422348022 1659.07983398 -274.045013428 68.2248764038 1488.67163086 -127.816955566 35.9958114624 1474.70288086 -206.348876953 148.374221802 1437.4855957 -328.01361084 -69.7012863159 1267.02844238
0.0360369682312 8 -388.303070068 -110.989555359 1533.12768555 -459.175720215 177.023071289 1637.51733398 -403.175567627 -24.7890625 1414.69262695 -386.856048584 -40.9344940186 1662.62158203 -392.503997803 56.4722900391 1554.40795898 -152.581924438 68.2894897461 1517.55822754 -220.983322144 -5.37614822388 1344.15002441 -269.245361328 -95.2635955811 1280.73828125
0.0342500209808 8 -390.589935303 -124.966300964 1545.54260254 -458.520599365 176.150360107 1637.59606934 -412.581848145 -43.1031112671 1418.63391113 -382.338745117 -31.992225647 1666.28479004 -390.109100342 38.8504104614 1549.97192383 -163.464935303 93.836730957 1533.76098633 -235.817337036 -53.762336731 1321.87805176 -166.857940674 -106.429748535 1334.46606445
0.032970905304 8 -385.961853027 -141.957138062 1567.09667969 -457.534759521 174.572097778 1637.33825684 -410.563140869 -53.7699737549 1429.84191895 -368.299957275 -66.031539917 1712.50744629 -387.321838379 -30.5272941589 1354.33789062 -181.93913269 97.5503082275 1535.69372559 -234.997665405 -86.6471405029 1311.4810791 -165.272872925 -85.3279724121 1336.55932617
0.0334219932556 8 -390.400726318 -120.292556763 1561.83032227 -456.416931152 173.718933105 1637.56103516 -416.970611572 -22.4397583008 1425.13671875 -368.413970947 15.4336929321 1662.13549805 -368.729705811 -11.7325973511 1336.95092773 -212.212936401 53.9528121948 1551.36694336 -361.177612305 102.023086548 1518.45227051 -229.600875854 -155.545349121 1319.65734863
0.0315911769867 8 -391.010803223 -128.734069824 1568.08935547 -454.717346191 172.323120117 1635.78076172 -413.094238281 -37.480758667 1429.0255127 -374.264343262 -1.71726989746 1676.43933105 -288.44833374 -128.082244873 1265.42272949 -215.849243164 12.8590192795 1524.1862793 -366.394287109 105.961669922 1538.96179199 -232.567062378 -152.440933228 1301.06018066
0.0358090400696 8 -399.325775146 -134.966430664 1572.66638184 -453.789825439 171.098815918 1634.34863281 -426.202331543 -52.0378036499 1434.38049316 -388.968933105 -11.6395492554 1679.46325684 -312.258178711 -151.270080566 1259.37902832 -230.64704895 1.20557880402 1491.25646973 -453.067260742 -8.85171508789 1451.60668945 -262.768218994 -162.060546875 1282.3671875
0.0315589904785 8 -394.309844971 -140.811584473 1575.8572998 -450.062011719 167.564941406 1631.48864746 -421.531433105 -68.3847732544 1437.92724609 -371.267944336 -24.1993408203 1680.17358398 -360.926879883 -192.649200439 1254.5793457 -246.643127441 -21.3004322052 1460.16992188 -455.243865967 -38.0146179199 1443.94250488 -302.189483643 -178.442565918 1264.44580078
0.0317289829254 8 -370.827636719 -155.325286865 1570.16491699 -444.408508301 164.238342285 1627.58740234 -419.258789062 -77.2573394775 1441.1151123 -280.515991211 -58.0170440674 1656.58752441 -430.239898682 -280.315063477 1258.6463623 -249.497589111 -46.2950706482 1432.19677734 -428.169281006 -51.640838623 1466.14050293 -355.647735596 -214.205978394 1252.18762207
0.0360469818115 8 -376.183837891 -161.497619629 1536.65148926 -445.318939209 164.528030396 1626.61560059 -450.406890869 -39.4109802246 1468.09741211 -258.209136963 -100.040344238 1622.78344727 -460.413726807 -242.280715942 1289.23620605 -205.977264404 -110.532318115 1366.1262207 -470.203308105 -2.54336547852 1503.64147949 -359.310058594 -268.694335938 1213.06530762
0.0320899486542 8 -384.761413574 -155.073760986 1541.39111328 -439.972869873 161.914794922 1622.65698242 -438.521392822 -44.9349441528 1448.3840332 -282.750457764 -96.0077285767 1640.26391602 -449.749633789 -245.692016602 1267.73669434 -245.355529785 -98.1378860474 1386.8692627 -498.717498779 -60.1419219971 1397.0904541 -384.276733398 -260.321228027 1252.0045166
0.0319340229034 8 -412.588256836 -150.172363281 1551.47485352 -436.360046387 160.364074707 1616.96777344 -430.522705078 -68.6891479492 1429.33117676 -402.390686035 -71.6744689941 1676.43151855 -474.493438721 -265.36505127 1260.99035645 -267.785644531 -74.3051986694 1408.08984375 -515.326049805 -105.254425049 1352.06262207 -391.526245117 -245.980041504 1284.29174805
0.0361988544464 8 -418.511016846 -145.3152771 1534.9831543 -434.239227295 159.793121338 1613.49316406 -426.703369141 -34.0093765259 1428.50463867 -410.130371094 -99.1471633911 1681.92504883 -508.263366699 -220.228393555 1258.65124512 -359.492828369 -83.4716644287 1352.85754395 -419.732574463 -193.327087402 1321.79907227 -307.439147949 -323.004180908 1305.26513672
0.0320091247559 8 -423.79675293 -143.431900024 1537.15356445 -433.412322998 159.032806396 1610.79907227 -436.052825928 -23.3951034546 1419.34008789 -419.919586182 -95.2088546753 1698.70336914 -531.754760742 -209.433990479 1261.44274902 -373.205627441 -106.331115723 1355.5703125 -313.720703125 -296.310180664 1295.34570312 -275.017730713 -374.045928955 1303.98852539
0.0318670272827 8 -425.263641357 -143.856338501 1537.18835449 -432.641723633 158.991531372 1609.32080078 -435.723510742 -27.3949661255 1413.9777832 -420.905456543 -94.1294403076 1699.55078125 -544.18145752 -230.241821289 1280.67858887 -379.760375977 -87.4529037476 1384.46691895 -351.290985107 -369.95614624 1281.67504883 -311.08203125 -360.114776611 1291.8314209
0.0361649990082 8 -421.407226562 -144.970718384 1543.44226074 -432.296569824 159.388427734 1607.36254883 -439.601837158 -45.9166717529 1412.35693359 -413.120025635 -78.5544281006 1694.59155273 -547.386169434 -256.281494141 1287.33850098 -368.607574463 -208.775543213 1445.82861328 -368.571472168 -423.274902344 1269.39355469 -306.636932373 -319.933166504 1283.84851074
0.0316519737244 8 -419.229034424 -139.573196411 1553.46289062 -432.01675415 160.315795898 1605.19995117 -435.260772705 -71.2455596924 1408.89758301 -415.4659729 -53.4163665771 1689.06335449 -539.994140625 -284.710479736 1293.47766113 -374.779144287 -183.283508301 1443.05725098 -381.628814697 -464.108886719 1260.64733887 -298.957183838 -290.909179688 1280.23999023
0.0320010185242 8 -422.176574707 -139.196304321 1559.22253418 -430.669708252 160.831832886 1601.59692383 -437.382904053 -93.303237915 1412.30297852 -414.741424561 -37.6310806274 1675.63500977 -536.907043457 -300.976013184 1290.00732422 -374.333679199 -152.756317139 1435.34631348 -402.70904541 -490.114624023 1248.20568848 -306.463623047 -271.076721191 1269.78735352
0.0358819961548 8 -423.052703857 -138.327880859 1561.4354248 -430.631072998 160.910217285 1600.24951172 -434.390563965 -95.1632003784 1414.80310059 -416.160522461 -36.885925293 1676.1295166 -526.512084961 -288.591308594 1304.62719727 -415.583984375 -50.9387016296 1347.67675781 -429.461883545 -485.389373779 1241.40637207 -502.336883545 -324.778778076 1245.59521484
0.0318698883057 8 -427.314941406 -146.321807861 1557.15795898 -431.837982178 160.821014404 1598.9954834 -431.115936279 -101.572746277 1410.58776855 -426.395965576 -48.0605010986 1674.81652832 -520.876708984 -296.028411865 1305.57946777 -412.982635498 -43.008605957 1343.87158203 -452.824127197 -501.285217285 1265.33654785 -495.877532959 -342.271453857 1240.88549805
0.0319881439209 8 -428.574737549 -158.716827393 1533.25744629 -432.598144531 160.899383545 1597.56018066 -431.89276123 -67.5862731934 1407.6192627 -429.256408691 -90.4802856445 1672.69885254 -516.466308594 -263.048217773 1305.91027832 -413.339111328 -78.8560028076 1341.8885498 -434.539520264 -451.972839355 1219.99645996 -498.33380127 -380.17388916 1241.5579834
0.036171913147 8 -436.286468506 -158.592498779 1522.89038086 -433.109741211 162.199981689 1596.26098633 -416.504241943 -62.7025680542 1404.34191895 -449.334014893 -99.8098373413 1664.36169434 -493.647674561 -310.876831055 1311.73620605 -432.67590332 -87.6925582886 1336.95483398 -430.545471191 -444.097167969 1224.32019043 -521.367553711 -411.196044922 1250.6652832
0.0356390476227 8 -439.062652588 -158.631286621 1518.9967041 -434.102966309 163.129776001 1593.43481445 -408.550567627 -61.7746582031 1405.04724121 -460.060150146 -100.604217529 1658.59777832 -485.039764404 -321.495147705 1319.08312988 -437.412536621 -113.362251282 1343.36425781 -430.871704102 -453.622528076 1251.57507324 -508.634490967 -404.23815918 1231.46618652
0.0283589363098 8 -441.418640137 -160.730621338 1516.11120605 -435.254119873 162.875549316 1591.49890137 -406.686950684 -69.0161819458 1400.89782715 -469.304931641 -103.093757629 1653.19567871 -483.18737793 -320.472900391 1326.9005127 -441.784057617 -107.171417236 1340.19299316 -450.186218262 -372.12310791 1249.39135742 -496.918243408 -462.749786377 1250.38574219
0.0358810424805 8 -443.947174072 -161.154602051 1515.56921387 -436.587127686 163.055267334 1589.97167969 -402.765808105 -72.4622344971 1403.46765137 -482.152893066 -102.458358765 1646.8092041 -477.532196045 -321.533569336 1330.92016602 -443.409057617 -101.798973083 1336.67492676 -441.516052246 -345.476715088 1280.96850586 -498.300506592 -459.050476074 1252.21875
0.0321099758148 8 -446.271881104 -161.879623413 1514.59484863 -437.620788574 163.1615448 1588.51123047 -397.741119385 -75.430480957 1405.66552734 -493.696746826 -102.589935303 1640.80810547 -470.539550781 -317.819213867 1337.57397461 -451.6534729 -96.1408615112 1335.23852539 -433.971160889 -343.169891357 1281.64624023 -499.748657227 -452.128082275 1246.65588379
0.0361609458923 8 -446.639587402 -162.253814697 1513.28271484 -438.605407715 163.79574585 1586.50292969 -394.875274658 -81.3472061157 1404.92797852 -497.064727783 -100.394203186 1634.09960938 -459.030853271 -347.875183105 1320.02966309 -454.834869385 -87.6127471924 1332.9642334 -433.44442749 -332.01473999 1289.92675781 -482.604675293 -426.839233398 1216.50634766
0.0371470451355 8 -438.38494873 -161.098907471 1513.06884766 -439.304931641 163.90965271 1585.04833984 -407.691436768 -84.4818572998 1397.31506348 -450.522064209 -94.1043548584 1637.87072754 -469.95904541 -337.371765137 1310.08691406 -444.918640137 -84.7015991211 1338.53833008 -430.307678223 -160.380081177 1366.37731934 -483.949584961 -448.559570312 1251.22485352
0.0274200439453 8 -435.607666016 -162.048126221 1513.19360352 -439.925964355 164.137985229 1583.68896484 -413.020751953 -88.5033721924 1393.49707031 -431.633483887 -94.5445404053 1638.38793945 -470.032287598 -302.778961182 1342.78344727 -438.672332764 -82.8425292969 1339.59838867 -509.094696045 -329.071777344 1273.30212402 -474.122650146 -448.347381592 1256.07568359
0.0312170982361 8 -435.147949219 -162.656387329 1514.02282715 -440.403564453 164.613891602 1582.4074707 -413.534912109 -90.5533218384 1391.2598877 -429.328613281 -94.4943313599 1640.7376709 -422.791809082 27.0282669067 1613.93029785 -417.193572998 -101.348419189 1332.3951416 -483.029174805 -212.948608398 1321.43261719 -474.433319092 -452.727050781 1258.72302246
0.0375199317932 8 -435.130126953 -163.976486206 1514.73486328 -440.879455566 164.439849854 1581.56054688 -414.595825195 -91.2008132935 1393.01672363 -428.40045166 -98.0684890747 1641.79382324 -420.484466553 28.4613113403 1619.48461914 -406.642089844 -56.324005127 1361.60266113 -475.525115967 -193.841461182 1331.60144043 -475.773040771 -452.204345703 1272.18762207
0.0304529666901 8 -435.62878418 -166.163604736 1510.50292969 -440.877197266 164.601013184 1580.64538574 -412.604980469 -84.8024902344 1393.8762207 -431.249572754 -106.464599609 1641.53051758 -418.207550049 19.9412307739 1631.31140137 -412.807800293 -74.0463485718 1355.98498535 -469.140075684 -183.331573486 1329.71850586 -463.044799805 -446.190795898 1252.99230957
0.0335369110107 8 -436.314300537 -167.998901367 1509.45288086 -441.084716797 164.556503296 1579.69055176 -410.491546631 -84.4978027344 1394.40515137 -433.569366455 -108.908294678 1641.27038574 -415.844482422 22.0308532715 1632.07495117 -419.153717041 -83.0697021484 1354.68981934 -481.185852051 -179.288513184 1330.42077637 -466.468505859 -441.836151123 1251.63305664
0.0343871116638 8 -437.314605713 -169.568527222 1509.20166016 -441.159179688 164.928085327 1578.68920898 -407.249908447 -85.5537872314 1394.81445312 -437.179168701 -108.823989868 1640.9465332 -412.821350098 22.5633468628 1632.2208252 -425.707275391 -85.9361724854 1354.58483887 -478.454162598 -173.078369141 1330.34033203 -466.075561523 -449.94909668 1247.30969238
0.0321228504181 8 -437.134796143 -169.409408569 1509.23876953 -441.374084473 165.689346313 1577.5378418 -407.566894531 -84.6777801514 1395.00891113 -432.887268066 -106.858200073 1640.27819824 -412.840789795 26.3735046387 1626.06066895 -431.536621094 -87.006111145 1350.20654297 -475.689788818 -174.165161133 1330.17028809 -465.01739502 -446.366271973 1240.78588867
0.0321660041809 8 -434.693572998 -165.479888916 1511.49499512 -441.517913818 166.616638184 1576.43945312 -411.051971436 -79.7832717896 1394.32263184 -419.159210205 -99.5379104614 1642.04138184 -418.359832764 36.5397033691 1610.5435791 -430.85269165 -88.9414596558 1350.4564209 -468.533325195 -197.393997192 1313.31091309 -461.560241699 -452.154815674 1242.23193359
0.0358591079712 8 -435.4715271 -162.363174438 1515.25598145 -441.947967529 167.414993286 1575.55688477 -403.388885498 -75.7784118652 1394.97900391 -430.381317139 -93.3456115723 1650.17553711 -435.665740967 122.520095825 1559.07556152 -439.212524414 -90.4863586426 1349.12463379 -445.185394287 -233.128128052 1301.35522461 -468.908782959 -450.193206787 1242.16882324
0.0341970920563 8 -438.565673828 -157.899246216 1518.22949219 -441.565429688 168.755249023 1574.88476562 -399.426330566 -76.9209899902 1394.33886719 -445.946105957 -82.2576599121 1651.12792969 -428.365509033 120.474533081 1560.34643555 -461.863891602 -102.631629944 1342.07141113 -439.903533936 -213.171585083 1317.33837891 -499.390441895 -409.188476562 1231.00524902
0.0333969593048 8 -439.011444092 -159.313156128 1515.64550781 -442.167175293 170.470565796 1573.98474121 -400.690826416 -76.2568969727 1392.4798584 -446.824737549 -82.0093688965 1647.93127441 -431.161865234 122.545318604 1563.08544922 -425.440582275 -109.575820923 1346.3145752 -455.950378418 -189.628204346 1322.70385742 -498.605773926 -418.611816406 1227.27539062
0.0323610305786 8 -436.085113525 -160.592681885 1513.51916504 -441.954833984 171.447631836 1572.99707031 -418.044494629 -74.9688491821 1389.41906738 -430.556091309 -87.1683731079 1646.31921387 -449.071899414 126.47858429 1561.89038086 -414.602844238 -126.414604187 1346.51428223 -470.692047119 -180.451263428 1326.18859863 -447.255249023 -456.406158447 1248.89941406
0.0367579460144 8 -437.926239014 -159.914886475 1512.99108887 -441.851776123 172.277191162 1571.93249512 -409.167999268 -75.8160171509 1388.47143555 -439.870941162 -82.2092056274 1644.75854492 -440.827667236 122.402366638 1562.42602539 -427.443969727 -125.689483643 1340.89868164 -462.846038818 -182.370758057 1327.75 -460.401031494 -449.696563721 1246.05822754
0.0283448696136 8 -439.393585205 -163.988708496 1510.39367676 -441.59274292 173.087463379 1571.04943848 -401.733276367 -71.8310623169 1388.43347168 -447.442382812 -81.9043655396 1644.49377441 -428.346191406 103.217750549 1546.9934082 -440.304656982 -130.769058228 1323.48181152 -448.719726562 -154.332458496 1334.42736816 -479.847381592 -443.937072754 1237.73547363
0.0355880260468 8 -438.492004395 -163.636749268 1510.12927246 -441.353393555 173.609191895 1570.50585938 -404.20715332 -71.4357147217 1387.41137695 -444.385009766 -82.678817749 1644.84033203 -434.491119385 92.5338897705 1546.2244873 -430.144744873 -112.160598755 1342.35827637 -419.985717773 -228.838088989 1306.6862793 -574.526123047 -322.563812256 1259.68237305
0.0314331054688 8 -438.970733643 -163.02015686 1510.63806152 -440.905029297 174.231536865 1570.62927246 -400.223602295 -72.9202804565 1388.1138916 -448.140350342 -81.6413192749 1644.5213623 -429.070068359 71.062461853 1574.93395996 -428.204040527 -92.8392486572 1354.48242188 -416.672637939 -209.42199707 1311.54260254 -564.409423828 -345.65447998 1236.33996582
0.0356969833374 8 -440.136444092 -164.128448486 1509.87817383 -440.321899414 174.923660278 1570.90734863 -393.708251953 -69.263671875 1390.86096191 -456.714477539 -81.1259460449 1644.62072754 -426.918395996 85.5780944824 1570.38134766 -433.45211792 -92.2150268555 1358.86157227 -408.237426758 -177.710906982 1335.2043457 -479.964630127 -435.051055908 1242.41589355
