0.0354461669922 8 -428.782348633 -150.372497559 1479.70825195 -411.099121094 247.334106445 1653.55651855 -479.87677002 116.77495575 1410.17565918 -362.414428711 -14.6091308594 1716.30285645 -470.444793701 -155.907287598 1271.88891602 -362.414825439 -305.935546875 1716.30285645 -414.987976074 -463.548950195 1201.36767578 -362.409088135 -597.261657715 1716.30285645
0.0328538417816 8 -429.121826172 -150.449615479 1478.40014648 -411.007537842 246.502731323 1652.75439453 -480.667022705 116.674224854 1409.08874512 -362.952606201 -14.7867736816 1715.11437988 -470.776123047 -154.484649658 1272.0904541 -362.95300293 -306.113189697 1715.11437988 -414.84677124 -461.996826172 1201.37304688 -362.947265625 -597.439331055 1715.11437988
0.0295300483704 8 -428.916992188 -151.696624756 1476.1529541 -410.30291748 245.600585938 1649.33288574 -479.685821533 115.405395508 1406.18017578 -361.815643311 -15.5783996582 1712.3449707 -470.954437256 -154.051452637 1271.75 -361.816040039 -306.904815674 1712.3449707 -415.549468994 -461.686004639 1201.15014648 -361.810302734 -598.230957031 1712.3449707
0.0360949039459 8 -430.238525391 -150.207061768 1478.43457031 -410.835449219 247.605331421 1651.12915039 -479.250305176 117.07572937 1407.9074707 -364.199523926 -14.2260894775 1715.00292969 -469.719848633 -156.730911255 1270.73681641 -364.199920654 -305.552490234 1715.00292969 -415.195404053 -464.634277344 1200.62963867 -364.19418335 -596.878601074 1715.00292969
0.0322391986847 8 -430.824157715 -150.731018066 1479.45019531 -410.98526001 246.802474976 1651.52941895 -480.265899658 116.470840454 1408.90759277 -364.779815674 -14.5806121826 1715.92224121 -470.552093506 -155.060012817 1271.44482422 -364.780212402 -305.907043457 1715.92224121 -415.165130615 -462.910583496 1201.78466797 -364.774475098 -597.233154297 1715.92224121
0.0316410064697 8 -429.715240479 -149.632522583 1477.67333984 -408.47076416 247.543228149 1650.19616699 -481.790893555 117.520233154 1408.89575195 -359.992614746 -13.8677368164 1713.29956055 -470.92980957 -155.223358154 1271.32116699 -359.993011475 -305.194152832 1713.29956055 -414.872711182 -462.976837158 1201.76501465 -359.98727417 -596.520263672 1713.29956055
0.0358319282532 8 -431.218597412 -149.034255981 1475.11743164 -409.740356445 247.139251709 1651.53173828 -484.110412598 118.69152832 1409.26831055 -360.610229492 -15.5311889648 1711.765625 -470.474853516 -153.948547363 1271.74816895 -360.610626221 -306.85760498 1711.765625 -415.3777771 -461.650146484 1201.2109375 -360.604888916 -598.18371582 1711.765625
0.0329189300537 8 -432.620849609 -148.644104004 1473.49609375 -409.826049805 246.353790283 1652.6998291 -482.914764404 119.869232178 1408.83374023 -362.894500732 -17.1065673828 1711.5012207 -469.873809814 -152.542572021 1272.19970703 -362.894897461 -308.432983398 1711.5012207 -417.647094727 -460.170043945 1199.28540039 -362.889160156 -599.759094238 1711.5012207
0.0316920280457 8 -432.392700195 -152.503051758 1476.07836914 -409.532287598 245.679092407 1649.2467041 -474.324951172 115.493583679 1404.18115234 -370.823242188 -17.5479736328 1714.29321289 -470.29864502 -151.341400146 1272.4473877 -370.823638916 -308.874389648 1714.29321289 -418.423675537 -458.912750244 1198.99780273 -370.817901611 -600.200500488 1714.29321289
0.0359950065613 8 -431.831451416 -153.002990723 1479.18847656 -410.847045898 245.824325562 1651.10009766 -474.370544434 114.613288879 1406.01245117 -371.383422852 -16.8857269287 1717.09838867 -469.991088867 -157.977203369 1270.82226562 -371.38381958 -308.212158203 1717.09838867 -416.269500732 -465.44631958 1198.27941895 -371.378082275 -599.538269043 1717.09838867
0.0314779281616 8 -430.651153564 -151.255432129 1479.00170898 -410.947692871 245.873153687 1652.00195312 -476.424682617 116.345458984 1407.67346191 -367.94921875 -15.7452392578 1716.69665527 -470.336669922 -158.777770996 1271.18640137 -367.949615479 -307.071655273 1716.69665527 -414.287261963 -466.20880127 1200.28955078 -367.943878174 -598.397766113 1716.69665527
0.0339071750641 8 -431.465911865 -149.487228394 1476.40771484 -411.168670654 246.023284912 1652.44885254 -478.200256348 118.718681335 1407.98217773 -366.457580566 -16.1076507568 1714.70288086 -470.889007568 -156.127197266 1271.53491211 -366.457977295 -307.434082031 1714.70288086 -414.888916016 -463.739654541 1201.35021973 -366.45223999 -598.760192871 1714.70288086
0.0360429286957 8 -432.976501465 -147.469146729 1474.09484863 -410.738891602 247.136230469 1653.1583252 -480.915771484 121.234550476 1408.48754883 -365.258361816 -15.9961700439 1712.70214844 -471.540161133 -152.221130371 1272.48901367 -365.258758545 -307.322570801 1712.70214844 -417.359619141 -459.873901367 1201.07409668 -365.25302124 -598.648681641 1712.70214844
0.0313708782196 8 -431.555755615 -147.529510498 1472.17749023 -410.244750977 246.24331665 1653.47631836 -483.870239258 120.927742004 1408.99780273 -360.36151123 -16.4752197266 1709.98876953 -470.969207764 -149.78503418 1273.09020996 -360.361907959 -307.801635742 1709.98876953 -416.890869141 -457.131011963 1200.27636719 -360.356170654 -599.127746582 1709.98876953
0.0317351818085 8 -430.751464844 -150.480987549 1469.75183105 -410.134643555 244.430435181 1649.16418457 -485.016967773 117.50189209 1406.14453125 -357.758483887 -18.2244567871 1706.36523438 -470.667175293 -149.571655273 1273.1015625 -357.758880615 -309.550872803 1706.36523438 -418.436126709 -457.130828857 1199.84509277 -357.753143311 -600.876953125 1706.36523438
0.03502202034 8 -431.768951416 -150.491210938 1469.47937012 -408.401245117 245.712127686 1648.01586914 -484.659942627 117.480377197 1404.6451416 -359.003753662 -17.6332702637 1705.83483887 -470.484710693 -152.989562988 1271.51123047 -359.004150391 -308.959686279 1705.83483887 -418.798980713 -460.84576416 1199.10498047 -358.998413086 -600.285766602 1705.83483887
0.0317499637604 8 -431.914886475 -150.592330933 1470.87109375 -408.704956055 246.17288208 1649.94519043 -482.221374512 117.937652588 1406.28991699 -360.976318359 -18.9813537598 1708.47644043 -469.678710938 -154.065093994 1271.26000977 -360.976715088 -310.307769775 1708.47644043 -418.516723633 -461.996582031 1198.78845215 -360.970977783 -601.633911133 1708.47644043
0.0340900421143 8 -433.252441406 -150.545318604 1471.7545166 -409.954833984 244.618972778 1651.39306641 -477.500488281 118.760475159 1406.10461426 -366.967407227 -20.1957092285 1711.3560791 -469.40133667 -153.533111572 1271.31188965 -366.967803955 -311.522125244 1711.3560791 -416.978363037 -461.33026123 1199.17492676 -366.96206665 -602.848266602 1711.3560791
0.0360338687897 8 -434.289672852 -149.989349365 1472.42175293 -409.507873535 244.961120605 1653.15649414 -477.866851807 119.552940369 1407.2076416 -367.919464111 -20.2854309082 1712.37390137 -469.393341064 -152.521789551 1271.26147461 -367.91986084 -311.611846924 1712.37390137 -415.609069824 -460.196075439 1199.6081543 -367.914123535 -602.937988281 1712.37390137
0.0314700603485 8 -436.098937988 -148.066802979 1469.4453125 -408.816314697 244.028137207 1653.49157715 -481.085845947 122.069602966 1407.75427246 -366.230377197 -20.770904541 1709.69030762 -470.389556885 -150.224853516 1270.92248535 -366.230773926 -312.097320557 1709.69030762 -413.621490479 -457.218078613 1198.70690918 -366.225036621 -603.423461914 1709.69030762
0.0318849086761 8 -435.697387695 -147.565109253 1469.00671387 -409.107757568 244.022140503 1653.63391113 -484.870788574 122.333221436 1409.54980469 -362.270996094 -20.5826721191 1708.34423828 -469.781982422 -148.029449463 1270.18261719 -362.271392822 -311.909088135 1708.34423828 -411.689086914 -454.439880371 1196.54772949 -362.265655518 -603.235229492 1708.34423828
0.0355911254883 8 -435.218231201 -147.273773193 1469.08007812 -408.140075684 245.14642334 1653.74169922 -483.149871826 122.852256775 1409.5723877 -361.569976807 -20.6480407715 1708.55603027 -469.757781982 -145.610290527 1269.00561523 -361.570373535 -311.974456787 1708.55603027 -407.298278809 -451.112487793 1195.27355957 -361.56463623 -603.300537109 1708.55603027
0.0315508842468 8 -434.222106934 -147.712463379 1469.38598633 -407.023132324 243.482299805 1653.79858398 -480.341064453 122.612220764 1409.32543945 -362.326965332 -21.3299865723 1709.52856445 -470.155059814 -143.890533447 1266.87573242 -362.327362061 -312.656402588 1709.52856445 -399.764587402 -447.720336914 1193.74450684 -362.321624756 -603.982543945 1709.52856445
0.0317749977112 8 -432.681091309 -146.931488037 1470.15319824 -406.418762207 244.928115845 1653.83618164 -478.589477539 123.181564331 1408.96728516 -362.94744873 -19.8105621338 1710.54882812 -470.337127686 -143.886489868 1264.27368164 -362.947845459 -311.136962891 1710.54882812 -387.425262451 -445.218017578 1194.97692871 -362.942108154 -602.46307373 1710.54882812
0.0356841087341 8 -431.063659668 -147.855041504 1468.15405273 -404.645965576 243.854766846 1654.35009766 -475.809570312 122.635826111 1407.77429199 -362.928894043 -21.9571228027 1709.65100098 -468.54989624 -143.879150391 1260.69519043 -362.929290771 -313.283538818 1709.65100098 -369.728515625 -442.023498535 1200.89196777 -362.923553467 -604.609619141 1709.65100098
0.0346200466156 8 -430.411132812 -149.844360352 1461.44360352 -403.554504395 240.584777832 1653.04711914 -478.810058594 120.978401184 1405.68334961 -359.426269531 -26.6669311523 1703.48754883 -463.1769104 -145.767791748 1256.68164062 -359.42666626 -317.993347168 1703.48754883 -346.302764893 -439.359222412 1211.40625 -359.420928955 -609.319458008 1703.48754883
0.0354659557343 8 -428.932159424 -148.437957764 1457.9230957 -401.509735107 242.024307251 1653.40844727 -479.066223145 122.709487915 1405.33911133 -356.781494141 -27.4392852783 1700.72607422 -454.718933105 -148.064437866 1253.42724609 -356.781890869 -318.765686035 1700.72607422 -320.003723145 -435.49822998 1222.06665039 -356.776153564 -610.091796875 1700.72607422
0.031867980957 8 -427.541778564 -147.640289307 1454.55065918 -401.201660156 240.028900146 1653.09448242 -477.088195801 124.024238586 1404.06689453 -357.082824707 -28.9224090576 1698.98242188 -444.668151855 -147.410888672 1252.53320312 -357.083221436 -320.248840332 1698.98242188 -291.194824219 -426.248352051 1236.96496582 -357.077484131 -611.574951172 1698.98242188
0.0315978527069 8 -422.747253418 -148.322463989 1456.7064209 -398.346801758 241.049377441 1653.42773438 -476.120513916 122.429367065 1405.26135254 -351.095367432 -27.3627166748 1699.68127441 -429.641815186 -152.621261597 1248.51867676 -351.09576416 -318.689147949 1699.68127441 -251.038879395 -413.765380859 1264.19714355 -351.090026855 -610.015258789 1699.68127441
0.0357160568237 8 -419.76940918 -152.072631836 1467.98339844 -396.602081299 241.370635986 1653.63146973 -470.986450195 117.036430359 1407.03491211 -351.144042969 -23.6575927734 1707.89575195 -413.769989014 -157.626953125 1248.70507812 -351.144439697 -314.984008789 1707.89575195 -215.254837036 -403.161743164 1285.70776367 -351.138702393 -606.310119629 1707.89575195
0.0317311286926 8 -419.545043945 -155.765441895 1481.33605957 -395.596862793 241.821014404 1657.26245117 -470.466308594 111.68850708 1413.26269531 -350.550964355 -21.0953979492 1717.6887207 -397.75402832 -158.136199951 1252.34936523 -350.551361084 -312.421813965 1717.6887207 -186.922729492 -390.797485352 1301.95568848 -350.545623779 -603.747924805 1717.6887207
0.031103849411 8 -420.694458008 -159.535491943 1492.30993652 -394.232208252 242.226928711 1658.92077637 -458.04498291 107.21043396 1414.27880859 -361.620056152 -20.3656158447 1728.48681641 -382.783081055 -157.26399231 1258.63671875 -361.620452881 -311.692016602 1728.48681641 -161.250442505 -377.115112305 1317.00500488 -361.614715576 -603.018127441 1728.48681641
0.0377590656281 8 -422.760620117 -159.110198975 1497.20043945 -393.184417725 243.403549194 1659.92492676 -452.490539551 107.02961731 1413.73693848 -368.121765137 -17.1991119385 1732.90466309 -366.665039062 -157.93901062 1265.43005371 -368.122161865 -308.525512695 1732.90466309 -135.830169678 -365.72869873 1330.69665527 -368.116424561 -599.851623535 1732.90466309
0.0319600105286 8 -428.88067627 -157.651855469 1492.40209961 -391.403625488 241.496551514 1656.94482422 -451.280273438 108.822479248 1407.49804688 -376.718078613 -16.1293640137 1728.98120117 -349.13394165 -159.312530518 1273.31518555 -376.718475342 -307.455780029 1728.98120117 -110.884689331 -355.959960938 1343.17370605 -376.712738037 -598.781860352 1728.98120117
0.0317618846893 8 -429.714813232 -157.778442383 1492.41210938 -388.577728271 241.308395386 1655.84936523 -440.217987061 108.730705261 1405.49951172 -385.906646729 -16.4499511719 1730.73657227 -332.579376221 -158.952026367 1281.17541504 -385.907043457 -307.776367188 1730.73657227 -89.2680358887 -348.405578613 1351.85571289 -385.901306152 -599.102478027 1730.73657227
0.0352230072021 8 -433.260864258 -155.957382202 1493.89257812 -385.376953125 241.768280029 1655.42126465 -436.67401123 110.339263916 1405.57336426 -391.557189941 -14.4376220703 1732.55358887 -316.806274414 -158.812835693 1288.73254395 -391.55758667 -305.764038086 1732.55358887 -68.4445800781 -340.165649414 1362.71765137 -391.551849365 -597.090148926 1732.55358887
0.0316421985626 8 -433.203521729 -155.361419678 1496.21289062 -383.186157227 242.094589233 1658.21960449 -431.3800354 110.794258118 1407.25415039 -395.001251221 -13.8202514648 1735.50927734 -303.955474854 -156.762634277 1296.01782227 -395.001647949 -305.14666748 1735.50927734 -52.5966339111 -333.523803711 1371.13977051 -394.995910645 -596.47277832 1735.50927734
0.0315918922424 8 -431.4453125 -155.073547363 1497.81066895 -380.651733398 241.696960449 1659.63415527 -426.247344971 110.871208191 1408.22583008 -396.6378479 -13.1875610352 1737.46899414 -291.549224854 -154.744415283 1302.6809082 -396.638244629 -304.513977051 1737.46899414 -38.3975067139 -327.667602539 1378.97924805 -396.632507324 -595.840087891 1737.46899414
0.0377190113068 8 -432.8125 -155.215240479 1496.74365234 -379.498046875 240.092773438 1659.65686035 -415.264465332 110.135314941 1407.31103516 -407.458068848 -13.5624389648 1737.59399414 -279.576293945 -154.149780273 1307.34619141 -407.458465576 -304.88885498 1737.59399414 -24.1410522461 -323.547058105 1385.56604004 -407.452728271 -596.21496582 1737.59399414
0.0323369503021 8 -433.439727783 -152.737762451 1495.83691406 -376.864685059 240.588180542 1660.83569336 -412.137268066 112.75214386 1407.41015625 -409.911010742 -12.1133270264 1737.55859375 -272.539550781 -152.935058594 1311.82067871 -409.911407471 -303.439758301 1737.55859375 -15.0791320801 -319.202880859 1388.82128906 -409.905670166 -594.765869141 1737.55859375
0.0314230918884 8 -432.478881836 -153.089477539 1494.04968262 -375.16293335 239.795928955 1660.43859863 -409.393981934 112.523849487 1406.29418945 -409.453369141 -13.1641082764 1736.27954102 -262.512390137 -153.33631897 1315.56665039 -409.453765869 -304.490539551 1736.27954102 -4.98645019531 -319.165893555 1392.77880859 -409.448028564 -595.816650391 1736.27954102
0.0349888801575 8 -433.303039551 -151.974182129 1492.95239258 -372.888977051 240.151626587 1661.1854248 -404.323547363 113.329742432 1406.0345459 -414.513061523 -12.4852294922 1735.7911377 -254.620742798 -153.512298584 1318.39086914 -414.513458252 -303.811645508 1735.7911377 3.15882873535 -317.914306641 1395.88964844 -414.507720947 -595.137756348 1735.7911377
0.0314581394196 8 -432.560058594 -151.33493042 1491.73620605 -369.578430176 239.309356689 1661.59399414 -400.88494873 114.06312561 1405.98364258 -414.266662598 -12.9179534912 1735.25048828 -246.666183472 -153.120376587 1320.82263184 -414.267059326 -304.244384766 1735.25048828 11.5947113037 -316.289459229 1399.28491211 -414.261322021 -595.570495605 1735.25048828
0.0329358577728 8 -423.296386719 -158.95324707 1504.88879395 -367.009735107 239.179443359 1660.7878418 -397.704772949 104.383575439 1411.35339355 -401.222412109 -13.7671203613 1744.02062988 -245.088027954 -148.378204346 1325.05456543 -401.222808838 -305.093536377 1744.02062988 14.0576324463 -314.314819336 1393.45068359 -401.217071533 -596.419677734 1744.02062988
0.0364170074463 8 -416.980957031 -162.947601318 1511.98803711 -364.412445068 238.771133423 1661.42895508 -395.764648438 99.180480957 1414.01000977 -391.970825195 -13.9007568359 1748.46362305 -237.655654907 -148.485305786 1328.94384766 -391.971221924 -305.227172852 1748.46362305 23.8344573975 -312.279541016 1393.71716309 -391.965484619 -596.553283691 1748.46362305
0.0307741165161 8 -415.01953125 -167.028884888 1514.21801758 -363.991638184 236.14944458 1660.26586914 -393.740753174 94.4428253174 1414.3927002 -390.941009521 -16.2295379639 1749.72888184 -232.742919922 -148.728256226 1330.07348633 -390.94140625 -307.555969238 1749.72888184 28.9383544922 -313.394775391 1392.03662109 -390.935668945 -598.882080078 1749.72888184
0.0323939323425 8 -409.65838623 -168.53515625 1516.27294922 -359.441650391 237.229385376 1660.16625977 -393.718811035 92.7243652344 1414.9185791 -379.614746094 -16.6134338379 1750.36853027 -230.193450928 -150.417541504 1328.73059082 -379.615142822 -307.939849854 1750.36853027 29.6725769043 -319.279388428 1386.82470703 -379.609405518 -599.265991211 1750.36853027
0.0357520580292 8 -404.768005371 -169.842956543 1518.44238281 -357.142944336 237.72366333 1660.04528809 -398.55480957 91.5275650024 1416.48388672 -366.903320312 -17.0910339355 1750.78271484 -230.001419067 -150.184020996 1327.4185791 -366.903717041 -308.417449951 1750.78271484 29.0160980225 -321.280731201 1382.84863281 -366.897979736 -599.743530273 1750.78271484
0.0318269729614 8 -400.780334473 -169.375427246 1519.97973633 -354.706695557 238.629653931 1661.08129883 -398.535705566 92.2641906738 1418.42944336 -360.986938477 -16.7360839844 1752.12353516 -232.620178223 -149.397354126 1327.10620117 -360.987335205 -308.0625 1752.12353516 27.352355957 -319.224121094 1382.13793945 -360.9815979 -599.38861084 1752.12353516
0.0320329666138 8 -397.994262695 -170.378936768 1519.83740234 -353.337768555 237.662414551 1660.53771973 -403.045196533 91.7474975586 1419.69592285 -351.431793213 -18.3290405273 1751.08850098 -233.052017212 -149.278427124 1326.6505127 -351.432189941 -309.655456543 1751.08850098 27.4274749756 -318.186096191 1382.2076416 -351.426452637 -600.981567383 1751.08850098
0.0360269546509 8 -395.774963379 -169.199554443 1519.98999023 -351.931976318 238.962631226 1661.30078125 -405.700897217 93.2670288086 1421.05493164 -344.564483643 -17.6388244629 1750.60327148 -236.491134644 -148.480712891 1325.72802734 -344.564880371 -308.965240479 1750.60327148 24.9673919678 -316.550476074 1379.19396973 -344.559143066 -600.291381836 1750.60327148
0.0322051048279 8 -394.40814209 -168.336608887 1519.46520996 -350.853729248 238.66784668 1660.68579102 -408.583648682 94.4213409424 1421.78601074 -339.749420166 -17.2373504639 1749.60778809 -239.253860474 -146.930252075 1324.1842041 -339.749816895 -308.563781738 1749.60778809 22.8345184326 -313.59362793 1378.97351074 -339.74407959 -599.889892578 1749.60778809
0.0318610668182 8 -395.392333984 -168.482086182 1519.04614258 -350.679168701 238.217758179 1660.35412598 -402.702087402 94.0351638794 1420.03100586 -347.000366211 -17.1700439453 1750.42431641 -241.804077148 -144.999816895 1322.26208496 -347.000762939 -308.496459961 1750.42431641 20.6009216309 -311.089019775 1377.32177734 -346.995025635 -599.822570801 1750.42431641
0.0359969139099 8 -395.590209961 -167.883682251 1519.78051758 -349.807647705 238.472244263 1660.71789551 -397.870513916 94.4732818604 1420.06677246 -351.168304443 -16.5489959717 1751.95275879 -239.290740967 -146.286651611 1318.98168945 -351.168701172 -307.875427246 1751.95275879 24.3512268066 -308.584136963 1378.89367676 -351.162963867 -599.201538086 1751.95275879
0.0317890644073 8 -395.701049805 -168.100540161 1522.28820801 -349.909515381 239.548233032 1660.91040039 -402.320007324 93.8972625732 1421.79467773 -348.412597656 -15.5942840576 1753.13769531 -235.97845459 -145.965286255 1315.82324219 -348.412994385 -306.920715332 1753.13769531 27.6567993164 -305.244873047 1383.06738281 -348.40725708 -598.246826172 1753.13769531
0.0321779251099 8 -393.678253174 -169.179840088 1519.65722656 -349.300720215 238.317733765 1660.42651367 -407.996459961 93.4820404053 1421.84191895 -339.035400391 -17.8776397705 1749.6270752 -237.413101196 -142.432983398 1313.23205566 -339.035797119 -309.204040527 1749.6270752 25.7979888916 -299.746673584 1386.50695801 -339.030059814 -600.530151367 1749.6270752
0.0360720157623 8 -393.342651367 -169.384918213 1519.76647949 -349.382751465 238.535980225 1660.77209473 -408.989532471 93.424659729 1422.43505859 -337.08706665 -18.3520202637 1749.57446289 -238.220001221 -137.493652344 1310.96337891 -337.087463379 -309.678436279 1749.57446289 24.7835998535 -291.349914551 1391.75317383 -337.081726074 -601.004516602 1749.57446289
0.0318238735199 8 -391.784576416 -169.757827759 1519.14086914 -349.833496094 237.953323364 1659.89978027 -412.851013184 93.0872344971 1422.95263672 -331.375488281 -18.6525115967 1747.83642578 -235.932998657 -133.939315796 1309.61279297 -331.37588501 -309.978942871 1747.83642578 27.3579559326 -283.661132812 1396.93896484 -331.370147705 -601.305053711 1747.83642578
0.032044172287 8 -406.443786621 -164.167236328 1508.02026367 -350.534545898 237.960479736 1659.15063477 -400.018829346 99.5838241577 1414.22290039 -363.449188232 -18.3798522949 1743.18310547 -236.246231079 -128.930755615 1307.49841309 -363.449584961 -309.706268311 1743.18310547 27.5305023193 -275.902404785 1398.18481445 -363.443847656 -601.032348633 1743.18310547
0.0386300086975 8 -414.271789551 -161.875473022 1504.60400391 -354.040283203 236.666809082 1662.69274902 -390.309082031 101.521606445 1412.44970703 -387.413879395 -17.5054931641 1743.10107422 -227.914291382 -129.550613403 1305.81799316 -387.414276123 -308.83190918 1743.10107422 36.4001312256 -269.587310791 1405.0513916 -387.408538818 -600.15802002 1743.10107422
0.0322949886322 8 -423.594482422 -155.949279785 1500.7253418 -354.545410156 238.733139038 1664.46362305 -382.27142334 106.110519409 1410.81591797 -410.143249512 -12.0997161865 1740.71118164 -221.82963562 -129.570755005 1304.46508789 -410.14364624 -303.426147461 1740.71118164 43.3112640381 -263.160980225 1410.15136719 -410.137908936 -594.752258301 1740.71118164
0.0314989089966 8 -426.847839355 -153.680679321 1496.77490234 -354.107910156 238.891540527 1662.12365723 -376.101898193 107.508476257 1408.48059082 -417.647247314 -10.5908660889 1737.67248535 -218.189117432 -128.145355225 1302.83935547 -417.647644043 -301.917297363 1737.67248535 46.1929016113 -258.415313721 1414.55932617 -417.641906738 -593.243408203 1737.67248535
0.0352931022644 8 -414.365356445 -160.984802246 1507.23461914 -353.877502441 238.494979858 1660.2322998 -382.234802246 100.359397888 1411.55163574 -393.072570801 -13.3005828857 1744.35192871 -211.944458008 -126.038902283 1301.38903809 -393.072967529 -304.62701416 1744.35192871 51.6323547363 -249.827026367 1421.80456543 -393.067230225 -595.953125 1744.35192871
0.0316178798676 8 -427.212890625 -156.282897949 1503.03747559 -354.556915283 239.534515381 1663.35693359 -380.358276367 103.866165161 1409.98876953 -415.39666748 -9.42070007324 1741.41333008 -208.706878662 -121.396499634 1299.50805664 -415.397064209 -300.747131348 1741.41333008 54.2966308594 -236.489486694 1429.15869141 -415.391326904 -592.073242188 1741.41333008
0.0354681015015 8 -414.910949707 -159.072387695 1510.14941406 -355.515136719 240.360290527 1665.47570801 -383.80456543 102.610855103 1414.79748535 -394.437866211 -11.6685333252 1747.61706543 -204.583557129 -117.052276611 1298.09289551 -394.438262939 -302.994934082 1747.61706543 57.4493713379 -226.520446777 1434.58117676 -394.432525635 -594.321044922 1747.61706543
0.0320239067078 8 -409.786132812 -161.482147217 1514.97485352 -355.248748779 240.729797363 1666.71435547 -387.282775879 100.59992981 1417.81201172 -382.701782227 -13.1219024658 1751.38525391 -202.803787231 -110.014297485 1297.18432617 -382.702178955 -304.448303223 1751.38525391 58.5869598389 -211.905029297 1440.58569336 -382.69644165 -595.774414062 1751.38525391
0.0316269397736 8 -406.244140625 -163.180618286 1516.96630859 -355.010345459 240.196182251 1666.84912109 -392.013000488 99.3430023193 1419.16259766 -374.005187988 -14.3386993408 1752.53735352 -202.392364502 -103.646362305 1295.63171387 -374.005584717 -305.665100098 1752.53735352 56.9359436035 -197.394958496 1447.90087891 -373.999847412 -596.991210938 1752.53735352
0.0354840755463 8 -404.478271484 -163.981506348 1518.22729492 -356.164978027 239.847076416 1666.97473145 -394.290435791 98.7806549072 1420.28515625 -370.310333252 -14.9491424561 1753.51977539 -201.58821106 -94.5148620605 1293.17114258 -370.31072998 -306.27557373 1753.51977539 56.4466705322 -183.895874023 1450.4473877 -370.304992676 -597.60168457 1753.51977539
0.0355880260468 8 -401.285705566 -165.512512207 1519.43115234 -357.398681641 239.901916504 1667.37097168 -403.312164307 97.8921279907 1422.94116211 -358.016387939 -16.8445739746 1753.35913086 -198.245620728 -86.8134384155 1292.59204102 -358.016784668 -308.17098999 1753.35913086 57.1526641846 -171.826065063 1456.50524902 -358.011047363 -599.497070312 1753.35913086
0.0324048995972 8 -396.459960938 -165.250823975 1517.58959961 -357.497894287 239.865447998 1666.91650391 -414.456176758 98.8990936279 1425.3293457 -342.053344727 -17.7775726318 1749.75927734 -199.759796143 -76.0235748291 1289.39428711 -342.053741455 -309.104003906 1749.75927734 53.9776153564 -153.745727539 1459.35107422 -342.04800415 -600.430114746 1749.75927734
0.0352940559387 8 -393.716552734 -165.500091553 1518.07202148 -357.571746826 239.9737854 1666.87768555 -421.333343506 98.5199432373 1427.56640625 -332.755767822 -17.5749053955 1748.42529297 -204.327438354 -65.1438446045 1285.24829102 -332.756164551 -308.901306152 1748.42529297 47.583114624 -138.49420166 1459.91992188 -332.750427246 -600.227416992 1748.42529297
0.0316791534424 8 -393.169189453 -165.969039917 1517.78588867 -357.930480957 239.356887817 1665.87207031 -428.366149902 97.9041519165 1429.26806641 -325.132080078 -17.7738494873 1746.06787109 -204.769790649 -55.5500869751 1282.36706543 -325.132476807 -309.100280762 1746.06787109 43.9138336182 -121.728218079 1464.23937988 -325.126739502 -600.426391602 1746.06787109
0.0311028957367 8 -391.484069824 -166.890014648 1518.04711914 -358.353759766 237.809005737 1666.90808105 -431.800476074 96.8907546997 1431.23754883 -319.89239502 -18.6979827881 1745.32568359 -205.202514648 -44.6641311646 1279.54211426 -319.892791748 -310.024414062 1745.32568359 39.67918396 -107.878929138 1467.59887695 -319.887054443 -601.350524902 1745.32568359
0.0355648994446 8 -400.813049316 -160.464050293 1507.93359375 -359.528533936 239.424575806 1666.93078613 -441.086120605 104.778518677 1425.53674316 -326.880432129 -16.0847320557 1736.96105957 -205.758636475 -35.4337463379 1276.96057129 -326.880828857 -307.411132812 1736.96105957 35.7062072754 -93.4110870361 1471.02770996 -326.875091553 -598.737243652 1736.96105957
0.0320100784302 8 -397.485595703 -162.480377197 1514.01025391 -361.22958374 239.641220093 1669.93920898 -431.477050781 102.481315613 1427.99023438 -331.924682617 -16.9800415039 1744.85913086 -206.847061157 -24.9327011108 1276.04772949 -331.925079346 -308.30645752 1744.85913086 32.4730529785 -79.31300354 1473.88830566 -331.919342041 -599.632568359 1744.85913086
0.0311930179596 8 -395.860717773 -165.800384521 1518.53564453 -361.87902832 239.276123047 1668.46728516 -423.826599121 98.0936431885 1427.27636719 -337.493774414 -17.3622283936 1749.42529297 -203.812652588 -15.6603317261 1275.34472656 -337.494171143 -308.688659668 1749.42529297 32.2619018555 -66.2313232422 1478.04760742 -337.488433838 -600.014770508 1749.42529297
0.0354940891266 8 -393.645507812 -165.174514771 1521.13244629 -362.632507324 241.303878784 1667.7713623 -425.048706055 97.7588500977 1428.11975098 -335.596130371 -14.4806213379 1750.68273926 -198.975250244 -6.28711700439 1276.0802002 -335.5965271 -305.807037354 1750.68273926 32.4327392578 -53.9824485779 1484.73828125 -335.590789795 -597.133178711 1750.68273926
0.0316569805145 8 -393.536010742 -163.10055542 1520.87243652 -364.447814941 241.791732788 1670.82287598 -431.659484863 100.573806763 1432.68603516 -328.909790039 -14.6631622314 1750.09814453 -197.118164062 4.04417419434 1275.93383789 -328.910186768 -305.989562988 1750.09814453 32.0167236328 -41.5950813293 1487.63330078 -328.904449463 -597.315673828 1750.09814453
0.035346031189 8 -392.341491699 -159.551300049 1520.68481445 -365.572509766 244.321044922 1673.35900879 -436.9375 104.122673035 1435.58459473 -324.010314941 -11.8040313721 1749.28186035 -197.896835327 12.9498748779 1275.99768066 -324.01071167 -303.130432129 1749.28186035 29.6106872559 -29.1754989624 1490.2064209 -324.004974365 -594.456542969 1749.28186035
0.0368809700012 8 -392.75769043 -156.654815674 1521.37670898 -365.146697998 246.781860352 1674.18835449 -436.188415527 107.143936157 1435.90612793 -324.505065918 -8.98811340332 1750.10705566 -199.104949951 23.1345672607 1275.55895996 -324.505462646 -300.31451416 1750.10705566 26.7726135254 -15.2667198181 1492.19628906 -324.499725342 -591.640625 1750.10705566
0.0317358970642 8 -392.61932373 -156.310302734 1521.80688477 -367.069091797 247.028274536 1674.10900879 -437.222351074 107.256866455 1436.14892578 -325.58026123 -8.23263549805 1750.65917969 -199.278869629 32.7093200684 1275.99938965 -325.580657959 -299.559051514 1750.65917969 24.790435791 -4.37726593018 1494.7713623 -325.574920654 -590.885131836 1750.65917969
0.0415380001068 8 -394.415771484 -153.489456177 1521.41772461 -368.321624756 249.261199951 1678.05737305 -437.239562988 111.065429688 1437.90795898 -327.645812988 -7.83352661133 1751.90283203 -198.136306763 42.4568634033 1277.07250977 -327.646209717 -299.159942627 1751.90283203 23.631652832 4.89497375488 1498.11291504 -327.640472412 -590.486083984 1751.90283203
0.035325050354 8 -394.476745605 -151.47845459 1522.29553223 -369.857635498 250.429214478 1680.04431152 -438.181884766 113.132125854 1439.38977051 -328.290222168 -6.14741516113 1753.16491699 -197.941253662 51.2673530579 1277.80322266 -328.290618896 -297.473815918 1753.16491699 22.7522277832 15.2015686035 1500.18457031 -328.284881592 -588.799926758 1753.16491699
0.0292720794678 8 -394.495361328 -152.407531738 1523.38378906 -371.848968506 249.834625244 1680.53942871 -436.92477417 112.080207825 1439.42004395 -332.093902588 -6.72863769531 1755.09020996 -197.317550659 61.3758010864 1280.14050293 -332.094299316 -298.055053711 1755.09020996 22.9686126709 21.5405578613 1502.27172852 -332.088562012 -589.381164551 1755.09020996
0.0366888046265 8 -397.834411621 -152.465881348 1525.95825195 -373.304931641 250.325424194 1681.13842773 -427.815124512 112.086517334 1437.48510742 -344.608764648 -6.0744934082 1759.3059082 -195.327789307 70.1646575928 1283.69262695 -344.609161377 -297.400909424 1759.3059082 22.9159088135 33.9781684875 1508.421875 -344.603424072 -588.727050781 1759.3059082
0.0331451892853 8 -396.993499756 -153.864501953 1525.62280273 -374.593994141 248.575241089 1681.59265137 -430.070404053 110.700447083 1438.06115723 -342.555328369 -7.64616394043 1758.88806152 -192.985366821 80.6281509399 1286.61218262 -342.555725098 -298.972595215 1758.88806152 24.3110046387 41.635559082 1511.80993652 -342.549987793 -590.298706055 1758.88806152
0.0297069549561 8 -397.772094727 -151.620269775 1527.43115234 -374.510406494 251.591491699 1682.32836914 -427.59185791 112.917427063 1438.515625 -346.549133301 -5.07556152344 1761.26123047 -190.947067261 90.5399703979 1291.13830566 -346.549530029 -296.401977539 1761.26123047 27.0678100586 50.2560272217 1515.43603516 -346.543792725 -587.728088379 1761.26123047
0.0308248996735 8 -397.834594727 -151.20664978 1527.92089844 -375.099578857 252.093902588 1682.20617676 -426.575897217 113.203430176 1438.18847656 -348.019561768 -4.23928833008 1761.82250977 -187.348480225 98.4156188965 1296.16516113 -348.019958496 -295.565704346 1761.82250977 29.5491790771 61.5216369629 1522.1072998 -348.014221191 -586.891845703 1761.82250977
0.035208940506 8 -397.375518799 -153.598815918 1527.60595703 -377.084747314 250.462600708 1681.14831543 -427.406341553 110.336685181 1436.86523438 -348.833282471 -5.52751159668 1761.09350586 -184.241333008 107.817085266 1300.15783691 -348.833679199 -296.853942871 1761.09350586 31.3187561035 72.3393859863 1527.61450195 -348.827941895 -588.180053711 1761.09350586
0.0310111045837 8 -397.58581543 -153.766418457 1528.9387207 -378.164489746 250.603118896 1682.12207031 -427.618896484 110.00164032 1437.68701172 -350.641418457 -5.30891418457 1762.51806641 -181.987167358 115.98021698 1305.2253418 -350.641815186 -296.635314941 1762.51806641 32.6677398682 83.6750640869 1533.99890137 -350.636077881 -587.961425781 1762.51806641
0.0311760902405 8 -397.606628418 -151.382873535 1528.33251953 -376.954437256 252.098937988 1683.10473633 -427.493927002 112.874961853 1438.45263672 -348.353179932 -4.10801696777 1762.18774414 -181.322799683 126.195999146 1308.71191406 -348.35357666 -295.434448242 1762.18774414 34.701171875 93.7582321167 1536.19018555 -348.347839355 -586.760559082 1762.18774414
0.0354659557343 8 -398.042053223 -154.208755493 1528.34631348 -376.937072754 248.844924927 1682.0880127 -423.632537842 109.861724854 1436.66125488 -351.838897705 -6.24551391602 1762.36901855 -179.708084106 134.682022095 1313.80810547 -351.839294434 -297.571929932 1762.36901855 37.1672668457 103.592636108 1540.6730957 -351.833557129 -588.898071289 1762.36901855
0.0310280323029 8 -398.370025635 -155.619171143 1528.62609863 -377.099029541 247.559692383 1682.09594727 -422.978546143 108.352874756 1436.35888672 -353.800689697 -7.36560058594 1762.79418945 -176.02961731 145.026107788 1321.21826172 -353.801086426 -298.692016602 1762.79418945 42.1069793701 106.480316162 1545.58728027 -353.795349121 -590.018127441 1762.79418945
0.031378030777 8 -398.336486816 -155.813690186 1530.07421875 -377.432739258 246.972412109 1685.61047363 -422.4894104 108.51751709 1438.70349121 -354.004119873 -8.48449707031 1764.87609863 -172.963043213 154.760437012 1327.7689209 -354.004516602 -299.810913086 1764.87609863 46.7828521729 114.76411438 1550.36547852 -353.998779297 -591.137023926 1764.87609863
0.0352289676666 8 -397.63684082 -151.963378906 1530.65209961 -376.849578857 249.111373901 1688.33666992 -424.220367432 112.894241333 1441.52966309 -351.307403564 -6.11613464355 1765.98474121 -171.504882812 164.275558472 1332.43676758 -351.307800293 -297.442565918 1765.98474121 47.6535644531 127.037521362 1556.11523438 -351.302062988 -588.768676758 1765.98474121
0.0320618152618 8 -399.916900635 -154.916091919 1531.56054688 -377.065795898 247.132507324 1688.63781738 -417.973907471 109.881782532 1440.35437012 -360.486358643 -8.69955444336 1767.8416748 -172.054260254 170.892166138 1336.0 -360.486755371 -300.025970459 1767.8416748 46.7460327148 140.692672729 1561.00488281 -360.481018066 -591.352050781 1767.8416748
0.0312490463257 8 -401.435302734 -156.561798096 1532.09423828 -375.575805664 244.960952759 1688.34619141 -414.182525635 107.933959961 1439.10192871 -365.87210083 -9.53283691406 1768.49645996 -168.355438232 180.129928589 1342.65917969 -365.872497559 -300.85925293 1768.49645996 51.3649597168 147.659378052 1566.50585938 -365.866760254 -592.18536377 1768.49645996
0.0500121116638 8 -411.223876953 -146.180541992 1513.10351562 -376.841918945 245.516693115 1687.28393555 -385.604614258 118.418457031 1427.46838379 -407.822631836 -4.25057983398 1753.61730957 -164.917251587 190.783889771 1348.14099121 -407.823028564 -295.57699585 1753.61730957 55.5151977539 155.524398804 1570.88720703 -407.81729126 -586.903076172 1753.61730957
0.0317549705505 8 -415.44039917 -151.588378906 1524.74633789 -376.222412109 244.4662323 1688.06750488 -381.320953369 110.639801025 1433.05041504 -414.260101318 -4.62832641602 1762.94250488 -142.517852783 200.40852356 1373.9576416 -414.260498047 -295.954742432 1762.94250488 75.9915924072 161.119018555 1597.90625 -414.254760742 -587.280883789 1762.94250488
0.0280349254608 8 -414.63269043 -153.030456543 1531.80249023 -377.591644287 247.123641968 1689.0526123 -384.10836792 108.685852051 1436.26220703 -411.65713501 -3.49407958984 1768.83691406 -136.34223938 208.803985596 1384.00610352 -411.657531738 -294.820495605 1768.83691406 82.3746185303 171.342880249 1608.09838867 -411.651794434 -586.146606445 1768.83691406
0.0334949493408 8 -416.297210693 -151.446121216 1535.54248047 -381.446014404 251.02545166 1689.5513916 -386.209197998 109.93586731 1438.31689453 -414.698822021 -0.53303527832 1771.97753906 -138.070205688 215.927627563 1387.89001465 -414.69921875 -291.859436035 1771.97753906 81.7953033447 187.838272095 1612.05407715 -414.693481445 -583.185546875 1771.97753906
0.0298662185669 8 -412.280731201 -149.745574951 1539.63366699 -382.363189697 255.691650391 1688.7833252 -389.085662842 111.393310547 1439.72351074 -407.13949585 2.92892456055 1774.95861816 -139.64743042 223.355499268 1391.58654785 -407.139892578 -288.397491455 1774.95861816 81.9889831543 195.75062561 1614.15942383 -407.134155273 -579.723632812 1774.95861816
0.0346028804779 8 -412.31262207 -151.517791748 1539.27294922 -382.318145752 252.924255371 1689.44274902 -388.589904785 110.060913086 1440.41552734 -406.792297363 0.0773315429688 1775.38232422 -141.076873779 231.984695435 1394.82434082 -406.792694092 -291.249084473 1775.38232422 82.1633758545 205.113357544 1615.93029785 -406.786956787 -582.575195312 1775.38232422
0.0311748981476 8 -431.110107422 -135.408660889 1512.9161377 -382.21875 254.36555481 1686.71899414 -354.272979736 120.264701843 1436.86669922 -469.968536377 14.0706176758 1743.57275391 -143.365402222 239.858093262 1393.02294922 -469.968933105 -277.25579834 1743.57275391 80.1397094727 221.849838257 1614.61950684 -469.963195801 -568.58190918 1743.57275391
0.0315010547638 8 -431.211181641 -131.50869751 1512.35168457 -383.203399658 254.551605225 1692.30126953 -340.403076172 122.869186401 1442.76293945 -481.911682129 17.1102752686 1742.87036133 -125.779968262 253.681838989 1417.25952148 -481.912078857 -274.216125488 1742.87036133 98.0678405762 230.936706543 1638.12902832 -481.906341553 -565.542236328 1742.87036133
0.0350589752197 8 -422.1875 -147.026504517 1527.57543945 -379.467163086 247.081176758 1698.31787109 -355.096405029 112.192962646 1448.50793457 -450.632110596 -1.57089233398 1764.17932129 -110.682525635 264.25 1436.67053223 -450.632507324 -292.89730835 1764.17932129 114.370452881 231.838226318 1654.9432373 -450.62677002 -584.223388672 1764.17932129
0.0419001579285 8 -415.679168701 -152.864120483 1537.35571289 -379.336242676 245.171676636 1705.09436035 -369.943084717 109.517852783 1452.59875488 -426.801544189 -9.01129150391 1776.73547363 -128.705963135 266.551391602 1425.21447754 -426.801940918 -300.33770752 1776.73547363 99.4135894775 248.227935791 1641.60559082 -426.796203613 -591.663818359 1776.73547363
0.0324289798737 8 -413.053894043 -157.673522949 1540.92724609 -381.035705566 242.181182861 1705.89782715 -379.370056152 105.97492981 1452.96630859 -415.469848633 -13.7695159912 1781.06933594 -144.261444092 270.401489258 1417.5760498 -415.470245361 -305.095947266 1781.06933594 86.7199249268 264.852783203 1631.53601074 -415.464508057 -596.422058105 1781.06933594
0.0325989723206 8 -410.799865723 -159.633209229 1542.66162109 -380.271362305 240.494308472 1706.92004395 -383.750518799 104.791854858 1453.67529297 -407.319610596 -16.1803436279 1783.45239258 -154.913848877 272.770294189 1413.67443848 -407.320007324 -307.506774902 1783.45239258 77.9130554199 276.344818115 1625.82922363 -407.31427002 -598.832885742 1783.45239258
0.0305280685425 8 -409.068878174 -160.253112793 1544.6809082 -380.540374756 239.455200195 1708.44726562 -388.336181641 104.744941711 1455.1619873 -400.932861328 -17.0920410156 1785.73352051 -160.628601074 276.209014893 1413.23913574 -400.933258057 -308.418457031 1785.73352051 74.3037872314 289.129974365 1622.75305176 -400.927520752 -599.744567871 1785.73352051
0.0311858654022 8 -405.996154785 -160.473388672 1546.14501953 -379.028320312 239.968688965 1708.68798828 -393.513122559 105.013824463 1456.3581543 -391.40222168 -17.5139160156 1787.08227539 -163.257568359 279.541442871 1414.48608398 -391.402618408 -308.840332031 1787.08227539 72.4124755859 304.099487305 1622.05419922 -391.396881104 -600.166442871 1787.08227539
0.0345010757446 8 -414.856445312 -151.909835815 1524.19384766 -377.2449646 238.696243286 1706.22546387 -362.662536621 111.750495911 1449.46081543 -431.501708984 -15.1010894775 1766.7479248 -167.631729126 282.787872314 1413.05993652 -431.502105713 -306.427490234 1766.7479248 69.9265899658 313.484069824 1617.82409668 -431.496368408 -597.753601074 1766.7479248
0.0311679840088 8 -413.2265625 -156.966308594 1536.56152344 -374.837738037 239.618377686 1706.45483398 -371.277862549 106.449371338 1452.51489258 -419.256378174 -15.3764343262 1777.65795898 -147.235961914 297.197753906 1432.19995117 -419.256774902 -306.702850342 1777.65795898 91.2109832764 320.745666504 1636.96459961 -419.251037598 -598.028930664 1777.65795898
0.031779050827 8 -410.611694336 -158.792480469 1541.93505859 -372.450439453 239.693557739 1709.63818359 -377.745422363 105.56048584 1455.33178711 -407.100402832 -17.1178283691 1783.55249023 -156.916732788 295.598632812 1427.94213867 -407.100799561 -308.444244385 1783.55249023 82.9787139893 329.857177734 1629.33227539 -407.095062256 -599.770385742 1783.55249023
0.0347888469696 8 -409.247558594 -159.391342163 1545.30761719 -375.90423584 238.472320557 1714.26745605 -384.644989014 106.299880981 1459.27380371 -401.302825928 -19.241104126 1787.98840332 -162.437896729 294.916107178 1425.90222168 -401.303222656 -310.567504883 1787.98840332 78.1895141602 337.334381104 1624.91674805 -401.297485352 -601.893615723 1787.98840332
0.0315539836884 8 -409.437591553 -157.266784668 1546.72314453 -377.092376709 238.776596069 1717.14038086 -386.99520874 109.241455078 1462.05859375 -399.642669678 -18.7730102539 1790.48974609 -166.574935913 293.640625 1424.63330078 -399.643066406 -310.09942627 1790.48974609 74.0201568604 342.145141602 1622.41137695 -399.637329102 -601.425537109 1790.48974609
0.0316841602325 8 -408.321624756 -157.403747559 1548.15710449 -376.494750977 238.541381836 1719.08215332 -387.958862305 109.446090698 1463.7434082 -396.929077148 -19.3821563721 1792.22607422 -167.307891846 295.184295654 1426.47094727 -396.929473877 -310.708557129 1792.22607422 73.4161529541 349.750549316 1622.56274414 -396.923736572 -602.034667969 1792.22607422
0.0457248687744 8 -418.692749023 -145.314971924 1527.44726562 -378.162261963 239.069549561 1718.79260254 -363.988342285 119.302947998 1456.29711914 -438.969787598 -11.241394043 1771.7644043 -168.850845337 297.834411621 1425.84472656 -438.970184326 -302.567810059 1771.7644043 71.9066772461 357.040649414 1620.61523438 -438.964447021 -593.893920898 1771.7644043
0.0323991775513 8 -428.853088379 -135.181335449 1514.36791992 -377.674621582 240.406311035 1718.96032715 -345.505187988 124.600906372 1455.32348633 -473.959594727 -0.263076782227 1754.53979492 -152.238357544 312.234710693 1439.54223633 -473.959991455 -291.589477539 1754.53979492 89.3572540283 364.450866699 1635.23803711 -473.95425415 -582.915588379 1754.53979492
0.0289499759674 8 -428.832458496 -146.204742432 1532.09228516 -378.345703125 239.458328247 1720.21716309 -354.508087158 114.576385498 1463.30041504 -459.107086182 -9.19876098633 1774.11755371 -145.531295776 320.812316895 1442.1973877 -459.10748291 -300.525177002 1774.11755371 86.4946899414 385.443878174 1639.13671875 -459.101745605 -591.851318359 1774.11755371
0.0346698760986 8 -439.988372803 -139.220748901 1521.98742676 -379.603851318 239.565841675 1720.32666016 -346.471954346 117.12940979 1460.01391602 -484.290740967 0.100662231445 1760.58422852 -148.890274048 325.421325684 1440.97497559 -484.291137695 -291.225769043 1760.58422852 79.4773712158 399.793609619 1634.73937988 -484.285400391 -582.551879883 1760.58422852
0.0314140319824 8 -430.738739014 -148.275634766 1537.97802734 -378.482513428 239.508605957 1721.14978027 -355.213134766 111.455123901 1466.14575195 -458.550415039 -8.96528625488 1779.10742188 -149.209136963 331.047149658 1442.68225098 -458.550811768 -300.291687012 1779.10742188 77.5925598145 404.411895752 1634.68347168 -458.545074463 -591.617797852 1779.10742188
0.0306210517883 8 -419.667541504 -152.357589722 1545.02539062 -377.226715088 239.716217041 1721.63574219 -372.598815918 111.516769409 1465.89880371 -427.365234375 -14.1869049072 1787.8338623 -149.907608032 330.111724854 1440.60009766 -427.365631104 -305.513305664 1787.8338623 73.1892547607 409.053649902 1633.05480957 -427.359893799 -596.839416504 1787.8338623
0.0352120399475 8 -413.977294922 -154.689208984 1548.97290039 -379.35055542 239.715667725 1723.04577637 -383.225708008 111.140449524 1467.11254883 -411.874389648 -16.9681854248 1792.57275391 -150.487197876 328.318145752 1440.16369629 -411.874786377 -308.294616699 1792.57275391 69.8315429688 411.896484375 1633.40222168 -411.869049072 -599.620727539 1792.57275391
0.0309879779816 8 -424.923339844 -143.769332886 1528.37915039 -378.733642578 239.924560547 1720.93054199 -361.673553467 118.948379517 1458.29882812 -451.175140381 -7.83946228027 1770.79711914 -150.124740601 327.948791504 1438.69250488 -451.175537109 -299.165893555 1770.79711914 68.6190338135 414.398254395 1636.02233887 -451.169799805 -590.492004395 1770.79711914
0.0320148468018 8 -436.375701904 -135.812103271 1515.11499023 -380.656890869 238.885665894 1720.61804199 -346.080810547 121.941947937 1457.6776123 -485.404663086 0.814987182617 1753.48181152 -147.380477905 327.21774292 1440.15478516 -485.405059814 -290.511413574 1753.48181152 68.2845916748 415.296508789 1639.61120605 -485.39932251 -581.837524414 1753.48181152
0.0344669818878 8 -447.439300537 -128.020385742 1504.02282715 -380.19140625 238.809066772 1717.94616699 -332.428375244 122.396934509 1459.5925293 -514.977416992 12.222869873 1735.71435547 -142.826004028 325.944458008 1440.84069824 -514.977783203 -279.103546143 1735.71435547 71.3174743652 407.86529541 1642.56018066 -514.972045898 -570.4296875 1735.71435547
0.031327009201 8 -440.08581543 -145.325942993 1527.63867188 -381.801574707 237.887817383 1715.72558594 -343.795227051 108.986335754 1464.26733398 -487.874938965 -2.10713195801 1762.51586914 -177.435379028 299.4402771 1412.58850098 -487.875335693 -293.433532715 1762.51586914 32.5928192139 363.476074219 1606.44775391 -487.869598389 -584.759643555 1762.51586914
0.0317890644073 8 -429.426025391 -153.927642822 1538.76782227 -381.445007324 238.88420105 1712.80834961 -361.038024902 105.627548218 1462.4140625 -454.442077637 -11.5618743896 1777.47705078 -193.423217773 281.824584961 1397.52270508 -454.442474365 -302.888305664 1777.47705078 14.67527771 340.447723389 1587.50476074 -454.436737061 -594.214416504 1777.47705078
0.0354409217834 8 -423.234802246 -157.170715332 1545.29101562 -381.761169434 239.490783691 1714.53088379 -372.336914062 104.806190491 1462.02832031 -435.452697754 -14.2982940674 1785.27758789 -202.803741455 270.234283447 1388.60180664 -435.453094482 -305.624694824 1785.27758789 0.793228149414 324.175506592 1581.7322998 -435.447357178 -596.950805664 1785.27758789
0.0310101509094 8 -418.265258789 -159.555755615 1548.85827637 -383.359771729 238.53616333 1715.57495117 -381.069335938 104.002655029 1462.08227539 -421.655822754 -16.5457458496 1789.51049805 -208.545928955 262.861083984 1382.79406738 -421.656219482 -307.872161865 1789.51049805 -7.47024536133 310.847106934 1577.65161133 -421.650482178 -599.198242188 1789.51049805
0.031229019165 8 -413.624816895 -159.822937012 1550.52050781 -385.041442871 239.219207764 1716.12219238 -390.173706055 105.061447144 1462.32568359 -409.100280762 -17.24168396 1791.64770508 -211.818481445 256.164367676 1377.89624023 -409.10067749 -308.568115234 1791.64770508 -11.8854675293 293.250915527 1575.64343262 -409.094940186 -599.894226074 1791.64770508
0.0360350608826 8 -417.902526855 -150.062225342 1531.06262207 -384.376098633 239.747970581 1714.8614502 -373.491821289 114.565628052 1451.17236328 -432.548400879 -11.1712188721 1773.7097168 -211.819046021 251.959869385 1372.41479492 -432.548797607 -302.497619629 1773.7097168 -16.7405090332 280.305175781 1579.42126465 -432.543060303 -593.823730469 1773.7097168
0.031721830368 8 -417.054382324 -156.150268555 1540.0715332 -381.562835693 238.666244507 1713.3927002 -377.037841797 107.861587524 1454.84985352 -423.521972656 -14.3376922607 1781.76123047 -213.210769653 248.144790649 1367.36364746 -423.522369385 -305.664123535 1781.76123047 -25.7767028809 273.088256836 1578.59155273 -423.51663208 -596.990234375 1781.76123047
0.0317239761353 8 -415.753479004 -159.598815918 1544.99755859 -382.760101318 237.536727905 1714.14770508 -383.28302002 104.808700562 1457.32568359 -415.848571777 -17.0048675537 1786.49121094 -213.838226318 240.23765564 1360.30712891 -415.848968506 -308.331298828 1786.49121094 -30.3975219727 259.110290527 1577.49902344 -415.843231201 -599.657409668 1786.49121094
0.035539150238 8 -414.07244873 -159.736755371 1547.77636719 -381.977233887 239.238265991 1715.53771973 -389.01940918 105.420516968 1459.67004395 -408.380615234 -17.6924285889 1789.62341309 -216.599487305 228.769165039 1350.26757812 -408.381011963 -309.018859863 1789.62341309 -39.4174194336 238.714309692 1574.53881836 -408.375274658 -600.344970703 1789.62341309
0.0321609973907 8 -412.898254395 -157.273895264 1549.97424316 -384.970306396 241.709060669 1717.27453613 -392.929595947 108.292778015 1461.58410645 -405.972808838 -15.272644043 1791.8939209 -213.962768555 213.022888184 1342.29663086 -405.973205566 -306.599060059 1791.8939209 -46.3507995605 206.773132324 1576.79052734 -405.967468262 -597.925170898 1791.8939209
0.0335650444031 8 -411.985229492 -157.165039062 1549.39404297 -384.454772949 243.716461182 1711.65856934 -396.4246521 107.709838867 1457.99572754 -401.366607666 -12.7278137207 1789.76843262 -214.071151733 193.170852661 1333.36437988 -401.367004395 -304.054229736 1789.76843262 -55.8878631592 173.680953979 1574.60583496 -401.36126709 -595.380371094 1789.76843262
0.035190820694 8 -414.00177002 -157.093475342 1547.76586914 -384.94052124 243.11227417 1708.86450195 -396.872070312 107.70552063 1456.30480957 -403.024291992 -12.6792449951 1788.18493652 -214.710952759 167.221008301 1323.39294434 -403.024688721 -304.00567627 1788.18493652 -64.6669311523 136.525939941 1570.9074707 -403.018951416 -595.331787109 1788.18493652
0.0313999652863 8 -410.372009277 -160.71295166 1545.51855469 -384.893890381 240.116134644 1706.21459961 -408.462402344 104.798973083 1455.14379883 -387.941894531 -17.0195770264 1785.34594727 -224.201370239 132.354034424 1305.62072754 -387.94229126 -308.346008301 1785.34594727 -72.572265625 95.4577331543 1553.43786621 -387.936553955 -599.672119141 1785.34594727
0.0362792015076 8 -406.404846191 -157.014663696 1545.51000977 -384.411499023 243.555831909 1708.21398926 -423.309570312 109.139816284 1459.38830566 -369.584716797 -14.9948883057 1784.28991699 -232.276245117 91.490814209 1292.51135254 -369.585113525 -306.321289062 1784.28991699 -85.4593353271 44.1588973999 1544.73571777 -369.579376221 -597.647399902 1784.28991699
0.0315928459167 8 -400.749328613 -156.757736206 1544.58203125 -383.453063965 244.611068726 1708.72302246 -444.169616699 108.157073975 1465.77868652 -343.956726074 -14.3929748535 1778.63806152 -247.554595947 50.8090057373 1278.42712402 -343.957122803 -305.719390869 1778.63806152 -101.309295654 -5.35649108887 1534.33813477 -343.951385498 -597.045532227 1778.63806152
0.031909942627 8 -398.686706543 -159.158325195 1541.91748047 -383.044586182 242.306777954 1705.60766602 -454.482940674 104.844688416 1466.82116699 -330.515289307 -15.8686828613 1772.72302246 -276.490509033 11.1443710327 1263.47521973 -330.515686035 -307.195098877 1772.72302246 -108.8177948 -52.8227806091 1504.3717041 -330.50994873 -598.521240234 1772.72302246
0.036963224411 8 -398.843200684 -160.832382202 1544.06079102 -380.748535156 241.830764771 1705.26416016 -447.837127686 103.84034729 1465.68444824 -334.709075928 -17.5497894287 1776.33654785 -304.762023926 -24.7691802979 1254.28894043 -334.709472656 -308.876220703 1776.33654785 -121.759338379 -103.973724365 1478.3482666 -334.703735352 -600.202331543 1776.33654785
0.0316228866577 8 -401.440979004 -157.355651855 1536.98266602 -380.125671387 242.030929565 1704.40893555 -436.084442139 109.400741577 1458.05310059 -347.628692627 -18.0105438232 1774.20910645 -333.105316162 -57.1811981201 1248.97619629 -347.629089355 -309.336975098 1774.20910645 -135.803283691 -151.626068115 1450.86437988 -347.623352051 -600.663085938 1774.20910645
0.0317649841309 8 -402.46697998 -154.314819336 1529.83325195 -379.714538574 241.727279663 1704.09179688 -427.263000488 114.15271759 1452.68237305 -356.7109375 -19.08984375 1771.20996094 -351.308105469 -87.9655075073 1247.89599609 -356.711334229 -310.416259766 1771.20996094 -146.24760437 -205.325592041 1427.62512207 -356.705596924 -601.742370605 1771.20996094
0.0353579521179 8 -402.446014404 -152.097366333 1521.56030273 -377.521453857 242.631546021 1700.52355957 -429.629425049 117.251579285 1447.9095459 -352.578033447 -19.6042175293 1763.78161621 -367.309112549 -114.408760071 1249.41308594 -352.578430176 -310.930633545 1763.78161621 -160.871612549 -260.443023682 1403.92407227 -352.572692871 -602.256713867 1763.78161621
0.0322670936584 8 -402.28414917 -149.315994263 1512.81274414 -377.428253174 242.851135254 1698.21044922 -432.517028809 121.11075592 1444.30737305 -350.688110352 -20.8539428711 1756.88891602 -377.262481689 -137.632110596 1253.59863281 -350.68850708 -312.180358887 1756.88891602 -176.311355591 -316.682373047 1381.33117676 -350.682769775 -603.506469727 1756.88891602
0.0318219661713 8 -400.752349854 -148.279037476 1500.91003418 -376.918487549 240.723892212 1692.49182129 -435.635559082 123.266441345 1439.44519043 -344.858764648 -24.8960571289 1746.64245605 -386.20526123 -154.2394104 1259.5760498 -344.859161377 -316.222473145 1746.64245605 -194.054504395 -365.65045166 1357.46228027 -344.853424072 -607.548583984 1746.64245605
0.0395541191101 8 -399.430053711 -146.742767334 1492.74328613 -375.313049316 240.26524353 1689.12988281 -438.2734375 125.456130981 1436.69555664 -339.13482666 -26.9611663818 1739.23754883 -397.451904297 -153.955551147 1272.45654297 -339.135223389 -318.287597656 1739.23754883 -220.088546753 -392.81628418 1330.33325195 -339.129486084 -609.613708496 1739.23754883
0.0333828926086 8 -400.552856445 -147.518096924 1487.69726562 -373.994506836 239.8878479 1685.37512207 -446.384185791 124.447189331 1436.02502441 -331.432098389 -28.8140411377 1732.37561035 -409.695007324 -151.332290649 1280.65551758 -331.432495117 -320.140441895 1732.37561035 -247.876251221 -408.852600098 1309.52880859 -331.426757812 -611.466552734 1732.37561035
0.0313239097595 8 -402.154052734 -146.485977173 1487.66760254 -371.437133789 240.593460083 1684.59851074 -445.897216797 125.84954834 1435.84509277 -331.07232666 -28.1748657227 1732.03552246 -420.92956543 -146.226348877 1287.70153809 -331.072723389 -319.501281738 1732.03552246 -278.794128418 -418.396881104 1292.00280762 -331.066986084 -610.827392578 1732.03552246
0.035441160202 8 -403.2003479 -145.974212646 1489.50219727 -368.859649658 241.708221436 1683.71740723 -445.21661377 126.355224609 1436.10437012 -329.217468262 -26.5646362305 1732.50036621 -429.070617676 -142.653717041 1292.28735352 -329.21786499 -317.891052246 1732.50036621 -307.460754395 -425.525939941 1276.63476562 -329.212127686 -609.217163086 1732.50036621
0.0312960147858 8 -403.313293457 -148.354705811 1491.07629395 -367.776580811 240.501907349 1682.28564453 -443.078613281 123.727478027 1434.74926758 -330.144348145 -27.0954284668 1733.40942383 -435.715515137 -139.402374268 1295.00744629 -330.144744873 -318.421844482 1733.40942383 -336.311218262 -430.569458008 1264.62902832 -330.139007568 -609.747924805 1733.40942383
0.0313398838043 8 -404.455230713 -148.656188965 1495.94116211 -367.432678223 242.471099854 1683.08251953 -440.339141846 123.092323303 1435.60961914 -332.915618896 -25.0902404785 1737.57836914 -441.300567627 -140.14151001 1295.97558594 -332.916015625 -316.416656494 1737.57836914 -370.803527832 -437.408843994 1249.52197266 -332.91027832 -607.742797852 1737.57836914
0.0357940196991 8 -405.214538574 -148.5675354 1495.34741211 -364.782501221 243.33140564 1678.92773438 -445.371124268 122.60723114 1435.10620117 -326.096466064 -23.2478637695 1733.70166016 -447.919036865 -141.906799316 1295.63903809 -326.096862793 -314.574279785 1733.70166016 -393.12020874 -442.390991211 1241.15429688 -326.091125488 -605.900390625 1733.70166016
0.0314660072327 8 -405.052001953 -149.402801514 1496.89160156 -363.443023682 243.834289551 1676.40148926 -445.285644531 121.172981262 1434.00756836 -323.782836914 -21.639465332 1733.23120117 -454.593597412 -144.079650879 1294.5045166 -323.783233643 -312.965881348 1733.23120117 -410.592926025 -446.095672607 1233.99157715 -323.777496338 -604.291992188 1733.23120117
0.031506061554 8 -405.991271973 -151.186264038 1495.15795898 -364.501953125 242.660095215 1674.08166504 -451.271087646 118.84261322 1433.41870117 -320.509674072 -22.3877716064 1729.42626953 -459.086517334 -146.792785645 1293.20019531 -320.510070801 -313.714172363 1729.42626953 -420.265411377 -449.255157471 1228.35302734 -320.504333496 -605.040283203 1729.42626953
0.0356669425964 8 -407.327209473 -150.694213867 1493.40722656 -364.239440918 243.195037842 1671.43261719 -455.668151855 118.970504761 1432.35693359 -318.113952637 -21.1014251709 1725.85058594 -462.987792969 -148.75617981 1291.85083008 -318.114349365 -312.427856445 1725.85058594 -428.751312256 -451.448852539 1223.96630859 -318.108612061 -603.753967285 1725.85058594
0.0315659046173 8 -407.54586792 -150.447875977 1492.89208984 -363.470428467 244.000015259 1669.64111328 -452.684295654 119.359695435 1430.04162598 -320.302154541 -20.6294403076 1725.95788574 -466.892242432 -150.459335327 1290.28430176 -320.30255127 -311.955871582 1725.95788574 -433.43637085 -453.118469238 1220.91040039 -320.296813965 -603.281982422 1725.95788574
0.0318901538849 8 -407.609588623 -151.457626343 1492.11230469 -365.20211792 242.781723022 1668.2434082 -453.500366211 118.080955505 1428.60180664 -320.379577637 -20.7915649414 1724.72363281 -468.273345947 -151.160980225 1288.99780273 -320.379974365 -312.117980957 1724.72363281 -434.964935303 -453.573699951 1218.02233887 -320.374237061 -603.444091797 1724.72363281
0.0354299545288 8 -407.583129883 -150.360168457 1491.41772461 -364.962402344 244.21647644 1669.03808594 -454.947021484 119.2318573 1429.21459961 -319.215209961 -20.2291717529 1723.90356445 -469.14932251 -153.264572144 1287.50280762 -319.215606689 -311.555603027 1723.90356445 -434.492156982 -455.520263672 1216.26782227 -319.209869385 -602.881713867 1723.90356445
0.0358939170837 8 -408.148498535 -149.711547852 1490.32250977 -363.949859619 245.585464478 1664.44140625 -455.637145996 119.425224304 1426.26293945 -318.173461914 -17.8229522705 1721.19799805 -470.155761719 -151.449920654 1287.63024902 -318.173858643 -309.149353027 1721.19799805 -433.437805176 -453.554901123 1216.68786621 -318.168121338 -600.475463867 1721.19799805
0.0332009792328 8 -408.236816406 -149.104858398 1489.50048828 -366.710571289 245.553909302 1665.63928223 -457.421875 120.100296021 1427.03161621 -319.036376953 -18.0312652588 1721.13830566 -470.034545898 -153.314498901 1286.46203613 -319.036773682 -309.357666016 1721.13830566 -428.641479492 -455.231811523 1217.41833496 -319.031036377 -600.683776855 1721.13830566
0.035539150238 8 -408.241455078 -148.132232666 1489.08349609 -368.645477295 246.327514648 1666.2376709 -458.999145508 120.98903656 1427.51159668 -319.690612793 -17.3061828613 1721.11193848 -468.863006592 -152.224517822 1285.79077148 -319.691009521 -308.632598877 1721.11193848 -427.381134033 -454.353912354 1217.60534668 -319.685272217 -599.958740234 1721.11193848
0.0308899879456 8 -408.569976807 -146.714477539 1487.51538086 -369.382263184 248.05809021 1663.52783203 -460.680877686 122.198982239 1426.15808105 -318.573883057 -15.4241790771 1718.72619629 -468.070007324 -151.090148926 1285.31164551 -318.574279785 -306.750610352 1718.72619629 -425.291656494 -453.214569092 1217.85461426 -318.56854248 -598.076721191 1718.72619629
0.0314629077911 8 -408.207092285 -146.649978638 1485.16394043 -369.627410889 247.918746948 1661.61474609 -465.021179199 121.832565308 1426.25292969 -314.815063477 -15.2433929443 1714.92822266 -465.772827148 -150.758651733 1284.11132812 -314.815460205 -306.569824219 1714.92822266 -421.91192627 -452.807189941 1216.97570801 -314.8097229 -597.895935059 1714.92822266
0.0356681346893 8 -410.071838379 -146.234466553 1482.88964844 -372.34677124 248.109085083 1660.70874023 -465.846252441 122.52596283 1424.1895752 -318.441894531 -15.6323699951 1713.83532715 -464.217956543 -149.532226562 1283.35510254 -318.44229126 -306.95880127 1713.83532715 -418.214294434 -451.347442627 1216.61486816 -318.436553955 -598.284912109 1713.83532715
0.0313959121704 8 -411.699157715 -144.794754028 1481.27661133 -373.557891846 248.84765625 1660.25756836 -463.840454102 124.536582947 1421.88378906 -323.426513672 -15.320022583 1714.14990234 -462.263793945 -148.765991211 1281.98742676 -323.4269104 -306.64642334 1714.14990234 -416.364929199 -450.742004395 1215.8770752 -323.421173096 -597.97253418 1714.14990234
0.0320398807526 8 -412.764282227 -147.074707031 1478.73132324 -374.054382324 247.722763062 1656.0526123 -461.630401611 122.321464539 1416.92224121 -327.397857666 -16.9717407227 1712.33044434 -460.415039062 -146.32333374 1281.6307373 -327.398254395 -308.298156738 1712.33044434 -416.786712646 -448.507720947 1214.96166992 -327.39251709 -599.624267578 1712.33044434
0.0353200435638 8 -414.061157227 -145.127182007 1476.296875 -374.963806152 249.200378418 1654.95117188 -463.181152344 124.507072449 1415.68725586 -328.016540527 -15.9521942139 1710.17553711 -458.908813477 -148.893066406 1279.42382812 -328.016937256 -307.278625488 1710.17553711 -413.631164551 -451.138153076 1214.14978027 -328.011199951 -598.604736328 1710.17553711
0.0322370529175 8 -415.096252441 -144.435699463 1475.15112305 -375.173065186 249.837677002 1653.8828125 -465.484222412 125.203819275 1415.5949707 -327.370758057 -15.5560150146 1708.57299805 -458.247711182 -147.581695557 1279.0291748 -327.371154785 -306.882446289 1708.57299805 -414.75604248 -450.191802979 1214.22802734 -327.36541748 -598.208557129 1708.57299805
0.0312979221344 8 -415.715179443 -144.328582764 1474.28295898 -376.49987793 249.240188599 1652.85571289 -466.770996094 125.1823349 1414.69372559 -328.070007324 -15.1573181152 1707.57897949 -457.994354248 -146.993621826 1278.45129395 -328.070404053 -306.483734131 1707.57897949 -412.704864502 -449.568023682 1214.72741699 -328.064666748 -597.809814453 1707.57897949
0.0359890460968 8 -415.652770996 -144.390930176 1474.46337891 -377.811401367 249.240478516 1652.84545898 -466.136688232 125.199569702 1414.73730469 -328.883636475 -15.4089202881 1708.19360352 -457.001281738 -147.576950073 1277.50292969 -328.884033203 -306.735351562 1708.19360352 -413.423614502 -450.36328125 1213.58300781 -328.878295898 -598.061462402 1708.19360352
0.0315470695496 8 -415.351806641 -143.52331543 1476.20727539 -377.791320801 250.671875 1653.34033203 -465.773712158 125.835472107 1415.39318848 -329.433319092 -13.6865692139 1709.77844238 -457.611541748 -147.07723999 1276.79956055 -329.43371582 -305.013000488 1709.77844238 -413.036956787 -449.844543457 1213.46203613 -329.427978516 -596.339111328 1709.77844238
0.0355789661407 8 -416.327819824 -144.755081177 1474.22106934 -378.406402588 249.881774902 1649.59008789 -466.40032959 124.292121887 1411.76879883 -330.240783691 -13.6056060791 1706.9934082 -459.159088135 -144.129974365 1277.49414062 -330.24118042 -304.932006836 1706.9934082 -412.626220703 -446.403656006 1213.23364258 -330.235443115 -596.258117676 1706.9934082
0.0318078994751 8 -417.548187256 -145.305038452 1473.43261719 -378.920654297 249.873291016 1647.71838379 -467.228637695 123.512756348 1409.69287109 -331.685852051 -13.198059082 1705.74609375 -458.951019287 -148.407318115 1275.14294434 -331.686248779 -304.524475098 1705.74609375 -411.324920654 -450.917755127 1212.83789062 -331.680511475 -595.850585938 1705.74609375
0.0353810787201 8 -418.254272461 -145.897644043 1472.63134766 -378.626586914 249.406143188 1646.76721191 -470.324798584 122.698814392 1409.89465332 -330.330108643 -13.6012878418 1704.05847168 -460.12387085 -150.126037598 1273.78918457 -330.330505371 -304.927703857 1704.05847168 -408.39831543 -452.295471191 1213.24841309 -330.324768066 -596.25378418 1704.05847168
0.0370199680328 8 -417.913330078 -146.261383057 1471.81591797 -378.342803955 250.362365723 1643.30651855 -469.743621826 122.067588806 1407.74169922 -328.880706787 -12.810333252 1702.15600586 -461.557769775 -150.860412598 1272.80541992 -328.881103516 -304.136749268 1702.15600586 -407.498321533 -452.916137695 1213.71520996 -328.875366211 -595.462890625 1702.15600586
0.0319411754608 8 -417.801086426 -146.484893799 1471.95336914 -377.883575439 251.006332397 1641.07617188 -469.822570801 121.477836609 1406.51306152 -328.326721191 -11.7448883057 1701.37072754 -462.689971924 -152.057159424 1272.06933594 -328.32711792 -303.071289062 1701.37072754 -406.610656738 -453.805206299 1213.24255371 -328.321380615 -594.397399902 1701.37072754
0.0312438011169 8 -418.312072754 -146.182983398 1472.31225586 -379.39263916 251.727233887 1640.96777344 -469.947296143 121.676002502 1406.13916016 -329.722686768 -11.0374450684 1701.83642578 -464.972473145 -153.443572998 1271.18945312 -329.723083496 -302.363861084 1701.83642578 -406.740020752 -454.996185303 1213.45263672 -329.717346191 -593.689941406 1701.83642578
0.035581111908 8 -418.678588867 -147.113311768 1471.94482422 -380.167602539 251.382461548 1639.42980957 -468.552307129 120.683181763 1404.20336914 -332.225708008 -11.449508667 1701.97241211 -466.314086914 -153.918014526 1270.8380127 -332.226104736 -302.775939941 1701.97241211 -406.747772217 -455.12878418 1212.64135742 -332.220367432 -594.102050781 1701.97241211
0.0313789844513 8 -419.394775391 -148.508148193 1471.21911621 -381.310424805 250.409469604 1638.64953613 -471.254058838 118.94291687 1403.60681152 -332.458953857 -12.1941680908 1700.67883301 -466.656768799 -155.270462036 1270.16992188 -332.459350586 -303.520568848 1700.67883301 -407.332214355 -456.628601074 1212.45715332 -332.453613281 -594.846679688 1700.67883301
