0.0348980426788 8 634.043212891 -131.607345581 1587.60986328 625.694641113 260.403686523 1614.54541016 645.539672852 46.2749404907 1730.85327148 692.361938477 18.8964233398 1425.62036133 579.08190918 -136.325164795 1729.4552002 682.522705078 -130.126098633 1319.46228027 447.63470459 -320.737121582 1797.43908691 642.962280273 -437.392242432 1233.17321777
0.036602973938 8 633.236694336 -131.368118286 1587.55371094 625.118591309 259.842163086 1614.99316406 643.118591309 46.2489318848 1730.43811035 692.836608887 17.9072265625 1425.60852051 577.619018555 -136.78237915 1733.10510254 683.614990234 -129.975952148 1317.69885254 442.952758789 -324.31854248 1786.75097656 645.261901855 -434.216674805 1236.21313477
0.0284299850464 8 633.457702637 -131.886352539 1587.83642578 624.674926758 259.133789062 1615.29040527 643.25970459 45.5784301758 1730.08544922 692.304870605 16.4386901855 1425.47460938 578.735412598 -133.212173462 1734.67382812 682.757873535 -130.148925781 1316.48168945 442.656005859 -328.996337891 1784.25512695 642.19921875 -439.049163818 1234.36450195
0.0404889583588 8 633.712402344 -132.760498047 1587.9486084 623.912231445 258.346130371 1615.7911377 642.9140625 44.9640197754 1729.89489746 692.410522461 14.8984985352 1424.94299316 577.671020508 -133.090881348 1730.95617676 682.434326172 -131.339141846 1316.62133789 447.665344238 -334.406188965 1784.38745117 641.462158203 -438.990509033 1234.56213379
0.031093120575 8 632.100891113 -136.390853882 1579.49035645 623.68927002 257.767974854 1615.57910156 636.434082031 37.4456176758 1729.49035645 698.45300293 19.4140014648 1424.37683105 570.475891113 -139.717529297 1732.50964355 688.671264648 -126.781036377 1316.34472656 616.843933105 55.664352417 1529.02233887 644.237670898 -436.950378418 1236.26306152
0.0307748317719 8 632.989257812 -136.958221436 1583.53955078 623.02166748 257.918212891 1615.67883301 638.403320312 37.0496292114 1730.62255859 697.470092773 14.0894470215 1425.52587891 572.199768066 -140.44418335 1735.00488281 686.707946777 -126.047012329 1316.73144531 545.309143066 -245.506134033 1550.28686523 642.45098877 -435.37512207 1236.89807129
0.0352790355682 8 632.971618652 -136.361358643 1584.82897949 622.585632324 258.3984375 1616.30651855 637.392883301 39.0802688599 1729.61608887 697.77154541 13.7239074707 1426.59484863 571.418518066 -126.669441223 1727.53833008 686.323486328 -127.795791626 1317.11108398 432.352783203 -222.300949097 1676.1328125 642.610595703 -435.771179199 1235.95703125
0.0310180187225 8 632.917907715 -138.387420654 1584.74572754 622.331359863 258.371276855 1616.73986816 635.773925781 36.934173584 1727.53039551 698.744018555 8.83532714844 1426.23474121 568.141357422 -117.912902832 1722.13549805 687.236755371 -129.240844727 1316.7109375 428.581176758 -229.138397217 1685.21923828 645.682983398 -432.84753418 1237.06091309
0.0319030284882 8 631.752380371 -139.677368164 1580.04064941 622.098205566 258.532531738 1617.1505127 631.335876465 39.9772796631 1707.3157959 696.306213379 4.5987701416 1426.7689209 569.36114502 -95.9338684082 1719.56384277 683.991088867 -139.42666626 1317.24597168 435.867370605 -225.235671997 1704.27075195 642.818786621 -440.18145752 1238.70581055
0.0378310680389 8 632.22064209 -139.515197754 1580.609375 621.408752441 258.573120117 1617.72424316 632.837463379 39.9481277466 1712.09375 696.305847168 5.44502258301 1424.48339844 563.666137695 -80.9721298218 1703.76342773 683.869750977 -140.419784546 1316.11669922 441.865325928 -230.739868164 1711.23571777 639.890686035 -442.244384766 1238.35437012
0.0310099124908 8 633.765625 -138.382339478 1580.84765625 620.848510742 258.301757812 1617.76599121 636.941101074 40.544052124 1715.48168945 693.878112793 8.17042541504 1422.54443359 562.304504395 -72.9211196899 1700.25610352 681.78503418 -143.976272583 1315.77636719 447.735351562 -236.277191162 1715.05224609 638.278198242 -439.741394043 1239.73291016
0.0308570861816 8 635.32019043 -137.05329895 1575.62329102 620.227233887 257.803466797 1618.26525879 636.967102051 35.3562774658 1718.37744141 693.92767334 14.6670684814 1421.82910156 560.917297363 -75.340057373 1704.46459961 683.428771973 -136.899078369 1316.35168457 455.725982666 -245.054534912 1729.13500977 637.247192383 -437.146087646 1236.40283203
0.0360188484192 8 639.258789062 -136.655685425 1561.1652832 619.593383789 257.340820312 1618.3984375 637.749206543 24.8554382324 1711.16040039 690.156188965 23.7204589844 1418.77270508 565.261535645 -87.6012954712 1698.63671875 681.157592773 -130.694671631 1316.04528809 466.953948975 -255.121704102 1743.85205078 641.928100586 -416.516204834 1228.72619629
0.0316641330719 8 635.516235352 -134.708740234 1547.17810059 618.715759277 257.592468262 1618.16882324 607.30657959 36.9360046387 1670.65612793 698.059265137 25.721496582 1421.2611084 567.332641602 -107.572418213 1646.78857422 689.509277344 -127.951873779 1319.53173828 460.550994873 -254.11630249 1757.578125 650.682556152 -414.694366455 1232.99291992
0.0345208644867 8 630.70526123 -130.447784424 1545.07458496 617.479736328 257.967803955 1617.97351074 585.388793945 43.6017150879 1672.46069336 701.166259766 35.4864501953 1418.28686523 565.105773926 -106.626724243 1653.79919434 698.087402344 -130.917144775 1321.09960938 460.328643799 -268.592041016 1760.61791992 655.861633301 -412.179443359 1236.94677734
0.0323309898376 8 633.341491699 -131.275802612 1547.89465332 616.309020996 258.161102295 1618.5222168 610.389953613 35.4947814941 1692.42883301 698.277893066 31.328704834 1411.6138916 614.784179688 -148.041000366 1744.19140625 699.468261719 -143.379257202 1315.15124512 455.754882812 -267.478790283 1752.57824707 648.510742188 -427.894165039 1234.56018066
0.0315811634064 8 635.487426758 -124.599067688 1544.65869141 615.325500488 258.083221436 1618.89196777 618.227294922 31.6475753784 1695.40063477 688.502807617 34.6824569702 1405.90405273 621.507507324 -153.223266602 1745.92590332 692.166992188 -143.406616211 1312.0970459 464.133544922 -284.357513428 1761.8302002 642.201538086 -420.461486816 1231.90856934
0.0320408344269 8 636.34173584 -122.327453613 1543.48266602 614.262084961 258.221862793 1619.11108398 625.540405273 27.3282470703 1701.99584961 682.646240234 37.6012878418 1402.34912109 625.256469727 -159.043518066 1743.79431152 687.632324219 -137.747940063 1310.45703125 539.296447754 -410.448150635 1786.27368164 637.893005371 -421.491760254 1231.4095459
0.0348601341248 8 635.317687988 -123.840293884 1541.77880859 613.70892334 257.674865723 1618.92358398 627.524658203 21.0794830322 1703.08898926 676.806152344 34.9992675781 1399.89074707 627.130981445 -166.008026123 1743.88903809 685.87512207 -130.49887085 1309.1451416 539.266479492 -408.865539551 1784.23193359 633.756713867 -418.624053955 1230.50720215
0.0351769924164 8 636.94329834 -120.735023499 1549.2043457 613.547180176 256.861938477 1619.10766602 640.938659668 18.2646179199 1714.38806152 671.187561035 50.124130249 1421.70129395 623.699523926 -160.130172729 1732.24487305 682.100097656 -123.079437256 1308.94262695 538.018615723 -403.134918213 1772.02099609 628.937072754 -409.123626709 1236.11364746
0.0338959693909 8 636.395996094 -120.479469299 1548.61938477 613.837402344 256.334686279 1619.35131836 632.688354492 21.4738464355 1709.87597656 680.151733398 52.5160446167 1428.92724609 609.874145508 -144.980453491 1724.29492188 687.423522949 -120.497596741 1313.36437988 524.073852539 -391.748504639 1759.02319336 634.890930176 -413.229858398 1236.69104004
0.0382649898529 8 636.236816406 -123.925369263 1547.42944336 613.426025391 256.500457764 1619.45532227 630.823364258 21.8905181885 1710.00598145 684.393188477 46.6361541748 1419.70910645 601.504333496 -143.882125854 1716.59680176 690.608764648 -122.992553711 1312.36169434 514.723083496 -386.514526367 1759.38500977 635.729064941 -413.749816895 1238.57104492
0.0287899971008 8 635.243530273 -128.070510864 1547.94995117 613.462524414 256.830474854 1620.17553711 628.690185547 24.2765350342 1708.87744141 687.325439453 42.1443634033 1415.79614258 601.749145508 -145.381088257 1722.86706543 692.85559082 -125.251586914 1312.06359863 512.556091309 -389.408538818 1768.72229004 637.95916748 -415.54510498 1234.27478027
0.0353860855103 8 634.68762207 -132.254852295 1546.47595215 613.283569336 256.883666992 1621.0657959 628.559509277 29.7695922852 1698.28491211 677.030578613 37.9066162109 1410.1394043 610.075317383 -140.028106689 1723.10070801 685.489013672 -129.338348389 1311.05566406 518.118164062 -385.630126953 1778.33349609 629.615783691 -418.674224854 1232.49499512
0.0312848091125 8 636.236022949 -129.244598389 1546.58374023 613.394042969 257.007751465 1621.3190918 636.681884766 33.586517334 1692.11914062 665.057861328 34.380645752 1404.84155273 622.575134277 -139.856109619 1727.92834473 674.157226562 -133.349441528 1308.33813477 526.73815918 -381.185760498 1788.18823242 617.790771484 -420.210327148 1231.58630371
0.0314300060272 8 625.064697266 -121.407806396 1550.86193848 613.491088867 256.913269043 1621.4588623 627.605834961 66.1390762329 1677.20019531 653.751953125 36.9766235352 1392.01245117 618.10534668 -115.86013031 1727.96923828 678.731994629 -161.549072266 1310.17285156 520.789978027 -356.834197998 1794.01855469 621.965820312 -450.297088623 1233.03100586
0.0350420475006 8 623.443664551 -124.935897827 1558.45068359 613.411743164 257.204803467 1621.56762695 626.03302002 64.2917175293 1685.02746582 665.933898926 26.268951416 1393.62585449 610.823303223 -118.988601685 1729.39379883 686.822875977 -163.746887207 1310.57666016 512.424987793 -359.34765625 1798.67138672 637.483886719 -440.350585938 1227.88085938
0.0318529605865 8 626.131469727 -123.821273804 1575.37280273 613.158325195 257.950714111 1621.69677734 631.654052734 57.6341094971 1724.38195801 676.315307617 39.5361175537 1414.26306152 603.480407715 -124.374298096 1731.68945312 688.130981445 -157.213302612 1309.15600586 510.68170166 -368.374389648 1803.64038086 633.63470459 -438.878112793 1232.28723145
0.031809091568 8 618.726989746 -131.958908081 1565.35620117 613.512268066 258.534820557 1621.39379883 632.721618652 50.2584533691 1720.39685059 675.050842285 38.5586853027 1406.64855957 597.307800293 -128.865203857 1731.74987793 688.361694336 -152.368865967 1308.68920898 510.583557129 -379.268127441 1807.5090332 635.141052246 -431.566619873 1231.60058594
0.0353269577026 8 616.88494873 -137.223388672 1565.54382324 613.614440918 258.905944824 1621.3581543 637.547180176 41.646774292 1728.86572266 674.276550293 43.7053070068 1413.66699219 596.78717041 -136.166915894 1733.75378418 686.623657227 -146.759460449 1308.35717773 510.268188477 -388.775848389 1810.4173584 634.330749512 -423.024139404 1229.42602539
0.0358340740204 8 619.789855957 -139.719070435 1566.71704102 613.791748047 259.710388184 1621.45666504 644.94921875 38.8242034912 1733.58032227 666.014404297 43.005569458 1409.14428711 601.410522461 -140.289291382 1736.35522461 679.276611328 -141.50163269 1307.6315918 516.418273926 -395.920898438 1813.79833984 627.245788574 -416.114562988 1226.59655762
0.0285589694977 8 619.860778809 -140.863525391 1565.80419922 613.110290527 260.548522949 1621.22973633 644.620239258 37.5597229004 1733.70092773 665.094116211 43.6856384277 1409.17456055 598.630004883 -140.975875854 1737.23217773 680.161254883 -139.421508789 1307.54724121 514.747680664 -398.643432617 1816.04309082 627.384460449 -414.240447998 1222.83349609
0.0353429317474 8 619.096496582 -144.040283203 1562.16760254 612.789123535 260.796447754 1620.40673828 643.845703125 38.571182251 1723.20385742 661.552124023 40.978012085 1407.70727539 598.78302002 -134.612457275 1733.98901367 678.249023438 -137.705581665 1306.95922852 514.745605469 -400.00604248 1818.77026367 626.192932129 -410.892822266 1222.45410156
0.0317280292511 8 614.340576172 -150.655456543 1560.98693848 612.410522461 260.366912842 1620.05712891 645.498657227 30.8235168457 1722.0189209 656.081176758 35.4483337402 1407.82067871 599.48059082 -132.800064087 1732.3359375 676.273071289 -133.979385376 1305.94677734 511.29083252 -397.855834961 1815.92468262 624.638183594 -413.80670166 1223.60437012
0.032201051712 8 614.92980957 -151.979064941 1560.99194336 611.674133301 260.12890625 1619.7409668 643.453430176 28.146484375 1721.21118164 658.25177002 32.5715026855 1409.35620117 597.499755859 -131.28036499 1731.17382812 675.970336914 -132.62828064 1305.25622559 509.093322754 -397.823883057 1815.22814941 627.672546387 -408.304382324 1225.04931641
0.0444738864899 8 615.604431152 -150.764434814 1561.87609863 611.039428711 260.126434326 1620.23327637 642.153808594 30.2381744385 1721.11181641 659.808105469 31.1320343018 1407.65991211 596.366027832 -126.793991089 1729.79492188 677.092102051 -157.771636963 1300.05517578 507.971435547 -393.938476562 1815.44104004 626.676635742 -411.90802002 1223.50585938
0.0275280475616 8 616.060302734 -147.513534546 1560.12109375 610.665649414 260.159179688 1619.67578125 640.260925293 28.7443084717 1721.0390625 662.407897949 31.1647491455 1406.91162109 593.122436523 -104.662612915 1718.63879395 679.42376709 -176.047958374 1294.46887207 509.944274902 -382.726379395 1819.36303711 628.94921875 -406.641296387 1222.81152344
0.0316390991211 8 615.438232422 -146.066925049 1560.93395996 609.451599121 260.41885376 1619.11474609 637.838378906 32.1260528564 1714.93640137 663.097167969 25.7314300537 1405.41784668 600.30847168 -103.914382935 1724.96533203 680.503662109 -189.892822266 1292.00854492 502.972900391 -368.040405273 1818.54125977 632.549133301 -401.832244873 1224.98730469
0.0348339080811 8 616.559570312 -142.747680664 1559.68408203 609.063659668 260.784393311 1618.48925781 637.093383789 32.4613952637 1715.74719238 664.179931641 27.8178405762 1404.39294434 601.289123535 -114.049285889 1678.86083984 678.94732666 -186.391799927 1289.13635254 496.361572266 -360.507507324 1826.22644043 637.885009766 -394.990783691 1224.49365234
0.0316660404205 8 617.410339355 -141.610198975 1560.60571289 609.060180664 260.960601807 1618.17822266 637.323242188 30.5203399658 1717.40185547 663.883666992 25.8416290283 1404.36645508 600.81640625 -116.671966553 1678.27990723 679.313415527 -166.366287231 1292.51171875 491.373382568 -356.09185791 1826.37585449 634.744689941 -402.49887085 1224.21044922
0.0316119194031 8 617.740600586 -147.221847534 1571.50476074 608.936462402 260.489746094 1618.25109863 642.416259766 40.2271270752 1715.67956543 657.306640625 18.4223175049 1405.58605957 608.438537598 -109.150146484 1683.10205078 674.619445801 -177.983276367 1291.55151367 499.975280762 -349.724365234 1828.43005371 625.236755371 -421.603759766 1220.28259277
0.0354740619659 8 618.544921875 -146.313400269 1573.05371094 608.965576172 260.719482422 1617.77978516 643.371948242 42.5389099121 1716.82006836 656.528076172 19.4137878418 1405.59570312 609.889648438 -110.691238403 1690.92138672 674.187927246 -170.55291748 1295.70239258 497.92980957 -343.124237061 1826.18713379 624.042114258 -423.851135254 1223.23461914
0.0316259860992 8 617.801391602 -144.957977295 1567.21398926 609.101013184 261.29675293 1617.37634277 638.479187012 50.1133422852 1693.06066895 654.046936035 16.7209777832 1403.31140137 607.074768066 -131.030258179 1718.81066895 672.617919922 -170.286987305 1297.41479492 497.47869873 -341.270324707 1819.94238281 622.697021484 -424.097869873 1224.7467041
0.0349779129028 8 619.772521973 -142.394882202 1569.13867188 609.508972168 260.93572998 1616.74060059 641.656433105 52.8102340698 1697.38110352 653.829650879 16.1541290283 1399.63208008 596.601989746 -133.517913818 1707.05871582 673.162658691 -176.993392944 1298.14013672 499.075195312 -344.981567383 1810.39819336 623.021728516 -429.639282227 1225.71252441
0.0320191383362 8 620.325805664 -142.296203613 1567.53540039 610.010986328 260.99432373 1616.47473145 645.369873047 50.1165924072 1700.89648438 654.029785156 17.3690948486 1397.81152344 595.536987305 -138.170852661 1709.82312012 671.484924316 -177.736862183 1298.25561523 496.485992432 -363.0625 1805.10302734 618.860412598 -429.937805176 1225.77868652
0.0318040847778 8 621.932861328 -140.628311157 1563.1875 609.541503906 261.487579346 1616.28735352 645.402038574 45.9951019287 1704.12658691 656.333190918 23.5840301514 1398.58508301 591.569396973 -147.481643677 1712.99206543 673.098266602 -168.489227295 1300.16455078 491.039093018 -383.350280762 1801.20056152 620.144958496 -422.887115479 1216.34716797
0.032194852829 8 622.020446777 -145.039047241 1554.91345215 609.483764648 261.93548584 1616.60668945 643.184631348 37.99269104 1706.94140625 661.270202637 31.9224700928 1399.33325195 582.340942383 -162.326904297 1717.50561523 676.181640625 -158.965621948 1299.52661133 483.53314209 -398.083251953 1790.89160156 624.651367188 -417.905517578 1219.58337402
0.038880109787 8 622.698852539 -144.420944214 1556.83544922 608.905395508 262.401489258 1616.68981934 645.567199707 30.3783416748 1708.7623291 671.420837402 38.5935821533 1421.58947754 583.932922363 -172.09614563 1713.48217773 661.588745117 -121.559829712 1301.3059082 448.937072754 -474.592834473 1623.58850098 627.421508789 -402.118774414 1222.37280273
0.0311369895935 8 620.68145752 -144.555603027 1551.203125 608.184143066 262.177154541 1617.31958008 646.459533691 28.4646911621 1709.82055664 668.023376465 39.5433654785 1411.10888672 578.758850098 -198.297058105 1691.14880371 662.485473633 -117.493911743 1298.50170898 442.959991455 -482.405883789 1623.22192383 625.021911621 -403.871643066 1219.5057373
0.0418770313263 8 617.713317871 -139.512130737 1543.32702637 607.635620117 262.70880127 1618.34008789 646.76940918 18.1707611084 1723.05090332 669.255981445 52.3214569092 1407.12072754 571.184326172 -220.415267944 1686.63818359 662.962280273 -93.2817687988 1297.39306641 397.67098999 -516.929504395 1543.15002441 629.887207031 -388.736663818 1219.21850586
0.0351009368896 8 616.619934082 -136.961425781 1539.18908691 606.910766602 262.639831543 1619.31750488 646.548095703 14.1959991455 1726.34558105 671.155273438 58.7965545654 1406.9901123 560.634033203 -230.235214233 1691.96679688 663.007446289 -84.8200531006 1298.55187988 393.686096191 -501.381835938 1552.34631348 632.702270508 -387.814331055 1224.00854492
0.0324618816376 8 617.928161621 -133.184127808 1543.46496582 605.765014648 262.768341064 1619.65209961 644.779663086 6.66499328613 1744.28796387 677.773071289 67.5857772827 1414.16418457 553.332397461 -245.169052124 1659.1192627 671.394958496 -93.0607528687 1300.93054199 364.617523193 -506.416137695 1538.96936035 629.381774902 -397.724395752 1227.23046875
0.028822183609 8 620.867492676 -130.868362427 1541.9440918 605.043823242 262.785827637 1620.05151367 644.718139648 7.36004638672 1738.78955078 682.947753906 68.942199707 1420.92382812 553.189575195 -245.537216187 1663.04101562 674.463378906 -102.80796814 1302.76086426 351.025878906 -492.872619629 1529.08581543 636.62689209 -388.042358398 1228.66687012
0.0333869457245 8 620.52154541 -132.183563232 1535.48486328 603.799194336 262.257751465 1619.83605957 638.018676758 1.79187011719 1727.19714355 678.851196289 66.88671875 1426.04138184 557.626281738 -246.761001587 1644.06506348 670.89276123 -108.17817688 1304.07873535 347.185852051 -480.740905762 1539.15551758 629.205444336 -397.660949707 1230.33947754
0.030905008316 8 623.320556641 -133.784484863 1540.43945312 603.169006348 261.870483398 1618.73535156 638.43371582 -4.81190490723 1727.87402344 686.845336914 68.0249481201 1455.40039062 549.66003418 -258.47833252 1637.52258301 675.802856445 -100.918380737 1304.92248535 331.139831543 -484.09387207 1532.2833252 630.038269043 -393.128356934 1232.39807129
0.0310289859772 8 620.335205078 -133.883270264 1540.24169922 602.681640625 261.44732666 1617.83044434 632.010437012 -9.84901428223 1729.22692871 692.140319824 67.5747528076 1466.11413574 538.229187012 -265.065704346 1635.42932129 682.05267334 -99.0844421387 1305.27172852 307.62677002 -482.84954834 1526.28967285 636.403564453 -389.231750488 1238.11560059
0.0351819992065 8 615.218444824 -134.466522217 1538.42077637 602.12512207 260.262451172 1616.88305664 632.993530273 -13.5622711182 1730.03491211 687.101806641 69.8536224365 1469.60327148 526.774963379 -264.653442383 1640.36779785 678.626342773 -98.1522674561 1304.54650879 297.832946777 -480.271026611 1520.41625977 634.477661133 -380.809387207 1244.62243652
0.0315880775452 8 616.932678223 -134.138931274 1544.76123047 602.121826172 259.529846191 1615.32348633 636.18182373 -3.80046081543 1731.36328125 683.123840332 66.96434021 1458.9987793 522.56072998 -252.159286499 1644.87719727 672.963928223 -112.214019775 1301.47705078 289.724822998 -465.366638184 1519.84960938 628.935302734 -391.791351318 1241.54333496
0.0319318771362 8 614.302062988 -135.801895142 1545.12988281 602.306152344 256.306732178 1608.00512695 630.980529785 0.0610656738281 1728.65209961 682.143005371 61.4516525269 1450.75854492 516.932189941 -245.58152771 1646.32080078 671.476257324 -123.363853455 1301.04748535 281.041473389 -453.11340332 1513.64257812 627.783813477 -406.117828369 1235.1204834
0.0356941223145 8 612.682678223 -140.311813354 1544.62890625 602.864685059 253.378952026 1603.29077148 631.678955078 -0.445541381836 1727.56555176 680.734619141 55.9615936279 1443.46081543 514.203918457 -246.140319824 1647.99414062 666.805908203 -139.264434814 1305.45617676 275.757598877 -443.579711914 1513.01025391 624.167419434 -412.669219971 1236.23083496
0.0468158721924 8 612.448913574 -145.938873291 1542.15234375 603.454528809 251.549926758 1600.52612305 630.122314453 -2.67761230469 1720.70983887 679.595825195 46.5795593262 1436.5736084 507.564819336 -248.682754517 1648.4901123 666.726989746 -156.352249146 1312.35021973 261.1953125 -434.184936523 1502.27404785 621.48236084 -421.087463379 1235.84997559
0.0325710773468 8 609.981445312 -150.569869995 1534.45349121 603.278686523 253.358657837 1603.8190918 624.473327637 -4.17835998535 1707.86035156 672.921447754 34.448928833 1418.19067383 503.8359375 -245.981613159 1648.55041504 670.756530762 -173.686584473 1317.87976074 255.548751831 -421.475311279 1502.14746094 617.66217041 -431.415740967 1235.48376465
0.0286400318146 8 607.739501953 -153.979766846 1528.42578125 603.166870117 253.687103271 1605.3984375 617.809997559 -2.52676391602 1700.54821777 665.188781738 26.3235168457 1398.59558105 498.418212891 -244.395584106 1650.05249023 676.071960449 -189.758224487 1321.67529297 246.433853149 -411.678466797 1500.14831543 622.725402832 -435.643737793 1234.89880371
0.0303139686584 8 602.540100098 -152.592926025 1516.70397949 602.107971191 253.614334106 1605.98754883 611.005554199 9.56169128418 1691.65515137 645.903869629 20.932723999 1358.6463623 495.120056152 -233.671936035 1650.04003906 678.693359375 -201.860351562 1318.1574707 237.362426758 -390.051300049 1498.8494873 623.613586426 -447.808288574 1236.54296875
0.0339448451996 8 598.739379883 -150.78805542 1510.48474121 601.040771484 253.263473511 1605.4473877 606.439025879 16.6521148682 1681.39001465 634.276794434 18.1695709229 1344.6697998 498.684204102 -223.424713135 1650.48681641 678.35736084 -209.169403076 1318.83837891 231.098114014 -378.060668945 1496.38085938 622.484619141 -456.012512207 1236.75842285
0.0350821018219 8 600.509033203 -150.531951904 1510.55517578 600.358459473 252.702651978 1604.76452637 606.129760742 18.6749572754 1681.25646973 634.650878906 16.0665588379 1340.6114502 495.75579834 -219.992111206 1650.92004395 678.756286621 -213.212554932 1319.6640625 227.053039551 -369.068939209 1499.36547852 625.462463379 -456.104125977 1235.46044922
0.0277950763702 8 605.269104004 -144.760925293 1518.5456543 599.006286621 252.191329956 1603.66503906 611.039428711 28.1055755615 1681.92565918 640.821899414 14.9933929443 1345.84997559 497.705749512 -211.309997559 1650.58312988 675.142272949 -218.158111572 1318.4864502 219.947509766 -358.006530762 1493.77880859 620.396789551 -465.942474365 1237.07922363
0.0354428291321 8 607.14263916 -137.282592773 1530.04760742 597.4375 250.593460083 1600.50219727 614.409667969 40.7766418457 1688.84509277 646.988525391 25.4258422852 1360.00964355 494.474884033 -213.352523804 1650.65942383 674.757751465 -209.843902588 1316.71911621 216.879669189 -354.268615723 1496.94750977 623.211547852 -463.888946533 1238.84008789
0.0282781124115 8 606.492675781 -137.943374634 1530.5736084 596.523132324 250.481338501 1600.37011719 614.535400391 41.2116699219 1687.71081543 641.079223633 20.4718322754 1355.75427246 493.62979126 -208.374221802 1651.50756836 679.684082031 -193.473358154 1321.38171387 212.406280518 -344.146972656 1497.50170898 624.746887207 -466.448852539 1235.68054199
0.0316059589386 8 607.424987793 -136.082550049 1532.33996582 595.967163086 250.186676025 1599.59814453 613.712890625 43.1416320801 1690.89416504 643.663452148 27.0752868652 1360.97302246 488.164123535 -200.269714355 1653.42773438 681.724914551 -185.654830933 1324.5489502 208.236022949 -336.259735107 1495.3137207 632.941894531 -460.754943848 1229.32897949
0.0395290851593 8 609.293640137 -132.89515686 1537.11682129 594.056274414 248.429473877 1597.09777832 614.054382324 42.2364196777 1701.97485352 645.147155762 35.3854370117 1368.9855957 484.746276855 -203.736450195 1654.15966797 679.207458496 -174.926315308 1326.64978027 197.333404541 -337.123535156 1498.45776367 631.439453125 -451.078918457 1230.49401855
0.0285458564758 8 612.463195801 -134.998306274 1538.62976074 593.245666504 247.345855713 1596.42358398 614.956420898 15.775894165 1717.88415527 648.409790039 42.5570907593 1390.12658691 485.323150635 -217.644088745 1655.19506836 671.196533203 -167.153747559 1325.41418457 178.440582275 -351.583557129 1492.94055176 627.719116211 -437.942260742 1232.69018555
0.0318729877472 8 610.514343262 -133.956924438 1536.17565918 592.33026123 247.280395508 1595.65783691 609.683898926 4.17118835449 1716.68493652 658.248718262 50.6166229248 1412.4107666 475.418823242 -226.279953003 1655.91052246 671.310546875 -149.868545532 1324.6003418 161.271575928 -363.63873291 1487.42480469 631.59552002 -427.214294434 1233.78283691
0.0535881519318 8 610.163757324 -133.116760254 1543.92895508 591.477600098 246.903671265 1595.48706055 610.061035156 5.59559631348 1717.09753418 658.512207031 53.4146194458 1433.94250488 476.9140625 -222.722351074 1656.14660645 669.055053711 -136.606201172 1313.32165527 171.971984863 -360.597808838 1488.56787109 630.104370117 -426.454711914 1231.99780273
0.0333478450775 8 609.660095215 -132.623504639 1548.01269531 590.673706055 246.466949463 1595.34887695 608.313781738 4.46264648438 1718.89172363 658.212097168 55.2655334473 1446.35388184 477.767547607 -224.227752686 1654.7911377 669.850097656 -123.117477417 1311.83325195 167.019805908 -370.249633789 1484.16040039 630.009460449 -422.188537598 1232.46447754
0.0300631523132 8 609.307189941 -132.037689209 1549.74060059 589.850646973 246.80897522 1595.27819824 608.145385742 2.90151977539 1720.9473877 658.594604492 56.3756408691 1451.79724121 475.19720459 -226.981842041 1654.05786133 670.34753418 -124.51612854 1316.50305176 169.683563232 -376.692504883 1483.66650391 631.171081543 -418.418884277 1234.51208496
0.0206899642944 8 606.384216309 -125.998313904 1551.29223633 589.582336426 246.702789307 1594.77722168 607.686279297 -1.88162231445 1732.30883789 661.149291992 63.448928833 1454.9375 471.755432129 -237.423446655 1649.79016113 671.74987793 -117.268615723 1320.4342041 161.930084229 -388.560394287 1476.78552246 625.769836426 -399.388061523 1236.90002441
0.0309770107269 8 606.357055664 -121.98084259 1554.29772949 589.114318848 247.138336182 1593.875 603.917236328 -2.13543701172 1737.703125 663.762573242 67.3665542603 1460.17749023 469.290039062 -243.160140991 1646.57824707 674.223571777 -111.140296936 1322.33520508 160.852111816 -394.970733643 1475.58068848 633.192565918 -400.835632324 1235.51940918
0.0345239639282 8 607.127258301 -123.321235657 1551.14025879 588.516662598 247.229736328 1593.14428711 604.548706055 -3.52996826172 1734.0357666 663.252197266 66.0850372314 1457.42443848 468.665435791 -243.24307251 1646.12878418 673.586181641 -110.195007324 1322.71337891 160.186096191 -395.204284668 1476.3762207 633.667907715 -399.770843506 1231.85412598
0.035581111908 8 607.209289551 -124.17237854 1550.16174316 587.749633789 246.995300293 1592.62097168 603.422546387 -3.6505279541 1734.15612793 664.699401855 66.026473999 1455.75280762 466.606170654 -244.045654297 1643.84558105 674.426086426 -109.914001465 1322.62719727 164.668487549 -396.709381104 1479.02880859 626.933105469 -392.194396973 1236.31860352
0.030425786972 8 607.820495605 -128.79850769 1550.31567383 586.583984375 246.749038696 1592.64086914 600.048461914 -4.59222412109 1733.4119873 667.037475586 63.7394714355 1458.47717285 462.655273438 -245.635284424 1641.61999512 677.029052734 -108.746063232 1324.46618652 150.800140381 -399.220397949 1474.2244873 629.199890137 -392.400268555 1238.02954102
0.0471851825714 8 607.037109375 -125.881484985 1552.48632812 585.538818359 246.939407349 1593.56103516 598.347229004 -5.92601013184 1739.11132812 667.610290527 67.638961792 1462.07373047 460.318939209 -249.26385498 1639.3815918 678.293579102 -103.179260254 1325.81738281 165.457550049 -399.858276367 1473.46350098 638.553894043 -395.42175293 1235.29052734
0.0297930240631 8 606.091125488 -122.960876465 1553.29345703 584.889770508 246.153991699 1592.97546387 595.96484375 -5.86415100098 1741.90148926 669.076538086 70.5624237061 1464.02575684 458.42980957 -250.069839478 1637.30639648 679.311645508 -99.4656829834 1327.09887695 149.576690674 -396.360229492 1473.91552734 636.22265625 -395.734130859 1236.34338379
0.0308129787445 8 606.506896973 -124.789871216 1552.60571289 584.678710938 245.683273315 1592.95019531 595.684997559 -4.98738098145 1739.20288086 669.539489746 68.0790863037 1462.51293945 457.743652344 -246.177581787 1637.55310059 680.195739746 -100.960418701 1327.41564941 163.787597656 -394.133239746 1475.4005127 635.000610352 -400.945159912 1239.56079102
0.0301578044891 8 605.635803223 -124.099662781 1554.06860352 583.586181641 245.452636719 1592.71557617 595.346984863 -4.85517883301 1741.59570312 668.065368652 68.8702926636 1462.65380859 456.928283691 -245.347076416 1638.54260254 680.457214355 -99.4246749878 1328.10778809 134.515167236 -387.602813721 1475.9173584 632.917236328 -393.808410645 1241.71179199
0.0328371524811 8 605.760070801 -123.805175781 1555.09020996 582.435913086 245.948684692 1592.16149902 595.079040527 -4.91984558105 1742.94384766 666.331237793 69.7089920044 1463.32836914 458.23449707 -244.470993042 1639.84606934 681.118103027 -95.8243789673 1328.13439941 141.221496582 -387.391113281 1480.87109375 630.112976074 -390.590240479 1242.85595703
0.0286159515381 8 605.940917969 -122.673187256 1556.51074219 582.179138184 246.341247559 1590.99047852 595.558776855 -4.44451904297 1745.58483887 664.066101074 72.5811767578 1465.23083496 458.974975586 -246.023010254 1641.17126465 682.334411621 -90.6520233154 1329.11914062 138.919555664 -388.504760742 1480.17041016 632.747009277 -391.45715332 1243.15124512
0.0316770076752 8 607.203918457 -126.059272766 1567.3293457 581.62890625 246.406677246 1589.57946777 605.270935059 5.88439941406 1749.60839844 654.370056152 65.6893386841 1459.41088867 468.071868896 -238.318023682 1647.0546875 672.673278809 -97.1225509644 1326.00244141 144.991241455 -376.228637695 1484.41564941 623.909423828 -392.50970459 1239.07897949
0.0372200012207 8 608.135681152 -123.064842224 1563.39147949 580.916442871 246.529693604 1588.81420898 604.36505127 11.4671630859 1746.34130859 657.330871582 61.102645874 1439.91723633 464.076019287 -230.122711182 1655.14172363 673.48059082 -102.599868774 1325.9107666 133.569458008 -364.400756836 1485.13952637 624.982177734 -399.13067627 1240.15454102
0.0311629772186 8 607.101379395 -122.122459412 1558.82629395 579.426696777 246.78237915 1588.86071777 599.038024902 8.06127929688 1744.07519531 657.529846191 66.1661834717 1443.35180664 458.911193848 -236.761260986 1651.33532715 676.651245117 -98.286819458 1327.13623047 137.798980713 -368.044219971 1485.8338623 630.88659668 -392.883850098 1241.81982422
0.0313880443573 8 605.740234375 -121.692489624 1555.56677246 577.869995117 247.947143555 1590.13305664 595.548034668 6.44288635254 1743.44104004 656.186706543 69.9735870361 1443.59094238 455.416015625 -239.025283813 1651.07714844 678.009277344 -94.262298584 1327.08752441 134.611572266 -367.130615234 1488.89550781 631.479064941 -391.633422852 1244.10571289
0.0410439968109 8 603.239990234 -117.688430786 1559.08117676 576.639221191 247.911209106 1591.81994629 593.932800293 10.309967041 1744.08251953 649.072570801 80.2510375977 1462.05004883 453.915527344 -235.466339111 1649.17822266 679.186523438 -95.9518127441 1328.31652832 155.94128418 -394.333404541 1484.90710449 632.268005371 -391.160644531 1245.11560059
0.0440409183502 8 602.631164551 -117.466430664 1560.89880371 576.060180664 247.912628174 1593.21374512 593.060668945 8.71946716309 1743.87988281 648.371948242 80.9418182373 1471.2409668 452.586242676 -233.339691162 1647.83203125 680.029663086 -94.0205841064 1329.57873535 152.649414062 -396.017486572 1487.17553711 631.513183594 -392.476257324 1247.23132324
0.033478975296 8 602.698730469 -117.569732666 1558.61828613 574.793395996 247.456665039 1593.9901123 592.632385254 8.34924316406 1743.45397949 649.141296387 78.5603561401 1461.16467285 451.205932617 -229.403182983 1649.50671387 682.231872559 -89.6967544556 1329.31445312 154.589202881 -395.450958252 1493.61279297 629.594116211 -391.769439697 1246.24621582
0.0291650295258 8 602.640686035 -118.564445496 1556.27478027 574.442077637 247.231628418 1593.6920166 591.793579102 7.60925292969 1740.1328125 651.939086914 75.9139022827 1458.35107422 453.088104248 -230.085998535 1647.85827637 682.74420166 -87.2932052612 1328.84729004 151.167999268 -394.407104492 1496.77307129 631.808166504 -392.401123047 1244.5020752
0.0292639732361 8 601.763427734 -122.369857788 1556.7532959 574.301147461 247.119613647 1593.03137207 591.366210938 7.42445373535 1740.97290039 654.212524414 73.4651947021 1457.81274414 452.481109619 -229.27432251 1646.30175781 685.989929199 -77.9644165039 1327.49560547 148.641448975 -389.845092773 1494.14221191 625.164245605 -396.13861084 1248.17163086
0.0305299758911 8 606.245727539 -131.459152222 1560.41137695 574.19732666 247.136795044 1592.1817627 587.071228027 18.9217376709 1734.80273438 660.324523926 66.4385223389 1454.07958984 445.675506592 -218.704086304 1648.60791016 694.346313477 -77.8204345703 1325.57592773 146.28616333 -368.301300049 1497.09484863 641.464050293 -392.486358643 1243.31481934
0.0349740982056 8 605.308654785 -147.374633789 1553.32995605 573.57635498 247.016036987 1591.68225098 589.45300293 15.8155517578 1735.63269043 660.636230469 61.059967041 1436.66540527 446.724609375 -219.941970825 1653.39233398 687.914794922 -81.5727233887 1324.2097168 141.63659668 -352.526000977 1503.72900391 633.359008789 -396.057250977 1241.89819336
0.0308589935303 8 605.419433594 -148.27835083 1551.73815918 572.477783203 246.563690186 1592.046875 588.89239502 13.7632904053 1731.92358398 662.298400879 54.0169219971 1429.92333984 442.808837891 -221.608322144 1662.26403809 682.965393066 -99.1527862549 1319.97216797 134.80368042 -365.350189209 1490.60229492 632.453552246 -395.815734863 1241.29418945
0.0351519584656 8 601.036743164 -141.76852417 1544.99707031 571.414550781 245.910888672 1592.64855957 592.806640625 7.63586425781 1733.92590332 660.221435547 59.1630249023 1425.80310059 449.946594238 -227.405212402 1657.62915039 676.469360352 -105.548980713 1316.68395996 137.808868408 -365.624755859 1493.99633789 629.343261719 -404.457336426 1236.59057617
0.0314810276031 8 602.172363281 -144.651992798 1543.27404785 570.408569336 245.119934082 1593.89501953 589.884460449 8.05067443848 1729.47399902 663.712341309 53.2293548584 1420.0045166 441.38684082 -228.634231567 1659.75756836 676.550109863 -119.859985352 1310.65869141 137.181518555 -366.196228027 1496.68054199 626.37677002 -412.656677246 1235.94494629
0.0350320339203 8 602.629821777 -145.217926025 1544.72155762 569.360900879 245.298919678 1594.20727539 588.805480957 7.71487426758 1731.51391602 664.274475098 53.183013916 1420.99609375 442.647705078 -228.253723145 1656.85375977 675.966308594 -133.245239258 1308.27514648 134.463684082 -367.643920898 1496.81066895 626.211425781 -413.429748535 1236.66174316
0.0382471084595 8 601.624755859 -141.411651611 1542.60424805 569.118164062 245.783798218 1594.76293945 588.987426758 6.46502685547 1731.69616699 662.674682617 57.0338134766 1421.46276855 440.340942383 -231.906906128 1660.21032715 673.543701172 -136.333374023 1305.33850098 136.369506836 -342.346496582 1509.61437988 622.749145508 -413.990356445 1236.37536621
0.0350279808044 8 600.506835938 -139.033065796 1541.11499023 568.807189941 246.192977905 1595.5144043 589.365661621 7.62013244629 1729.00805664 661.579528809 58.5154266357 1422.03588867 440.806549072 -235.112701416 1664.13757324 671.473388672 -134.296966553 1305.53417969 134.695709229 -341.614379883 1512.23144531 625.731872559 -405.123138428 1236.49804688
0.0241048336029 8 599.728271484 -134.291885376 1541.32116699 568.391174316 246.533508301 1596.34313965 591.530883789 10.5093383789 1732.96728516 662.84765625 67.1366882324 1426.40673828 456.468139648 -232.455413818 1660.8326416 669.252197266 -136.457427979 1304.72363281 135.705627441 -388.941162109 1504.72192383 628.093688965 -397.687896729 1235.72375488
0.03822016716 8 606.630310059 -143.365325928 1541.06274414 568.674072266 246.503097534 1596.1394043 613.315551758 -4.75596618652 1724.32995605 666.739257812 48.6189117432 1429.82824707 445.249572754 -217.772232056 1658.51928711 671.55255127 -162.578613281 1306.03967285 133.880401611 -368.215148926 1508.80175781 631.027648926 -415.335601807 1234.32543945
0.0303978919983 8 602.030517578 -136.619873047 1541.55078125 568.953674316 246.495040894 1596.5144043 603.737121582 4.64958190918 1726.92089844 663.799377441 59.728225708 1432.21582031 444.849761963 -226.450500488 1659.70666504 665.865478516 -158.961929321 1302.73547363 137.464935303 -370.413574219 1508.18591309 628.779968262 -406.658874512 1234.06835938
0.0318899154663 8 599.522216797 -133.925735474 1539.9720459 569.126525879 246.625076294 1596.85498047 603.006286621 8.01477050781 1726.88818359 661.613464355 63.0051498413 1428.34863281 447.647766113 -231.03767395 1660.48535156 660.843200684 -157.846405029 1301.8503418 144.241241455 -371.954193115 1506.27587891 623.471557617 -405.080871582 1231.21447754
0.0358681678772 8 597.851257324 -134.283462524 1537.88317871 568.832946777 246.634796143 1596.80249023 598.823242188 9.5163269043 1724.87817383 662.266235352 63.5460739136 1426.70458984 446.19052124 -232.726043701 1660.87634277 656.907104492 -163.442138672 1299.52832031 141.065093994 -367.839538574 1515.03137207 623.319519043 -402.554199219 1230.984375
0.0395038127899 8 596.568359375 -135.571563721 1533.93017578 568.626708984 246.473526001 1596.04040527 597.460388184 11.0618438721 1716.04382324 660.01739502 61.3142242432 1424.94519043 446.793273926 -232.300918579 1662.82775879 651.722900391 -167.94152832 1295.56384277 142.982086182 -362.201568604 1514.34277344 623.553466797 -401.671325684 1228.52331543
0.0289421081543 8 594.454467773 -138.170501709 1524.6138916 568.392089844 246.980880737 1595.55236816 592.498962402 5.89672851562 1710.03979492 662.37298584 62.9808959961 1424.27856445 441.714630127 -236.237640381 1662.60205078 655.751403809 -163.052398682 1296.82470703 135.809387207 -362.263519287 1512.48840332 623.821960449 -394.86920166 1233.96972656
0.0359289646149 8 594.897460938 -139.115844727 1521.75415039 568.899597168 246.942779541 1594.82336426 598.829162598 4.76893615723 1709.86706543 656.840515137 63.0609588623 1415.01916504 443.631988525 -236.877410889 1664.49060059 652.383850098 -162.605224609 1295.81286621 138.609161377 -355.694000244 1516.38439941 623.789611816 -393.940338135 1226.09741211
0.0354990959167 8 593.936889648 -137.795257568 1518.31384277 570.024291992 247.875091553 1594.96960449 599.490966797 6.43977355957 1711.65490723 653.814819336 64.4325027466 1401.12194824 444.837554932 -236.152236938 1664.34631348 649.95715332 -161.91317749 1294.17163086 138.771820068 -350.668060303 1515.83422852 621.188659668 -393.469726562 1223.4822998
0.0283958911896 8 592.98651123 -139.710525513 1520.44689941 571.049743652 248.433578491 1595.49511719 596.093261719 0.904937744141 1711.5213623 652.546508789 60.5425338745 1408.00524902 445.82434082 -234.811233521 1664.47314453 647.5078125 -164.94128418 1294.25012207 136.624481201 -342.804992676 1516.60473633 616.453369141 -386.256958008 1224.32751465
0.0347030162811 8 595.411315918 -124.757736206 1534.1817627 572.300292969 249.573562622 1596.47058105 603.755371094 6.37103271484 1742.33862305 646.435668945 83.6773071289 1413.57885742 449.092773438 -245.417373657 1662.61401367 641.637695312 -152.832244873 1293.14929199 142.611755371 -345.354309082 1519.59997559 613.77911377 -369.848205566 1219.17285156
0.0311880111694 8 596.659790039 -125.107391357 1534.25769043 578.430969238 255.297744751 1604.42785645 605.662841797 6.94013977051 1749.83874512 646.561889648 89.7690048218 1410.44030762 449.58203125 -250.073165894 1662.95568848 644.416687012 -146.284393311 1294.27404785 141.214324951 -344.273132324 1520.69775391 633.056945801 -232.246734619 1243.17956543
0.031112909317 8 596.768005371 -126.428421021 1527.8104248 576.562805176 253.390411377 1603.02307129 607.354675293 6.38279724121 1734.0604248 643.602844238 81.07056427 1405.17004395 453.928955078 -243.67755127 1667.07763672 642.87689209 -153.934509277 1294.15844727 146.868164062 -330.922393799 1527.03442383 617.079956055 -339.751281738 1218.70239258
0.0355892181396 8 596.334594727 -128.926116943 1524.67126465 576.434082031 252.823440552 1603.03686523 606.785095215 1.30046081543 1725.96557617 644.499938965 75.4468231201 1408.484375 453.818572998 -244.969497681 1670.88244629 643.262573242 -154.18447876 1294.2677002 140.629547119 -324.86706543 1529.03540039 615.818786621 -346.962249756 1216.7532959
0.031543970108 8 597.886230469 -133.799591064 1521.1340332 578.92590332 253.394882202 1604.61535645 611.950256348 -3.95309448242 1715.45495605 645.815368652 66.3696060181 1409.53796387 453.74520874 -237.774353027 1672.03271484 644.493774414 -160.580871582 1294.61853027 145.924468994 -308.716247559 1530.57006836 633.913391113 -327.544494629 1232.47021484
0.0315678119659 8 598.000366211 -133.259017944 1520.82067871 584.250183105 253.87272644 1606.46008301 610.513549805 -3.31063842773 1716.7611084 646.126831055 68.7227859497 1409.81164551 448.245391846 -247.913925171 1683.87329102 644.611694336 -155.218353271 1294.34936523 146.799499512 -304.69354248 1534.12536621 633.468261719 -335.87487793 1232.52526855
0.0352840423584 8 598.475036621 -133.782287598 1522.25585938 583.843078613 252.680297852 1605.06091309 610.191955566 -6.22093200684 1720.80175781 647.057189941 69.2844085693 1411.65136719 442.118011475 -250.659729004 1687.98657227 644.815490723 -151.994659424 1294.85974121 146.064361572 -297.121612549 1538.72363281 616.661560059 -374.770507812 1222.05834961
0.0351891517639 8 598.934020996 -133.593597412 1521.79174805 588.363037109 252.479049683 1608.19824219 609.441711426 -5.26580810547 1719.85839844 647.922790527 68.9907226562 1410.57788086 436.736633301 -249.966964722 1688.16394043 645.255615234 -153.85446167 1294.41845703 147.352355957 -287.103210449 1540.79980469 619.194458008 -378.726013184 1225.23681641
0.0402348041534 8 598.660888672 -128.132873535 1518.4732666 588.823913574 252.055374146 1607.61157227 613.048583984 5.64625549316 1718.5904541 641.637329102 78.9680938721 1402.65881348 428.389434814 -228.524459839 1688.77038574 648.278015137 -164.587493896 1296.17895508 146.608795166 -258.587219238 1541.45837402 612.700073242 -396.101348877 1218.82714844
0.0273621082306 8 598.472290039 -131.563369751 1515.9387207 593.397521973 251.477706909 1609.44482422 613.12902832 -1.56205749512 1710.4498291 640.409423828 68.2735443115 1400.80285645 424.825744629 -216.953765869 1690.40270996 646.202026367 -175.986175537 1292.12023926 152.702026367 -239.259292603 1549.16955566 613.796936035 -417.563171387 1214.8614502
0.0332119464874 8 597.734069824 -144.350799561 1510.56188965 598.006347656 250.853546143 1611.21557617 617.956481934 -14.5473175049 1690.73547363 642.952209473 44.5642852783 1401.07727051 419.853088379 -207.084960938 1693.13305664 648.9453125 -184.277053833 1289.58178711 150.083557129 -222.619552612 1553.06481934 617.323364258 -428.352966309 1214.34753418
0.0297870635986 8 597.866088867 -146.622589111 1510.66784668 599.463989258 250.900253296 1611.56530762 616.289245605 -18.7950439453 1691.56884766 644.840759277 41.8952331543 1402.69140625 417.666931152 -210.217803955 1692.44567871 648.233276367 -176.522750854 1289.07214355 143.493438721 -219.213439941 1551.43566895 618.238708496 -424.755767822 1215.96972656
0.0347421169281 8 601.606933594 -154.262496948 1505.84240723 601.172180176 251.501525879 1610.69555664 622.187133789 -31.5436248779 1686.67163086 651.194702148 24.6707611084 1388.76708984 413.050476074 -218.10710144 1690.02722168 647.537231445 -171.260696411 1289.40185547 149.484802246 -219.78968811 1554.84216309 628.450927734 -386.629394531 1224.88977051
0.0312268733978 8 603.638061523 -155.069702148 1506.73010254 607.320068359 250.163742065 1608.14428711 622.276855469 -34.0220947266 1690.94152832 656.797485352 24.2262649536 1388.57409668 416.443450928 -222.319961548 1690.23999023 645.743469238 -167.528167725 1289.18664551 148.065338135 -215.957183838 1553.52124023 639.27734375 -325.631530762 1238.80505371
0.0312581062317 8 604.104125977 -152.350997925 1509.00732422 610.405578613 249.600311279 1605.18652344 622.103942871 -29.0280151367 1694.34667969 656.026184082 31.0369262695 1392.57617188 414.002380371 -218.810836792 1690.33056641 647.263427734 -170.694564819 1289.53295898 141.263305664 -209.882202148 1557.53918457 675.01940918 -33.1826477051 1327.59899902
0.03511095047 8 605.70892334 -153.005630493 1512.00756836 613.18536377 248.99446106 1603.24707031 621.761413574 -32.2604980469 1704.1628418 661.803894043 34.1690368652 1395.4753418 410.518310547 -229.168685913 1689.09985352 649.729003906 -158.757507324 1291.18823242 142.004119873 -210.541610718 1557.11230469 670.01940918 -55.5424118042 1315.81994629
0.0312838554382 8 606.917114258 -153.883270264 1514.28601074 615.490966797 248.913024902 1601.9185791 621.38067627 -33.1449279785 1709.23999023 665.84967041 36.0895080566 1399.25854492 405.499206543 -233.503189087 1688.06652832 653.842407227 -130.068344116 1294.62805176 139.706054688 -208.768676758 1561.53979492 593.472961426 -36.7278442383 1461.62353516
0.0315690040588 8 608.710083008 -152.043518066 1518.23010254 617.491333008 248.547744751 1601.39916992 621.182495117 -30.8826141357 1719.03942871 671.408569336 43.0691680908 1403.5135498 402.641326904 -236.315734863 1688.86535645 656.202941895 -128.437011719 1294.52758789 134.178253174 -209.357131958 1563.0958252 653.640075684 -246.432601929 1251.92773438
0.0355501174927 8 608.166687012 -149.545562744 1521.41748047 619.432250977 248.345794678 1600.9744873 620.260925293 -29.0133972168 1723.26208496 676.737854004 45.4286499023 1408.72961426 405.121948242 -237.618682861 1689.00744629 658.439941406 -111.246520996 1294.64367676 134.562103271 -208.285400391 1571.49169922 634.832458496 -375.335418701 1225.8572998
0.0314290523529 8 610.819091797 -150.651855469 1523.37854004 620.822753906 247.394042969 1600.20092773 615.59967041 -25.2772216797 1720.43103027 682.354797363 40.3207092285 1409.43347168 401.586914062 -233.656524658 1689.01379395 663.850280762 -111.232162476 1295.49816895 128.864471436 -194.056213379 1574.39611816 638.38671875 -373.16192627 1226.61621094
0.0358638763428 8 611.459960938 -153.066757202 1523.18847656 624.685791016 246.380645752 1599.4029541 616.012145996 -27.7098846436 1713.86572266 682.725646973 35.2127532959 1415.64819336 404.656616211 -230.629348755 1689.23583984 658.807556152 -110.693023682 1296.82336426 132.661682129 -182.589187622 1574.8170166 633.552185059 -382.417572021 1223.10351562
0.0444369316101 8 610.567565918 -151.94960022 1524.95568848 627.530517578 245.630432129 1598.67858887 617.118469238 -27.4667816162 1715.22180176 683.622741699 34.7942962646 1417.57897949 408.921142578 -225.608398438 1691.55297852 657.461303711 -106.959701538 1299.08190918 134.590393066 -175.090286255 1581.5279541 630.148254395 -389.228881836 1221.39831543
0.0297920703888 8 609.595092773 -151.041763306 1525.65014648 627.461914062 245.286560059 1599.29931641 617.10357666 -25.1134185791 1715.32019043 683.533752441 34.3390045166 1415.84973145 410.255126953 -221.940460205 1692.34350586 655.693786621 -107.358963013 1300.29602051 132.942871094 -164.042266846 1586.13464355 637.10760498 -377.592285156 1225.02600098
0.0312950611115 8 609.038330078 -142.74067688 1528.66809082 627.180847168 245.561676025 1598.96252441 619.586547852 -9.59181213379 1718.19628906 679.709594727 45.7568435669 1413.62402344 413.559509277 -203.423065186 1695.50354004 653.551452637 -129.061035156 1297.29003906 137.918243408 -139.650527954 1589.14782715 623.357910156 -396.1612854 1221.56567383
0.0304479598999 8 609.253417969 -143.586868286 1530.10083008 630.585388184 245.644470215 1596.61987305 620.226318359 -13.2331695557 1715.37268066 682.812255859 38.5157546997 1416.67297363 413.403442383 -200.8646698 1696.68554688 652.404663086 -124.727577209 1297.01318359 135.579956055 -131.683074951 1592.10974121 609.269470215 -447.67980957 1236.08227539
0.0309400558472 8 611.078613281 -142.064224243 1523.8416748 630.335510254 246.205078125 1596.95910645 618.090698242 -21.0812225342 1713.26049805 684.953613281 40.9761505127 1416.11865234 411.049072266 -203.273864746 1696.76257324 654.534362793 -122.908493042 1296.96289062 126.956695557 -132.491348267 1595.29736328 622.41595459 -395.058044434 1226.1817627
0.03542304039 8 610.8671875 -136.165985107 1534.00549316 633.657287598 246.164245605 1595.24829102 620.059692383 -14.9665985107 1717.48852539 683.153320312 34.2167205811 1414.90771484 411.993713379 -194.123794556 1699.49291992 652.782348633 -130.277114868 1295.24377441 126.928588867 -118.732978821 1594.01855469 622.682983398 -395.698242188 1223.7713623
0.0311348438263 8 611.209411621 -135.39831543 1535.23461914 635.988464355 246.126235962 1593.80944824 620.800170898 -15.7200927734 1720.10986328 686.102416992 35.7411499023 1418.20458984 410.61138916 -189.951171875 1702.11499023 653.567016602 -129.283508301 1295.65893555 126.191162109 -112.506996155 1600.58190918 632.532653809 -393.556488037 1222.59692383
0.0309510231018 8 611.832702637 -134.824401855 1533.64526367 637.362548828 246.807388306 1593.54992676 621.112915039 -18.0143737793 1722.13720703 686.449707031 39.7936706543 1418.75073242 409.505310059 -188.838394165 1704.14562988 654.368164062 -126.415405273 1295.38830566 128.268585205 -109.654266357 1599.43994141 634.68359375 -386.900787354 1224.40405273
0.0349581241608 8 612.920410156 -131.176055908 1533.37963867 639.224914551 247.524230957 1594.08105469 622.731323242 -17.6515197754 1726.69287109 686.282836914 49.7373657227 1422.734375 410.932067871 -184.242980957 1710.05322266 655.285827637 -120.807662964 1296.22399902 132.514282227 -106.767410278 1601.77893066 636.976806641 -372.758605957 1229.89013672
0.0322048664093 8 615.535644531 -128.934112549 1527.30615234 641.909362793 248.002288818 1594.65380859 623.063110352 -23.9054107666 1724.21398926 686.16027832 56.8715057373 1425.57678223 412.481781006 -187.791259766 1712.27722168 656.315734863 -110.831344604 1297.84387207 133.909332275 -109.07219696 1603.80029297 638.039672852 -372.23260498 1229.49621582
0.0330159664154 8 615.789916992 -128.317489624 1528.39685059 643.358703613 248.504516602 1594.47412109 624.734741211 -24.9419555664 1725.74938965 686.927368164 57.2869262695 1427.3770752 411.375396729 -185.660125732 1713.05187988 657.315185547 -107.353485107 1298.11364746 132.391235352 -104.562591553 1600.00769043 635.817993164 -374.766174316 1230.26623535
0.0366780757904 8 616.173339844 -127.798667908 1528.17346191 644.421813965 249.13571167 1594.63952637 626.317687988 -25.8513336182 1725.0682373 686.855163574 58.1011428833 1429.63879395 409.68548584 -183.225128174 1713.7878418 655.866149902 -105.210578918 1297.73352051 133.26739502 -96.8084869385 1600.47717285 624.361694336 -381.852813721 1231.22680664
0.0310499668121 8 619.669616699 -128.285140991 1528.30969238 645.262939453 248.788742065 1593.79797363 631.980834961 -26.7030029297 1727.48339844 687.959106445 61.2453308105 1430.55786133 406.706573486 -184.58631897 1712.88427734 657.316162109 -103.212173462 1296.56298828 132.342315674 -95.7758636475 1609.82409668 649.797424316 -324.109130859 1240.16479492
0.0314161777496 8 621.324462891 -127.793113708 1529.29907227 646.707824707 248.448730469 1593.49035645 632.844116211 -29.1433410645 1728.29797363 687.08984375 62.981918335 1435.78503418 407.85723877 -185.162460327 1712.20629883 655.705993652 -101.009140015 1297.98242188 130.72454834 -95.5345687866 1608.2064209 653.123413086 -303.148925781 1242.57629395
0.0362479686737 8 622.746459961 -126.270812988 1530.63977051 647.832763672 248.562316895 1593.28771973 633.736999512 -25.8285980225 1731.28930664 688.901672363 66.5700759888 1436.27050781 408.445617676 -182.330535889 1712.78051758 655.1875 -98.9104690552 1298.57751465 133.399963379 -90.0526580811 1613.1463623 674.479492188 -291.307281494 1248.49743652
0.0315129756927 8 629.161499023 -116.328178406 1537.75146484 648.448852539 248.415527344 1593.71252441 639.972045898 -15.54347229 1734.9342041 697.031616211 69.2465744019 1437.1973877 415.407531738 -173.028656006 1714.41674805 651.255737305 -101.45375824 1298.0402832 139.337036133 -76.5707092285 1617.62597656 651.091186523 -295.473358154 1243.64147949
0.0319638252258 8 621.798034668 -119.892593384 1540.20446777 650.884765625 249.131744385 1594.09143066 632.677978516 -11.3635864258 1733.13977051 699.090698242 60.5411376953 1437.29431152 410.626556396 -162.487289429 1716.11462402 661.439208984 -89.5003662109 1305.82995605 131.034942627 -65.9059448242 1620.74279785 635.661010742 -380.59362793 1232.10791016
0.0360720157623 8 619.971069336 -118.611541748 1541.50390625 652.005737305 249.427215576 1595.35070801 618.286621094 -5.53874206543 1731.00012207 711.219970703 53.2657241821 1437.44177246 395.369232178 -149.214645386 1715.03894043 672.895568848 -103.99445343 1304.62866211 117.306549072 -52.0577087402 1619.65673828 666.641113281 -322.165313721 1242.37365723
0.0321440696716 8 613.411743164 -104.473197937 1536.37634277 652.904052734 249.967010498 1595.96142578 617.57989502 -9.19226074219 1734.29260254 712.605651855 65.7149505615 1439.09729004 392.94442749 -159.10635376 1712.97766113 675.065612793 -93.6457366943 1306.60302734 120.395751953 -57.4029083252 1622.80786133 665.04864502 -322.31451416 1240.31054688
0.0321850776672 8 614.834655762 -101.135391235 1545.86169434 655.602722168 251.129730225 1596.26281738 620.273620605 1.5329284668 1740.62060547 716.454040527 64.7131652832 1442.57006836 394.726745605 -150.785354614 1715.12731934 674.246704102 -99.8068695068 1305.88513184 122.419372559 -43.87059021 1627.4239502 658.806335449 -347.920227051 1235.83825684
0.0360209941864 8 614.967834473 -101.444656372 1546.09924316 656.997192383 251.123641968 1596.68078613 620.305664062 1.0489654541 1738.11938477 717.412353516 61.4840240479 1444.29272461 393.19732666 -140.443328857 1718.85668945 679.500488281 -94.2139434814 1308.85046387 123.461425781 -35.9361495972 1634.82092285 660.567932129 -349.741882324 1236.03295898
0.0317208766937 8 624.16595459 -104.794250488 1544.05834961 658.899536133 250.99005127 1596.61572266 631.343017578 -7.75505065918 1737.70983887 706.75390625 69.0407867432 1444.4107666 401.246246338 -140.293685913 1720.60681152 670.291259766 -82.9378967285 1309.28186035 132.53717041 -32.8166503906 1640.52783203 639.756835938 -370.52166748 1228.25476074
0.0322210788727 8 626.226074219 -106.928710938 1543.84069824 659.962646484 251.875366211 1596.43249512 634.659790039 -8.28414916992 1737.61633301 704.924072266 70.300819397 1445.11291504 402.796813965 -137.469650269 1722.03430176 667.717285156 -82.3510818481 1310.62988281 138.541107178 -24.8226776123 1640.33166504 630.241882324 -386.290985107 1231.80822754
0.035768032074 8 625.796203613 -110.901321411 1545.51196289 661.353271484 252.964309692 1596.13635254 629.816040039 -1.88088989258 1735.71765137 710.385253906 64.0567626953 1443.95324707 394.444519043 -127.960914612 1723.22167969 672.053222656 -92.9360809326 1308.18823242 134.86706543 -8.80624389648 1642.74414062 632.823120117 -391.122009277 1236.85522461
0.0321838855743 8 628.072021484 -117.41280365 1541.04797363 662.598999023 253.197662354 1595.73144531 629.389831543 -1.78395080566 1733.80322266 714.762145996 66.2501525879 1444.7199707 390.390808105 -123.930076599 1724.29528809 672.057983398 -96.1453094482 1307.81640625 133.698425293 2.18486785889 1642.33374023 625.504516602 -402.006347656 1236.57507324
0.0319981575012 8 627.883300781 -115.521240234 1541.6003418 663.635070801 253.655273438 1596.1730957 630.132385254 -1.58499145508 1733.52758789 713.010070801 65.6473388672 1442.83813477 389.556243896 -116.253257751 1726.3326416 673.315856934 -94.9492950439 1308.89758301 132.585296631 11.8864517212 1646.77026367 631.65246582 -390.904907227 1235.46740723
0.0359530448914 8 625.748596191 -117.304908752 1541.48583984 664.456115723 254.03314209 1596.92626953 628.572753906 0.831985473633 1734.35205078 713.891235352 66.107421875 1442.73120117 390.175598145 -110.869613647 1728.03100586 675.637756348 -97.3880767822 1308.91748047 130.302062988 19.4446868896 1651.36499023 629.190185547 -403.242370605 1231.9810791
0.0320839881897 8 622.878295898 -126.740219116 1545.87854004 664.905578613 254.382965088 1596.91918945 632.896484375 6.00205993652 1736.97875977 710.40637207 61.8144454956 1440.87304688 394.407409668 -101.142776489 1730.70654297 669.594604492 -104.352119446 1305.68359375 136.710479736 34.6388092041 1657.79858398 625.518066406 -406.66796875 1230.67932129
0.0318388938904 8 625.745727539 -133.316085815 1549.52111816 667.787719727 254.480545044 1595.38012695 641.557434082 7.3713684082 1738.22729492 702.273132324 59.9177246094 1437.90917969 402.238464355 -91.8711090088 1735.06103516 649.65637207 -145.649841309 1307.90319824 148.674591064 42.9185791016 1663.2545166 608.876098633 -407.800842285 1232.21936035
0.035924911499 8 623.483215332 -142.901992798 1545.62548828 667.754943848 252.919296265 1594.74328613 644.837158203 5.75419616699 1734.0859375 697.59777832 58.5117340088 1436.02832031 403.166564941 -80.8291473389 1740.28723145 643.498046875 -146.816452026 1301.39587402 151.965606689 57.1935882568 1663.94152832 612.799377441 -404.480834961 1227.83032227
0.0323209762573 8 622.126464844 -146.808197021 1546.45910645 668.188537598 252.617736816 1594.52575684 646.446472168 7.94532775879 1731.04748535 694.712463379 55.4582748413 1434.9576416 403.497039795 -71.4533691406 1743.40332031 641.5859375 -144.345123291 1300.1965332 151.718734741 69.9546051025 1665.20397949 606.984619141 -411.971679688 1228.34509277
0.0317351818085 8 626.638549805 -150.233718872 1554.68603516 668.735595703 252.917068481 1595.12927246 653.385375977 13.3231201172 1730.73278809 687.270751953 50.120300293 1433.68713379 409.732543945 -59.6831665039 1752.10595703 634.913330078 -143.368789673 1300.65942383 162.131698608 85.4179534912 1669.99829102 590.875793457 -423.309509277 1228.30993652
0.0361750125885 8 624.129455566 -146.280456543 1560.01904297 669.25012207 252.972976685 1595.73547363 656.494506836 16.8283233643 1729.72241211 685.122192383 45.7785186768 1434.14404297 413.736755371 -48.0599822998 1758.43835449 627.58026123 -155.670288086 1300.78198242 164.230819702 99.9861602783 1669.7331543 590.101257324 -431.687438965 1227.08105469
0.0318968296051 8 624.408752441 -148.290969849 1557.5604248 669.695373535 252.76663208 1596.12060547 652.193054199 17.3155212402 1720.94299316 684.85736084 41.1509399414 1433.66882324 414.581481934 -37.550983429 1760.49804688 626.151611328 -165.836456299 1299.63037109 167.804534912 110.687561035 1679.17626953 590.45300293 -434.446624756 1226.75695801
0.0327410697937 8 623.183105469 -149.523422241 1556.72131348 670.182434082 252.793075562 1595.6932373 650.097106934 18.7603912354 1716.34008789 683.078552246 38.9966888428 1432.64575195 413.852355957 -28.6837806702 1760.9329834 628.036193848 -199.706878662 1321.54992676 173.122741699 124.676803589 1684.03662109 586.975585938 -438.298828125 1224.31750488
0.0357871055603 8 622.645446777 -148.472854614 1556.41455078 670.801696777 252.939819336 1596.63647461 647.762756348 19.9853973389 1712.68701172 680.952453613 36.8007659912 1431.09814453 415.31463623 -21.3328857422 1760.6505127 627.646911621 -189.429092407 1316.05395508 175.178451538 134.049789429 1688.50085449 589.463684082 -439.093505859 1223.86694336
0.0315699577332 8 622.470031738 -147.814254761 1557.1829834 671.948974609 252.707107544 1597.71679688 647.289367676 21.3081054688 1710.8190918 679.335266113 34.6679382324 1429.55419922 415.906066895 -18.6434783936 1760.87854004 627.637145996 -182.469177246 1309.92077637 172.720626831 144.555038452 1685.83898926 590.243774414 -439.781524658 1224.82226562
0.0356149673462 8 625.256164551 -151.646514893 1562.0526123 673.449279785 252.928009033 1598.74597168 641.0078125 25.2299499512 1709.60791016 682.828613281 28.6985168457 1429.8894043 411.328186035 -5.40200424194 1763.07629395 632.255310059 -183.826568604 1307.7590332 169.397598267 160.876373291 1690.45935059 591.841186523 -449.116943359 1226.92053223
0.0322051048279 8 622.735290527 -150.875244141 1560.97180176 674.780578613 253.107086182 1599.55065918 638.028442383 22.8133392334 1710.00866699 680.041381836 28.053237915 1429.38830566 411.664398193 4.1895275116 1766.20788574 631.500732422 -169.361175537 1306.73498535 169.037277222 171.841064453 1693.18859863 589.714416504 -449.1434021 1224.09130859
0.032075881958 8 624.838012695 -148.849197388 1565.82299805 676.832336426 253.51625061 1599.29003906 634.36907959 27.3183746338 1706.85998535 681.231018066 21.5977325439 1428.76452637 408.015869141 18.2451400757 1766.3182373 633.370849609 -155.127197266 1310.23400879 164.778152466 186.503875732 1690.15551758 597.283874512 -447.190704346 1230.6060791
0.0359408855438 8 627.198486328 -145.997741699 1567.6796875 678.495178223 253.164810181 1599.25756836 635.021484375 29.6881866455 1705.93188477 682.594116211 19.1726837158 1427.35668945 402.368347168 35.0928840637 1763.7088623 635.5546875 -153.833831787 1311.8527832 156.744873047 196.475082397 1695.80041504 603.786499023 -441.650848389 1224.32922363
0.0319452285767 8 621.199768066 -145.489547729 1558.52502441 680.56427002 252.889556885 1599.43579102 631.327270508 33.6754455566 1703.00439453 664.069213867 19.3095397949 1403.34619141 395.408081055 45.3983879089 1758.43688965 643.181396484 -157.601028442 1315.30517578 150.314208984 205.796417236 1692.21069336 606.894104004 -446.8671875 1229.56872559
0.0318977832794 8 619.526367188 -146.613265991 1554.58508301 682.196533203 253.108566284 1599.66052246 638.582519531 26.0459594727 1705.91870117 665.217651367 27.1091308594 1410.33154297 401.549743652 41.1851577759 1756.80236816 644.058105469 -163.855773926 1318.2512207 156.729553223 204.881225586 1694.15588379 582.445251465 -450.891906738 1236.64453125
0.0360190868378 8 622.540710449 -146.196395874 1557.97912598 683.840759277 253.267501831 1600.69885254 639.023620605 26.3867492676 1707.53967285 670.663269043 27.3175048828 1416.5501709 403.889953613 42.1392669678 1755.82189941 647.589355469 -173.236053467 1317.83398438 160.878189087 209.089859009 1695.86328125 590.240356445 -453.163787842 1233.28771973
0.0319020748138 8 624.21105957 -145.850631714 1559.47424316 684.831054688 253.905853271 1601.40881348 639.348449707 25.9251708984 1709.2454834 673.164978027 27.8445129395 1419.47058105 406.152038574 42.6836128235 1755.30029297 638.358154297 -199.943847656 1328.34204102 163.244888306 213.120880127 1698.96606445 592.925415039 -445.59286499 1231.4753418
0.0321538448334 8 625.372802734 -137.130004883 1562.73815918 685.186706543 254.558258057 1601.91040039 638.925170898 41.3650817871 1714.06762695 675.41796875 48.4574279785 1428.58300781 407.589904785 52.6223526001 1756.24719238 642.548217773 -198.753234863 1324.09155273 166.344924927 224.037811279 1697.87670898 595.356140137 -450.290710449 1228.78796387
0.0359389781952 8 625.80859375 -139.185516357 1560.70568848 685.76739502 255.242889404 1601.86181641 637.915588379 38.1635894775 1711.3659668 676.343811035 43.4550323486 1425.10888672 406.75213623 45.3731765747 1755.0345459 645.597106934 -189.845184326 1325.91174316 163.270248413 222.466583252 1700.90795898 596.965270996 -441.658355713 1229.88891602
0.0320241451263 8 626.369445801 -146.457427979 1562.74279785 686.367980957 255.231170654 1602.27233887 634.236633301 39.0108642578 1707.22094727 678.057922363 35.9422607422 1423.48388672 405.593200684 50.2003860474 1753.51367188 648.048339844 -190.4737854 1325.76574707 166.726806641 228.226348877 1707.15905762 598.715393066 -441.753601074 1230.36901855
0.0319640636444 8 627.638305664 -145.271286011 1562.45410156 687.402160645 255.877960205 1603.31542969 634.56427002 37.0493469238 1705.72851562 677.997741699 32.3550109863 1421.9934082 406.378723145 55.5332641602 1753.5802002 648.304016113 -190.968170166 1322.88989258 167.120376587 235.437957764 1704.66369629 599.136962891 -378.906707764 1264.1159668
0.0359668731689 8 627.838562012 -143.543334961 1560.4083252 687.990661621 255.952804565 1604.45581055 636.773620605 34.8280639648 1705.97155762 674.299621582 32.7411193848 1419.51818848 409.195556641 56.581741333 1756.03588867 645.433227539 -189.50012207 1320.10778809 165.969085693 240.643478394 1702.18603516 596.787658691 -377.537384033 1266.20922852
0.032457113266 8 625.882080078 -134.598175049 1555.85302734 688.564575195 255.658309937 1605.16442871 632.986755371 35.8259429932 1704.77746582 673.82635498 35.5842132568 1414.38684082 407.44039917 67.3034744263 1758.75854492 649.242980957 -186.705245972 1318.88024902 162.735610962 241.282806396 1698.82910156 597.363830566 -450.456359863 1231.26599121
0.0319068431854 8 622.751525879 -129.03956604 1553.00646973 688.553894043 255.170608521 1605.41259766 629.819519043 37.1136627197 1701.3293457 667.865905762 33.1506500244 1407.0078125 404.426879883 67.4587936401 1756.70349121 653.164916992 -187.974655151 1319.3470459 158.634414673 248.273895264 1697.67663574 604.663146973 -448.549316406 1232.85058594
0.0363900661469 8 623.08770752 -123.478057861 1546.92736816 688.948913574 254.651229858 1604.84973145 627.910583496 30.8172302246 1701.05029297 671.43560791 39.7034912109 1410.4777832 402.915100098 69.4991073608 1759.32226562 654.63659668 -181.536239624 1317.59423828 157.91494751 244.66583252 1696.17675781 606.062561035 -442.866760254 1232.8223877
0.0315749645233 8 616.634094238 -123.22403717 1532.04553223 689.874328613 254.390625 1603.41943359 619.734069824 23.4987945557 1697.64160156 672.18536377 51.153717041 1407.68408203 393.797729492 66.0366821289 1761.01879883 662.331665039 -171.76550293 1318.78710938 146.701629639 243.371322632 1695.26123047 615.40447998 -432.773040771 1235.73059082
0.0318651199341 8 615.298461914 -122.378738403 1524.76635742 690.984130859 253.514648438 1600.06677246 617.752685547 16.188873291 1696.79760742 677.721801758 57.4110183716 1412.60253906 389.223602295 66.4177246094 1760.85009766 655.756408691 -134.910949707 1321.94750977 147.514755249 237.881561279 1696.57141113 617.104187012 -425.105010986 1237.5559082
0.0358338356018 8 618.800231934 -114.36655426 1530.74328613 691.549926758 253.762115479 1599.11975098 618.133361816 20.7518920898 1698.44250488 687.148254395 67.0804977417 1437.00964355 382.775756836 76.5909881592 1762.61743164 648.951660156 -104.622001648 1340.21240234 149.559356689 244.090927124 1699.21398926 614.483337402 -431.67956543 1235.64660645
0.0320320129395 8 622.16619873 -112.273223877 1531.3659668 692.469238281 254.316360474 1598.91455078 619.274841309 20.1657562256 1699.63146973 690.398986816 67.2273712158 1436.57385254 383.544677734 77.1965026855 1762.85168457 648.890014648 -101.077529907 1339.10217285 145.000640869 249.530334473 1703.0135498 615.396789551 -424.668395996 1237.84790039
0.0320711135864 8 622.85949707 -112.642379761 1531.24755859 692.828979492 254.452392578 1597.91894531 620.04296875 19.2803192139 1700.20349121 693.865356445 66.0186920166 1436.40002441 383.610809326 75.2797393799 1763.28710938 650.429321289 -101.084213257 1335.17492676 145.340301514 251.378295898 1692.19580078 614.399291992 -428.714599609 1234.52478027
0.0358099937439 8 621.68145752 -113.896118164 1531.03527832 693.486633301 254.342300415 1596.51525879 618.130554199 19.951965332 1699.67541504 690.12310791 63.6017150879 1430.15075684 380.397521973 77.5460357666 1761.55493164 654.25 -100.046279907 1332.76867676 140.119232178 254.848449707 1687.81542969 616.045654297 -427.073669434 1237.25109863
0.0321750640869 8 624.240600586 -107.335792542 1541.12304688 694.11315918 254.333740234 1595.35290527 622.164489746 27.5163192749 1702.04199219 689.282531738 61.694694519 1434.90356445 381.326202393 87.6827316284 1763.04284668 650.936096191 -103.785575867 1328.12133789 142.83102417 261.588378906 1686.93261719 611.293945312 -432.344787598 1235.9987793
0.0319318771362 8 625.501098633 -103.687103271 1539.34667969 694.583129883 254.798736572 1594.74743652 619.461425781 27.018447876 1700.82861328 691.327270508 66.2095184326 1439.35229492 377.54888916 88.5448913574 1761.47521973 652.86907959 -100.306640625 1327.5501709 140.886764526 260.971282959 1689.63195801 613.509033203 -431.021820068 1237.70227051
0.0361180305481 8 622.909973145 -107.177215576 1535.734375 694.769348145 255.178710938 1593.12658691 618.433349609 26.1028442383 1699.26391602 687.278686523 65.4614257812 1432.88452148 378.558776855 85.9556884766 1761.08630371 654.712402344 -100.931869507 1327.77612305 139.726913452 260.542541504 1685.32727051 614.134216309 -430.424682617 1237.61535645
0.0320119857788 8 621.487792969 -107.498176575 1533.76721191 694.943847656 255.120483398 1592.15222168 617.596130371 25.5767974854 1698.07458496 684.781799316 65.4373168945 1429.80456543 377.85848999 84.1973266602 1760.53869629 655.231628418 -101.128677368 1327.39807129 138.020599365 259.248016357 1679.32727051 614.418395996 -430.916503906 1238.92016602
0.0320971012115 8 621.539978027 -106.68522644 1532.28649902 695.54107666 255.086532593 1591.40686035 617.681640625 24.6262588501 1697.37268066 685.02331543 65.9917526245 1429.02185059 375.278442383 84.1284332275 1759.59838867 662.626525879 -100.307395935 1342.04223633 132.003356934 257.874328613 1676.02514648 616.64855957 -425.402984619 1237.44714355
0.0361099243164 8 621.475280762 -105.917068481 1531.81860352 695.851379395 254.66192627 1590.38684082 618.10168457 24.9062957764 1697.68237305 686.315307617 67.2724151611 1429.65161133 375.241394043 83.6706924438 1758.96887207 659.863830566 -101.079467773 1336.62792969 129.130447388 256.657470703 1674.63818359 618.54296875 -420.78918457 1237.52697754
0.0339169502258 8 621.360778809 -106.229278564 1531.51367188 695.655639648 254.082183838 1589.34716797 617.163024902 23.7148895264 1696.86047363 685.601745605 65.8497467041 1429.02160645 375.503051758 83.8787231445 1758.63183594 658.835449219 -100.875457764 1334.32421875 132.068222046 252.29788208 1676.50964355 623.568237305 -416.389129639 1233.46435547
0.0355880260468 8 622.253479004 -106.824310303 1532.12744141 695.256469727 254.142608643 1588.70349121 616.725646973 22.3477249146 1696.7019043 687.828430176 64.4641036987 1431.32592773 375.862548828 84.6801681519 1758.67028809 658.670593262 -102.186561584 1332.52685547 129.324142456 248.753479004 1674.29492188 624.36340332 -412.042266846 1234.47229004
0.0356171131134 8 618.239257812 -114.63822937 1527.11108398 694.987182617 253.545394897 1587.98571777 614.14642334 16.4237365723 1694.6463623 679.014587402 56.5297241211 1416.34118652 373.873138428 78.5768737793 1755.78198242 664.752746582 -102.58354187 1334.50720215 121.083877563 242.011199951 1665.88195801 624.578491211 -413.331237793 1235.69128418
0.0304229259491 8 616.046020508 -112.094657898 1522.60583496 694.733154297 253.245666504 1587.31677246 615.881896973 25.829208374 1694.24389648 671.268737793 65.9651565552 1405.44018555 374.140136719 83.8723602295 1751.53320312 665.825683594 -114.257896423 1335.3338623 121.065414429 241.641708374 1664.50341797 624.214599609 -421.76852417 1236.1628418
0.0280439853668 8 609.188537598 -112.844985962 1515.54516602 693.673156738 253.512908936 1586.01489258 612.399780273 28.0635070801 1691.74853516 649.061035156 66.7563171387 1384.90551758 373.554992676 72.2755889893 1745.00830078 669.776123047 -120.567840576 1336.75085449 115.992340088 232.955932617 1652.92260742 624.980041504 -428.935546875 1239.87231445
0.0360369682312 8 611.17376709 -114.730781555 1515.06225586 693.429260254 253.947418213 1584.88745117 611.096191406 25.9674377441 1689.96252441 653.934936523 63.7468490601 1385.82067871 370.316955566 56.1713867188 1741.69885254 668.625976562 -142.23614502 1334.4552002 121.937164307 215.003463745 1646.3293457 625.016906738 -426.005218506 1240.88305664
0.0342500209808 8 612.636230469 -116.335319519 1514.28735352 692.577819824 253.9715271 1584.4362793 610.156677246 23.6243438721 1689.10375977 657.057556152 61.6653137207 1385.84204102 362.759063721 37.3055534363 1738.23596191 670.534301758 -159.947555542 1329.85339355 116.581283569 199.292480469 1639.24584961 622.689941406 -428.279663086 1242.97290039
0.032970905304 8 621.807556152 -128.897369385 1524.36889648 691.680786133 253.664138794 1582.390625 613.645263672 18.6227264404 1688.81811523 672.182250977 51.0860443115 1406.2980957 369.048400879 24.7346191406 1739.51928711 669.328613281 -154.20324707 1330.39868164 125.42741394 177.056427002 1631.26208496 616.289672852 -427.292114258 1243.81970215
0.0334219932556 8 626.307922363 -129.967514038 1529.859375 690.56451416 253.597091675 1582.05737305 612.612304688 16.5007171631 1689.88989258 681.103759766 48.888168335 1419.1418457 374.884155273 6.10625267029 1741.16918945 653.704956055 -141.945297241 1358.16491699 124.654449463 153.137649536 1622.15307617 632.444519043 -381.577453613 1245.57568359
0.0315911769867 8 625.830200195 -126.97151947 1528.90441895 689.77734375 253.134094238 1582.39245605 612.476074219 13.9654083252 1689.90161133 685.106933594 50.2556152344 1423.84033203 388.730529785 -33.4877967834 1756.91064453 660.170227051 -137.869506836 1346.83984375 137.857131958 126.061859131 1615.9083252 617.297180176 -424.41784668 1245.17041016
0.0358090400696 8 625.998474121 -126.763420105 1532.08349609 689.33215332 252.529083252 1581.73193359 611.911254883 15.3928375244 1690.64416504 688.65222168 48.1240234375 1427.02526855 389.445739746 -48.5292053223 1760.40002441 661.251159668 -147.661956787 1343.86206055 146.978302002 102.206115723 1604.60107422 631.08581543 -379.388061523 1247.4588623
0.0315589904785 8 625.964355469 -127.727203369 1534.68249512 688.779296875 252.60824585 1581.31286621 616.448791504 10.7920074463 1694.41540527 688.894104004 45.0855255127 1429.95275879 386.152801514 -76.5316925049 1758.29016113 659.643859863 -156.319869995 1341.21484375 155.485519409 80.2964630127 1595.38513184 629.612609863 -386.397644043 1245.58105469
0.0317289829254 8 630.44720459 -134.658920288 1543.91394043 687.558227539 252.608764648 1580.58898926 627.521179199 -1.99398803711 1706.75915527 683.200866699 36.5724182129 1434.2598877 392.646606445 -90.1023864746 1757.18652344 652.894592285 -163.926834106 1337.57250977 171.252487183 56.8108978271 1592.69445801 622.516906738 -397.617858887 1240.46374512
0.0360469818115 8 629.556945801 -139.2084198 1547.90649414 685.681945801 251.789916992 1580.05981445 634.249572754 -5.62294006348 1711.02124023 682.010803223 29.0567092896 1432.109375 420.556335449 -116.197807312 1740.55761719 650.955505371 -171.237976074 1335.59289551 188.623580933 28.4935531616 1587.52294922 609.883850098 -445.129364014 1242.12597656
0.0320899486542 8 629.424621582 -139.48135376 1549.55432129 684.727844238 251.775802612 1579.16479492 631.600463867 0.112945556641 1708.81201172 681.521240234 28.3134384155 1431.29541016 443.233764648 -150.582122803 1735.71765137 652.99395752 -171.920379639 1335.37145996 203.755599976 -8.63507080078 1581.86584473 610.992370605 -446.774505615 1241.75732422
0.0319340229034 8 629.379150391 -135.635925293 1548.96716309 683.462341309 252.103210449 1578.87719727 633.145996094 17.0071105957 1700.15844727 680.551635742 33.9947891235 1427.39526367 454.641174316 -173.857803345 1728.54138184 656.230957031 -167.967224121 1335.57250977 222.760650635 -54.0068664551 1571.14172363 608.305725098 -443.446166992 1241.43139648
0.0361988544464 8 628.72076416 -135.164932251 1550.84667969 682.149291992 252.439590454 1578.68518066 633.083007812 23.5233917236 1702.32385254 678.776123047 38.4987640381 1426.42102051 482.322967529 -199.434265137 1718.85864258 657.433044434 -162.813705444 1332.90429688 238.452713013 -98.3351516724 1576.80029297 607.253479004 -438.29486084 1241.45690918
0.0320091247559 8 633.549682617 -133.849578857 1552.92956543 680.468505859 252.838729858 1579.03039551 649.885437012 26.9981994629 1707.61730957 682.885192871 44.5729980469 1427.23718262 492.108001709 -218.465332031 1706.91601562 665.443786621 -158.348007202 1328.01782227 247.280563354 -146.021774292 1565.91430664 615.93737793 -424.705810547 1240.96899414
0.0318670272827 8 632.071716309 -130.814666748 1552.77893066 678.227783203 253.28276062 1580.03295898 646.354309082 28.8443756104 1711.24682617 685.797302246 48.4121246338 1427.0871582 499.025268555 -230.844223022 1703.07421875 657.519897461 -133.555709839 1327.35705566 255.583984375 -198.744689941 1566.36425781 619.681396484 -414.119689941 1240.9354248
0.0361649990082 8 631.884887695 -129.990097046 1553.32702637 676.872253418 253.80682373 1580.73291016 650.639953613 33.3060455322 1711.91772461 687.162658691 51.9526824951 1426.79785156 501.496520996 -232.998031616 1701.32421875 663.744018555 -138.106964111 1328.29370117 266.577453613 -245.278121948 1560.08618164 615.499206543 -417.72668457 1239.21704102
0.0316519737244 8 632.056945801 -127.334838867 1550.72949219 675.217956543 253.919570923 1580.54187012 650.625 33.3520812988 1710.47375488 690.640014648 54.5121994019 1427.51013184 504.176635742 -233.442962646 1695.42224121 664.351989746 -123.616523743 1325.41845703 274.856933594 -263.612670898 1586.19665527 620.90045166 -408.893463135 1240.14782715
0.0320010185242 8 631.08404541 -128.726318359 1547.88659668 673.618652344 253.912796021 1581.32019043 653.879943848 18.0181121826 1728.46057129 699.911560059 62.0111618042 1431.51403809 558.382324219 -264.621032715 1648.42236328 674.062988281 -108.559028625 1327.14782715 299.849334717 -351.661621094 1546.296875 630.840637207 -399.592498779 1242.97851562
0.0358819961548 8 624.807861328 -110.562545776 1548.40698242 665.868652344 255.191055298 1587.06872559 642.475952148 30.6769714355 1718.3371582 699.964355469 64.693145752 1435.38500977 563.376647949 -247.020263672 1684.03259277 680.392333984 -106.439147949 1326.62365723 315.634216309 -390.138122559 1547.71118164 635.043579102 -403.583709717 1238.67749023
0.0318698883057 8 620.901550293 -108.199386597 1537.89611816 663.708129883 255.263259888 1588.31750488 638.758117676 23.7947235107 1715.85986328 700.444641113 71.7064437866 1434.36254883 559.375061035 -235.268112183 1711.8605957 687.286254883 -89.2010269165 1328.56787109 332.129058838 -444.299682617 1541.30615234 640.683898926 -390.690155029 1241.08630371
0.0319881439209 8 621.109863281 -109.464767456 1538.69384766 661.656311035 255.464126587 1589.59777832 640.83996582 22.8090667725 1717.41564941 695.415405273 72.6817779541 1433.20227051 558.971862793 -234.073013306 1712.81311035 684.91418457 -75.8005981445 1328.29663086 356.910644531 -445.370269775 1546.64953613 637.03503418 -390.265472412 1240.44506836
0.036171913147 8 621.990966797 -108.732078552 1539.89880371 658.641662598 256.584594727 1591.70324707 639.999755859 23.2160186768 1718.08996582 697.405517578 71.7974853516 1434.02868652 554.624023438 -230.541763306 1714.83068848 685.295776367 -68.367401123 1326.22094727 376.271240234 -460.118103027 1553.53942871 636.792419434 -379.896697998 1244.06054688
0.0356390476227 8 622.141418457 -115.753067017 1545.63366699 654.66418457 257.723144531 1594.26855469 638.647827148 27.6332855225 1718.63427734 698.855712891 64.2290725708 1433.90771484 550.70880127 -222.520584106 1716.73022461 682.229736328 -63.2512969971 1323.89404297 396.629699707 -473.709197998 1558.69470215 638.629638672 -391.196594238 1235.89099121
0.0283589363098 8 620.734985352 -115.69228363 1543.6875 646.581787109 260.812835693 1599.74987793 635.48828125 25.3511810303 1718.19763184 698.298828125 64.9457092285 1434.51574707 547.181213379 -221.444229126 1717.98706055 682.768920898 -67.2046508789 1323.8482666 424.6015625 -503.23449707 1582.67321777 632.359924316 -398.242218018 1235.10131836
0.0358810424805 8 618.040039062 -115.703338623 1540.52758789 640.934875488 262.959350586 1603.27429199 633.289245605 23.0426330566 1716.01477051 692.74786377 65.1506118774 1431.03186035 600.88067627 -154.753189087 1631.55480957 683.772033691 -68.3868484497 1323.10119629 421.979919434 -508.016784668 1619.52587891 633.990661621 -395.533843994 1232.9119873
0.0321099758148 8 615.852905273 -122.913772583 1537.37438965 638.039794922 263.559875488 1605.83947754 629.782775879 18.497467041 1715.25695801 689.72869873 53.4077148438 1413.73571777 593.047668457 -157.261688232 1649.54626465 685.993896484 -76.2532653809 1336.64501953 425.966796875 -496.582977295 1645.61853027 640.606750488 -383.815734863 1232.99475098
0.0361609458923 8 617.987976074 -130.04196167 1542.50817871 635.735900879 264.177001953 1606.89892578 635.800048828 19.1396942139 1716.88085938 679.543701172 44.4497299194 1405.60742188 599.189025879 -160.090881348 1668.55224609 680.933532715 -116.462104797 1325.66784668 443.931152344 -488.193145752 1666.99023438 625.836669922 -403.481811523 1231.57116699
0.0371470451355 8 617.204162598 -130.096221924 1542.23034668 634.11932373 263.588226318 1607.67980957 632.937072754 18.0967712402 1716.24987793 683.091003418 44.9684753418 1409.93225098 594.113098145 -171.222198486 1682.28356934 687.614257812 -133.921875 1326.50390625 449.454437256 -482.082244873 1681.8717041 630.276550293 -406.143737793 1231.15258789
0.0274200439453 8 629.189575195 -133.575759888 1543.99047852 632.305236816 263.144775391 1607.51135254 632.263000488 17.2200317383 1715.41003418 680.855407715 40.5651855469 1405.6463623 598.186523438 -172.436431885 1699.09594727 694.05065918 -163.109848022 1339.39831543 451.75970459 -476.767944336 1703.72607422 633.119445801 -398.63848877 1231.09057617
0.0312170982361 8 626.164855957 -135.105194092 1546.99145508 634.312805176 262.525634766 1606.36901855 626.147827148 20.221572876 1714.36425781 686.213989258 32.2992706299 1403.77856445 598.392333984 -166.81086731 1714.24401855 671.715637207 -82.4118499756 1438.35424805 451.126861572 -471.869873047 1717.66052246 635.391479492 -397.244445801 1233.85205078
0.0375199317932 8 620.609802246 -131.377685547 1550.76672363 635.08605957 262.188415527 1606.02368164 614.945068359 28.665435791 1710.74145508 697.760742188 23.6031188965 1404.9362793 591.991943359 -154.898727417 1726.46936035 696.519714355 -76.8613204956 1438.93896484 448.695495605 -461.64630127 1729.95959473 649.16229248 -400.701202393 1235.8248291
0.0304529666901 8 622.326477051 -131.644607544 1553.52307129 633.095947266 262.467285156 1607.60522461 617.701171875 32.3198928833 1710.73669434 697.079467773 24.4543151855 1406.32580566 597.121765137 -150.778869629 1733.35864258 709.981079102 -77.8417282104 1398.35949707 564.722412109 -403.118133545 1820.85852051 651.997924805 -399.480041504 1230.72680664
0.0335369110107 8 622.71282959 -130.220977783 1557.0871582 634.790588379 261.780944824 1606.73083496 618.556274414 37.0500259399 1710.32202148 699.361694336 25.573135376 1411.03588867 577.72088623 -143.204864502 1751.35070801 715.432434082 -79.7220687866 1376.02502441 560.436096191 -403.309936523 1811.15393066 647.583618164 -408.614349365 1234.15979004
0.0343871116638 8 624.317687988 -130.379257202 1556.86315918 633.263122559 262.136474609 1608.02575684 619.820251465 37.9005279541 1709.9630127 697.726623535 23.8075408936 1406.4786377 583.964599609 -140.650787354 1740.12805176 710.952209473 -82.024307251 1390.63366699 553.317871094 -404.591094971 1804.25 648.921325684 -402.34173584 1231.98632812
0.0321228504181 8 627.883239746 -133.342163086 1556.64331055 632.3359375 262.285644531 1609.70568848 625.858276367 35.6489105225 1711.43164062 690.78918457 24.5730438232 1402.93188477 606.989135742 -156.739883423 1734.53259277 704.831542969 -76.5991363525 1376.91455078 549.129760742 -405.187927246 1801.9276123 641.52532959 -401.553344727 1231.98010254
0.0321660041809 8 624.189880371 -128.857086182 1572.46313477 632.247619629 262.289428711 1611.29797363 628.969055176 51.4934234619 1710.51977539 687.206481934 9.0562286377 1403.2956543 580.194152832 -132.984481812 1716.67321777 701.02734375 -89.640296936 1369.77612305 545.672851562 -392.871398926 1800.79467773 639.983093262 -416.340911865 1231.43859863
0.0358591079712 8 622.178100586 -122.155960083 1575.01831055 632.927490234 261.845703125 1612.14208984 636.155578613 53.2011566162 1711.23803711 681.648132324 10.169418335 1406.33325195 588.011291504 -133.910903931 1722.72595215 694.078735352 -92.6102523804 1363.36560059 543.627075195 -385.701721191 1800.95031738 632.549804688 -422.484985352 1233.76000977
0.0341970920563 8 623.596618652 -123.172363281 1575.10498047 632.796630859 261.78503418 1613.44262695 634.041931152 53.3285064697 1709.92028809 682.808044434 7.62510681152 1405.33190918 590.667663574 -134.182403564 1730.41870117 693.978881836 -119.930809021 1338.60522461 539.094543457 -386.75604248 1800.67602539 634.723876953 -427.806030273 1232.67834473
0.0333969593048 8 621.311218262 -112.276374817 1576.38745117 631.378173828 261.761352539 1615.90539551 626.141723633 68.0038223267 1707.06152344 689.845703125 20.5823822021 1411.30688477 581.289001465 -115.150566101 1733.31347656 702.236633301 -147.252258301 1335.04528809 518.29510498 -365.657012939 1795.07580566 642.069091797 -440.111755371 1242.9786377
0.0323610305786 8 622.025634766 -110.047279358 1576.86120605 630.197692871 261.593963623 1617.06530762 622.870178223 65.0269851685 1707.3001709 694.679382324 20.1116027832 1417.34265137 577.015991211 -116.066612244 1739.11425781 703.605895996 -139.44178772 1333.48547363 508.570983887 -355.701690674 1780.63427734 645.28729248 -435.985168457 1242.97668457
0.0367579460144 8 622.818054199 -109.231697083 1576.9543457 630.250610352 261.888397217 1617.9588623 621.813476562 62.4103546143 1707.64453125 696.858520508 19.5590515137 1420.51611328 574.618591309 -119.962417603 1745.29260254 702.42010498 -138.288253784 1328.51708984 502.546081543 -355.454101562 1774.5246582 642.822509766 -439.815124512 1244.30249023
0.0283448696136 8 623.894958496 -107.028312683 1577.90283203 630.060668945 262.612091064 1618.87280273 625.035827637 60.8025436401 1709.24780273 697.400085449 21.4500961304 1424.57202148 581.17791748 -125.273521423 1765.05957031 699.002746582 -131.54977417 1327.86230469 501.524047852 -359.183135986 1772.17407227 642.337585449 -434.420257568 1242.80407715
0.0355880260468 8 623.435668945 -111.575325012 1570.72253418 629.490356445 262.985595703 1619.40014648 625.782348633 52.5208969116 1711.17504883 695.866577148 25.3745956421 1420.19506836 584.251098633 -134.771240234 1770.02124023 697.679443359 -120.245323181 1326.05883789 504.481628418 -369.882324219 1777.07873535 645.865600586 -422.138885498 1244.69628906
0.0314331054688 8 626.530395508 -111.694869995 1565.59619141 629.393127441 263.755584717 1620.55725098 634.168701172 45.4619445801 1714.02478027 689.063598633 38.088104248 1422.61950684 595.363830566 -142.523727417 1776.0045166 690.168762207 -111.380325317 1324.72009277 515.374755859 -378.908447266 1783.66711426 631.229309082 -425.871459961 1239.17541504
0.0356969833374 8 627.597717285 -112.678237915 1565.63476562 629.032409668 264.41204834 1621.68786621 640.497436523 45.5355529785 1715.3581543 684.046630859 39.726348877 1420.02734375 594.977600098 -128.552429199 1753.44592285 686.052124023 -110.727249146 1324.40783691 523.860107422 -377.444152832 1789.8449707 629.352233887 -422.890441895 1237.57263184
