0.0314080715179 8 648.867126465 -92.6882019043 1518.09423828 650.764587402 250.596206665 1614.29956055 694.004333496 -28.5863494873 1726.03051758 668.610046387 117.525924683 1448.78442383 622.291503906 -187.310241699 1744.64489746 659.753662109 -20.4211273193 1343.75048828 561.372497559 -393.994049072 1783.97375488 623.69140625 -310.326843262 1241.70532227
0.0374960899353 8 649.46270752 -95.0925445557 1516.52954102 649.72088623 250.409072876 1613.62109375 696.460754395 -31.5448455811 1725.98168945 665.309875488 116.145500183 1444.11132812 625.879699707 -184.114440918 1735.76318359 656.098999023 -31.8904190063 1340.48535156 561.094299316 -393.952697754 1778.2388916 618.387756348 -317.120605469 1237.17053223
0.0314009189606 8 647.425537109 -96.8965072632 1520.94018555 648.213439941 249.740997314 1612.83410645 691.694030762 -27.4517822266 1728.64379883 670.077819824 110.213569641 1440.22387695 620.912231445 -169.364151001 1736.97485352 657.427429199 -53.9444503784 1334.95373535 558.913269043 -382.464477539 1770.86682129 663.672973633 -277.280212402 1261.98852539
0.0321879386902 8 641.24822998 -93.7116928101 1525.39465332 647.297851562 249.351501465 1612.4564209 675.997741699 -22.7633361816 1730.71826172 683.553405762 102.895523071 1436.20581055 609.817871094 -160.49180603 1743.29174805 670.856811523 -49.4437866211 1335.43762207 544.762268066 -375.355651855 1777.51025391 634.111938477 -335.978271484 1234.80859375
0.0359749794006 8 635.720458984 -94.6778945923 1533.23730469 646.637695312 248.889251709 1612.31591797 667.70904541 -12.8889770508 1733.94213867 690.752990723 93.0127716064 1434.5534668 620.030517578 -164.793884277 1771.61242676 679.412902832 -54.538482666 1332.76135254 538.262207031 -365.574829102 1786.22790527 640.819946289 -353.752807617 1232.61669922
0.0320091247559 8 632.950317383 -92.8455886841 1543.60791016 646.354736328 248.759796143 1611.83789062 663.952758789 -0.758361816406 1737.2701416 695.079101562 81.4158782959 1430.82946777 611.180786133 -181.634353638 1779.76367188 682.91229248 -64.4257202148 1329.45349121 541.004882812 -355.635009766 1796.89807129 647.14666748 -357.242553711 1226.31689453
0.0327949523926 8 636.720703125 -95.5524520874 1549.21655273 645.668701172 249.42956543 1611.27294922 671.03137207 3.63377380371 1739.20678711 685.348022461 79.4738693237 1430.42089844 617.097167969 -186.540206909 1777.20666504 675.249816895 -66.329536438 1326.99951172 551.856079102 -352.378326416 1796.375 666.932983398 -305.362579346 1264.20751953
0.0385558605194 8 638.37097168 -92.8287658691 1549.54833984 644.626281738 249.324737549 1611.54736328 673.901855469 10.2951660156 1739.23547363 686.175415039 83.6719894409 1429.3807373 613.426879883 -182.100540161 1747.94897461 672.993164062 -71.7282791138 1326.89831543 557.228149414 -348.890930176 1801.06518555 637.590759277 -363.1434021 1225.2388916
0.0329070091248 8 638.796020508 -95.2980270386 1551.94396973 643.514587402 249.530639648 1611.51416016 673.734191895 10.7093505859 1741.09094238 683.595275879 80.4060821533 1428.02575684 613.790344238 -182.977340698 1749.51391602 672.891113281 -71.7234039307 1326.14538574 560.363220215 -352.62286377 1805.21691895 635.552978516 -366.665039062 1225.26367188
0.0303070545197 8 638.871887207 -95.3342208862 1553.49023438 642.846923828 248.617919922 1610.95422363 674.972412109 10.8606567383 1742.24853516 681.422485352 80.1038970947 1428.50610352 614.053039551 -183.015930176 1749.93151855 672.232055664 -71.2819061279 1325.43591309 562.102416992 -355.539367676 1804.49755859 668.365539551 -318.134307861 1264.92272949
0.0350580215454 8 638.695983887 -93.3620605469 1554.97338867 642.117248535 248.714096069 1610.50756836 676.472229004 16.4748687744 1742.28747559 677.487854004 83.7082977295 1429.59851074 615.707336426 -178.046585083 1751.33850098 670.543273926 -76.0665740967 1324.94128418 563.996704102 -352.721832275 1803.5345459 630.760620117 -373.950195312 1224.17797852
0.0312061309814 8 639.077941895 -93.1170883179 1557.30773926 641.600524902 249.176727295 1610.41125488 677.410522461 21.2187194824 1742.63354492 674.939819336 85.1425628662 1431.51049805 617.750305176 -176.359939575 1755.70446777 669.411193848 -80.3571777344 1324.70812988 562.849182129 -357.698791504 1795.57824707 630.450805664 -379.057861328 1223.4407959
0.0318648815155 8 639.18939209 -92.9344558716 1559.07873535 640.857788086 249.943878174 1609.86987305 677.961608887 24.8635787964 1743.54870605 672.532409668 86.7640914917 1432.56652832 618.987854004 -174.917572021 1759.92529297 669.890380859 -81.8884048462 1325.35339355 557.375244141 -358.886444092 1791.03796387 631.432739258 -379.626251221 1223.08410645
0.0420060157776 8 640.32635498 -93.2007217407 1555.49182129 640.981689453 249.962615967 1609.46643066 678.957641602 22.117401123 1743.27575684 670.607421875 92.5496673584 1434.52453613 620.053649902 -178.083084106 1760.69763184 669.013977051 -79.5084075928 1326.88537598 549.704956055 -368.055084229 1782.11950684 630.242126465 -375.97064209 1223.51879883
0.0317339897156 8 642.38293457 -94.5027542114 1555.74938965 640.680114746 250.23260498 1609.14318848 678.7890625 19.6929016113 1746.29382324 669.838867188 94.9068069458 1437.24523926 666.30078125 -220.00038147 1832.90124512 668.759033203 -78.382774353 1327.43493652 520.753295898 -412.640014648 1731.77941895 628.886291504 -375.719390869 1223.58996582
0.0314218997955 8 646.653381348 -96.1286697388 1556.8494873 640.861450195 249.236816406 1608.65942383 680.915893555 7.39044189453 1745.55700684 680.747924805 87.5220489502 1444.55334473 666.974060059 -234.567504883 1822.19104004 666.65057373 -66.5274658203 1326.94116211 456.54296875 -506.449035645 1588.671875 621.926818848 -355.598602295 1228.99536133
0.0376172065735 8 651.64263916 -95.959815979 1553.9979248 641.608947754 247.944915771 1608.69458008 683.366638184 -2.7660369873 1744.93225098 684.498840332 90.1975097656 1451.95324707 664.730163574 -242.886734009 1810.1229248 664.726135254 -59.901550293 1320.21862793 379.445129395 -523.003723145 1536.30297852 622.758789062 -357.617950439 1225.55200195
0.0283699035645 8 649.338012695 -94.4919815063 1556.02453613 642.780273438 246.414154053 1607.43041992 683.467468262 4.39157104492 1746.0279541 679.086364746 90.3395843506 1446.49743652 636.229919434 -225.937561035 1763.62548828 666.241088867 -69.4865264893 1321.88500977 362.848602295 -489.997772217 1519.85766602 623.212768555 -364.89050293 1223.29406738
0.0310928821564 8 651.398132324 -107.647979736 1568.42456055 647.41229248 240.600997925 1603.7722168 674.379089355 19.3485107422 1749.18786621 696.041320801 70.3703231812 1443.33288574 561.735778809 -226.836929321 1680.45092773 676.059082031 -87.3283004761 1319.44262695 358.474456787 -459.273376465 1554.65356445 642.51184082 -279.371520996 1251.93408203
0.0356960296631 8 649.145812988 -122.434585571 1574.72412109 649.611938477 236.622192383 1601.80871582 661.047546387 29.8937530518 1739.75964355 698.491394043 50.2098236084 1439.2947998 559.577514648 -212.94152832 1682.40612793 684.421875 -136.207595825 1342.75598145 334.659667969 -425.807250977 1544.9440918 644.797302246 -303.063964844 1250.13708496
0.0315320491791 8 647.059936523 -134.185089111 1570.08190918 652.649536133 230.887512207 1597.9486084 654.891052246 29.7983093262 1727.48742676 693.843811035 29.8563232422 1419.64929199 560.594299316 -203.810714722 1684.62109375 687.904296875 -163.257080078 1351.46801758 314.25579834 -399.045562744 1535.19055176 657.470947266 -259.347137451 1279.93078613
0.0342259407043 8 647.293457031 -142.717971802 1561.17651367 652.653320312 230.862228394 1595.81054688 659.461914062 15.9615936279 1715.51464844 690.473144531 12.7437286377 1409.14160156 557.326416016 -197.11050415 1692.78466797 692.341003418 -180.535705566 1355.02062988 297.994903564 -371.322998047 1528.4420166 633.851989746 -425.298370361 1227.81567383
0.0323309898376 8 647.574645996 -139.98614502 1564.76379395 654.168518066 228.559280396 1592.43029785 658.249267578 21.5772094727 1726.4197998 692.48034668 19.4099731445 1406.88537598 552.980895996 -206.483306885 1694.62463379 691.961303711 -195.562591553 1338.4420166 279.613708496 -371.148742676 1522.76098633 636.90447998 -416.010498047 1226.9498291
0.0319950580597 8 649.442321777 -137.560440063 1566.44873047 651.622314453 232.796966553 1593.97094727 658.184753418 22.4540863037 1733.75402832 698.568908691 26.5855865479 1410.51696777 549.579284668 -215.614547729 1694.62670898 695.319885254 -184.17930603 1345.26306152 262.249359131 -368.653381348 1515.54199219 635.602233887 -411.671813965 1229.12683105
0.031641960144 8 652.270202637 -135.142028809 1560.33972168 650.686035156 234.244659424 1594.9798584 652.090026855 11.8393249512 1729.71069336 713.802429199 31.0254440308 1422.89111328 546.266845703 -227.471832275 1692.66601562 695.311157227 -171.50100708 1347.83374023 255.290985107 -370.894989014 1508.44970703 634.557861328 -410.274017334 1233.28588867
0.0361649990082 8 649.00402832 -124.863143921 1559.7755127 652.55065918 232.747329712 1593.20336914 642.639282227 12.085647583 1734.2911377 717.718139648 39.0137481689 1426.8326416 529.363830566 -234.756851196 1683.0892334 701.069213867 -163.903060913 1353.53588867 232.340789795 -368.990325928 1502.94458008 645.212585449 -369.162597656 1233.7434082
0.0322961807251 8 644.913391113 -115.447143555 1553.93933105 652.391052246 233.195526123 1593.03894043 644.31072998 5.3504486084 1733.11962891 716.633728027 43.6281890869 1426.4675293 530.828308105 -238.97088623 1682.43786621 699.393798828 -154.65032959 1356.08935547 234.283874512 -363.398590088 1500.2869873 639.66809082 -402.894378662 1249.39746094
0.0317199230194 8 643.622924805 -111.209594727 1555.0892334 654.303833008 232.127868652 1592.40209961 646.396606445 2.38093566895 1734.13781738 721.285888672 49.7942123413 1441.00622559 522.542175293 -240.453262329 1675.97314453 696.608520508 -133.909362793 1360.4987793 230.760437012 -358.595581055 1500.48803711 640.580810547 -403.705871582 1253.72290039
0.0361769199371 8 643.487304688 -108.762748718 1554.90563965 655.491760254 231.844665527 1591.51574707 644.200561523 0.42985534668 1734.18835449 723.327392578 53.7652053833 1448.71765137 514.64239502 -238.671173096 1667.35144043 697.814575195 -136.564361572 1359.68151855 223.601531982 -354.366973877 1492.77575684 637.830810547 -407.710845947 1266.28100586
0.0371329784393 8 646.464172363 -113.148094177 1557.58447266 656.355834961 231.127929688 1590.84057617 642.87677002 1.06335449219 1735.95129395 727.469299316 51.919052124 1452.40539551 511.956298828 -236.066833496 1664.2199707 701.484191895 -136.094604492 1359.05029297 214.517486572 -353.458557129 1486.28601074 646.409179688 -415.539672852 1278.75354004
0.0282251834869 8 647.100219727 -114.81943512 1557.5333252 657.333557129 230.703887939 1590.06677246 645.537536621 -0.0466461181641 1734.97338867 723.85736084 53.5243835449 1455.41210938 516.768676758 -233.652755737 1667.10180664 702.240966797 -127.501998901 1359.00305176 227.472869873 -355.831451416 1491.12475586 647.350402832 -414.718139648 1278.57446289
0.0356528759003 8 648.453552246 -113.661979675 1559.87121582 656.674194336 231.71786499 1589.5267334 649.762023926 3.1541595459 1735.38232422 718.795837402 54.7457275391 1454.31323242 521.054504395 -230.133529663 1671.46203613 697.800354004 -124.095993042 1359.36645508 228.150848389 -356.625976562 1489.34851074 646.778930664 -414.696411133 1287.27209473
0.0315301418304 8 647.927368164 -113.703849792 1559.5045166 657.035339355 232.132537842 1588.76782227 649.996276855 4.39962768555 1735.04248047 714.027770996 52.9101715088 1447.09179688 520.401245117 -227.478988647 1674.52661133 692.58026123 -107.030670166 1358.85913086 227.298248291 -354.710662842 1487.72668457 648.550598145 -416.485137939 1285.22717285
0.0314128398895 8 643.056030273 -112.489898682 1552.90673828 657.748718262 232.002655029 1588.33422852 645.634216309 13.4040374756 1732.18017578 697.190002441 50.7570953369 1417.20605469 520.426940918 -211.907180786 1677.01635742 691.192871094 -126.590438843 1357.67858887 227.104278564 -340.604003906 1492.22619629 648.327148438 -434.323364258 1286.72924805
0.0381140708923 8 642.461486816 -113.352333069 1550.85656738 658.193054199 232.218780518 1587.43371582 645.114868164 15.633605957 1733.0670166 691.274047852 51.09425354 1407.95959473 521.15802002 -213.742080688 1678.8260498 694.094848633 -154.940856934 1362.07897949 236.62097168 -341.806243896 1499.27282715 661.457275391 -426.366699219 1289.84899902
0.0299990177155 8 640.888427734 -124.207115173 1548.03918457 658.398254395 232.176574707 1587.22460938 645.175720215 7.76454162598 1732.7557373 682.919616699 49.1527328491 1407.55895996 518.700195312 -222.772125244 1677.78552246 692.212402344 -161.447021484 1355.69372559 236.080474854 -349.820007324 1496.96606445 650.229980469 -439.755645752 1289.63842773
0.0358028411865 8 644.395202637 -123.86756134 1559.09191895 658.235534668 232.256591797 1587.77099609 646.24420166 3.21603393555 1734.55981445 690.402648926 54.3808822632 1444.84082031 520.499084473 -229.620162964 1677.08898926 691.452026367 -140.722686768 1357.33618164 238.552734375 -353.317840576 1495.43762207 651.773620605 -426.364318848 1290.78918457
0.0317821502686 8 646.891540527 -123.133117676 1564.32104492 657.788085938 232.752700806 1588.30761719 648.961181641 3.03756713867 1749.02990723 695.41015625 58.9441833496 1443.76281738 520.472473145 -234.17829895 1677.05993652 693.016418457 -131.565826416 1357.17175293 237.278259277 -354.288391113 1495.55566406 659.597167969 -419.637695312 1293.87451172
0.0321459770203 8 646.10925293 -122.530418396 1563.44921875 656.757507324 233.377471924 1588.78881836 647.946777344 5.48028564453 1743.32971191 693.640991211 54.3008651733 1440.08654785 522.360839844 -231.752151489 1678.9029541 692.178955078 -143.962677002 1359.52514648 238.886230469 -345.525939941 1497.27099609 657.536132812 -417.028015137 1288.95251465
0.0359308719635 8 650.087463379 -128.891143799 1562.33337402 655.731140137 233.497085571 1589.35229492 647.91583252 -2.84283447266 1741.12695312 712.184387207 40.7844314575 1438.98803711 525.968505859 -240.034439087 1680.38037109 688.790405273 -139.090301514 1358.17883301 239.926422119 -341.976379395 1499.18444824 660.369384766 -401.230865479 1288.1817627
0.0321290493011 8 651.908691406 -128.929138184 1560.79785156 654.665039062 233.637207031 1588.86083984 647.483459473 -1.37666320801 1738.12219238 719.618103027 36.1831207275 1434.75671387 526.732421875 -239.277786255 1680.80236816 687.67401123 -140.193099976 1355.58837891 239.963226318 -333.970458984 1500.53112793 659.092712402 -399.28894043 1288.29187012
0.0323441028595 8 652.164123535 -128.322937012 1558.47912598 654.165588379 233.414871216 1588.16162109 647.029907227 1.04518127441 1734.9185791 719.810546875 34.533164978 1428.88342285 526.251953125 -237.054519653 1682.93835449 688.810241699 -144.119567871 1353.3046875 242.848999023 -327.401062012 1506.50744629 649.985534668 -406.329071045 1279.83276367
0.0439569950104 8 650.869934082 -126.945823669 1556.74658203 654.224914551 233.074584961 1588.80480957 645.309570312 -0.695190429688 1732.74719238 714.550170898 36.1586761475 1429.12219238 524.969360352 -237.631576538 1684.22680664 692.007995605 -145.102996826 1353.05236816 234.955749512 -323.820922852 1509.30883789 654.213684082 -403.62878418 1291.71923828
0.0281410217285 8 649.959655762 -125.812805176 1554.86962891 654.696350098 232.65473938 1589.84216309 643.709655762 -1.62524414062 1731.55895996 712.847106934 38.2262573242 1429.10412598 528.474975586 -237.487915039 1698.64648438 694.653381348 -117.450637817 1358.69506836 235.82510376 -311.032836914 1511.47131348 653.619689941 -405.348876953 1291.27990723
0.0313558578491 8 650.286804199 -121.383628845 1549.37963867 655.091552734 232.396789551 1590.23632812 638.828613281 -3.8814239502 1728.60070801 714.412475586 41.1850891113 1424.81066895 524.928833008 -238.574523926 1697.98010254 710.056396484 -117.381347656 1374.29992676 235.131713867 -306.526367188 1516.90246582 667.665100098 -381.39755249 1295.44128418
0.0358221530914 8 650.00378418 -121.296279907 1552.29431152 654.976806641 233.268188477 1591.16955566 640.140075684 2.79890441895 1726.23278809 708.485656738 41.8181304932 1426.89538574 530.672180176 -232.52192688 1706.85778809 704.102844238 -130.684082031 1365.11816406 229.759460449 -290.336853027 1521.74035645 655.11126709 -395.223815918 1293.42565918
0.0310118198395 8 650.497192383 -122.214622498 1552.11328125 655.526550293 233.725158691 1592.69213867 639.842956543 1.61795043945 1726.73779297 708.526184082 40.95362854 1425.81860352 532.955932617 -231.245132446 1710.6697998 700.740234375 -134.213485718 1359.91430664 231.150665283 -275.978881836 1528.74035645 656.458496094 -380.170959473 1295.36950684
0.0348961353302 8 649.799377441 -119.680801392 1550.24902344 656.611694336 233.39225769 1593.96020508 639.067443848 2.70133972168 1724.76904297 707.746765137 44.5577774048 1426.89013672 532.022094727 -232.950485229 1707.39208984 700.025390625 -135.685760498 1357.70825195 229.602111816 -263.811431885 1531.50830078 635.508361816 -390.319580078 1243.06445312
0.0315799713135 8 650.851806641 -124.302947998 1553.76135254 657.054016113 232.557830811 1595.11877441 643.710388184 -11.5952148438 1740.20495605 707.610290527 44.2423706055 1427.72155762 530.682739258 -235.153045654 1709.42687988 699.176879883 -148.721237183 1347.54602051 229.791748047 -255.536621094 1539.46057129 641.879394531 -389.135467529 1232.24987793
0.0330259799957 8 648.972351074 -125.469207764 1552.02185059 657.37713623 232.657104492 1597.48254395 643.65802002 -11.8635864258 1731.9029541 702.871032715 41.8038864136 1431.99621582 529.916931152 -234.658935547 1708.19616699 693.358764648 -148.705505371 1341.49267578 228.96774292 -238.642166138 1543.96484375 642.387023926 -387.086975098 1232.39440918
0.0302119255066 8 649.102539062 -126.905395508 1549.95910645 657.82208252 232.614227295 1598.66125488 645.294799805 -11.4745941162 1725.03710938 702.59765625 37.6362533569 1431.40429688 520.204772949 -225.476791382 1716.52722168 688.337463379 -149.295806885 1338.50292969 222.087097168 -216.463119507 1543.78356934 639.250305176 -394.037872314 1242.94238281
0.0425190925598 8 651.096557617 -124.569389343 1548.58374023 658.442749023 231.995239258 1598.40576172 647.855651855 -4.65936279297 1723.47570801 718.148132324 42.8371810913 1436.98132324 515.599853516 -217.626525879 1719.78137207 681.271972656 -148.150604248 1335.19421387 216.333099365 -190.376220703 1544.00939941 631.719726562 -385.962188721 1233.78564453
0.0311410427094 8 650.428894043 -130.905853271 1550.64343262 658.898925781 232.329483032 1598.24841309 651.540466309 -5.11421203613 1725.83166504 706.420349121 42.6728973389 1435.53088379 529.254821777 -211.237716675 1751.02307129 672.101196289 -122.826873779 1349.23071289 221.428588867 -186.545074463 1552.34155273 630.561462402 -390.436218262 1238.33251953
0.0302019119263 8 649.700744629 -122.242607117 1553.80297852 659.727661133 232.432098389 1599.3260498 648.815429688 0.513320922852 1738.48010254 706.505737305 57.8808059692 1437.59631348 518.278747559 -225.201904297 1745.95166016 682.030517578 -98.3877487183 1374.09130859 208.929748535 -175.653060913 1553.9901123 633.704406738 -382.35333252 1244.35119629
0.0366880893707 8 649.437255859 -121.281738281 1552.6541748 661.0859375 232.302368164 1600.25732422 649.804992676 -1.93560791016 1734.82165527 703.71295166 55.9626083374 1438.34289551 525.022216797 -218.394866943 1750.90539551 682.274414062 -102.901603699 1365.47839355 209.434326172 -153.640701294 1557.37609863 649.82824707 -376.239379883 1265.55041504
0.0331819057465 8 652.731445312 -102.952011108 1561.44506836 661.723449707 232.683868408 1600.84509277 653.002258301 6.67184448242 1741.89111328 707.138244629 64.9581604004 1445.58251953 511.423583984 -196.392837524 1751.96459961 682.200622559 -99.2881469727 1358.66577148 209.189880371 -141.332199097 1562.17333984 649.414245605 -373.659362793 1264.74719238
0.0276210308075 8 655.939025879 -103.773468018 1565.22033691 662.281066895 232.900772095 1600.86083984 659.683410645 -4.07638549805 1758.3458252 712.217346191 69.3230285645 1446.38806152 489.859985352 -188.491577148 1748.24023438 694.572998047 -88.8688049316 1364.55737305 203.808349609 -129.209854126 1560.17797852 633.964477539 -392.637939453 1203.52612305
0.0352230072021 8 654.171203613 -107.693450928 1562.03271484 663.13494873 233.635421753 1600.43920898 658.06048584 -0.822647094727 1754.06848145 709.390319824 70.1789398193 1445.30090332 486.789611816 -185.712265015 1753.84802246 692.274963379 -93.0444488525 1358.92480469 203.766326904 -110.264701843 1559.55627441 632.067260742 -388.598205566 1204.55285645
0.0315871238708 8 657.750061035 -106.906661987 1569.51416016 664.026123047 234.309967041 1599.46508789 656.590209961 9.78230285645 1752.51635742 709.966186523 61.5415496826 1442.99951172 494.297729492 -193.765792847 1729.24938965 692.85949707 -99.1448364258 1356.00891113 207.969268799 -79.5660476685 1575.40185547 656.917297363 -376.209960938 1274.9407959
0.0316548347473 8 655.79296875 -106.447814941 1567.85119629 665.467224121 234.39074707 1598.99023438 656.920471191 9.83897399902 1748.87036133 706.006774902 61.1848907471 1442.67333984 489.175354004 -189.732528687 1735.43737793 691.897583008 -93.8359069824 1356.84020996 226.798339844 -103.707206726 1589.33789062 655.750793457 -375.994567871 1272.99389648
0.0396630764008 8 654.323486328 -105.513412476 1566.01257324 666.804748535 234.99118042 1598.48388672 655.920898438 8.93232727051 1746.43371582 703.506713867 61.5903091431 1442.28161621 497.8253479 -201.636688232 1700.11767578 692.321350098 -98.0114974976 1351.31689453 205.757537842 -38.809173584 1579.3848877 645.895629883 -400.767944336 1278.27905273
0.0281670093536 8 646.071105957 -93.1736831665 1563.4777832 668.259094238 235.245178223 1598.1217041 644.446044922 20.4720230103 1739.66662598 705.020507812 61.5569839478 1434.85534668 488.48449707 -192.199615479 1703.39929199 703.334411621 -101.784858704 1351.72375488 199.86151123 -20.4706115723 1583.36999512 662.665283203 -380.284790039 1273.70324707
0.0320498943329 8 648.921386719 -84.5635681152 1570.0625 669.672424316 236.21472168 1598.44592285 651.309020996 25.8375549316 1742.57507324 707.170837402 75.3634033203 1456.11120605 481.118255615 -175.660064697 1691.00390625 699.344238281 -98.4958190918 1350.07824707 205.527679443 1.63912963867 1584.70898438 661.318115234 -371.193878174 1278.38684082
0.0359990596771 8 648.315612793 -68.0378570557 1574.71130371 670.727111816 237.103363037 1598.21472168 653.934997559 39.1255569458 1756.52575684 719.565124512 96.1030807495 1462.67028809 479.407897949 -189.172851562 1686.75732422 710.368469238 -58.544670105 1348.05053711 197.85458374 1.45358276367 1588.859375 632.319335938 -389.867736816 1212.0871582
0.0363659858704 8 647.146911621 -63.3884506226 1577.79260254 672.318115234 238.02532959 1598.19506836 649.825073242 40.87840271 1761.06164551 724.459228516 100.038665771 1469.2545166 479.831298828 -183.910385132 1687.05566406 712.694396973 -44.989151001 1346.31835938 197.177612305 7.10632324219 1595.62072754 634.043518066 -388.642150879 1216.03869629
0.0317161083221 8 645.412658691 -66.9011611938 1576.87902832 674.530029297 238.94619751 1599.17590332 647.973022461 34.3299102783 1761.74401855 723.413085938 90.9175415039 1460.95495605 472.820495605 -179.225067139 1683.74902344 713.325561523 -55.0783233643 1348.92578125 192.014801025 30.5954742432 1594.74780273 635.190795898 -387.085571289 1213.12719727
0.0344688892365 8 645.465148926 -78.67918396 1582.05908203 675.955932617 238.56022644 1599.66723633 655.080688477 36.9919662476 1757.44458008 711.313476562 73.8259353638 1453.06933594 449.206268311 -152.22366333 1692.72814941 701.386169434 -71.8725357056 1345.74279785 197.981124878 55.2206878662 1602.77368164 624.137023926 -398.040863037 1208.11889648
0.0313460826874 8 640.46661377 -93.2827606201 1579.27770996 677.52746582 238.632492065 1599.41479492 648.537841797 25.9971160889 1735.62219238 696.820556641 42.7746734619 1448.70617676 413.060424805 -120.389450073 1693.75891113 686.208984375 -106.276947021 1339.64562988 221.097229004 102.692855835 1605.90356445 610.180480957 -427.050598145 1205.50708008
0.0312960147858 8 643.809143066 -94.0461425781 1582.00268555 680.890441895 239.090148926 1597.90307617 657.412536621 30.9110946655 1737.1451416 697.47857666 43.2741470337 1447.35070801 427.817443848 -114.754646301 1693.78552246 685.803649902 -109.232261658 1340.0838623 224.389556885 108.832023621 1609.95983887 615.460449219 -436.614593506 1201.63049316
0.0352458953857 8 646.329467773 -90.3436965942 1587.421875 681.798828125 238.605987549 1596.9822998 663.71685791 42.2991027832 1742.87451172 696.941223145 47.8707427979 1444.60351562 438.642211914 -116.139907837 1693.59729004 684.033081055 -108.516616821 1341.66296387 226.056182861 118.095336914 1610.23388672 606.682739258 -430.699707031 1205.04821777
0.0319170951843 8 638.812133789 -86.2004089355 1579.44482422 683.822875977 239.103546143 1596.19628906 651.503173828 59.36743927 1721.91882324 678.4921875 45.2302474976 1428.44372559 420.583557129 -74.2621383667 1689.49377441 680.281860352 -131.973114014 1341.94213867 231.066268921 151.176025391 1613.91638184 602.914916992 -451.944580078 1205.63989258
0.0360128879547 8 638.345031738 -82.486076355 1579.71789551 684.825561523 239.67376709 1595.95178223 653.911010742 68.2475357056 1725.6385498 673.655029297 50.1571731567 1420.29821777 397.716674805 -52.0000228882 1711.12304688 681.993408203 -138.877990723 1342.58129883 231.638565063 169.367248535 1616.63671875 643.325439453 -420.939178467 1273.27514648
0.0320880413055 8 635.203063965 -73.4397888184 1579.17163086 685.452087402 240.850646973 1595.39855957 652.239562988 89.2300262451 1727.76464844 661.577453613 64.6071929932 1408.64599609 383.243286133 -27.0018615723 1711.74853516 686.442443848 -154.080596924 1346.33959961 228.782806396 203.87020874 1618.85473633 647.565063477 -437.963592529 1275.56152344
0.0317089557648 8 636.347045898 -74.4990921021 1580.09240723 686.264282227 240.980041504 1595.26733398 653.520751953 89.0468444824 1727.48022461 662.753051758 61.7223968506 1408.30249023 380.582611084 -21.1774978638 1708.91601562 685.020019531 -152.798614502 1346.30895996 229.784088135 213.28024292 1619.96569824 643.336914062 -427.632293701 1269.60510254
0.0360751152039 8 634.738952637 -72.9767456055 1577.43933105 688.082885742 241.864486694 1594.11328125 649.961181641 95.1335296631 1724.33007812 658.899780273 64.8643417358 1402.83764648 382.058532715 -11.4425125122 1708.92541504 684.898620605 -156.145385742 1346.20898438 230.019287109 248.246673584 1620.80578613 642.214538574 -459.085998535 1271.59936523
0.0320720672607 8 629.04876709 -74.5375137329 1571.16064453 688.498474121 242.643218994 1593.1730957 640.432128906 100.701675415 1720.23156738 644.24206543 57.4538879395 1382.99084473 377.696655273 1.49772644043 1704.31225586 688.373168945 -161.500183105 1347.58117676 209.584365845 298.733947754 1629.0916748 645.547790527 -465.527832031 1273.421875
0.0318880081177 8 624.160766602 -79.1659164429 1566.3503418 689.428527832 243.465270996 1591.96594238 621.023010254 97.755027771 1699.10241699 643.381408691 44.94115448 1384.24597168 380.43170166 19.6868362427 1708.76489258 684.368103027 -174.498168945 1349.15625 236.196472168 228.008880615 1636.1706543 643.282165527 -483.832214355 1282.86022949
0.0360059738159 8 616.292602539 -78.5123748779 1560.90148926 690.00970459 243.757415771 1590.72558594 602.299804688 105.774368286 1695.02734375 632.388916016 46.0852203369 1370.20922852 374.166931152 42.4355773926 1710.05358887 690.308105469 -182.823455811 1351.43493652 232.170608521 296.388366699 1631.73413086 647.086486816 -496.693634033 1270.39672852
0.0370888710022 8 616.198669434 -80.5563964844 1561.34472656 690.703063965 244.241500854 1590.00891113 595.511352539 101.006767273 1691.70166016 637.266601562 40.2131729126 1373.31030273 355.651824951 73.7537155151 1712.45458984 689.14855957 -180.333404541 1353.01696777 233.396286011 310.378967285 1633.36096191 648.805236816 -491.474304199 1275.74682617
0.0398499965668 8 615.951782227 -84.410369873 1560.14001465 691.978149414 245.038604736 1589.45080566 591.692382812 96.6994476318 1690.23181152 639.806640625 37.7263031006 1373.52062988 352.203796387 87.2352218628 1707.00720215 687.854187012 -184.375595093 1347.95263672 240.903839111 269.354309082 1633.83984375 648.549316406 -488.871948242 1276.42895508
0.0237529277802 8 619.819519043 -93.1371307373 1562.59301758 694.178771973 245.73059082 1587.93103027 595.124267578 78.5732116699 1688.26147461 651.715209961 27.5316772461 1388.49951172 355.703216553 78.8835830688 1702.14294434 668.893798828 -184.77180481 1343.55358887 241.358062744 331.298950195 1642.52075195 643.578674316 -474.750793457 1280.84509277
0.0344240665436 8 620.941650391 -95.8977432251 1563.62548828 694.51385498 245.843780518 1587.5201416 595.286987305 72.7161560059 1687.76293945 656.262573242 26.9737091064 1395.83398438 360.155456543 80.7080154419 1705.20788574 671.265075684 -174.613708496 1342.81005859 240.851959229 383.185882568 1648.12854004 639.143676758 -470.609527588 1276.50317383
0.0287179946899 8 617.946044922 -92.9807434082 1560.42126465 694.974365234 246.698654175 1587.62573242 590.934509277 80.6239929199 1687.89978027 649.535339355 32.9837341309 1386.48425293 356.602813721 92.2699737549 1705.6126709 678.222351074 -175.305053711 1347.1340332 244.023101807 298.137817383 1649.49316406 644.279907227 -470.160919189 1280.35839844
0.0383291244507 8 616.683837891 -93.0774765015 1556.4588623 696.087158203 247.125030518 1586.32214355 593.91027832 80.2784729004 1688.87658691 645.589477539 38.0961151123 1383.07116699 361.573913574 103.411056519 1708.69335938 677.451965332 -173.477935791 1345.13781738 236.564300537 451.289916992 1652.85717773 642.535766602 -472.273254395 1279.38110352
0.0304720401764 8 620.711853027 -93.2354660034 1558.14160156 696.998596191 247.2890625 1584.75671387 603.62902832 78.0986480713 1687.92529297 650.705078125 40.6909484863 1391.84326172 368.780517578 96.3430023193 1707.78881836 674.999267578 -167.58694458 1345.19506836 249.915374756 390.527709961 1647.71801758 640.405090332 -460.014312744 1281.23730469
0.0317199230194 8 621.21673584 -94.2175216675 1556.87524414 697.395080566 248.938537598 1583.54541016 606.221252441 77.3211898804 1688.13964844 650.870056152 44.1195297241 1392.97216797 372.425506592 95.2677154541 1708.4564209 675.75592041 -165.207244873 1343.9284668 258.155487061 297.35760498 1641.36218262 640.135437012 -457.927612305 1282.01867676
0.0418319702148 8 619.641540527 -101.588142395 1558.38952637 697.960449219 250.373931885 1582.35852051 607.894775391 78.0386581421 1686.1887207 649.038452148 44.0030136108 1395.06347656 374.965240479 94.2999420166 1706.65576172 674.562744141 -159.006286621 1346.67199707 242.217697144 466.450805664 1667.98608398 638.212585449 -461.291015625 1279.26257324
0.0267889499664 8 620.45690918 -97.2276229858 1555.49865723 698.345336914 251.269592285 1580.73034668 610.342468262 81.807975769 1680.98156738 648.436462402 49.2463302612 1395.29724121 377.370300293 97.2865142822 1706.30993652 675.66003418 -154.791503906 1347.5958252 263.292816162 313.554504395 1639.72033691 640.688598633 -449.257263184 1284.28649902
0.0315110683441 8 619.716552734 -95.9338607788 1553.37023926 698.642883301 251.735076904 1579.36535645 608.447753906 79.6559753418 1680.4901123 647.885864258 48.2723846436 1393.59143066 376.730743408 99.7593460083 1706.11706543 676.27520752 -151.894042969 1348.85168457 254.459136963 317.839935303 1645.9888916 641.643615723 -441.801971436 1284.64550781
0.035383939743 8 622.770202637 -96.3030471802 1544.91650391 698.501464844 251.664855957 1577.81445312 609.601074219 64.8013305664 1682.38269043 662.739990234 48.7170257568 1395.26184082 377.629455566 94.4516372681 1708.6875 674.38104248 -136.277404785 1347.84118652 254.812545776 392.998718262 1646.47631836 640.275268555 -426.897460938 1284.125
0.0320961475372 8 619.262084961 -95.6791305542 1542.77612305 697.742858887 252.263275146 1576.77368164 604.239868164 63.3809738159 1683.62011719 658.439208984 51.8939437866 1394.28344727 373.579101562 108.522964478 1709.64916992 677.250671387 -141.503112793 1345.93554688 250.048187256 330.376190186 1650.62158203 643.610656738 -418.716064453 1285.90734863
0.0319249629974 8 618.282470703 -98.0806121826 1541.54760742 697.505249023 252.483520508 1575.50476074 603.035461426 60.4713516235 1682.51330566 656.278747559 50.2070846558 1393.86730957 374.073242188 116.532546997 1707.13061523 677.7890625 -149.104034424 1333.04931641 258.525695801 396.006713867 1641.62109375 643.603881836 -422.38571167 1285.60498047
0.0359258651733 8 619.825195312 -101.306022644 1540.98828125 697.193054199 253.200469971 1573.61523438 604.336303711 56.4547653198 1681.69726562 661.299072266 45.5796432495 1393.91064453 376.361206055 118.032264709 1704.02648926 673.129089355 -161.500701904 1325.87915039 236.149185181 455.943267822 1640.35900879 640.776428223 -431.022674561 1282.70666504
0.0321180820465 8 621.839294434 -100.581085205 1542.88122559 696.985412598 254.107467651 1569.80834961 606.891662598 59.7352218628 1680.0625 664.479064941 43.2044448853 1393.71362305 378.587432861 124.497253418 1702.22595215 672.250488281 -169.530792236 1326.9309082 265.12097168 415.942352295 1644.97521973 637.389892578 -442.932647705 1278.2578125
0.0385499000549 8 621.815917969 -99.0532455444 1542.07702637 696.308288574 253.875457764 1568.41906738 606.893981934 62.4685897827 1678.67907715 662.766052246 43.4554672241 1390.46447754 378.825561523 130.429901123 1700.25842285 673.151123047 -161.051086426 1334.45361328 269.830108643 407.188293457 1649.55810547 635.698608398 -448.76864624 1277.31237793
0.0449631214142 8 620.53918457 -98.3200073242 1539.43640137 695.3515625 254.337402344 1563.88684082 606.421447754 63.1220245361 1677.11230469 659.902282715 44.4653167725 1386.85742188 379.741638184 133.591278076 1698.48291016 674.379272461 -160.677780151 1337.71252441 269.804046631 400.031402588 1646.31262207 635.881530762 -451.273071289 1277.80480957
0.0305988788605 8 619.923095703 -95.2263641357 1533.59899902 693.37902832 255.106918335 1559.7401123 604.107543945 61.3090820312 1675.88452148 659.659667969 50.2497253418 1384.41357422 378.17288208 135.433654785 1697.41149902 677.122619629 -155.736190796 1339.70654297 266.971435547 419.627563477 1646.66333008 635.710632324 -454.00390625 1275.85974121
0.028596162796 8 620.656433105 -91.8359985352 1534.71240234 693.009033203 254.942230225 1560.59680176 603.044006348 65.8432693481 1675.13378906 658.404602051 50.3962020874 1382.27832031 376.572143555 147.592300415 1698.05554199 677.975891113 -157.982055664 1339.74121094 260.669616699 432.883300781 1649.33862305 637.334655762 -456.047729492 1276.4597168
0.0340378284454 8 620.765014648 -89.4641418457 1534.30834961 692.348632812 255.633560181 1560.66369629 602.621459961 68.3925704956 1674.46508789 657.141601562 51.9371109009 1380.76928711 376.938293457 148.157531738 1700.05419922 679.753417969 -158.829193115 1340.75476074 267.090698242 432.85369873 1645.95629883 639.402526855 -451.855133057 1276.99523926
0.0324909687042 8 620.303100586 -87.9601974487 1532.22058105 689.176391602 257.481414795 1553.23156738 603.188781738 71.6415100098 1669.6583252 655.394226074 54.6445770264 1380.27600098 377.975097656 147.311782837 1701.36279297 679.840698242 -158.368469238 1342.23034668 268.971679688 460.707458496 1647.81518555 642.290161133 -444.698425293 1279.97155762
0.0282261371613 8 620.215393066 -86.1299667358 1530.82751465 689.172058105 257.736694336 1551.81652832 604.065124512 75.0593414307 1666.1159668 654.296203613 56.9388427734 1379.44873047 378.925598145 149.999847412 1704.09533691 672.724182129 -131.715911865 1343.99084473 266.615783691 461.72454834 1649.34326172 644.149230957 -418.504486084 1285.29187012
0.0355050563812 8 620.22442627 -85.0741043091 1531.16247559 690.02947998 258.699127197 1552.12097168 604.668151855 75.7468338013 1666.98071289 653.315734863 57.2526931763 1378.84716797 380.214416504 150.849990845 1704.33215332 676.632751465 -143.764526367 1344.20141602 262.509033203 448.258544922 1649.85180664 646.777832031 -402.708709717 1290.0378418
0.0305268764496 8 621.328735352 -81.3253250122 1532.55065918 690.852294922 259.164337158 1551.57849121 606.473693848 81.0608520508 1663.90856934 652.58392334 57.9200286865 1379.32312012 380.810791016 154.457489014 1705.46081543 677.986938477 -149.620834351 1344.41418457 271.814453125 454.168823242 1645.28173828 648.882995605 -382.681610107 1294.65344238
0.0315301418304 8 622.311218262 -80.3025436401 1534.85180664 690.811950684 259.406555176 1551.4921875 607.708984375 82.5519485474 1664.43334961 649.919189453 55.3822402954 1378.79541016 383.145355225 156.82800293 1705.30029297 677.00378418 -153.922210693 1343.92700195 277.731048584 441.200195312 1650.93994141 643.257202148 -422.072906494 1286.45263672
0.0357999801636 8 623.197143555 -79.0167007446 1535.74108887 690.144348145 260.221221924 1549.82543945 609.340942383 85.4897842407 1661.81665039 648.531494141 54.3912734985 1378.54736328 385.271789551 157.257369995 1705.19812012 676.719055176 -156.39163208 1344.33691406 265.915130615 472.319458008 1649.55432129 641.846740723 -426.362823486 1284.9029541
0.0315279960632 8 623.561279297 -78.1469192505 1537.64440918 690.432739258 260.481903076 1549.13598633 610.263000488 86.8719558716 1662.10913086 648.06036377 51.9097671509 1378.3190918 387.075012207 160.116348267 1706.39685059 676.012145996 -159.199859619 1346.59277344 269.69732666 451.612487793 1647.78369141 641.130371094 -432.161437988 1285.06274414
0.0315790176392 8 616.780883789 -77.6595993042 1533.53808594 689.979187012 260.328430176 1549.08398438 604.721618652 85.4784088135 1660.02478027 654.417541504 53.3836669922 1378.07287598 381.327941895 157.330444336 1705.54406738 683.985351562 -164.114273071 1342.83447266 263.997741699 461.675415039 1648.39978027 648.847473145 -431.873840332 1285.89135742
0.0354228019714 8 618.492675781 -80.3530731201 1536.15124512 689.602111816 260.310913086 1548.95874023 601.92401123 86.9644851685 1659.27807617 661.411560059 51.0595932007 1380.20703125 378.60144043 158.17300415 1705.37463379 688.639587402 -163.688415527 1343.35925293 261.083465576 452.930419922 1650.25561523 642.789245605 -466.378845215 1277.20996094
0.0315480232239 8 619.703918457 -78.7211303711 1536.49401855 689.244567871 260.233459473 1548.79174805 607.151184082 85.8609466553 1660.34619141 658.906677246 50.3660736084 1380.34082031 382.768249512 156.617294312 1705.76745605 685.298339844 -161.226364136 1342.1472168 257.364562988 379.957519531 1654.65649414 640.184387207 -461.444763184 1277.77453613
0.0355751514435 8 619.890075684 -77.7884597778 1537.63244629 689.19732666 260.789001465 1548.08569336 609.172363281 88.2902679443 1659.92297363 657.018310547 49.5758972168 1379.3548584 383.743255615 158.258102417 1705.40490723 683.44543457 -162.115936279 1342.90270996 265.765991211 455.175231934 1639.82299805 651.575073242 -405.270874023 1291.85083008
0.0316979885101 8 619.262939453 -78.6859207153 1537.23156738 689.221435547 261.11920166 1547.87780762 609.241699219 87.2630844116 1659.68615723 655.580932617 48.5472335815 1378.7154541 385.508544922 158.627822876 1706.39807129 683.565368652 -162.753326416 1343.80773926 257.927886963 381.640380859 1650.81262207 651.68536377 -400.679595947 1291.93310547
0.0321199893951 8 618.414916992 -79.928062439 1537.91796875 689.154785156 261.238739014 1547.1862793 610.024963379 87.0628814697 1660.08374023 653.41607666 47.1587219238 1378.21606445 388.671081543 159.807373047 1706.75793457 682.09161377 -166.390533447 1344.55749512 257.929504395 374.785644531 1651.57287598 653.226074219 -384.61932373 1296.79455566
0.0393459796906 8 619.092895508 -80.949005127 1537.74694824 689.533203125 262.036010742 1547.70092773 611.538024902 84.6432571411 1661.18994141 653.81463623 46.8275375366 1379.0534668 391.01171875 153.93309021 1707.22045898 681.837280273 -160.895874023 1345.63537598 250.015884399 443.136535645 1646.39477539 652.652160645 -396.218078613 1294.49584961
0.0281879901886 8 619.911437988 -83.5936279297 1539.61889648 690.126647949 262.472839355 1547.84472656 613.556945801 83.0428009033 1661.23608398 651.659606934 42.2793731689 1379.16064453 393.412780762 151.185821533 1707.50866699 675.31628418 -156.672180176 1349.72509766 244.599807739 479.73739624 1656.34436035 649.386413574 -406.904052734 1291.22814941
0.0367588996887 8 620.196716309 -82.0670089722 1540.09851074 690.422607422 262.618347168 1549.26098633 614.843566895 85.8866958618 1660.71057129 648.784118652 40.1056594849 1375.65710449 393.376586914 153.283081055 1707.45214844 675.463012695 -155.188964844 1350.67749023 244.885986328 477.105316162 1654.5189209 648.750366211 -416.44744873 1289.76489258
0.0363759994507 8 616.616699219 -76.4175186157 1538.63476562 690.338623047 263.823059082 1550.19543457 612.244934082 97.9173812866 1659.61120605 635.024719238 47.7397689819 1367.4822998 390.178344727 165.853881836 1706.43579102 679.874389648 -163.981689453 1354.0612793 241.526977539 486.042480469 1654.14709473 654.581604004 -417.097167969 1294.36340332
0.0313241481781 8 619.356872559 -79.0928268433 1540.4720459 689.874938965 264.002227783 1551.03271484 614.681945801 92.2466125488 1660.11035156 640.712463379 42.7628936768 1371.98608398 392.84161377 161.60647583 1706.33679199 676.702453613 -160.069229126 1350.82592773 243.969680786 472.782196045 1652.93408203 654.054504395 -369.50491333 1297.65795898
0.0352699756622 8 621.217712402 -80.6035842896 1542.70471191 690.007080078 263.207580566 1551.23144531 616.71661377 90.5547637939 1661.6282959 644.785949707 41.6181945801 1375.47839355 394.701599121 161.0809021 1707.02319336 675.734008789 -160.682418823 1349.65148926 257.250061035 467.981018066 1645.52978516 656.009033203 -344.351928711 1305.22094727
0.0314660072327 8 624.401428223 -81.4071884155 1545.71386719 690.047851562 263.189544678 1551.48120117 621.137634277 87.2948532104 1664.10168457 652.524597168 42.3341903687 1383.28283691 401.116760254 157.454681396 1711.04614258 672.217895508 -159.777984619 1347.41271973 268.468078613 465.959503174 1654.60925293 650.151733398 -355.610900879 1300.19628906
0.0315229892731 8 623.752685547 -81.7771453857 1544.7467041 690.814819336 263.428039551 1552.3527832 622.708496094 85.6546401978 1665.69287109 650.019287109 41.7425765991 1381.2980957 405.405395508 141.803451538 1724.33642578 669.521057129 -156.911987305 1344.7244873 271.659179688 454.633666992 1658.88952637 645.949584961 -371.719177246 1294.91491699
0.0316648483276 8 625.520141602 -83.6017303467 1547.21130371 691.458618164 263.517028809 1552.39318848 624.421386719 80.0907592773 1673.95507812 653.53125 40.9894104004 1384.26098633 408.578186035 135.894485474 1732.20275879 665.39263916 -163.231369019 1334.54748535 278.036560059 440.571777344 1655.21606445 640.900512695 -395.770935059 1290.58312988
0.0351111888885 8 624.912414551 -84.7155761719 1548.50415039 691.67767334 263.318786621 1552.12573242 621.717834473 78.7485961914 1678.1842041 651.764343262 38.7761535645 1382.44274902 403.027618408 129.232589722 1733.82312012 664.557067871 -164.943862915 1337.5135498 283.047637939 410.526733398 1656.55310059 638.364074707 -417.727355957 1285.99084473
0.0316710472107 8 625.464538574 -83.9383239746 1546.88745117 692.370178223 263.16809082 1551.65942383 624.133972168 79.7005996704 1675.24633789 650.74005127 39.3121871948 1381.27978516 404.61151123 101.786682129 1738.79064941 654.707824707 -174.282989502 1345.2833252 290.165649414 387.68862915 1657.96313477 631.71472168 -456.590118408 1276.23742676
0.0313949584961 8 625.257324219 -85.8527450562 1548.23522949 692.873657227 262.97479248 1551.89074707 622.854675293 77.7600250244 1677.85876465 649.444274902 36.3525085449 1380.7298584 404.761535645 85.0788879395 1743.83605957 659.118103027 -174.246246338 1343.80627441 297.750640869 359.216705322 1658.48828125 626.090637207 -475.134155273 1274.02038574
0.0358858108521 8 627.162719727 -87.2869567871 1548.71325684 693.481933594 263.082305908 1551.47717285 627.287353516 76.8225326538 1676.42236328 651.515625 36.1587600708 1383.15478516 408.211914062 61.2453765869 1750.69702148 660.653869629 -168.363494873 1344.01269531 301.314239502 318.428405762 1655.11340332 615.55657959 -476.869476318 1277.0826416
0.0363171100616 8 629.894042969 -88.717376709 1549.01660156 693.954589844 262.918823242 1550.60668945 636.094787598 75.3259048462 1677.28125 651.096618652 34.8109970093 1382.60864258 420.732147217 26.5444145203 1755.71411133 664.663635254 -169.903869629 1345.7532959 301.265563965 270.461181641 1647.27734375 619.811218262 -472.636291504 1277.41223145
0.031317949295 8 627.997375488 -81.7057189941 1544.17041016 694.231506348 262.61541748 1548.95446777 642.310424805 92.4015350342 1678.50683594 634.688476562 44.6744842529 1363.76049805 432.132720947 1.69271850586 1759.87744141 673.834289551 -185.207778931 1346.83276367 289.379241943 224.561706543 1633.82385254 637.592041016 -479.573852539 1277.64978027
0.0353829860687 8 627.830688477 -80.9178237915 1541.96228027 694.699768066 262.134368896 1547.64624023 646.205566406 93.0985870361 1683.1517334 629.600952148 46.6105041504 1356.79431152 441.729034424 -23.3762130737 1761.97021484 678.015930176 -184.937683105 1347.49377441 280.153259277 155.30279541 1624.34643555 637.429626465 -487.859069824 1277.44689941
0.0320060253143 8 633.425720215 -83.7930450439 1547.99243164 695.161132812 261.398254395 1545.96472168 657.347595215 81.2017364502 1700.46032715 638.475280762 48.7295379639 1365.08752441 471.402526855 -85.7526702881 1757.47375488 678.290283203 -169.783004761 1348.24353027 272.264343262 58.565032959 1611.71838379 637.054260254 -474.526245117 1277.93933105
0.0316770076752 8 632.530639648 -79.1246566772 1541.52478027 695.322509766 260.923309326 1544.67248535 654.299743652 79.335395813 1698.74890137 640.230895996 53.6071853638 1360.89855957 492.571807861 -126.348335266 1748.34240723 687.660949707 -169.676513672 1349.88098145 271.991088867 -19.0797576904 1604.39538574 651.875366211 -462.372955322 1277.20666504
0.0356850624084 8 643.311706543 -81.5208282471 1542.21069336 695.870788574 260.538299561 1543.59204102 662.747009277 87.8968505859 1701.26879883 654.778625488 69.3319091797 1364.75244141 518.220397949 -140.629684448 1746.32775879 697.457336426 -149.564971924 1350.90026855 267.425079346 -114.399307251 1597.1706543 664.794006348 -400.096679688 1285.93762207
0.0307819843292 8 647.647521973 -75.9359588623 1551.91064453 695.903991699 260.030395508 1542.55273438 665.38885498 82.6487197876 1706.48742676 666.075866699 85.9734725952 1400.90246582 531.642211914 -139.180023193 1749.74572754 693.708557129 -152.880584717 1348.57775879 287.588928223 -183.85647583 1597.35583496 661.186340332 -409.117614746 1283.80090332
0.0319929122925 8 654.185913086 -93.4332885742 1552.21362305 695.99597168 259.376464844 1542.15368652 672.07635498 68.314666748 1705.3013916 680.698547363 70.2828674316 1402.50622559 541.630981445 -152.068832397 1748.59875488 692.350585938 -143.309875488 1348.38049316 310.720703125 -240.631988525 1640.60827637 647.439331055 -445.713623047 1276.39855957
0.0352861881256 8 646.995910645 -82.6924209595 1538.41931152 695.187744141 259.201202393 1542.13061523 668.713134766 66.8631744385 1711.48132324 664.883544922 86.1809387207 1383.65930176 551.073120117 -151.909164429 1749.39160156 700.695617676 -153.08555603 1344.78295898 336.333374023 -268.681762695 1644.87133789 652.762695312 -462.074523926 1274.94360352
0.0314919948578 8 638.077941895 -71.9097595215 1531.69763184 693.913452148 258.857208252 1542.56884766 671.885681152 71.9521713257 1715.7166748 647.079772949 99.7298965454 1369.95446777 565.040771484 -165.528381348 1741.6697998 691.964660645 -142.489959717 1342.76989746 367.541381836 -320.372009277 1639.83459473 649.009277344 -464.454772949 1273.57653809
0.0317068099976 8 634.406188965 -68.7070770264 1528.72961426 692.358581543 258.074035645 1542.61706543 674.435119629 68.8226165771 1718.64331055 642.761901855 105.854385376 1367.35351562 577.179138184 -171.51008606 1742.48522949 688.725891113 -118.459793091 1343.12805176 409.820922852 -370.212463379 1629.09655762 662.432800293 -431.034362793 1275.05651855
0.0408370494843 8 640.854919434 -75.6525878906 1530.70776367 691.079650879 257.096862793 1543.19555664 682.27734375 52.6603469849 1724.06677246 659.459594727 95.0361557007 1369.19372559 586.401733398 -183.833526611 1741.26477051 686.612304688 -90.2318191528 1348.07824707 436.301513672 -420.109924316 1620.4119873 660.84552002 -394.708831787 1282.51989746
0.0326359272003 8 649.578552246 -80.6147918701 1540.71398926 683.404968262 256.094116211 1548.67614746 686.007080078 48.0291595459 1722.02282715 673.970214844 88.0059967041 1393.33312988 595.378112793 -184.791610718 1749.51245117 683.637573242 -86.0802001953 1350.1739502 466.807495117 -449.030883789 1618.6628418 658.363525391 -383.417877197 1283.83886719
0.0334501266479 8 654.599060059 -82.146987915 1544.93908691 678.118408203 256.302246094 1553.19665527 688.031616211 40.6993255615 1723.97705078 697.875366211 89.3822784424 1414.67700195 615.809448242 -181.400299072 1765.78051758 687.093383789 -75.3970947266 1351.09924316 489.614135742 -477.184234619 1625.09106445 659.907043457 -358.206604004 1285.76538086
0.0322730541229 8 657.246337891 -89.8659973145 1550.2479248 674.82623291 257.442260742 1556.69360352 687.546264648 39.3548126221 1727.37658691 704.162353516 79.9062042236 1416.2076416 622.561950684 -146.331115723 1762.06713867 689.199157715 -106.910003662 1354.92077637 537.652893066 -409.149719238 1726.66394043 661.051086426 -348.246856689 1286.49182129
0.0318238735199 8 659.574829102 -103.715499878 1549.4284668 672.743896484 257.073242188 1558.40942383 683.927429199 44.3547058105 1727.15368652 701.674987793 55.3005371094 1384.97351074 618.25402832 -147.262130737 1765.39453125 688.844238281 -145.428344727 1352.34973145 532.764953613 -409.983337402 1730.99084473 667.045288086 -343.271911621 1284.34436035
0.0313711166382 8 664.296569824 -109.151931763 1550.55651855 670.322143555 257.874786377 1559.2310791 682.394836426 70.8145751953 1704.11230469 702.02923584 40.8224487305 1370.61547852 619.652832031 -144.566375732 1768.67590332 691.922607422 -164.671066284 1349.94067383 528.648925781 -401.174591064 1738.79248047 673.137145996 -346.783325195 1282.36560059
0.0355138778687 8 666.426452637 -116.780738831 1563.17541504 668.946044922 258.123321533 1560.1072998 681.11114502 73.6239700317 1709.91271973 699.74005127 25.6975708008 1371.88635254 626.143981934 -94.4537887573 1776.65270996 692.383911133 -180.995193481 1349.79394531 532.178955078 -383.402496338 1733.90979004 676.488891602 -331.393920898 1288.31481934
0.0361540317535 8 666.230102539 -118.694915771 1565.96447754 668.124816895 257.565429688 1560.44116211 681.708129883 71.861946106 1713.4152832 695.921020508 22.5050201416 1372.38183594 642.908569336 -68.674659729 1757.28100586 690.169311523 -186.942123413 1351.38525391 534.859436035 -364.116760254 1734.27392578 674.727722168 -336.975158691 1286.20629883
0.0271029472351 8 670.415344238 -106.897537231 1562.60791016 667.358215332 256.806488037 1562.62756348 675.890686035 71.524269104 1713.41491699 698.940246582 24.4314727783 1371.43762207 638.484436035 -56.1669311523 1761.59777832 693.842163086 -188.562042236 1352.91516113 536.986206055 -339.050323486 1718.73718262 682.35723877 -334.905029297 1288.03613281
0.0351510047913 8 669.707946777 -102.443572998 1559.80859375 667.234130859 256.808685303 1564.94384766 674.118469238 69.7214355469 1712.97973633 696.791320801 25.747467041 1370.19018555 639.464538574 -50.7265319824 1766.04638672 690.12121582 -195.753952026 1358.98999023 593.009887695 -124.400283813 1629.96899414 684.155395508 -336.619750977 1287.53210449
0.0318520069122 8 666.252380371 -95.0536956787 1552.78686523 665.47479248 257.799743652 1568.65197754 664.875915527 65.3489685059 1709.56982422 702.62286377 35.9477539062 1374.3840332 627.593688965 -54.6728286743 1766.40563965 718.205322266 -136.263763428 1355.59619141 615.733093262 -164.846405029 1580.21704102 697.680908203 -292.765197754 1291.2376709
0.0355231761932 8 666.1953125 -92.0726623535 1551.03295898 665.932250977 258.263519287 1570.70397949 662.715209961 69.2969207764 1709.59570312 711.888061523 41.9963226318 1374.59033203 620.48840332 -55.6788330078 1767.62524414 722.468383789 -146.608291626 1353.33776855 608.356384277 -171.544174194 1579.58996582 709.001159668 -276.029418945 1295.81994629
0.0317847728729 8 666.034606934 -93.2476959229 1550.07702637 667.498413086 258.35345459 1570.46936035 656.630493164 68.055809021 1708.57421875 719.419311523 43.4656448364 1377.7746582 609.726928711 -54.3685913086 1760.97949219 726.610412598 -153.08392334 1355.22363281 605.165100098 -165.902893066 1583.74377441 716.746154785 -266.426452637 1299.83203125
0.0489270687103 8 671.047912598 -95.019493103 1551.64367676 668.637207031 258.343353271 1570.69775391 668.523254395 63.3739471436 1713.65026855 707.246520996 45.4268493652 1377.5592041 622.047302246 -58.9549560547 1762.01574707 711.529052734 -155.179672241 1358.46289062 612.349182129 -162.667907715 1586.3638916 704.608520508 -259.363525391 1299.62719727
0.0327091217041 8 670.465820312 -93.9010620117 1554.08166504 670.652587891 257.970275879 1570.51318359 661.608398438 62.1111984253 1715.24133301 714.340942383 44.6262893677 1382.9798584 612.567199707 -67.5214920044 1762.69042969 722.022644043 -142.684173584 1364.66711426 599.798583984 -140.809158325 1575.00915527 712.387634277 -260.628326416 1303.38049316
0.0282919406891 8 673.555053711 -91.1063537598 1560.27282715 670.947998047 258.166473389 1572.60046387 651.578125 64.3386230469 1710.70117188 739.729248047 46.4020385742 1405.39501953 596.335571289 -109.447387695 1761.02612305 732.239379883 -140.391693115 1369.44360352 610.475341797 -88.64402771 1555.92895508 722.682373047 -262.520629883 1307.87109375
0.0295629501343 8 674.03515625 -90.598274231 1567.16040039 672.576599121 257.287567139 1573.20959473 650.195556641 69.9489593506 1709.8404541 750.339477539 44.378326416 1416.6270752 594.438964844 -103.222259521 1777.64697266 735.236450195 -137.666778564 1372.24365234 585.081848145 -168.935821533 1613.72644043 722.963134766 -277.031005859 1308.41381836
0.0349740982056 8 678.031005859 -75.9850387573 1579.4810791 673.262207031 256.619445801 1574.7409668 659.512084961 91.2690048218 1705.08422852 771.40612793 41.345085144 1432.4855957 602.766418457 -87.6136398315 1766.55456543 731.705200195 -108.292900085 1362.38549805 590.08795166 -155.704086304 1610.73425293 716.837219238 -293.983764648 1318.46154785
0.03102684021 8 678.635437012 -75.6950073242 1583.44165039 674.45489502 256.062194824 1576.06774902 665.816101074 92.063369751 1708.39599609 764.291564941 39.2787628174 1430.58618164 614.822814941 -84.9208831787 1754.91601562 729.619384766 -83.7719497681 1356.12902832 591.028869629 -161.565383911 1616.43798828 712.664978027 -299.164642334 1318.07995605
