w 1 0 29 270 0
w 1 1 38 251 1
s 1 0 44 320 1
s 1 1 28 283 1
r 1 0 45 229 1
r 1 1 53 283 1
p 1 0 53 296 1
p 1 1 47 293 1
w 2 0 47 279 0
w 2 1 23 290 0
s 2 0 29 310 0
s 2 1 41 350 0
r 2 0 15 138 0
r 2 1 33 141 0
p 2 0 30 168 0
p 2 1 22 206 0
w 3 0 47 259 1
w 3 1 40 297 1
s 3 0 26 273 0
s 3 1 30 250 1
r 3 0 22 152 0
r 3 1 25 159 0
p 3 0 16 180 1
p 3 1 42 208 1
w 4 0 30 361 0
w 4 1 0 270 0
s 4 0 40 275 0
s 4 1 28 200 1
r 4 0 34 190 1
r 4 1 35 203 1
p 4 0 15 226 1
p 4 1 20 234 1
w 5 0 42 300 0
w 5 1 34 257 1
s 5 0 32 232 1
s 5 1 22 180 0
r 5 0 19 168 1
r 5 1 22 150 1
p 5 0 25 242 1
p 5 1 10 211 1
